1.000000000000000000e+00 0.000000000000000000e+00
2.000000000000000000e+00 0.000000000000000000e+00
3.000000000000000000e+00 0.000000000000000000e+00
4.000000000000000000e+00 0.000000000000000000e+00
5.000000000000000000e+00 0.000000000000000000e+00
6.000000000000000000e+00 0.000000000000000000e+00
7.000000000000000000e+00 0.000000000000000000e+00
8.000000000000000000e+00 0.000000000000000000e+00
9.000000000000000000e+00 0.000000000000000000e+00
1.000000000000000000e+01 0.000000000000000000e+00
1.100000000000000000e+01 0.000000000000000000e+00
1.200000000000000000e+01 0.000000000000000000e+00
1.300000000000000000e+01 0.000000000000000000e+00
1.400000000000000000e+01 0.000000000000000000e+00
1.500000000000000000e+01 0.000000000000000000e+00
1.600000000000000000e+01 0.000000000000000000e+00
1.700000000000000000e+01 0.000000000000000000e+00
1.800000000000000000e+01 0.000000000000000000e+00
1.900000000000000000e+01 0.000000000000000000e+00
2.000000000000000000e+01 0.000000000000000000e+00
2.100000000000000000e+01 0.000000000000000000e+00
2.200000000000000000e+01 0.000000000000000000e+00
2.300000000000000000e+01 0.000000000000000000e+00
2.400000000000000000e+01 0.000000000000000000e+00
2.500000000000000000e+01 0.000000000000000000e+00
2.600000000000000000e+01 0.000000000000000000e+00
2.700000000000000000e+01 0.000000000000000000e+00
2.800000000000000000e+01 0.000000000000000000e+00
2.900000000000000000e+01 0.000000000000000000e+00
3.000000000000000000e+01 0.000000000000000000e+00
3.100000000000000000e+01 0.000000000000000000e+00
3.200000000000000000e+01 0.000000000000000000e+00
3.300000000000000000e+01 0.000000000000000000e+00
3.400000000000000000e+01 0.000000000000000000e+00
3.500000000000000000e+01 0.000000000000000000e+00
3.600000000000000000e+01 0.000000000000000000e+00
3.700000000000000000e+01 0.000000000000000000e+00
3.800000000000000000e+01 0.000000000000000000e+00
3.900000000000000000e+01 0.000000000000000000e+00
4.000000000000000000e+01 0.000000000000000000e+00
4.100000000000000000e+01 0.000000000000000000e+00
4.200000000000000000e+01 0.000000000000000000e+00
4.300000000000000000e+01 0.000000000000000000e+00
4.400000000000000000e+01 0.000000000000000000e+00
4.500000000000000000e+01 0.000000000000000000e+00
4.600000000000000000e+01 0.000000000000000000e+00
4.700000000000000000e+01 0.000000000000000000e+00
4.800000000000000000e+01 6.736312598352120484e-02
4.900000000000000000e+01 3.130091917648279320e+00
5.000000000000000000e+01 4.126635381040641093e+00
5.100000000000000000e+01 3.956258174332447197e+00
5.200000000000000000e+01 3.780721841674281158e+00
5.300000000000000000e+01 4.463173254813047386e+00
5.400000000000000000e+01 4.052568737819886024e+00
5.500000000000000000e+01 4.334687593174572307e+00
5.600000000000000000e+01 4.342241111336067050e+00
5.700000000000000000e+01 4.685158453509640886e+00
5.800000000000000000e+01 4.539125070645789961e+00
5.900000000000000000e+01 4.610149223982891620e+00
6.000000000000000000e+01 4.474295214946388377e+00
6.100000000000000000e+01 4.732162831838466310e+00
6.200000000000000000e+01 4.293738634410848576e+00
6.300000000000000000e+01 4.836119498869132727e+00
6.400000000000000000e+01 4.137525877719649969e+00
6.500000000000000000e+01 4.547806345876744594e+00
6.600000000000000000e+01 3.920283170755230806e+00
6.700000000000000000e+01 4.083864274844457576e+00
6.800000000000000000e+01 3.765290756515225823e+00
6.900000000000000000e+01 4.904517796540380559e+00
7.000000000000000000e+01 4.663162729185952315e+00
7.100000000000000000e+01 4.506903679803887286e+00
7.200000000000000000e+01 4.116935666610620714e+00
7.300000000000000000e+01 4.408909846956588829e+00
7.400000000000000000e+01 4.472565652895663213e+00
7.500000000000000000e+01 3.952799050230995093e+00
7.600000000000000000e+01 4.307301279446576814e+00
7.700000000000000000e+01 4.515538662343974607e+00
7.800000000000000000e+01 4.497528014209932756e+00
7.900000000000000000e+01 4.427724203324024721e+00
8.000000000000000000e+01 4.603029072527858645e+00
8.100000000000000000e+01 4.741416351848481980e+00
8.200000000000000000e+01 4.524173644884062817e+00
8.300000000000000000e+01 3.941121577807254361e+00
8.400000000000000000e+01 4.371621915546445081e+00
8.500000000000000000e+01 4.008438411099908727e+00
8.600000000000000000e+01 4.602751316382659219e+00
8.700000000000000000e+01 4.410887604950310070e+00
8.800000000000000000e+01 4.575874222254196155e+00
8.900000000000000000e+01 4.576013100326796312e+00
9.000000000000000000e+01 4.876900019358051175e+00
9.100000000000000000e+01 3.964909889361197592e+00
9.200000000000000000e+01 3.688042745338218076e+00
9.300000000000000000e+01 4.556782109741560838e+00
9.400000000000000000e+01 4.513485051457182706e+00
9.500000000000000000e+01 4.269828177272966485e+00
9.600000000000000000e+01 3.950884317416802460e+00
9.700000000000000000e+01 4.014401245283277575e+00
9.800000000000000000e+01 3.911479749940338202e+00
9.900000000000000000e+01 4.583242569652224319e+00
1.000000000000000000e+02 4.447342267924854653e+00
1.010000000000000000e+02 4.547637907601940199e+00
1.020000000000000000e+02 4.221186822275147854e+00
1.030000000000000000e+02 4.592016430264912685e+00
1.040000000000000000e+02 4.542571367033700014e+00
1.050000000000000000e+02 4.727916731992281463e+00
1.060000000000000000e+02 4.866257718622038375e+00
1.070000000000000000e+02 3.998877574742488505e+00
1.080000000000000000e+02 4.383640169294914735e+00
1.090000000000000000e+02 4.816812655390825704e+00
1.100000000000000000e+02 4.699911880794358510e+00
1.110000000000000000e+02 4.750716164549364073e+00
1.120000000000000000e+02 5.069474853642061518e+00
1.130000000000000000e+02 5.313224313208011473e+00
1.140000000000000000e+02 5.287845317675941459e+00
1.150000000000000000e+02 4.984378835669698304e+00
1.160000000000000000e+02 5.183703479881808462e+00
1.170000000000000000e+02 5.376741241074484812e+00
1.180000000000000000e+02 5.258712709408557728e+00
1.190000000000000000e+02 5.181123916906821947e+00
1.200000000000000000e+02 5.160857754633859429e+00
1.210000000000000000e+02 5.734950790334513826e+00
1.220000000000000000e+02 6.065155488396619887e+00
1.230000000000000000e+02 5.366561867247137130e+00
1.240000000000000000e+02 5.814841389666037585e+00
1.250000000000000000e+02 6.033350731772515907e+00
1.260000000000000000e+02 5.504902853876894042e+00
1.270000000000000000e+02 5.201390079179784465e+00
1.280000000000000000e+02 5.329736862745659387e+00
1.290000000000000000e+02 5.556927480083093229e+00
1.300000000000000000e+02 5.709479209420710966e+00
1.310000000000000000e+02 5.535348389977203354e+00
1.320000000000000000e+02 5.517430327224895237e+00
1.330000000000000000e+02 5.605105908172245854e+00
1.340000000000000000e+02 5.259609003023684615e+00
1.350000000000000000e+02 4.846702679200736164e+00
1.360000000000000000e+02 5.052499377195746710e+00
1.370000000000000000e+02 5.279828872605780710e+00
1.380000000000000000e+02 5.593474728439371546e+00
1.390000000000000000e+02 5.705216377085864821e+00
1.400000000000000000e+02 5.527470822979643650e+00
1.410000000000000000e+02 4.672571859757229440e+00
1.420000000000000000e+02 5.136236174644317032e+00
1.430000000000000000e+02 5.382611489876119926e+00
1.440000000000000000e+02 5.447395052884654199e+00
1.450000000000000000e+02 5.305022697374384144e+00
1.460000000000000000e+02 4.489713472391900773e+00
1.470000000000000000e+02 5.066200900304075994e+00
1.480000000000000000e+02 5.560357043982341096e+00
1.490000000000000000e+02 5.470240778132603232e+00
1.500000000000000000e+02 4.955818472181375611e+00
1.510000000000000000e+02 5.100538927212300067e+00
1.520000000000000000e+02 4.521379350943404596e+00
1.530000000000000000e+02 5.125964215435235616e+00
1.540000000000000000e+02 4.856789467646351000e+00
1.550000000000000000e+02 5.171701958622001882e+00
1.560000000000000000e+02 4.705411788069059575e+00
1.570000000000000000e+02 5.316422413652925449e+00
1.580000000000000000e+02 5.082806035223457641e+00
1.590000000000000000e+02 5.083980084983784842e+00
1.600000000000000000e+02 4.592310918898773409e+00
1.610000000000000000e+02 4.740923864737610849e+00
1.620000000000000000e+02 4.375207090006954402e+00
1.630000000000000000e+02 5.433184310176792486e+00
1.640000000000000000e+02 4.898356963880003079e+00
1.650000000000000000e+02 5.425538206633564897e+00
1.660000000000000000e+02 4.934007918621154509e+00
1.670000000000000000e+02 5.490414355023832904e+00
1.680000000000000000e+02 5.698651737921230698e+00
1.690000000000000000e+02 4.893290423311762005e+00
1.700000000000000000e+02 4.743457135021730942e+00
1.710000000000000000e+02 5.063436166565622898e+00
1.720000000000000000e+02 4.813260945907639865e+00
1.730000000000000000e+02 4.610090103578482257e+00
1.740000000000000000e+02 4.836152963846455322e+00
1.750000000000000000e+02 4.537706729717587706e+00
1.760000000000000000e+02 4.547839810854068965e+00
1.770000000000000000e+02 4.638002369394672364e+00
1.780000000000000000e+02 4.514722126397038515e+00
1.790000000000000000e+02 4.900890234164123171e+00
1.800000000000000000e+02 4.617643621739977000e+00
1.810000000000000000e+02 4.347063360736431292e+00
1.820000000000000000e+02 4.574531734219064560e+00
1.830000000000000000e+02 4.319243680301974919e+00
1.840000000000000000e+02 4.542680684904094157e+00
1.850000000000000000e+02 4.728118635244410228e+00
1.860000000000000000e+02 4.361042639989960001e+00
1.870000000000000000e+02 4.475410144302307103e+00
1.880000000000000000e+02 4.683693819890571319e+00
1.890000000000000000e+02 4.263280270596995436e+00
1.900000000000000000e+02 4.631576608302638398e+00
1.910000000000000000e+02 5.180244355780356358e+00
1.920000000000000000e+02 4.584525937282946551e+00
1.930000000000000000e+02 4.233916198875278702e+00
1.940000000000000000e+02 4.242828937560565450e+00
1.950000000000000000e+02 4.397867644491437744e+00
1.960000000000000000e+02 4.421980004881446824e+00
1.970000000000000000e+02 4.805475964291812119e+00
1.980000000000000000e+02 4.786430144470044112e+00
1.990000000000000000e+02 4.245315915153820008e+00
2.000000000000000000e+02 4.346924482663831135e+00
2.010000000000000000e+02 4.489157960101501921e+00
2.020000000000000000e+02 4.565433824770310345e+00
2.030000000000000000e+02 4.194511631398813556e+00
2.040000000000000000e+02 4.552674887967976147e+00
2.050000000000000000e+02 4.260515536858541452e+00
2.060000000000000000e+02 4.108102685593523873e+00
2.070000000000000000e+02 4.119548694562931601e+00
2.080000000000000000e+02 4.431927915254462391e+00
2.090000000000000000e+02 4.837234428225049676e+00
2.100000000000000000e+02 4.411661752981499873e+00
2.110000000000000000e+02 4.659303703355361925e+00
2.120000000000000000e+02 4.551408252825916101e+00
2.130000000000000000e+02 3.956956469470566340e+00
2.140000000000000000e+02 4.585699987043272863e+00
2.150000000000000000e+02 4.085210667654707528e+00
2.160000000000000000e+02 3.949310365927338307e+00
2.170000000000000000e+02 3.880773190183490318e+00
2.180000000000000000e+02 4.147414667688254397e+00
2.190000000000000000e+02 4.445907194507990212e+00
2.200000000000000000e+02 4.734266640191244768e+00
2.210000000000000000e+02 4.143614762262074258e+00
2.220000000000000000e+02 4.525936671912112352e+00
2.230000000000000000e+02 4.076344221660286316e+00
2.240000000000000000e+02 4.006447825392644546e+00
2.250000000000000000e+02 4.856187662665084837e+00
2.260000000000000000e+02 4.167727122652084226e+00
2.270000000000000000e+02 4.015314271387065759e+00
2.280000000000000000e+02 4.252823140624447440e+00
2.290000000000000000e+02 4.575474320525058758e+00
2.300000000000000000e+02 4.407815554864452423e+00
2.310000000000000000e+02 4.237623518919725107e+00
2.320000000000000000e+02 4.433240843087388861e+00
2.330000000000000000e+02 4.499291041237983180e+00
2.340000000000000000e+02 4.293448050552106210e+00
2.350000000000000000e+02 4.282048334273564905e+00
2.360000000000000000e+02 4.282094626964430439e+00
2.370000000000000000e+02 4.274402230730336427e+00
2.380000000000000000e+02 4.598273753082141369e+00
2.390000000000000000e+02 4.325206514485342879e+00
2.400000000000000000e+02 4.459886473761518033e+00
2.410000000000000000e+02 4.323986172034149256e+00
2.420000000000000000e+02 4.470019554897999292e+00
2.430000000000000000e+02 4.077564564111479939e+00
2.440000000000000000e+02 4.345518969449171820e+00
2.450000000000000000e+02 4.008981095676765527e+00
2.460000000000000000e+02 3.972063505793554494e+00
2.470000000000000000e+02 3.803138104990887669e+00
2.480000000000000000e+02 3.998801721849417401e+00
2.490000000000000000e+02 4.497978113405056710e+00
2.500000000000000000e+02 4.176639861337371862e+00
2.510000000000000000e+02 4.270602325304156288e+00
2.520000000000000000e+02 4.282094626964430439e+00
2.530000000000000000e+02 4.581761203544492567e+00
2.540000000000000000e+02 4.202018856869441876e+00
2.550000000000000000e+02 4.083897739821781059e+00
2.560000000000000000e+02 3.944151239977364387e+00
2.570000000000000000e+02 3.941617969693243850e+00
2.580000000000000000e+02 3.975909703910601944e+00
2.590000000000000000e+02 4.148635010139448909e+00
2.600000000000000000e+02 4.074985001136492535e+00
2.610000000000000000e+02 4.041959902061195820e+00
2.620000000000000000e+02 4.514444370251838201e+00
2.630000000000000000e+02 4.087743937938827621e+00
2.640000000000000000e+02 3.823496852645583477e+00
2.650000000000000000e+02 4.402656428914478504e+00
2.660000000000000000e+02 3.949217780545605017e+00
2.670000000000000000e+02 3.900946767074719546e+00
2.680000000000000000e+02 3.927684983130582452e+00
2.690000000000000000e+02 4.344298626997978197e+00
2.700000000000000000e+02 4.610986397193610031e+00
2.710000000000000000e+02 3.907279942785020221e+00
2.720000000000000000e+02 4.476352730608300412e+00
2.730000000000000000e+02 3.838696474350305365e+00
2.740000000000000000e+02 4.189259920067106790e+00
2.750000000000000000e+02 4.372164600123301881e+00
2.760000000000000000e+02 4.260376658785941295e+00
2.770000000000000000e+02 4.199439293894454472e+00
2.780000000000000000e+02 3.822137632121790141e+00
2.790000000000000000e+02 4.125742992200632564e+00
2.800000000000000000e+02 4.006355240010912588e+00
2.810000000000000000e+02 4.280735406440637547e+00
2.820000000000000000e+02 4.312447577683007793e+00
2.830000000000000000e+02 3.805671375275008206e+00
2.840000000000000000e+02 4.364564789270940715e+00
2.850000000000000000e+02 4.138455636312101227e+00
2.860000000000000000e+02 4.420435613594187352e+00
2.870000000000000000e+02 3.897100568957672095e+00
2.880000000000000000e+02 4.417902343310067259e+00
2.890000000000000000e+02 4.477619365750360458e+00
2.900000000000000000e+02 4.664323951232735688e+00
2.910000000000000000e+02 4.298514591120346395e+00
2.920000000000000000e+02 4.364564789270940715e+00
2.930000000000000000e+02 4.160081019108856637e+00
2.940000000000000000e+02 4.308647672256827654e+00
2.950000000000000000e+02 4.985662203300420536e+00
2.960000000000000000e+02 4.621165771020956825e+00
2.970000000000000000e+02 4.356964978418579548e+00
2.980000000000000000e+02 4.024227010072354282e+00
2.990000000000000000e+02 4.617319572903911151e+00
3.000000000000000000e+02 4.438214798273896200e+00
3.010000000000000000e+02 4.337919158596810654e+00
3.020000000000000000e+02 4.367144352245928118e+00
3.030000000000000000e+02 3.869188303141481988e+00
3.040000000000000000e+02 4.363298154128880668e+00
3.050000000000000000e+02 4.293448050552106210e+00
3.060000000000000000e+02 4.731687077216257364e+00
3.070000000000000000e+02 4.102897266952682642e+00
3.080000000000000000e+02 4.412835802741826186e+00
3.090000000000000000e+02 4.463686379187699060e+00
3.100000000000000000e+02 4.614832595310656593e+00
3.110000000000000000e+02 3.540250240221436862e+00
3.120000000000000000e+02 4.428081717137414941e+00
3.130000000000000000e+02 4.541182586307701108e+00
3.140000000000000000e+02 3.897146861648538962e+00
3.150000000000000000e+02 4.002601627275597984e+00
3.160000000000000000e+02 4.248976942507399990e+00
3.170000000000000000e+02 4.510644464825658062e+00
3.180000000000000000e+02 3.998755429158551422e+00
3.190000000000000000e+02 4.262909929070061388e+00
3.200000000000000000e+02 4.020334519264439521e+00
3.210000000000000000e+02 3.927592397748849162e+00
3.220000000000000000e+02 3.966996965225313865e+00
3.230000000000000000e+02 3.954284321113845646e+00
3.240000000000000000e+02 4.096517798551515099e+00
3.250000000000000000e+02 3.992375960757383879e+00
3.260000000000000000e+02 4.288381509983865136e+00
3.270000000000000000e+02 4.163788339153303930e+00
3.280000000000000000e+02 3.790425460879419894e+00
3.290000000000000000e+02 4.195593095777407022e+00
3.300000000000000000e+02 4.444547973984196432e+00
3.310000000000000000e+02 4.186680357092119387e+00
3.320000000000000000e+02 4.144742519331535036e+00
3.330000000000000000e+02 4.505485338875684143e+00
3.340000000000000000e+02 4.514444370251838201e+00
3.350000000000000000e+02 4.422922591187441022e+00
3.360000000000000000e+02 4.208259447198009262e+00
3.370000000000000000e+02 4.170167807554471473e+00
3.380000000000000000e+02 4.563935726173917296e+00
3.390000000000000000e+02 4.447081244268317413e+00
3.400000000000000000e+02 3.817024798862683088e+00
3.410000000000000000e+02 4.819223780091007825e+00
3.420000000000000000e+02 4.260330366095075760e+00
3.430000000000000000e+02 4.132076167910933684e+00
3.440000000000000000e+02 4.810311041405719301e+00
3.450000000000000000e+02 4.555022987488630548e+00
3.460000000000000000e+02 4.011375487888286351e+00
3.470000000000000000e+02 4.251417627409788125e+00
3.480000000000000000e+02 4.543576978519221932e+00
3.490000000000000000e+02 4.581668618162759721e+00
3.500000000000000000e+02 4.092671600434469426e+00
3.510000000000000000e+02 4.984349275467494067e+00
3.520000000000000000e+02 4.604560636101576065e+00
3.530000000000000000e+02 3.804404740132948159e+00
3.540000000000000000e+02 4.152342330183896202e+00
3.550000000000000000e+02 4.582981545995686190e+00
3.560000000000000000e+02 4.548689811778329428e+00
3.570000000000000000e+02 4.420389320903320041e+00
3.580000000000000000e+02 4.109184149972117339e+00
3.590000000000000000e+02 4.740460937828944843e+00
3.600000000000000000e+02 4.754440217082473552e+00
3.610000000000000000e+02 4.307334744423901185e+00
3.620000000000000000e+02 4.128229969793886234e+00
3.630000000000000000e+02 4.607093906385696158e+00
3.640000000000000000e+02 4.253950897693908217e+00
3.650000000000000000e+02 4.419122685761259994e+00
3.660000000000000000e+02 4.619806550497163933e+00
3.670000000000000000e+02 4.354339122752725721e+00
3.680000000000000000e+02 4.462280865973038857e+00
3.690000000000000000e+02 4.333980375098031246e+00
3.700000000000000000e+02 4.464814136257158950e+00
3.710000000000000000e+02 4.876361239556314509e+00
3.720000000000000000e+02 4.351805852468605629e+00
3.730000000000000000e+02 4.462280865973038857e+00
3.740000000000000000e+02 4.410209947075973247e+00
3.750000000000000000e+02 4.224771996735658064e+00
3.760000000000000000e+02 4.665498000993062888e+00
3.770000000000000000e+02 4.666810928825989357e+00
3.780000000000000000e+02 4.495305965048336461e+00
3.790000000000000000e+02 4.619806550497163933e+00
3.800000000000000000e+02 4.764573298218954811e+00
3.810000000000000000e+02 4.255263825526834687e+00
3.820000000000000000e+02 4.368272109315388008e+00
3.830000000000000000e+02 4.466080771399219884e+00
3.840000000000000000e+02 4.909386338631611224e+00
3.850000000000000000e+02 4.763306663076894765e+00
3.860000000000000000e+02 4.463547501115098903e+00
3.870000000000000000e+02 5.022440915111031856e+00
3.880000000000000000e+02 5.215524968994574628e+00
3.890000000000000000e+02 5.411096000471371070e+00
3.900000000000000000e+02 4.347959654351558179e+00
3.910000000000000000e+02 4.280689113749771124e+00
3.920000000000000000e+02 5.041486734932799862e+00
3.930000000000000000e+02 5.089804041094553533e+00
3.940000000000000000e+02 4.783619118040723706e+00
3.950000000000000000e+02 5.022440915111031856e+00
3.960000000000000000e+02 4.289509267053325026e+00
3.970000000000000000e+02 4.661698095566881861e+00
3.980000000000000000e+02 4.482593320936868686e+00
3.990000000000000000e+02 4.828090226085428149e+00
4.000000000000000000e+02 4.556289622630690594e+00
4.010000000000000000e+02 4.909386338631611224e+00
4.020000000000000000e+02 4.585468523588939860e+00
4.030000000000000000e+02 4.793798491868071388e+00
4.040000000000000000e+02 4.555022987488630548e+00
4.050000000000000000e+02 4.751860654107486148e+00
4.060000000000000000e+02 4.420343028212454506e+00
4.070000000000000000e+02 4.748060748681306009e+00
4.080000000000000000e+02 5.214212041161647271e+00
4.090000000000000000e+02 5.275195698744002293e+00
4.100000000000000000e+02 5.129116023189284057e+00
4.110000000000000000e+02 5.063065825038689738e+00
4.120000000000000000e+02 4.237438348156259416e+00
4.130000000000000000e+02 5.061799189896629692e+00
4.140000000000000000e+02 5.275195698744002293e+00
4.150000000000000000e+02 4.768373203645134950e+00
4.160000000000000000e+02 5.010994906141624128e+00
4.170000000000000000e+02 5.176120401518110370e+00
4.180000000000000000e+02 4.815377581973960375e+00
4.190000000000000000e+02 4.896673694520143449e+00
4.200000000000000000e+02 4.831936424202475600e+00
4.210000000000000000e+02 4.725215023433356976e+00
4.220000000000000000e+02 5.726101076828754799e+00
4.230000000000000000e+02 5.101157464682227527e+00
4.240000000000000000e+02 5.174853766376049435e+00
4.250000000000000000e+02 5.647384527257559128e+00
4.260000000000000000e+02 4.862381960302786688e+00
4.270000000000000000e+02 5.265016324916653723e+00
4.280000000000000000e+02 5.300620986966937842e+00
4.290000000000000000e+02 5.179920306944290509e+00
4.300000000000000000e+02 4.908119703489551178e+00
4.310000000000000000e+02 5.371691432994905924e+00
4.320000000000000000e+02 5.588934139959325087e+00
4.330000000000000000e+02 5.173587131233989389e+00
4.340000000000000000e+02 5.530483752661091046e+00
4.350000000000000000e+02 4.947477978275149901e+00
4.360000000000000000e+02 5.342558824727522193e+00
4.370000000000000000e+02 4.736614739711898281e+00
4.380000000000000000e+02 5.012261541283684174e+00
4.390000000000000000e+02 5.446700662521655190e+00
4.400000000000000000e+02 5.600333856237866392e+00
4.410000000000000000e+02 4.638852370318933716e+00
4.420000000000000000e+02 4.991949086319854345e+00
4.430000000000000000e+02 4.774752672046302493e+00
4.440000000000000000e+02 4.751906946798352571e+00
4.450000000000000000e+02 5.291708248281650206e+00
4.460000000000000000e+02 4.843336140481016905e+00
4.470000000000000000e+02 5.230724590699296073e+00
4.480000000000000000e+02 5.654984338109920294e+00
4.490000000000000000e+02 6.199898472852324538e+00
4.500000000000000000e+02 5.345045802320776751e+00
4.510000000000000000e+02 5.500038216560781734e+00
4.520000000000000000e+02 5.272662428459881312e+00
4.530000000000000000e+02 5.662584148962280572e+00
4.540000000000000000e+02 5.201499397050179496e+00
4.550000000000000000e+02 5.577534423680782893e+00
4.560000000000000000e+02 5.234524496125476212e+00
4.570000000000000000e+02 5.216791604136634675e+00
4.580000000000000000e+02 5.386937347390494679e+00
4.590000000000000000e+02 5.929318211848778830e+00
4.600000000000000000e+02 5.193899586197819218e+00
4.610000000000000000e+02 5.907739121742888955e+00
4.620000000000000000e+02 5.088491113261626175e+00
4.630000000000000000e+02 5.069445293439857281e+00
4.640000000000000000e+02 5.107536933083395070e+00
4.650000000000000000e+02 5.263749689774593676e+00
4.660000000000000000e+02 5.359025081574304572e+00
4.670000000000000000e+02 5.008461635857503147e+00
4.680000000000000000e+02 5.146941500559859328e+00
4.690000000000000000e+02 4.636272807343946312e+00
4.700000000000000000e+02 5.146895207868992905e+00
4.710000000000000000e+02 5.055466014186328572e+00
4.720000000000000000e+02 4.962723892670738657e+00
4.730000000000000000e+02 5.230724590699296073e+00
4.740000000000000000e+02 4.906853068347491131e+00
4.750000000000000000e+02 4.561356163198930780e+00
4.760000000000000000e+02 5.163407757406641707e+00
4.770000000000000000e+02 4.798865032436312461e+00
4.780000000000000000e+02 4.809044406263659255e+00
4.790000000000000000e+02 4.552443424513643144e+00
4.800000000000000000e+02 5.145628572726932859e+00
4.810000000000000000e+02 4.449568221861571082e+00
4.820000000000000000e+02 4.901740235088383635e+00
4.830000000000000000e+02 4.302221911164793688e+00
4.840000000000000000e+02 4.168854879721545004e+00
4.850000000000000000e+02 4.504172411042757673e+00
4.860000000000000000e+02 4.265396906663315946e+00
4.870000000000000000e+02 4.600714437984528615e+00
4.880000000000000000e+02 4.132029875220066373e+00
4.890000000000000000e+02 4.378451483142735690e+00
4.900000000000000000e+02 4.137096415788307446e+00
4.910000000000000000e+02 3.711570033235624066e+00
4.920000000000000000e+02 4.607047613694828847e+00
4.930000000000000000e+02 4.255217532835968264e+00
4.940000000000000000e+02 4.021508569024767610e+00
4.950000000000000000e+02 4.189167334685373945e+00
4.960000000000000000e+02 4.229792244613031826e+00
4.970000000000000000e+02 4.151075695041835267e+00
4.980000000000000000e+02 3.583269542360615567e+00
4.990000000000000000e+02 4.025308474450947749e+00
5.000000000000000000e+02 3.376206209223544530e+00
5.010000000000000000e+02 3.604848632466504998e+00
5.020000000000000000e+02 3.636607096399742112e+00
5.030000000000000000e+02 3.543911267575017732e+00
5.040000000000000000e+02 3.745861767452981272e+00
5.050000000000000000e+02 3.913520533113587607e+00
5.060000000000000000e+02 3.320335384900297893e+00
5.070000000000000000e+02 4.069779582495653081e+00
5.080000000000000000e+02 3.364806492945003225e+00
5.090000000000000000e+02 3.695057483697975265e+00
5.100000000000000000e+02 3.349560578549414469e+00
5.110000000000000000e+02 3.383852312766772119e+00
5.120000000000000000e+02 3.493106983820011280e+00
5.130000000000000000e+02 3.371139668655303900e+00
5.140000000000000000e+02 3.928766447509176363e+00
5.150000000000000000e+02 3.217460182248225387e+00
5.160000000000000000e+02 3.225059993100586553e+00
5.170000000000000000e+02 3.204747538136757612e+00
5.180000000000000000e+02 3.321602020042357939e+00
5.190000000000000000e+02 3.617561276577972773e+00
5.200000000000000000e+02 3.503240064956492539e+00
5.210000000000000000e+02 2.883409286069073207e+00
5.220000000000000000e+02 2.850337894302909181e+00
5.230000000000000000e+02 3.357160389401775635e+00
5.240000000000000000e+02 2.958325930214088295e+00
5.250000000000000000e+02 3.071380506693508483e+00
5.260000000000000000e+02 3.255551821891763620e+00
5.270000000000000000e+02 3.386385583050892212e+00
5.280000000000000000e+02 2.976105114893797587e+00
5.290000000000000000e+02 3.259351727317944203e+00
5.300000000000000000e+02 3.094226231941457961e+00
5.310000000000000000e+02 3.043421948186451953e+00
5.320000000000000000e+02 2.777954520442014186e+00
5.330000000000000000e+02 3.507039970382673122e+00
5.340000000000000000e+02 3.532465258605609559e+00
5.350000000000000000e+02 2.809712984375250855e+00
5.360000000000000000e+02 2.855450727562016677e+00
5.370000000000000000e+02 2.944346650960560474e+00
5.380000000000000000e+02 3.423210587552369955e+00
5.390000000000000000e+02 3.188234988599108810e+00
5.400000000000000000e+02 2.903721741032901704e+00
5.410000000000000000e+02 3.119651520164394398e+00
5.420000000000000000e+02 3.007863578827034257e+00
5.430000000000000000e+02 2.860517268130257307e+00
5.440000000000000000e+02 2.797000340263782636e+00
5.450000000000000000e+02 3.419410682126189371e+00
5.460000000000000000e+02 3.141230610270283385e+00
5.470000000000000000e+02 2.932946934682019169e+00
5.480000000000000000e+02 3.174255709345580989e+00
5.490000000000000000e+02 2.955792659929968202e+00
5.500000000000000000e+02 3.053601322013800079e+00
5.510000000000000000e+02 3.018042952654381939e+00
5.520000000000000000e+02 2.874496547383785128e+00
5.530000000000000000e+02 3.139963975128222895e+00
5.540000000000000000e+02 2.807179714091130762e+00
5.550000000000000000e+02 2.873229912241725081e+00
5.560000000000000000e+02 3.247952011039402898e+00
5.570000000000000000e+02 3.141230610270283385e+00
5.580000000000000000e+02 3.470261258572062246e+00
5.590000000000000000e+02 3.627740650405320899e+00
5.600000000000000000e+02 3.414344141557948742e+00
5.610000000000000000e+02 3.660765749480618059e+00
5.620000000000000000e+02 3.922433271798875243e+00
5.630000000000000000e+02 4.303488546306853735e+00
5.640000000000000000e+02 3.485460880276784135e+00
5.650000000000000000e+02 4.600714437984528615e+00
5.660000000000000000e+02 4.204413249080961812e+00
5.670000000000000000e+02 5.600333856237866392e+00
5.680000000000000000e+02 4.958877694553691207e+00
5.690000000000000000e+02 5.591467410243445180e+00
5.700000000000000000e+02 5.808663824516997920e+00
5.710000000000000000e+02 5.780705266009941390e+00
5.720000000000000000e+02 6.147781261264390729e+00
5.730000000000000000e+02 6.709207945544443774e+00
5.740000000000000000e+02 7.697427647519240246e+00
5.750000000000000000e+02 7.898111512255144184e+00
5.760000000000000000e+02 8.521788489259609634e+00
5.770000000000000000e+02 8.175024948968989236e+00
5.780000000000000000e+02 8.987939781739951783e+00
5.790000000000000000e+02 9.399486885039106454e+00
5.800000000000000000e+02 9.934267938645030327e+00
5.810000000000000000e+02 1.094913327129395597e+01
5.820000000000000000e+02 1.122984661343398294e+01
5.830000000000000000e+02 1.129209690615839712e+01
5.840000000000000000e+02 1.155249779333459514e+01
5.850000000000000000e+02 1.168455189694491558e+01
5.860000000000000000e+02 1.298144349956679733e+01
5.870000000000000000e+02 1.261816740973852724e+01
5.880000000000000000e+02 1.296493095002914764e+01
5.890000000000000000e+02 1.255718375215617222e+01
5.900000000000000000e+02 1.247968754503616928e+01
5.910000000000000000e+02 1.237047916667379788e+01
5.920000000000000000e+02 1.311861043643622615e+01
5.930000000000000000e+02 1.255845038729823315e+01
5.940000000000000000e+02 1.196273196880082246e+01
5.950000000000000000e+02 1.227267050458996600e+01
5.960000000000000000e+02 1.172902300498962269e+01
5.970000000000000000e+02 1.125269233868193197e+01
5.980000000000000000e+02 1.159185606812019209e+01
5.990000000000000000e+02 1.126793825307752250e+01
6.000000000000000000e+02 1.035974802850684817e+01
6.010000000000000000e+02 1.096311255054748557e+01
6.020000000000000000e+02 9.313124231924684082e+00
6.030000000000000000e+02 8.970160597060242935e+00
6.040000000000000000e+02 8.740251538675222420e+00
6.050000000000000000e+02 7.697427647519240246e+00
6.060000000000000000e+02 7.829528043820429772e+00
6.070000000000000000e+02 7.271901264966556866e+00
6.080000000000000000e+02 5.968676486634376666e+00
6.090000000000000000e+02 6.246856558490282652e+00
6.100000000000000000e+02 5.624446216627875472e+00
6.110000000000000000e+02 5.673983865240821878e+00
6.120000000000000000e+02 4.650205793906607710e+00
6.130000000000000000e+02 4.829310568536621773e+00
6.140000000000000000e+02 4.666718343444256512e+00
6.150000000000000000e+02 3.964324816868593615e+00
6.160000000000000000e+02 3.655652916221510562e+00
6.170000000000000000e+02 3.603581997324444952e+00
6.180000000000000000e+02 3.084046858114109835e+00
6.190000000000000000e+02 2.951946461812921196e+00
6.200000000000000000e+02 2.918967655428490460e+00
6.210000000000000000e+02 2.597583110669939632e+00
6.220000000000000000e+02 2.548045462056993671e+00
6.230000000000000000e+02 2.155544178579607451e+00
6.240000000000000000e+02 2.102206624540480906e+00
6.250000000000000000e+02 2.088227345286952641e+00
6.260000000000000000e+02 2.196215381198132199e+00
6.270000000000000000e+02 1.901522759804577412e+00
6.280000000000000000e+02 1.807514003146926340e+00
6.290000000000000000e+02 1.637321967202199691e+00
6.300000000000000000e+02 1.625875958232791740e+00
6.310000000000000000e+02 1.966306322813111684e+00
6.320000000000000000e+02 1.906589300372818041e+00
6.330000000000000000e+02 1.796067994177518390e+00
6.340000000000000000e+02 1.878630741865761511e+00
6.350000000000000000e+02 1.839272467080163231e+00
6.360000000000000000e+02 2.189835912796964656e+00
6.370000000000000000e+02 2.018377241710178183e+00
6.380000000000000000e+02 2.400699151360216277e+00
6.390000000000000000e+02 2.516286998123756558e+00
6.400000000000000000e+02 3.147563785980584061e+00
6.410000000000000000e+02 3.081513587829989742e+00
6.420000000000000000e+02 3.095492867083518007e+00
6.430000000000000000e+02 3.239039272354114818e+00
6.440000000000000000e+02 3.362226929970016265e+00
6.450000000000000000e+02 3.642940272110042788e+00
6.460000000000000000e+02 4.567643046218364589e+00
6.470000000000000000e+02 4.598134875009541211e+00
6.480000000000000000e+02 4.632426609226898861e+00
6.490000000000000000e+02 5.009681978308696770e+00
6.500000000000000000e+02 5.888647009230253637e+00
6.510000000000000000e+02 5.197653198933132934e+00
6.520000000000000000e+02 5.787038441720241622e+00
6.530000000000000000e+02 6.082997698255856456e+00
6.540000000000000000e+02 7.618664805257177264e+00
6.550000000000000000e+02 7.293480355072446741e+00
6.560000000000000000e+02 7.423047481089514399e+00
6.570000000000000000e+02 8.018765899586924206e+00
6.580000000000000000e+02 8.910443574619948848e+00
6.590000000000000000e+02 7.804102755597492447e+00
6.600000000000000000e+02 8.695780430630517088e+00
6.610000000000000000e+02 9.225448650977334353e+00
6.620000000000000000e+02 9.038744065494960012e+00
6.630000000000000000e+02 9.785608700115325576e+00
6.640000000000000000e+02 8.812634912536118748e+00
6.650000000000000000e+02 9.515074731802647179e+00
6.660000000000000000e+02 9.539187092192657147e+00
6.670000000000000000e+02 1.039023985729802391e+01
6.680000000000000000e+02 1.043851087076891027e+01
6.690000000000000000e+02 1.001805102878446796e+01
6.700000000000000000e+02 9.751316965897968814e+00
6.710000000000000000e+02 9.565879015557653631e+00
6.720000000000000000e+02 9.074302434854375932e+00
6.730000000000000000e+02 9.225448650977334353e+00
6.740000000000000000e+02 8.873618570118473770e+00
6.750000000000000000e+02 8.234695678718416900e+00
6.760000000000000000e+02 8.542100944223440351e+00
6.770000000000000000e+02 8.459538196535197230e+00
6.780000000000000000e+02 7.720273372767189279e+00
6.790000000000000000e+02 7.548814701680402806e+00
6.800000000000000000e+02 8.126753935498104653e+00
6.810000000000000000e+02 7.599618985435409257e+00
6.820000000000000000e+02 7.473851764844519963e+00
6.830000000000000000e+02 5.567308757162569677e+00
6.840000000000000000e+02 6.568194810557967500e+00
6.850000000000000000e+02 5.855621910154956034e+00
6.860000000000000000e+02 5.738767428249356151e+00
6.870000000000000000e+02 4.943631780158102451e+00
6.880000000000000000e+02 4.430476109348935765e+00
6.890000000000000000e+02 4.896627401829277026e+00
6.900000000000000000e+02 3.560377524421799666e+00
6.910000000000000000e+02 4.237392055465392104e+00
6.920000000000000000e+02 3.613761371151792190e+00
6.930000000000000000e+02 3.143763880554403478e+00
6.940000000000000000e+02 2.816046160085551975e+00
6.950000000000000000e+02 2.898608907773795096e+00
6.960000000000000000e+02 3.152676619239691558e+00
6.970000000000000000e+02 2.629341574603176745e+00
6.980000000000000000e+02 2.051402340785475342e+00
6.990000000000000000e+02 2.197482016340192246e+00
7.000000000000000000e+02 1.789734818467217492e+00
7.010000000000000000e+02 1.902789394946637458e+00
7.020000000000000000e+02 1.756709719391920332e+00
7.030000000000000000e+02 1.637321967202199691e+00
7.040000000000000000e+02 1.261333233262461828e+00
7.050000000000000000e+02 1.341362710666584634e+00
7.060000000000000000e+02 1.012378355055672641e+00
7.070000000000000000e+02 1.303271071023046845e+00
7.080000000000000000e+02 1.004778544203311696e+00
7.090000000000000000e+02 9.501743550221251056e-01
7.100000000000000000e+02 9.907992649497833204e-01
7.110000000000000000e+02 1.039070278420668902e+00
7.120000000000000000e+02 7.088192876676967513e-01
7.130000000000000000e+02 9.628407064427266793e-01
7.140000000000000000e+02 7.939153056400600761e-01
7.150000000000000000e+02 8.053613146094681374e-01
7.160000000000000000e+02 5.970776390212035878e-01
7.170000000000000000e+02 7.240652020632851738e-01
7.180000000000000000e+02 5.538731661185584132e-01
7.190000000000000000e+02 5.144685986420938217e-01
7.200000000000000000e+02 6.923067381300481715e-01
7.210000000000000000e+02 5.183147967591410499e-01
7.220000000000000000e+02 5.538731661185584132e-01
7.230000000000000000e+02 4.992689769373719888e-01
7.240000000000000000e+02 7.532903957124019723e-01
7.250000000000000000e+02 6.249899048373934729e-01
7.260000000000000000e+02 4.916228733941445106e-01
7.270000000000000000e+02 4.611310446029676102e-01
7.280000000000000000e+02 3.595224770929555946e-01
7.290000000000000000e+02 5.436937922912106202e-01
7.300000000000000000e+02 5.360939814388496760e-01
7.310000000000000000e+02 4.433518599232588175e-01
7.320000000000000000e+02 5.817854319347485204e-01
7.330000000000000000e+02 4.433518599232588175e-01
7.340000000000000000e+02 4.090601257059014451e-01
7.350000000000000000e+02 5.462270625753309350e-01
7.360000000000000000e+02 3.683889230873766407e-01
7.370000000000000000e+02 5.144685986420938217e-01
7.380000000000000000e+02 5.284478778956221978e-01
7.390000000000000000e+02 3.671222879453165389e-01
7.400000000000000000e+02 4.966894139623851401e-01
7.410000000000000000e+02 4.979560491044452974e-01
7.420000000000000000e+02 6.427690895171023211e-01
7.430000000000000000e+02 3.721888285135571128e-01
7.440000000000000000e+02 4.407722969482719133e-01
7.450000000000000000e+02 3.506097384076679591e-01
7.460000000000000000e+02 5.182685040682742939e-01
7.470000000000000000e+02 6.084310626088783591e-01
7.480000000000000000e+02 4.610847519121009652e-01
7.490000000000000000e+02 5.716060581074006164e-01
7.500000000000000000e+02 4.395056618062117559e-01
7.510000000000000000e+02 3.061386303629626826e-01
7.520000000000000000e+02 4.204598419844428059e-01
7.530000000000000000e+02 5.550935085697520366e-01
7.540000000000000000e+02 4.433055672323922280e-01
7.550000000000000000e+02 5.550935085697520366e-01
7.560000000000000000e+02 4.585514816279806505e-01
7.570000000000000000e+02 3.429636348644403698e-01
7.580000000000000000e+02 5.525602382856317218e-01
7.590000000000000000e+02 5.017559545306257140e-01
7.600000000000000000e+02 5.030225896726858714e-01
7.610000000000000000e+02 2.934259862514945749e-01
7.620000000000000000e+02 4.649309500291480823e-01
7.630000000000000000e+02 4.775973014497496005e-01
7.640000000000000000e+02 4.560182113438603357e-01
7.650000000000000000e+02 3.569429141179686904e-01
7.660000000000000000e+02 6.859272697288807397e-01
7.670000000000000000e+02 4.572848464859204931e-01
7.680000000000000000e+02 4.433055672323922280e-01
7.690000000000000000e+02 4.204598419844428059e-01
7.700000000000000000e+02 4.369723915220914412e-01
7.710000000000000000e+02 6.084310626088783591e-01
7.720000000000000000e+02 3.264510853267917900e-01
7.730000000000000000e+02 3.925012834773862203e-01
7.740000000000000000e+02 4.903099455612177637e-01
7.750000000000000000e+02 3.759887339397375849e-01
7.760000000000000000e+02 6.096976977509385165e-01
7.770000000000000000e+02 3.620094546862093199e-01
7.780000000000000000e+02 4.865100401350372916e-01
7.790000000000000000e+02 3.594761844020890051e-01
7.800000000000000000e+02 4.407722969482719133e-01
7.810000000000000000e+02 4.737973960235691284e-01
7.820000000000000000e+02 4.610847519121009652e-01
7.830000000000000000e+02 4.699974905973886563e-01
7.840000000000000000e+02 4.407722969482719133e-01
7.850000000000000000e+02 3.391637294382598977e-01
7.860000000000000000e+02 4.255263825526834354e-01
7.870000000000000000e+02 5.055558599568061862e-01
7.880000000000000000e+02 5.601600491379926661e-01
7.890000000000000000e+02 5.398475941741636142e-01
7.900000000000000000e+02 4.242597474106232780e-01
7.910000000000000000e+02 3.747220987976774276e-01
7.920000000000000000e+02 4.610847519121009652e-01
7.930000000000000000e+02 4.255263825526834354e-01
7.940000000000000000e+02 4.598181167700408079e-01
7.950000000000000000e+02 5.055558599568061862e-01
7.960000000000000000e+02 3.937679186194463776e-01
7.970000000000000000e+02 3.759887339397375849e-01
7.980000000000000000e+02 3.950345537615065350e-01
7.990000000000000000e+02 3.086719006470829973e-01
8.000000000000000000e+02 4.598181167700408079e-01
8.010000000000000000e+02 3.594761844020890051e-01
8.020000000000000000e+02 4.217264771265029633e-01
8.030000000000000000e+02 4.039472924467942261e-01
8.040000000000000000e+02 4.598181167700408079e-01
8.050000000000000000e+02 3.950345537615065350e-01
8.060000000000000000e+02 3.937679186194463776e-01
8.070000000000000000e+02 4.928432158453380785e-01
8.080000000000000000e+02 4.598181167700408079e-01
8.090000000000000000e+02 3.620094546862093199e-01
8.100000000000000000e+02 4.433055672323922280e-01
8.110000000000000000e+02 2.743801664297256249e-01
8.120000000000000000e+02 4.420389320903320707e-01
8.130000000000000000e+02 3.937679186194463776e-01
8.140000000000000000e+02 4.433055672323922280e-01
8.150000000000000000e+02 3.721888285135571128e-01
8.160000000000000000e+02 3.391637294382598977e-01
8.170000000000000000e+02 3.556762789759085330e-01
8.180000000000000000e+02 4.572848464859204931e-01
8.190000000000000000e+02 3.747220987976774276e-01
8.200000000000000000e+02 3.277177204688519474e-01
8.210000000000000000e+02 3.632760898282694773e-01
8.220000000000000000e+02 5.246016797785750807e-01
8.230000000000000000e+02 3.937679186194463776e-01
8.240000000000000000e+02 1.943506890256028741e-01
8.250000000000000000e+02 3.442302700065005272e-01
8.260000000000000000e+02 2.959592565356148897e-01
8.270000000000000000e+02 4.090138330150348556e-01
8.280000000000000000e+02 3.429636348644403698e-01
8.290000000000000000e+02 3.582095492600288478e-01
8.300000000000000000e+02 3.759887339397375849e-01
8.310000000000000000e+02 3.226511799006113179e-01
8.320000000000000000e+02 3.251844501847316327e-01
8.330000000000000000e+02 3.213845447585511605e-01
8.340000000000000000e+02 2.591342520341371469e-01
8.350000000000000000e+02 3.747220987976774276e-01
8.360000000000000000e+02 3.785220042238578997e-01
8.370000000000000000e+02 4.242597474106232780e-01
8.380000000000000000e+02 2.286424232429602466e-01
8.390000000000000000e+02 3.899680131932659055e-01
8.400000000000000000e+02 3.772553690817977423e-01
8.410000000000000000e+02 5.728726932494607738e-01
8.420000000000000000e+02 4.560182113438603357e-01
8.430000000000000000e+02 3.785220042238578997e-01
8.440000000000000000e+02 3.772553690817977423e-01
8.450000000000000000e+02 3.607428195441491625e-01
8.460000000000000000e+02 5.068224950988663435e-01
8.470000000000000000e+02 4.102804681570950129e-01
8.480000000000000000e+02 4.547515762018001784e-01
8.490000000000000000e+02 4.090138330150348556e-01
8.500000000000000000e+02 2.934259862514945749e-01
8.510000000000000000e+02 2.743801664297256249e-01
8.520000000000000000e+02 3.264510853267917900e-01
8.530000000000000000e+02 4.420389320903320707e-01
8.540000000000000000e+02 2.553343466079566748e-01
8.550000000000000000e+02 4.382390266641515986e-01
8.560000000000000000e+02 3.442302700065005272e-01
8.570000000000000000e+02 3.264510853267917900e-01
8.580000000000000000e+02 4.242597474106232780e-01
8.590000000000000000e+02 4.852434049929771342e-01
8.600000000000000000e+02 1.791047746300144239e-01
8.610000000000000000e+02 4.382390266641515986e-01
8.620000000000000000e+02 2.413550673544284098e-01
8.630000000000000000e+02 3.734554636556172702e-01
8.640000000000000000e+02 2.223092475326594875e-01
8.650000000000000000e+02 3.950345537615065350e-01
8.660000000000000000e+02 3.454969051485606846e-01
8.670000000000000000e+02 2.705802610035451528e-01
8.680000000000000000e+02 5.080891302409265009e-01
8.690000000000000000e+02 4.255263825526834354e-01
8.700000000000000000e+02 3.201179096164910032e-01
8.710000000000000000e+02 2.591342520341371469e-01
8.720000000000000000e+02 3.099385357891431547e-01
8.730000000000000000e+02 5.436474996003440863e-01
8.740000000000000000e+02 3.416969997223802125e-01
8.750000000000000000e+02 3.404303645803200551e-01
8.760000000000000000e+02 2.286424232429602466e-01
8.770000000000000000e+02 4.242597474106232780e-01
8.780000000000000000e+02 4.090138330150348556e-01
8.790000000000000000e+02 2.807133421400264117e-01
8.800000000000000000e+02 2.946926213935547323e-01
8.810000000000000000e+02 3.925012834773862203e-01
8.820000000000000000e+02 3.620094546862093199e-01
8.830000000000000000e+02 4.280596528368037501e-01
8.840000000000000000e+02 5.106224005250468156e-01
8.850000000000000000e+02 4.052139275888543835e-01
8.860000000000000000e+02 3.582095492600288478e-01
8.870000000000000000e+02 3.556762789759085330e-01
8.880000000000000000e+02 3.124718060732634695e-01
8.890000000000000000e+02 4.115471032991551703e-01
8.900000000000000000e+02 3.277177204688519474e-01
8.910000000000000000e+02 3.086719006470829973e-01
8.920000000000000000e+02 4.242597474106232780e-01
8.930000000000000000e+02 3.937679186194463776e-01
8.940000000000000000e+02 4.623513870541611226e-01
8.950000000000000000e+02 3.620094546862093199e-01
8.960000000000000000e+02 3.416969997223802125e-01
8.970000000000000000e+02 4.115471032991551703e-01
8.980000000000000000e+02 3.759887339397375849e-01
8.990000000000000000e+02 3.912346483353260629e-01
9.000000000000000000e+02 3.442302700065005272e-01
9.010000000000000000e+02 2.464216079226690392e-01
9.020000000000000000e+02 2.311756935270805613e-01
9.030000000000000000e+02 4.395056618062117559e-01
9.040000000000000000e+02 3.112051709312033121e-01
9.050000000000000000e+02 3.797886393659180571e-01
9.060000000000000000e+02 3.632760898282694773e-01
9.070000000000000000e+02 3.607428195441491625e-01
9.080000000000000000e+02 4.267930176947435927e-01
9.090000000000000000e+02 3.112051709312033121e-01
9.100000000000000000e+02 4.928432158453380785e-01
9.110000000000000000e+02 2.426217024964885671e-01
9.120000000000000000e+02 2.781800718559060970e-01
9.130000000000000000e+02 3.785220042238578997e-01
9.140000000000000000e+02 2.959592565356148897e-01
9.150000000000000000e+02 2.959592565356148897e-01
9.160000000000000000e+02 3.302509907529722621e-01
9.170000000000000000e+02 2.781800718559060970e-01
9.180000000000000000e+02 3.277177204688519474e-01
9.190000000000000000e+02 2.476882430647291966e-01
9.200000000000000000e+02 3.264510853267917900e-01
9.210000000000000000e+02 3.785220042238578997e-01
9.220000000000000000e+02 3.937679186194463776e-01
9.230000000000000000e+02 3.785220042238578997e-01
9.240000000000000000e+02 3.442302700065005272e-01
9.250000000000000000e+02 3.124718060732634695e-01
9.260000000000000000e+02 2.464216079226690392e-01
9.270000000000000000e+02 3.302509907529722621e-01
9.280000000000000000e+02 3.277177204688519474e-01
9.290000000000000000e+02 1.791047746300144239e-01
9.300000000000000000e+02 3.963011889035666924e-01
9.310000000000000000e+02 2.794467069979662543e-01
9.320000000000000000e+02 3.442302700065005272e-01
9.330000000000000000e+02 2.451549727806088819e-01
9.340000000000000000e+02 2.946926213935547323e-01
9.350000000000000000e+02 4.788639365918097579e-01
9.360000000000000000e+02 2.946926213935547323e-01
9.370000000000000000e+02 4.788639365918097579e-01
9.380000000000000000e+02 3.467635402906208419e-01
9.390000000000000000e+02 3.429636348644403698e-01
9.400000000000000000e+02 3.302509907529722621e-01
9.410000000000000000e+02 3.302509907529722621e-01
9.420000000000000000e+02 3.467635402906208419e-01
9.430000000000000000e+02 2.261091529588399318e-01
9.440000000000000000e+02 3.112051709312033121e-01
9.450000000000000000e+02 2.946926213935547323e-01
9.460000000000000000e+02 3.442302700065005272e-01
9.470000000000000000e+02 3.454969051485606846e-01
9.480000000000000000e+02 2.616675223182574617e-01
9.490000000000000000e+02 3.620094546862093199e-01
9.500000000000000000e+02 4.115471032991551703e-01
9.510000000000000000e+02 2.934259862514945749e-01
9.520000000000000000e+02 3.772553690817977423e-01
9.530000000000000000e+02 3.302509907529722621e-01
9.540000000000000000e+02 3.302509907529722621e-01
9.550000000000000000e+02 2.959592565356148897e-01
9.560000000000000000e+02 2.629341574603176190e-01
9.570000000000000000e+02 3.454969051485606846e-01
9.580000000000000000e+02 3.772553690817977423e-01
9.590000000000000000e+02 2.959592565356148897e-01
9.600000000000000000e+02 3.137384412153236268e-01
9.610000000000000000e+02 2.959592565356148897e-01
9.620000000000000000e+02 3.302509907529722621e-01
9.630000000000000000e+02 3.302509907529722621e-01
9.640000000000000000e+02 2.286424232429602466e-01
9.650000000000000000e+02 3.632760898282694773e-01
9.660000000000000000e+02 3.594761844020890051e-01
9.670000000000000000e+02 3.124718060732634695e-01
9.680000000000000000e+02 2.476882430647291966e-01
9.690000000000000000e+02 4.102804681570950129e-01
9.700000000000000000e+02 2.972258916776750470e-01
9.710000000000000000e+02 2.959592565356148897e-01
9.720000000000000000e+02 2.946926213935547323e-01
9.730000000000000000e+02 1.956173241676630314e-01
9.740000000000000000e+02 3.264510853267917900e-01
9.750000000000000000e+02 3.124718060732634695e-01
9.760000000000000000e+02 3.912346483353260629e-01
9.770000000000000000e+02 4.128137384412153277e-01
9.780000000000000000e+02 2.604008871761973043e-01
9.790000000000000000e+02 3.112051709312033121e-01
9.800000000000000000e+02 2.629341574603176190e-01
9.810000000000000000e+02 3.137384412153236268e-01
9.820000000000000000e+02 2.426217024964885671e-01
9.830000000000000000e+02 3.454969051485606846e-01
9.840000000000000000e+02 3.137384412153236268e-01
9.850000000000000000e+02 3.277177204688519474e-01
9.860000000000000000e+02 2.133965088473717964e-01
9.870000000000000000e+02 1.651254953764861311e-01
9.880000000000000000e+02 2.794467069979662543e-01
9.890000000000000000e+02 3.099385357891431547e-01
9.900000000000000000e+02 2.769134367138459396e-01
9.910000000000000000e+02 2.959592565356148897e-01
9.920000000000000000e+02 4.610847519121009652e-01
9.930000000000000000e+02 0.000000000000000000e+00
9.940000000000000000e+02 0.000000000000000000e+00
9.950000000000000000e+02 0.000000000000000000e+00
9.960000000000000000e+02 0.000000000000000000e+00
9.970000000000000000e+02 0.000000000000000000e+00
9.980000000000000000e+02 0.000000000000000000e+00
9.990000000000000000e+02 0.000000000000000000e+00
1.000000000000000000e+03 0.000000000000000000e+00
1.001000000000000000e+03 0.000000000000000000e+00
1.002000000000000000e+03 0.000000000000000000e+00
1.003000000000000000e+03 0.000000000000000000e+00
1.004000000000000000e+03 0.000000000000000000e+00
1.005000000000000000e+03 0.000000000000000000e+00
1.006000000000000000e+03 0.000000000000000000e+00
1.007000000000000000e+03 0.000000000000000000e+00
1.008000000000000000e+03 0.000000000000000000e+00
1.009000000000000000e+03 0.000000000000000000e+00
1.010000000000000000e+03 0.000000000000000000e+00
1.011000000000000000e+03 0.000000000000000000e+00
1.012000000000000000e+03 0.000000000000000000e+00
1.013000000000000000e+03 0.000000000000000000e+00
1.014000000000000000e+03 0.000000000000000000e+00
1.015000000000000000e+03 0.000000000000000000e+00
1.016000000000000000e+03 0.000000000000000000e+00
1.017000000000000000e+03 0.000000000000000000e+00
1.018000000000000000e+03 0.000000000000000000e+00
1.019000000000000000e+03 0.000000000000000000e+00
1.020000000000000000e+03 0.000000000000000000e+00
1.021000000000000000e+03 0.000000000000000000e+00
1.022000000000000000e+03 0.000000000000000000e+00
1.023000000000000000e+03 0.000000000000000000e+00
