1.000000000000000000e+00 0.000000000000000000e+00
2.000000000000000000e+00 0.000000000000000000e+00
3.000000000000000000e+00 0.000000000000000000e+00
4.000000000000000000e+00 0.000000000000000000e+00
5.000000000000000000e+00 0.000000000000000000e+00
6.000000000000000000e+00 0.000000000000000000e+00
7.000000000000000000e+00 0.000000000000000000e+00
8.000000000000000000e+00 0.000000000000000000e+00
9.000000000000000000e+00 0.000000000000000000e+00
1.000000000000000000e+01 0.000000000000000000e+00
1.100000000000000000e+01 0.000000000000000000e+00
1.200000000000000000e+01 0.000000000000000000e+00
1.300000000000000000e+01 0.000000000000000000e+00
1.400000000000000000e+01 0.000000000000000000e+00
1.500000000000000000e+01 0.000000000000000000e+00
1.600000000000000000e+01 0.000000000000000000e+00
1.700000000000000000e+01 0.000000000000000000e+00
1.800000000000000000e+01 0.000000000000000000e+00
1.900000000000000000e+01 0.000000000000000000e+00
2.000000000000000000e+01 0.000000000000000000e+00
2.100000000000000000e+01 0.000000000000000000e+00
2.200000000000000000e+01 0.000000000000000000e+00
2.300000000000000000e+01 0.000000000000000000e+00
2.400000000000000000e+01 0.000000000000000000e+00
2.500000000000000000e+01 0.000000000000000000e+00
2.600000000000000000e+01 0.000000000000000000e+00
2.700000000000000000e+01 0.000000000000000000e+00
2.800000000000000000e+01 0.000000000000000000e+00
2.900000000000000000e+01 0.000000000000000000e+00
3.000000000000000000e+01 0.000000000000000000e+00
3.100000000000000000e+01 0.000000000000000000e+00
3.200000000000000000e+01 0.000000000000000000e+00
3.300000000000000000e+01 0.000000000000000000e+00
3.400000000000000000e+01 0.000000000000000000e+00
3.500000000000000000e+01 0.000000000000000000e+00
3.600000000000000000e+01 0.000000000000000000e+00
3.700000000000000000e+01 0.000000000000000000e+00
3.800000000000000000e+01 0.000000000000000000e+00
3.900000000000000000e+01 0.000000000000000000e+00
4.000000000000000000e+01 0.000000000000000000e+00
4.100000000000000000e+01 0.000000000000000000e+00
4.200000000000000000e+01 0.000000000000000000e+00
4.300000000000000000e+01 0.000000000000000000e+00
4.400000000000000000e+01 0.000000000000000000e+00
4.500000000000000000e+01 0.000000000000000000e+00
4.600000000000000000e+01 0.000000000000000000e+00
4.700000000000000000e+01 0.000000000000000000e+00
4.800000000000000000e+01 3.510218916046928955e-02
4.900000000000000000e+01 2.214647689088900862e+00
5.000000000000000000e+01 4.260230877400569938e+00
5.100000000000000000e+01 4.706676580852589886e+00
5.200000000000000000e+01 4.057581148107330726e+00
5.300000000000000000e+01 4.148892147650477646e+00
5.400000000000000000e+01 4.400827378169247517e+00
5.500000000000000000e+01 4.470066134789741241e+00
5.600000000000000000e+01 4.628270364796060576e+00
5.700000000000000000e+01 3.852875012662001275e+00
5.800000000000000000e+01 4.358727405039648062e+00
5.900000000000000000e+01 4.111682864398702009e+00
6.000000000000000000e+01 4.108183972414137131e+00
6.100000000000000000e+01 3.950945364108263469e+00
6.200000000000000000e+01 4.057944742924545878e+00
6.300000000000000000e+01 4.659033203022719505e+00
6.400000000000000000e+01 4.469526689282111498e+00
6.500000000000000000e+01 4.517295229863182549e+00
6.600000000000000000e+01 4.081045188923243749e+00
6.700000000000000000e+01 4.748663284667375528e+00
6.800000000000000000e+01 3.755832864291783757e+00
6.900000000000000000e+01 4.257947932618850295e+00
7.000000000000000000e+01 4.281048378617548167e+00
7.100000000000000000e+01 3.686293094229675216e+00
7.200000000000000000e+01 4.245946189457078468e+00
7.300000000000000000e+01 4.407348298006348308e+00
7.400000000000000000e+01 4.523088960065853037e+00
7.500000000000000000e+01 4.513683068563802081e+00
7.600000000000000000e+01 4.153305973396272499e+00
7.700000000000000000e+01 4.045767149072359459e+00
7.800000000000000000e+01 4.361573582201767607e+00
7.900000000000000000e+01 4.307772879352011586e+00
8.000000000000000000e+01 3.697817973259417190e+00
8.100000000000000000e+01 3.955359189854058322e+00
8.200000000000000000e+01 4.069895798147102006e+00
8.300000000000000000e+01 4.349571839039996668e+00
8.400000000000000000e+01 4.467607339317606119e+00
8.500000000000000000e+01 4.099329419856100998e+00
8.600000000000000000e+01 4.064891838954461711e+00
8.700000000000000000e+01 4.003854920069558787e+00
8.800000000000000000e+01 4.321530015224258392e+00
8.900000000000000000e+01 4.540407569298264612e+00
9.000000000000000000e+01 4.493002623534408713e+00
9.100000000000000000e+01 4.522737258685022965e+00
9.200000000000000000e+01 4.157958231208083610e+00
9.300000000000000000e+01 4.436066623517302077e+00
9.400000000000000000e+01 4.307659610037195996e+00
9.500000000000000000e+01 5.218397178244892132e+00
9.600000000000000000e+01 4.776478569853483513e+00
9.700000000000000000e+01 4.723643488704172277e+00
9.800000000000000000e+01 4.551869866952406696e+00
9.900000000000000000e+01 4.662970164636485393e+00
1.000000000000000000e+02 4.743006610652289012e+00
1.010000000000000000e+02 5.163153989562660584e+00
1.020000000000000000e+02 4.513030353741355860e+00
1.030000000000000000e+02 4.973045448938822943e+00
1.040000000000000000e+02 4.906578394668464682e+00
1.050000000000000000e+02 4.976845354365003082e+00
1.060000000000000000e+02 5.234085557518029397e+00
1.070000000000000000e+02 5.008147638099291754e+00
1.080000000000000000e+02 5.314423016975449165e+00
1.090000000000000000e+02 4.563996772865378304e+00
1.100000000000000000e+02 4.981610881491628895e+00
1.110000000000000000e+02 5.519430165862393878e+00
1.120000000000000000e+02 4.467857664820005681e+00
1.130000000000000000e+02 5.351820044354024475e+00
1.140000000000000000e+02 4.839935489707691829e+00
1.150000000000000000e+02 4.515626205401076732e+00
1.160000000000000000e+02 4.667196246255479686e+00
1.170000000000000000e+02 4.829501395129594421e+00
1.180000000000000000e+02 5.347355530669013035e+00
1.190000000000000000e+02 4.245180205319819322e+00
1.200000000000000000e+02 4.610561259679988311e+00
1.210000000000000000e+02 4.807667584272957484e+00
1.220000000000000000e+02 4.505555705640196251e+00
1.230000000000000000e+02 3.997471056420043745e+00
1.240000000000000000e+02 4.485653138184447997e+00
1.250000000000000000e+02 4.892168543973772543e+00
1.260000000000000000e+02 4.690660287071393597e+00
1.270000000000000000e+02 4.617559043649119843e+00
1.280000000000000000e+02 4.681129232818141972e+00
1.290000000000000000e+02 4.374314408434354817e+00
1.300000000000000000e+02 3.808930164379880967e+00
1.310000000000000000e+02 4.386015138154510495e+00
1.320000000000000000e+02 4.786259949609134701e+00
1.330000000000000000e+02 4.691023881888608749e+00
1.340000000000000000e+02 4.222806948955550865e+00
1.350000000000000000e+02 4.658153949570643881e+00
1.360000000000000000e+02 4.196571205789502379e+00
1.370000000000000000e+02 4.259539368075294874e+00
1.380000000000000000e+02 4.208635530326874985e+00
1.390000000000000000e+02 5.026130855590534630e+00
1.400000000000000000e+02 4.007729300307724785e+00
1.410000000000000000e+02 4.178900895176260732e+00
1.420000000000000000e+02 4.331373976355508582e+00
1.430000000000000000e+02 4.614849922674584271e+00
1.440000000000000000e+02 4.529746936090538689e+00
1.450000000000000000e+02 4.065994516842492246e+00
1.460000000000000000e+02 4.161168003187418307e+00
1.470000000000000000e+02 4.779086314949588576e+00
1.480000000000000000e+02 4.358938936039217893e+00
1.490000000000000000e+02 3.932458381418545645e+00
1.500000000000000000e+02 4.181434165460380825e+00
1.510000000000000000e+02 4.042894070843794374e+00
1.520000000000000000e+02 4.159299341162127739e+00
1.530000000000000000e+02 4.035294259991433208e+00
1.540000000000000000e+02 4.617684206400319624e+00
1.550000000000000000e+02 4.584814274082355645e+00
1.560000000000000000e+02 3.942955057372242056e+00
1.570000000000000000e+02 4.127696043986224694e+00
1.580000000000000000e+02 4.427575665776481095e+00
1.590000000000000000e+02 4.277334841439738078e+00
1.600000000000000000e+02 4.045790935945129618e+00
1.610000000000000000e+02 3.844583692484365045e+00
1.620000000000000000e+02 4.161230584563019086e+00
1.630000000000000000e+02 4.262498814552230897e+00
1.640000000000000000e+02 4.372934503977480070e+00
1.650000000000000000e+02 4.120459827951078680e+00
1.660000000000000000e+02 3.839517151916124416e+00
1.670000000000000000e+02 4.086260679115454764e+00
1.680000000000000000e+02 3.995489125079938475e+00
1.690000000000000000e+02 3.395366286682209633e+00
1.700000000000000000e+02 3.712978800461308904e+00
1.710000000000000000e+02 3.970219003614334774e+00
1.720000000000000000e+02 3.213459583793962793e+00
1.730000000000000000e+02 3.493737651570086644e+00
1.740000000000000000e+02 3.253628313522672677e+00
1.750000000000000000e+02 3.520939016436580360e+00
1.760000000000000000e+02 2.877148556325576312e+00
1.770000000000000000e+02 2.683541123717172905e+00
1.780000000000000000e+02 2.591502934539597014e+00
1.790000000000000000e+02 2.916715259171056562e+00
1.800000000000000000e+02 2.176422096197466072e+00
1.810000000000000000e+02 2.957849610600211232e+00
1.820000000000000000e+02 2.451633623405349738e+00
1.830000000000000000e+02 2.511102893706576467e+00
1.840000000000000000e+02 2.116952825896238899e+00
1.850000000000000000e+02 2.456098137090359845e+00
1.860000000000000000e+02 1.865443771570282960e+00
1.870000000000000000e+02 2.015383582465411383e+00
1.880000000000000000e+02 1.572800365815172130e+00
1.890000000000000000e+02 2.101753204191517010e+00
1.900000000000000000e+02 1.637035163243024893e+00
1.910000000000000000e+02 2.143552163879502093e+00
1.920000000000000000e+02 1.840474663546294964e+00
1.930000000000000000e+02 1.752537393236514252e+00
1.940000000000000000e+02 1.778472122960947477e+00
1.950000000000000000e+02 1.600967352382110409e+00
1.960000000000000000e+02 1.642101703811265523e+00
1.970000000000000000e+02 1.578230501200627911e+00
1.980000000000000000e+02 1.726602663512081026e+00
1.990000000000000000e+02 1.495660784900702645e+00
2.000000000000000000e+02 1.296986811724058386e+00
2.010000000000000000e+02 1.860439812377642443e+00
2.020000000000000000e+02 1.519062244341015555e+00
2.030000000000000000e+02 1.695601393219407393e+00
2.040000000000000000e+02 1.824372001516727959e+00
2.050000000000000000e+02 1.276118622567866012e+00
2.060000000000000000e+02 1.725035014928405719e+00
2.070000000000000000e+02 1.736735744648562285e+00
2.080000000000000000e+02 1.416288947143728105e+00
2.090000000000000000e+02 1.476360244328185356e+00
2.100000000000000000e+02 1.463091866024353704e+00
2.110000000000000000e+02 1.613696285178312095e+00
2.120000000000000000e+02 1.068578203396800763e+00
2.130000000000000000e+02 1.454225420029932714e+00
2.140000000000000000e+02 1.589630217479169216e+00
2.150000000000000000e+02 1.215382717124578349e+00
2.160000000000000000e+02 1.295419163140383301e+00
2.170000000000000000e+02 1.561463230912230937e+00
2.180000000000000000e+02 1.160979987391591806e+00
2.190000000000000000e+02 1.396988406571210817e+00
2.200000000000000000e+02 1.388121960576789604e+00
2.210000000000000000e+02 1.324852784849381848e+00
2.220000000000000000e+02 1.210015163114722903e+00
2.230000000000000000e+02 1.307119892860539645e+00
2.240000000000000000e+02 1.269484433415950075e+00
2.250000000000000000e+02 1.377687865998693306e+00
2.260000000000000000e+02 1.433056217432125079e+00
2.270000000000000000e+02 1.228049068545179923e+00
2.280000000000000000e+02 1.469124028293039563e+00
2.290000000000000000e+02 1.377687865998693306e+00
2.300000000000000000e+02 1.341620055137779044e+00
2.310000000000000000e+02 1.269484433415950075e+00
2.320000000000000000e+02 1.183114811689844670e+00
2.330000000000000000e+02 1.451391136304197360e+00
2.340000000000000000e+02 1.527025650010591651e+00
2.350000000000000000e+02 1.113211446810520977e+00
2.360000000000000000e+02 1.482392406596871215e+00
2.370000000000000000e+02 1.692165082610441740e+00
2.380000000000000000e+02 1.685530893458526025e+00
2.390000000000000000e+02 1.710198988040898982e+00
2.400000000000000000e+02 2.283120461572133664e+00
2.410000000000000000e+02 2.245786015569159577e+00
2.420000000000000000e+02 3.299289760012437789e+00
2.430000000000000000e+02 3.001579813689086773e+00
2.440000000000000000e+02 3.524864084613960724e+00
2.450000000000000000e+02 4.223057274457951316e+00
2.460000000000000000e+02 4.268957153013731798e+00
2.470000000000000000e+02 5.790978843831682710e+00
2.480000000000000000e+02 6.140859263045514993e+00
2.490000000000000000e+02 6.882419061161166418e+00
2.500000000000000000e+02 8.819822603762862201e+00
2.510000000000000000e+02 9.283938617828123796e+00
2.520000000000000000e+02 1.015107114569814506e+01
2.530000000000000000e+02 1.310404195985691622e+01
2.540000000000000000e+02 1.419421554204433988e+01
2.550000000000000000e+02 1.580134021944633638e+01
2.560000000000000000e+02 1.753723550514565233e+01
2.570000000000000000e+02 1.906052383110566240e+01
2.580000000000000000e+02 2.179485552325644449e+01
2.590000000000000000e+02 2.275818974054743649e+01
2.600000000000000000e+02 2.469559328314913316e+01
2.610000000000000000e+02 2.642262212285402967e+01
2.620000000000000000e+02 2.683516969091203919e+01
2.630000000000000000e+02 2.940369734220413633e+01
2.640000000000000000e+02 3.066094160039230232e+01
2.650000000000000000e+02 3.116492533074465854e+01
2.660000000000000000e+02 3.070460922210557797e+01
2.670000000000000000e+02 3.070587585724763713e+01
2.680000000000000000e+02 2.942553115306077416e+01
2.690000000000000000e+02 2.952993468021733747e+01
2.700000000000000000e+02 2.748655996187540396e+01
2.710000000000000000e+02 2.544728616240126584e+01
2.720000000000000000e+02 2.575699785188638913e+01
2.730000000000000000e+02 2.249371332135926238e+01
2.740000000000000000e+02 2.025069900814024138e+01
2.750000000000000000e+02 1.943036939915084460e+01
2.760000000000000000e+02 1.636575884180036411e+01
2.770000000000000000e+02 1.449319212350975050e+01
2.780000000000000000e+02 1.404270808256553416e+01
2.790000000000000000e+02 1.168515716105346769e+01
2.800000000000000000e+02 1.000463022678758129e+01
2.810000000000000000e+02 9.092864455503841370e+00
2.820000000000000000e+02 7.599009751252828515e+00
2.830000000000000000e+02 5.994719357576567376e+00
2.840000000000000000e+02 5.304728005468168028e+00
2.850000000000000000e+02 4.219921977290600701e+00
2.860000000000000000e+02 3.986446828395102671e+00
2.870000000000000000e+02 3.253753476273872458e+00
2.880000000000000000e+02 2.541928313308835730e+00
2.890000000000000000e+02 2.116413380388608712e+00
2.900000000000000000e+02 1.853203596342496651e+00
2.910000000000000000e+02 1.766833974616391023e+00
2.920000000000000000e+02 1.179979514522494277e+00
2.930000000000000000e+02 1.374853582272957953e+00
2.940000000000000000e+02 8.715344601794314805e-01
2.950000000000000000e+02 1.240414406524166679e+00
2.960000000000000000e+02 8.705688384789863621e-01
2.970000000000000000e+02 1.189146973958530307e+00
2.980000000000000000e+02 1.002474743943657431e+00
2.990000000000000000e+02 8.329333790343967925e-01
3.000000000000000000e+02 1.019906622490884818e+00
3.010000000000000000e+02 8.848028384832631321e-01
3.020000000000000000e+02 8.977702033454797448e-01
3.030000000000000000e+02 9.620050007733326192e-01
3.040000000000000000e+02 1.011040176496463605e+00
3.050000000000000000e+02 9.569384602050919897e-01
3.060000000000000000e+02 7.984332167571575045e-01
3.070000000000000000e+02 8.304001087502764777e-01
3.080000000000000000e+02 1.161945609092037035e+00
3.090000000000000000e+02 8.281678519077713130e-01
3.100000000000000000e+02 8.139338519034944319e-01
3.110000000000000000e+02 1.114478081952581245e+00
3.120000000000000000e+02 7.414972167400505354e-01
3.130000000000000000e+02 5.715922570135748559e-01
3.140000000000000000e+02 8.731021087631066768e-01
3.150000000000000000e+02 7.623654058962432423e-01
3.160000000000000000e+02 1.112910433368906160e+00
3.170000000000000000e+02 7.750317573168447050e-01
3.180000000000000000e+02 9.091699196240210501e-01
3.190000000000000000e+02 9.088689061824061222e-01
3.200000000000000000e+02 9.645382710574529339e-01
3.210000000000000000e+02 8.535005547489743494e-01
3.220000000000000000e+02 1.078109257650051722e+00
3.230000000000000000e+02 8.136328384618793930e-01
3.240000000000000000e+02 8.573004601751548215e-01
3.250000000000000000e+02 7.348630275881348206e-01
3.260000000000000000e+02 9.686391899252483340e-01
3.270000000000000000e+02 8.247315412988057703e-01
3.280000000000000000e+02 1.049641257641498182e+00
3.290000000000000000e+02 9.579040819055369971e-01
3.300000000000000000e+02 7.914980141636267508e-01
3.310000000000000000e+02 8.481330007391186809e-01
3.320000000000000000e+02 1.056940055052244087e+00
3.330000000000000000e+02 8.531995413073593104e-01
3.340000000000000000e+02 9.297370953385986070e-01
3.350000000000000000e+02 7.525959195769770238e-01
3.360000000000000000e+02 9.035013521725504537e-01
3.370000000000000000e+02 9.655038927578979413e-01
3.380000000000000000e+02 8.455997304549983662e-01
3.390000000000000000e+02 1.146143960504085069e+00
3.400000000000000000e+02 8.247315412988057703e-01
3.410000000000000000e+02 8.699668115957563952e-01
3.420000000000000000e+02 8.054310007262884819e-01
3.430000000000000000e+02 8.095319195940838819e-01
3.440000000000000000e+02 7.434284601409408832e-01
3.450000000000000000e+02 8.364322710189622256e-01
3.460000000000000000e+02 1.072440690198581015e+00
3.470000000000000000e+02 1.248979839076972631e+00
3.480000000000000000e+02 8.414988115872028551e-01
3.490000000000000000e+02 8.633326224438404584e-01
3.500000000000000000e+02 8.531995413073593104e-01
3.510000000000000000e+02 9.202686224609475385e-01
3.520000000000000000e+02 1.104708595633314916e+00
3.530000000000000000e+02 9.465043656269955807e-01
3.540000000000000000e+02 1.098074406481399201e+00
3.550000000000000000e+02 1.049340244199883143e+00
3.560000000000000000e+02 7.630300141550732107e-01
3.570000000000000000e+02 1.001571703618812315e+00
3.580000000000000000e+02 9.035013521725504537e-01
3.590000000000000000e+02 1.024672149617510186e+00
3.600000000000000000e+02 9.383025278914046696e-01
3.610000000000000000e+02 7.693631898653739976e-01
3.620000000000000000e+02 1.090474595629038257e+00
3.630000000000000000e+02 9.060346224566707685e-01
3.640000000000000000e+02 9.329349738815490012e-01
3.650000000000000000e+02 9.835377981883552945e-01
3.660000000000000000e+02 9.190019873188873811e-01
3.670000000000000000e+02 1.051873514484003458e+00
3.680000000000000000e+02 9.601363387480423839e-01
3.690000000000000000e+02 1.064539865904605032e+00
3.700000000000000000e+02 1.029738690185750816e+00
3.710000000000000000e+02 1.380584731100028550e+00
3.720000000000000000e+02 8.816675413159127395e-01
3.730000000000000000e+02 9.433690684596452991e-01
3.740000000000000000e+02 7.563958250031574959e-01
3.750000000000000000e+02 1.020872244191329603e+00
3.760000000000000000e+02 8.478319872975035310e-01
3.770000000000000000e+02 1.117675960495531529e+00
3.780000000000000000e+02 6.583254735568955240e-01
3.790000000000000000e+02 9.022347170304902964e-01
3.800000000000000000e+02 1.149642852488650613e+00
3.810000000000000000e+02 9.848044333304154518e-01
3.820000000000000000e+02 8.142974467207094724e-01
3.830000000000000000e+02 8.633326224438404584e-01
3.840000000000000000e+02 1.296748379658043460e+00
3.850000000000000000e+02 1.098074406481399201e+00
3.860000000000000000e+02 1.011704784755293574e+00
3.870000000000000000e+02 1.059473325336364402e+00
3.880000000000000000e+02 9.705704333261385708e-01
3.890000000000000000e+02 9.845034198888001908e-01
3.900000000000000000e+02 9.446357036017054565e-01
3.910000000000000000e+02 9.436700819012603381e-01
3.920000000000000000e+02 1.028472055043690547e+00
3.930000000000000000e+02 6.753937572869075368e-01
3.940000000000000000e+02 8.503652575816238457e-01
3.950000000000000000e+02 1.042706055047967428e+00
3.960000000000000000e+02 1.019304595607654518e+00
3.970000000000000000e+02 9.614029738901025413e-01
3.980000000000000000e+02 8.633326224438404584e-01
3.990000000000000000e+02 9.291350684553685291e-01
4.000000000000000000e+02 9.886043387565959240e-01
4.010000000000000000e+02 1.045239325332087743e+00
4.020000000000000000e+02 9.509688793120061323e-01
4.030000000000000000e+02 1.028472055043690547e+00
4.040000000000000000e+02 8.531995413073593104e-01
4.050000000000000000e+02 7.510282709933017165e-01
4.060000000000000000e+02 9.174343387352120738e-01
4.070000000000000000e+02 9.149010684510917590e-01
4.080000000000000000e+02 1.036071865896051492e+00
4.090000000000000000e+02 9.639362441742227450e-01
4.100000000000000000e+02 1.000004055035137229e+00
4.110000000000000000e+02 1.067073136188725346e+00
4.120000000000000000e+02 9.161677035931519164e-01
4.130000000000000000e+02 6.130902032599448992e-01
4.140000000000000000e+02 8.800998927322376542e-01
4.150000000000000000e+02 9.354682441656693159e-01
4.160000000000000000e+02 1.064539865904605032e+00
4.170000000000000000e+02 1.064539865904605032e+00
4.180000000000000000e+02 9.664695144583430597e-01
4.190000000000000000e+02 9.484356090278858176e-01
4.200000000000000000e+02 6.817269329972083236e-01
4.210000000000000000e+02 9.756369738943792003e-01
4.220000000000000000e+02 1.086373676761242635e+00
4.230000000000000000e+02 9.212342441613925459e-01
4.240000000000000000e+02 1.197411393069721441e+00
4.250000000000000000e+02 1.040172784763847114e+00
4.260000000000000000e+02 7.291944601366640022e-01
4.270000000000000000e+02 8.193639872889501019e-01
4.280000000000000000e+02 7.048273789959061952e-01
4.290000000000000000e+02 1.118641582195976758e+00
4.300000000000000000e+02 8.930672575944541558e-01
4.310000000000000000e+02 1.212611014774443330e+00
4.320000000000000000e+02 9.136344333090316017e-01
4.330000000000000000e+02 7.434284601409408832e-01
4.340000000000000000e+02 1.005070595603377859e+00
4.350000000000000000e+02 1.134142217342313463e+00
4.360000000000000000e+02 9.655038927578979413e-01
4.370000000000000000e+02 1.020571230749714786e+00
4.380000000000000000e+02 9.819701496046798761e-01
4.390000000000000000e+02 8.196650007305651409e-01
4.400000000000000000e+02 9.585686901643670765e-01
4.410000000000000000e+02 9.047679873146106111e-01
4.420000000000000000e+02 8.607993521597202546e-01
4.430000000000000000e+02 8.079642710104087966e-01
4.440000000000000000e+02 8.687001764536962378e-01
4.450000000000000000e+02 9.471689738858257712e-01
4.460000000000000000e+02 1.062006595620484717e+00
4.470000000000000000e+02 7.510282709933017165e-01
4.480000000000000000e+02 9.136344333090316017e-01
4.490000000000000000e+02 9.304017035974287975e-01
4.500000000000000000e+02 8.671325278700209305e-01
4.510000000000000000e+02 9.240685278871280106e-01
4.520000000000000000e+02 6.595921086989556814e-01
4.530000000000000000e+02 8.541651630078043178e-01
4.540000000000000000e+02 9.560354198802467618e-01
4.550000000000000000e+02 8.687001764536962378e-01
4.560000000000000000e+02 9.392681495918497880e-01
4.570000000000000000e+02 9.047679873146106111e-01
4.580000000000000000e+02 9.263007847296331754e-01
4.590000000000000000e+02 1.024371136175895147e+00
4.600000000000000000e+02 1.183177393065444560e+00
4.610000000000000000e+02 1.287580920222007208e+00
4.620000000000000000e+02 1.025938784759570233e+00
4.630000000000000000e+02 1.140776406494229400e+00
4.640000000000000000e+02 1.045239325332087743e+00
4.650000000000000000e+02 1.170210028203227948e+00
4.660000000000000000e+02 9.652028793162829023e-01
4.670000000000000000e+02 7.601957304293379680e-01
4.680000000000000000e+02 1.018338973907209288e+00
4.690000000000000000e+02 9.522355144540662897e-01
4.700000000000000000e+02 9.342016090236091586e-01
4.710000000000000000e+02 1.076240595624761376e+00
4.720000000000000000e+02 1.065806501046665300e+00
4.730000000000000000e+02 8.348646224352869183e-01
4.740000000000000000e+02 1.093007865913158572e+00
4.750000000000000000e+02 1.077507230766821644e+00
4.760000000000000000e+02 1.034805230753991445e+00
4.770000000000000000e+02 9.832367847467400335e-01
4.780000000000000000e+02 1.094274501055218840e+00
4.790000000000000000e+02 1.152176122772770928e+00
4.800000000000000000e+02 1.050305865900328373e+00
4.810000000000000000e+02 9.471689738858257712e-01
4.820000000000000000e+02 8.528985278657441604e-01
4.830000000000000000e+02 1.065806501046665300e+00
4.840000000000000000e+02 1.047772595616208058e+00
4.850000000000000000e+02 1.019304595607654518e+00
4.860000000000000000e+02 8.440320818713231699e-01
4.870000000000000000e+02 1.134142217342313463e+00
4.880000000000000000e+02 6.918600141336895826e-01
4.890000000000000000e+02 9.756369738943792003e-01
4.900000000000000000e+02 1.015504690181474157e+00
4.910000000000000000e+02 9.857700550308603482e-01
4.920000000000000000e+02 1.023104501033835101e+00
4.930000000000000000e+02 9.342016090236091586e-01
4.940000000000000000e+02 9.819701496046798761e-01
4.950000000000000000e+02 8.838997981584180152e-01
4.960000000000000000e+02 9.921032307411611351e-01
4.970000000000000000e+02 9.626696090321626986e-01
4.980000000000000000e+02 9.225008793034527033e-01
4.990000000000000000e+02 1.036071865896051492e+00
5.000000000000000000e+02 9.468679604442107323e-01
5.010000000000000000e+02 8.772656090065021894e-01
5.020000000000000000e+02 9.933698658832212924e-01
5.030000000000000000e+02 7.652622709975784865e-01
5.040000000000000000e+02 7.355276358469647890e-01
5.050000000000000000e+02 1.207544474206202700e+00
5.060000000000000000e+02 1.057905676752689317e+00
5.070000000000000000e+02 1.148376217346590344e+00
5.080000000000000000e+02 8.683991630120810878e-01
5.090000000000000000e+02 9.019337035888751464e-01
5.100000000000000000e+02 1.121174852480097073e+00
5.110000000000000000e+02 9.547687847381866044e-01
5.120000000000000000e+02 8.142974467207094724e-01
5.130000000000000000e+02 1.092706852471543533e+00
5.140000000000000000e+02 9.547687847381866044e-01
5.150000000000000000e+02 8.361312575773470757e-01
5.160000000000000000e+02 1.128774663332458017e+00
5.170000000000000000e+02 1.057905676752689317e+00
5.180000000000000000e+02 7.908959872803965618e-01
5.190000000000000000e+02 8.566984332919246325e-01
5.200000000000000000e+02 9.753359604527641613e-01
5.210000000000000000e+02 8.994004333047548316e-01
5.220000000000000000e+02 7.817285278443605323e-01
5.230000000000000000e+02 8.772656090065021894e-01
5.240000000000000000e+02 8.914996090107789595e-01
5.250000000000000000e+02 8.386645278614673904e-01
5.260000000000000000e+02 8.244305278571907314e-01
5.270000000000000000e+02 9.740693253107040039e-01
5.280000000000000000e+02 7.250935412688686021e-01
5.290000000000000000e+02 8.449977035717681773e-01
5.300000000000000000e+02 6.102559195342095455e-01
5.310000000000000000e+02 6.928256358341345900e-01
5.320000000000000000e+02 6.412571898268832893e-01
5.330000000000000000e+02 7.611613521297829754e-01
5.340000000000000000e+02 8.541651630078043178e-01
5.350000000000000000e+02 6.902923655500142752e-01
5.360000000000000000e+02 5.691215681050545427e-01
5.370000000000000000e+02 9.443346901600904175e-01
5.380000000000000000e+02 8.772656090065021894e-01
5.390000000000000000e+02 8.566984332919246325e-01
5.400000000000000000e+02 6.684585546933766720e-01
5.410000000000000000e+02 5.858888383934515165e-01
5.420000000000000000e+02 5.561542032428379301e-01
5.430000000000000000e+02 5.574208383848980874e-01
5.440000000000000000e+02 5.767213789574154870e-01
5.450000000000000000e+02 5.716548383891748575e-01
5.460000000000000000e+02 6.077226492500892308e-01
5.470000000000000000e+02 6.814259195555931736e-01
5.480000000000000000e+02 5.574208383848980874e-01
5.490000000000000000e+02 5.368536626703205306e-01
5.500000000000000000e+02 4.685179463746722561e-01
5.510000000000000000e+02 6.001228383977282865e-01
5.520000000000000000e+02 4.878184869471896001e-01
5.530000000000000000e+02 5.393869329544408453e-01
5.540000000000000000e+02 4.530173112283353842e-01
5.550000000000000000e+02 4.865518518051294428e-01
5.560000000000000000e+02 4.647180409484917840e-01
5.570000000000000000e+02 3.897481355009275727e-01
5.580000000000000000e+02 3.552479732236883958e-01
5.590000000000000000e+02 5.485543923904769859e-01
5.600000000000000000e+02 6.504246492629194298e-01
5.610000000000000000e+02 5.820889329672710444e-01
5.620000000000000000e+02 6.130902032599448992e-01
5.630000000000000000e+02 3.796150543644463693e-01
5.640000000000000000e+02 3.369130543516161702e-01
5.650000000000000000e+02 4.634514058064316266e-01
5.660000000000000000e+02 4.634514058064316266e-01
5.670000000000000000e+02 3.381796894936763276e-01
5.680000000000000000e+02 4.748511220849729875e-01
5.690000000000000000e+02 2.119423514804759101e-01
5.700000000000000000e+02 4.827519463789489707e-01
5.710000000000000000e+02 3.872148652168073135e-01
5.720000000000000000e+02 4.413165815081789289e-01
5.730000000000000000e+02 4.413165815081789289e-01
5.740000000000000000e+02 5.729214735312350149e-01
5.750000000000000000e+02 3.742475003545907009e-01
5.760000000000000000e+02 4.375166760819985123e-01
5.770000000000000000e+02 4.710512166587925709e-01
5.780000000000000000e+02 3.742475003545907009e-01
5.790000000000000000e+02 3.226790543473394557e-01
5.800000000000000000e+02 7.484950007091814017e-01
5.810000000000000000e+02 3.872148652168073135e-01
5.820000000000000000e+02 4.039821355052043983e-01
5.830000000000000000e+02 4.337167706558180402e-01
5.840000000000000000e+02 3.125459732108581967e-01
5.850000000000000000e+02 2.284086083272579004e-01
5.860000000000000000e+02 4.220160409356615849e-01
5.870000000000000000e+02 3.046451489168822691e-01
5.880000000000000000e+02 3.884815003588674709e-01
5.890000000000000000e+02 3.432462300619169016e-01
5.900000000000000000e+02 3.483127706301575310e-01
5.910000000000000000e+02 3.717142300704704416e-01
5.920000000000000000e+02 3.600135003503139863e-01
5.930000000000000000e+02 3.277455949155800297e-01
5.940000000000000000e+02 5.109189329458874163e-01
5.950000000000000000e+02 5.574208383848980874e-01
5.960000000000000000e+02 4.916183923733700167e-01
5.970000000000000000e+02 3.264789597735198723e-01
5.980000000000000000e+02 3.188791489211589836e-01
5.990000000000000000e+02 4.761177572270331448e-01
6.000000000000000000e+02 4.258159463618420015e-01
6.010000000000000000e+02 5.523542978166574580e-01
6.020000000000000000e+02 5.033191220935264720e-01
6.030000000000000000e+02 6.747917304036774588e-01
6.040000000000000000e+02 5.586874735269582448e-01
6.050000000000000000e+02 3.717142300704704416e-01
6.060000000000000000e+02 7.908959872803965618e-01
6.070000000000000000e+02 8.114631629949741187e-01
6.080000000000000000e+02 7.456607169834460480e-01
6.090000000000000000e+02 6.592910952573405314e-01
6.100000000000000000e+02 6.308230952487871024e-01
6.110000000000000000e+02 9.661685010167280208e-01
6.120000000000000000e+02 9.326339604399339622e-01
6.130000000000000000e+02 9.636352307326077060e-01
6.140000000000000000e+02 1.318281177073066246e+00
6.150000000000000000e+02 1.124974757906277434e+00
6.160000000000000000e+02 1.096506757897723894e+00
6.170000000000000000e+02 1.479620704246735752e+00
6.180000000000000000e+02 1.287279906780392391e+00
6.190000000000000000e+02 1.589090771971539251e+00
6.200000000000000000e+02 1.539089974547962925e+00
6.210000000000000000e+02 1.514421879965590190e+00
6.220000000000000000e+02 1.547956420542384137e+00
6.230000000000000000e+02 2.054774434620476153e+00
6.240000000000000000e+02 1.967138177752310479e+00
6.250000000000000000e+02 2.120576880632004002e+00
6.260000000000000000e+02 1.827933474876893394e+00
6.270000000000000000e+02 2.098743069775366177e+00
6.280000000000000000e+02 2.472689556688342005e+00
6.290000000000000000e+02 2.618528448715674806e+00
6.300000000000000000e+02 2.590060448707121488e+00
6.310000000000000000e+02 2.902305408476364423e+00
6.320000000000000000e+02 2.774500421879488865e+00
6.330000000000000000e+02 2.746032421870935547e+00
6.340000000000000000e+02 3.014308746485288015e+00
6.350000000000000000e+02 2.940906489621399444e+00
6.360000000000000000e+02 2.609360989279638776e+00
6.370000000000000000e+02 2.619795083857735296e+00
6.380000000000000000e+02 2.722931975872237675e+00
6.390000000000000000e+02 2.840302867891017158e+00
6.400000000000000000e+02 2.860870043605594493e+00
6.410000000000000000e+02 2.995008205912771171e+00
6.420000000000000000e+02 2.640362259572312631e+00
6.430000000000000000e+02 2.719132070446057092e+00
6.440000000000000000e+02 2.709964611010021063e+00
6.450000000000000000e+02 2.609360989279638776e+00
6.460000000000000000e+02 2.626128259568035972e+00
6.470000000000000000e+02 2.455922286399944809e+00
6.480000000000000000e+02 2.574559813560784782e+00
6.490000000000000000e+02 2.152844786066737903e+00
6.500000000000000000e+02 2.005739258897345056e+00
6.510000000000000000e+02 1.924436177739480280e+00
6.520000000000000000e+02 2.237947772650783484e+00
6.530000000000000000e+02 1.918103002029179383e+00
6.540000000000000000e+02 1.817499380298797096e+00
6.550000000000000000e+02 1.688427758559861269e+00
6.560000000000000000e+02 1.853567191159711580e+00
6.570000000000000000e+02 1.603324771975815910e+00
6.580000000000000000e+02 1.569790231399021962e+00
6.590000000000000000e+02 1.519488420533830819e+00
6.600000000000000000e+02 1.351815717649860193e+00
6.610000000000000000e+02 1.235711460773140979e+00
6.620000000000000000e+02 1.280946731070091493e+00
6.630000000000000000e+02 1.217677555342683959e+00
6.640000000000000000e+02 1.151875109331155667e+00
6.650000000000000000e+02 7.250935412688686021e-01
6.660000000000000000e+02 8.835987847168029763e-01
6.670000000000000000e+02 8.592317035760449473e-01
6.680000000000000000e+02 8.747323387223818747e-01
6.690000000000000000e+02 6.320897303908472598e-01
6.700000000000000000e+02 7.804618927023003749e-01
6.710000000000000000e+02 6.257565546805464729e-01
6.720000000000000000e+02 5.624873789531387169e-01
6.730000000000000000e+02 6.656242709676413183e-01
6.740000000000000000e+02 6.270231898226066303e-01
6.750000000000000000e+02 5.650206492372590317e-01
6.760000000000000000e+02 6.257565546805464729e-01
6.770000000000000000e+02 6.592910952573405314e-01
6.780000000000000000e+02 4.451164869343594011e-01
6.790000000000000000e+02 5.729214735312350149e-01
6.800000000000000000e+02 6.064560141080290734e-01
6.810000000000000000e+02 5.741881086732951722e-01
6.820000000000000000e+02 5.637540140951988743e-01
6.830000000000000000e+02 5.393869329544408453e-01
6.840000000000000000e+02 5.998218249561132476e-01
6.850000000000000000e+02 3.793140409228313303e-01
6.860000000000000000e+02 3.445128652039770589e-01
6.870000000000000000e+02 5.096522978038272589e-01
6.880000000000000000e+02 3.239456894893995575e-01
6.890000000000000000e+02 4.451164869343594011e-01
6.900000000000000000e+02 5.134522032300077310e-01
6.910000000000000000e+02 5.134522032300077310e-01
6.920000000000000000e+02 5.678549329629943854e-01
6.930000000000000000e+02 5.264195680922243437e-01
6.940000000000000000e+02 1.600728920316095705e-01
6.950000000000000000e+02 4.283492166459623163e-01
6.960000000000000000e+02 4.182161355094811128e-01
6.970000000000000000e+02 3.897481355009275727e-01
6.980000000000000000e+02 3.897481355009275727e-01
6.990000000000000000e+02 4.039821355052043983e-01
7.000000000000000000e+02 3.922814057850478875e-01
7.010000000000000000e+02 4.065154057893246575e-01
7.020000000000000000e+02 6.437904601110036040e-01
7.030000000000000000e+02 4.052487706472645557e-01
7.040000000000000000e+02 3.084450543430626857e-01
7.050000000000000000e+02 3.897481355009275727e-01
7.060000000000000000e+02 4.916183923733700167e-01
7.070000000000000000e+02 4.182161355094811128e-01
7.080000000000000000e+02 3.331131489254356981e-01
7.090000000000000000e+02 3.112793380687980394e-01
7.100000000000000000e+02 5.368536626703205306e-01
7.110000000000000000e+02 3.511470543558929402e-01
7.120000000000000000e+02 3.846815949326869988e-01
7.130000000000000000e+02 3.910147706429877301e-01
7.140000000000000000e+02 4.207494057936014276e-01
7.150000000000000000e+02 3.486137840717726255e-01
7.160000000000000000e+02 2.714116217817031385e-01
7.170000000000000000e+02 4.840185815210091280e-01
7.180000000000000000e+02 3.112793380687980394e-01
7.190000000000000000e+02 4.220160409356615849e-01
7.200000000000000000e+02 5.523542978166574580e-01
7.210000000000000000e+02 3.087460677846777246e-01
7.220000000000000000e+02 3.448138786455921534e-01
7.230000000000000000e+02 4.571182300961308398e-01
7.240000000000000000e+02 3.963823246528434541e-01
7.250000000000000000e+02 4.504840409442150695e-01
7.260000000000000000e+02 3.486137840717726255e-01
7.270000000000000000e+02 4.182161355094811128e-01
7.280000000000000000e+02 3.989155949369637688e-01
7.290000000000000000e+02 3.008452434907017969e-01
7.300000000000000000e+02 3.435472435035319960e-01
7.310000000000000000e+02 3.666476895022298121e-01
7.320000000000000000e+02 3.394463246357364294e-01
7.330000000000000000e+02 4.672513112326120988e-01
7.340000000000000000e+02 3.653810543601696548e-01
7.350000000000000000e+02 4.039821355052043983e-01
7.360000000000000000e+02 3.239456894893995575e-01
7.370000000000000000e+02 4.890851220892497575e-01
7.380000000000000000e+02 3.021118786327619543e-01
7.390000000000000000e+02 3.394463246357364294e-01
7.400000000000000000e+02 2.530767029096309684e-01
7.410000000000000000e+02 3.549469597820734124e-01
7.420000000000000000e+02 3.511470543558929402e-01
7.430000000000000000e+02 3.445128652039770589e-01
7.440000000000000000e+02 5.817879195256561164e-01
7.450000000000000000e+02 4.065154057893246575e-01
7.460000000000000000e+02 5.599541086690184022e-01
7.470000000000000000e+02 4.669502977909970598e-01
7.480000000000000000e+02 5.688205546634395038e-01
7.490000000000000000e+02 4.631503923648165877e-01
7.500000000000000000e+02 4.463831220764195584e-01
7.510000000000000000e+02 4.283492166459623163e-01
7.520000000000000000e+02 3.600135003503139863e-01
7.530000000000000000e+02 5.637540140951988743e-01
7.540000000000000000e+02 5.507866492329822616e-01
7.550000000000000000e+02 5.805212843835959591e-01
7.560000000000000000e+02 3.650800409185546158e-01
7.570000000000000000e+02 4.824509329373339317e-01
7.580000000000000000e+02 4.270825815039021589e-01
7.590000000000000000e+02 4.090486760734449723e-01
7.600000000000000000e+02 2.929444191967257582e-01
7.610000000000000000e+02 4.656836626489369024e-01
7.620000000000000000e+02 2.878778786284851843e-01
7.630000000000000000e+02 5.688205546634395038e-01
7.640000000000000000e+02 3.290122300576401870e-01
7.650000000000000000e+02 3.793140409228313303e-01
7.660000000000000000e+02 3.445128652039770589e-01
7.670000000000000000e+02 5.147188383720678884e-01
7.680000000000000000e+02 3.328121354838206591e-01
7.690000000000000000e+02 5.109189329458874163e-01
7.700000000000000000e+02 3.767807706387110156e-01
7.710000000000000000e+02 3.831139463490118025e-01
7.720000000000000000e+02 3.483127706301575310e-01
7.730000000000000000e+02 4.656836626489369024e-01
7.740000000000000000e+02 4.476497572184797158e-01
7.750000000000000000e+02 4.992182032257309610e-01
7.760000000000000000e+02 4.682169329330572172e-01
7.770000000000000000e+02 5.017514735098512757e-01
7.780000000000000000e+02 3.600135003503139863e-01
7.790000000000000000e+02 4.321491220721427884e-01
7.800000000000000000e+02 2.967443246229062304e-01
7.810000000000000000e+02 3.805806760648914877e-01
7.820000000000000000e+02 2.167078786071014729e-01
7.830000000000000000e+02 2.761771489083287290e-01
7.840000000000000000e+02 2.799770543345092011e-01
7.850000000000000000e+02 2.271419731851977708e-01
7.860000000000000000e+02 4.321491220721427884e-01
7.870000000000000000e+02 2.787104191924490437e-01
7.880000000000000000e+02 2.334751488954985299e-01
7.890000000000000000e+02 2.296752434693180578e-01
7.900000000000000000e+02 3.135115949113033151e-01
7.910000000000000000e+02 1.793734326041269145e-01
7.920000000000000000e+02 2.837769597606896732e-01
7.930000000000000000e+02 2.980109597649663877e-01
7.940000000000000000e+02 3.495794057722176884e-01
7.950000000000000000e+02 2.954776894808460730e-01
7.960000000000000000e+02 2.154412434650413155e-01
7.970000000000000000e+02 2.477091488997752444e-01
7.980000000000000000e+02 3.508460409142778458e-01
7.990000000000000000e+02 3.805806760648914877e-01
8.000000000000000000e+02 3.160448651954236299e-01
8.010000000000000000e+02 2.477091488997752444e-01
8.020000000000000000e+02 1.600728920316095705e-01
8.030000000000000000e+02 1.588062568895494131e-01
8.040000000000000000e+02 2.657430543302324866e-01
8.050000000000000000e+02 2.670096894722926439e-01
8.060000000000000000e+02 2.992775949070265451e-01
8.070000000000000000e+02 1.986739731766442585e-01
8.080000000000000000e+02 1.651394325998501722e-01
8.090000000000000000e+02 3.340787706258808165e-01
8.100000000000000000e+02 2.322085137534383725e-01
8.110000000000000000e+02 1.781067974620667571e-01
8.120000000000000000e+02 1.806400677461870719e-01
8.130000000000000000e+02 1.986739731766442585e-01
8.140000000000000000e+02 2.154412434650413155e-01
8.150000000000000000e+02 1.768401623200066275e-01
8.160000000000000000e+02 2.439092434735948001e-01
8.170000000000000000e+02 9.300381087802135627e-02
8.180000000000000000e+02 1.290716217389357712e-01
8.190000000000000000e+02 1.961407028925239437e-01
8.200000000000000000e+02 1.316048920230560859e-01
8.210000000000000000e+02 2.179745137491616302e-01
8.220000000000000000e+02 1.638727974577900148e-01
8.230000000000000000e+02 1.148376217346590289e-01
8.240000000000000000e+02 1.638727974577900148e-01
8.250000000000000000e+02 1.986739731766442585e-01
8.260000000000000000e+02 9.933698658832212924e-02
8.270000000000000000e+02 2.141746083229811581e-01
8.280000000000000000e+02 1.135709865925988854e-01
8.290000000000000000e+02 9.553708116214167101e-02
8.300000000000000000e+02 9.680371630420182838e-02
8.310000000000000000e+02 4.270200001283021296e-02
8.320000000000000000e+02 6.200254058534758472e-02
8.330000000000000000e+02 1.252717163127553268e-01
8.340000000000000000e+02 4.523527029695052770e-02
8.350000000000000000e+02 1.458388920273328004e-01
8.360000000000000000e+02 4.903517572313098594e-02
8.370000000000000000e+02 1.290716217389357712e-01
8.380000000000000000e+02 1.651394325998501722e-01
8.390000000000000000e+02 7.750317573168447050e-02
8.400000000000000000e+02 6.453581086946788559e-02
8.410000000000000000e+02 2.846800000855348109e-02
8.420000000000000000e+02 2.720136486649332719e-02
8.430000000000000000e+02 1.161042568767191863e-01
8.440000000000000000e+02 1.483721623114531152e-01
8.450000000000000000e+02 3.100127029267379236e-02
8.460000000000000000e+02 7.876981087374462787e-02
8.470000000000000000e+02 6.453581086946788559e-02
8.480000000000000000e+02 4.270200001283021296e-02
8.490000000000000000e+02 8.003644601580478524e-02
8.500000000000000000e+02 4.650190543901067813e-02
8.510000000000000000e+02 7.750317573168447050e-02
8.520000000000000000e+02 9.680371630420182838e-02
8.530000000000000000e+02 4.650190543901067813e-02
8.540000000000000000e+02 1.085044460243582559e-01
8.550000000000000000e+02 4.270200001283021296e-02
8.560000000000000000e+02 8.130308115786492873e-02
8.570000000000000000e+02 8.003644601580478524e-02
8.580000000000000000e+02 1.626061623157298575e-01
8.590000000000000000e+02 9.047054059390105540e-02
8.600000000000000000e+02 1.423400000427674054e-02
8.610000000000000000e+02 1.600728920316095705e-01
8.620000000000000000e+02 7.750317573168447050e-02
8.630000000000000000e+02 1.278049865968756138e-01
8.640000000000000000e+02 2.258753380431376134e-01
8.650000000000000000e+02 1.161042568767191863e-01
8.660000000000000000e+02 1.664060677419103296e-01
8.670000000000000000e+02 1.910741623242833420e-01
8.680000000000000000e+02 1.806400677461870719e-01
8.690000000000000000e+02 1.974073380345841011e-01
8.700000000000000000e+02 1.910741623242833420e-01
8.710000000000000000e+02 1.961407028925239437e-01
8.720000000000000000e+02 2.141746083229811581e-01
8.730000000000000000e+02 2.670096894722926439e-01
8.740000000000000000e+02 1.793734326041269145e-01
8.750000000000000000e+02 3.625467706344343011e-01
8.760000000000000000e+02 2.825103246186295158e-01
8.770000000000000000e+02 3.805806760648914877e-01
8.780000000000000000e+02 3.986145814953486743e-01
8.790000000000000000e+02 2.850435949027498306e-01
8.800000000000000000e+02 3.663466760606147732e-01
8.810000000000000000e+02 4.321491220721427884e-01
8.820000000000000000e+02 4.682169329330572172e-01
8.830000000000000000e+02 5.352860140866454453e-01
8.840000000000000000e+02 6.526569061054247056e-01
8.850000000000000000e+02 6.295564601067269450e-01
8.860000000000000000e+02 5.314861086604649731e-01
8.870000000000000000e+02 6.966255412603150621e-01
8.880000000000000000e+02 3.173115003374837872e-01
8.890000000000000000e+02 6.023550952402335623e-01
8.900000000000000000e+02 5.675539195213793464e-01
8.910000000000000000e+02 6.991588115444353768e-01
8.920000000000000000e+02 3.973479463532885170e-01
8.930000000000000000e+02 5.843211898097764312e-01
8.940000000000000000e+02 6.539235412474848630e-01
8.950000000000000000e+02 7.364932575474100185e-01
8.960000000000000000e+02 7.159260818328324616e-01
8.970000000000000000e+02 5.688205546634395038e-01
8.980000000000000000e+02 7.171927169748926190e-01
8.990000000000000000e+02 7.662278926980236049e-01
9.000000000000000000e+02 9.196665955777173496e-01
9.010000000000000000e+02 6.358896358170277319e-01
9.020000000000000000e+02 7.712944332662642344e-01
9.030000000000000000e+02 7.481939872675663628e-01
9.040000000000000000e+02 8.022957035589379782e-01
9.050000000000000000e+02 8.048289738430582929e-01
9.060000000000000000e+02 7.209926224010730911e-01
9.070000000000000000e+02 8.022957035589379782e-01
9.080000000000000000e+02 6.010884600981734049e-01
9.090000000000000000e+02 6.849248115401587178e-01
9.100000000000000000e+02 4.669502977909970598e-01
9.110000000000000000e+02 4.308824869300826310e-01
9.120000000000000000e+02 5.507866492329822616e-01
9.130000000000000000e+02 6.861914466822188752e-01
9.140000000000000000e+02 5.688205546634395038e-01
9.150000000000000000e+02 6.694241763938217904e-01
9.160000000000000000e+02 5.700871898054996612e-01
9.170000000000000000e+02 3.663466760606147732e-01
9.180000000000000000e+02 4.669502977909970598e-01
9.190000000000000000e+02 3.353454057679409739e-01
9.200000000000000000e+02 3.147782300533634725e-01
9.210000000000000000e+02 3.843805814910719598e-01
9.220000000000000000e+02 4.669502977909970598e-01
9.230000000000000000e+02 2.837769597606896732e-01
9.240000000000000000e+02 1.819067028882472292e-01
9.250000000000000000e+02 3.005442300490867025e-01
9.260000000000000000e+02 2.502424191838955592e-01
9.270000000000000000e+02 4.527162977867203453e-01
9.280000000000000000e+02 2.992775949070265451e-01
9.290000000000000000e+02 1.316048920230560859e-01
9.300000000000000000e+02 1.676727028839704869e-01
9.310000000000000000e+02 1.496387974535132726e-01
9.320000000000000000e+02 1.986739731766442585e-01
9.330000000000000000e+02 1.316048920230560859e-01
9.340000000000000000e+02 1.316048920230560859e-01
9.350000000000000000e+02 8.383635144198524347e-02
9.360000000000000000e+02 4.776854058107083550e-02
9.370000000000000000e+02 1.173708920187793436e-01
9.380000000000000000e+02 1.341381623071764007e-01
9.390000000000000000e+02 1.806400677461870719e-01
9.400000000000000000e+02 1.341381623071764007e-01
9.410000000000000000e+02 1.676727028839705008e-02
9.420000000000000000e+02 1.173708920187793436e-01
9.430000000000000000e+02 9.553708116214167101e-02
9.440000000000000000e+02 3.100127029267379236e-02
9.450000000000000000e+02 3.100127029267379236e-02
9.460000000000000000e+02 3.100127029267379236e-02
9.470000000000000000e+02 4.903517572313098594e-02
9.480000000000000000e+02 -2.533270284120309537e-03
9.490000000000000000e+02 3.226790543473394279e-02
9.500000000000000000e+02 6.580244601152804296e-02
9.510000000000000000e+02 9.680371630420182838e-02
9.520000000000000000e+02 4.776854058107083550e-02
9.530000000000000000e+02 3.353454057679410016e-02
9.540000000000000000e+02 1.676727028839705008e-02
9.550000000000000000e+02 1.550063514633689618e-02
9.560000000000000000e+02 6.580244601152804296e-02
9.570000000000000000e+02 -1.266635142060154769e-03
9.580000000000000000e+02 1.423400000427674054e-02
9.590000000000000000e+02 3.226790543473394279e-02
9.600000000000000000e+02 1.676727028839705008e-02
9.610000000000000000e+02 -1.266635142060154769e-03
9.620000000000000000e+02 0.000000000000000000e+00
9.630000000000000000e+02 0.000000000000000000e+00
9.640000000000000000e+02 -2.533270284120309537e-03
9.650000000000000000e+02 1.676727028839705008e-02
9.660000000000000000e+02 -3.799905426180463872e-03
9.670000000000000000e+02 -1.266635142060154769e-03
9.680000000000000000e+02 1.676727028839705008e-02
9.690000000000000000e+02 1.423400000427674054e-02
9.700000000000000000e+02 1.676727028839705008e-02
9.710000000000000000e+02 -1.266635142060154769e-03
9.720000000000000000e+02 1.423400000427674054e-02
9.730000000000000000e+02 -2.533270284120309537e-03
9.740000000000000000e+02 -3.799905426180463872e-03
9.750000000000000000e+02 -1.266635142060154769e-03
9.760000000000000000e+02 -5.066540568240619075e-03
9.770000000000000000e+02 1.676727028839705008e-02
9.780000000000000000e+02 1.296736486221658664e-02
9.790000000000000000e+02 3.100127029267379236e-02
9.800000000000000000e+02 -1.266635142060154769e-03
9.810000000000000000e+02 1.676727028839705008e-02
9.820000000000000000e+02 1.170072972015643101e-02
9.830000000000000000e+02 -1.266635142060154769e-03
9.840000000000000000e+02 0.000000000000000000e+00
9.850000000000000000e+02 1.423400000427674054e-02
9.860000000000000000e+02 1.550063514633689618e-02
9.870000000000000000e+02 1.676727028839705008e-02
9.880000000000000000e+02 -1.266635142060154769e-03
9.890000000000000000e+02 -3.799905426180463872e-03
9.900000000000000000e+02 1.296736486221658664e-02
9.910000000000000000e+02 -1.266635142060154769e-03
9.920000000000000000e+02 -1.266635142060154769e-03
9.930000000000000000e+02 0.000000000000000000e+00
9.940000000000000000e+02 0.000000000000000000e+00
9.950000000000000000e+02 0.000000000000000000e+00
9.960000000000000000e+02 0.000000000000000000e+00
9.970000000000000000e+02 0.000000000000000000e+00
9.980000000000000000e+02 0.000000000000000000e+00
9.990000000000000000e+02 0.000000000000000000e+00
1.000000000000000000e+03 0.000000000000000000e+00
1.001000000000000000e+03 0.000000000000000000e+00
1.002000000000000000e+03 0.000000000000000000e+00
1.003000000000000000e+03 0.000000000000000000e+00
1.004000000000000000e+03 0.000000000000000000e+00
1.005000000000000000e+03 0.000000000000000000e+00
1.006000000000000000e+03 0.000000000000000000e+00
1.007000000000000000e+03 0.000000000000000000e+00
1.008000000000000000e+03 0.000000000000000000e+00
1.009000000000000000e+03 0.000000000000000000e+00
1.010000000000000000e+03 0.000000000000000000e+00
1.011000000000000000e+03 0.000000000000000000e+00
1.012000000000000000e+03 0.000000000000000000e+00
1.013000000000000000e+03 0.000000000000000000e+00
1.014000000000000000e+03 0.000000000000000000e+00
1.015000000000000000e+03 0.000000000000000000e+00
1.016000000000000000e+03 0.000000000000000000e+00
1.017000000000000000e+03 0.000000000000000000e+00
1.018000000000000000e+03 0.000000000000000000e+00
1.019000000000000000e+03 0.000000000000000000e+00
1.020000000000000000e+03 0.000000000000000000e+00
1.021000000000000000e+03 0.000000000000000000e+00
1.022000000000000000e+03 0.000000000000000000e+00
1.023000000000000000e+03 0.000000000000000000e+00
