# 2*np.log[MAD(r)] for 100 flights; 1000 steps per flight; run 22 of 50; mu: 1.50; seed: 21
-2.056097027445924041e+01
-1.876600465951005958e+01
-1.816499044504643123e+01
-1.765733068677924322e+01
-1.740566140024147046e+01
-1.653041403266791320e+01
-1.551803792022792194e+01
-1.422214749026717229e+01
-1.343277041199680077e+01
-1.288700354025636052e+01
-1.270118664632584959e+01
-1.203203019129716012e+01
-1.188349473974822246e+01
-1.192328307417681366e+01
-1.132986218854489024e+01
-1.100294951759191875e+01
-1.089204864848920451e+01
-1.067091739278302498e+01
-1.033229453468418235e+01
-1.011902909036751197e+01
-1.002397441130411337e+01
-9.834252037245905242e+00
-9.663964928025329471e+00
-9.606710980267486377e+00
-9.546902333319692957e+00
-9.205298144527812809e+00
-9.220806415193155914e+00
-9.202126430029119675e+00
-9.088088557377847820e+00
-9.078429189041123948e+00
-8.660685147169868259e+00
-8.350102974468871508e+00
-8.337997936748184458e+00
-8.276648611463215843e+00
-8.084324745971498416e+00
-8.129235083721306765e+00
-8.128191372062374853e+00
-7.975282387134371653e+00
-7.867565544786844889e+00
-7.773644526407533561e+00
-7.780847918603354785e+00
-7.836550403595802017e+00
-7.720243068493856775e+00
-7.764480544144052310e+00
-7.659948122155596728e+00
-7.456587820926479537e+00
-7.365251475215574217e+00
-7.360145061661525823e+00
-7.367259274963447346e+00
-7.191449620846982249e+00
-6.759719102121387380e+00
-6.741092977682829890e+00
-6.430131203622158509e+00
-6.445825732061917890e+00
-6.452816350908675780e+00
-6.443231912997048560e+00
-6.413166034133994664e+00
-6.428211895676427368e+00
-5.759267125630713302e+00
-5.759251641420207513e+00
-5.762074299325602666e+00
-5.723474988393744134e+00
-4.559072879070938278e+00
-4.556825070207560557e+00
-4.474545569026797232e+00
-4.336446271646980044e+00
-4.173061289361178261e+00
-4.005567748727915323e+00
-3.939100123454707170e+00
-3.939193261847680372e+00
-3.966497533653744245e+00
-3.946315819262082414e+00
-3.946332492210097964e+00
-3.952148771046343434e+00
-3.953367556377833214e+00
-3.919388850521499990e+00
-3.873384435196101538e+00
-3.855433193936377290e+00
-3.832403808554349922e+00
-3.796468376118455001e+00
-3.715374765267605905e+00
-3.716241442600979106e+00
-3.641227838029395425e+00
-3.641542492398447628e+00
-3.456881526732320520e+00
-3.537207101602650283e+00
-3.534530828471593722e+00
-3.432458653089002443e+00
-3.387482810622439722e+00
-3.362860435764280176e+00
-3.362852033388429973e+00
-3.362574830593606734e+00
-3.362249609886645896e+00
-3.403717287621192522e+00
-3.403863363726264968e+00
-3.212199075777814272e+00
-2.992282433083266024e+00
-2.872404288362396141e+00
-2.762320532616872715e+00
-2.777880082522574234e+00
-2.777782171211452766e+00
-2.783251563860450695e+00
-2.783427164272281207e+00
-2.783565201229455166e+00
-2.775964859031861298e+00
-2.655026145737090726e+00
-2.619326545499467418e+00
-2.619333166862289008e+00
-2.619927938000564893e+00
-2.622947231207699570e+00
-2.622755348635227080e+00
-2.622266294351413674e+00
-2.575333693927248646e+00
-2.486870321733408051e+00
-2.486703073283694554e+00
-2.483733420607131315e+00
-2.446726796060798126e+00
-2.447160444415794611e+00
-2.412212105877174384e+00
-2.411862048423718985e+00
-2.433829726523599746e+00
-2.429229348044341652e+00
-2.430529564092078321e+00
-2.443489506854114701e+00
-2.436868917953902702e+00
-2.433768348756190303e+00
-2.433521207573749567e+00
-2.433840814505927153e+00
-2.416737591352654757e+00
-2.380701942545284666e+00
-2.381436617514348875e+00
-2.307617302668842907e+00
-2.307402204062250384e+00
-2.289245695574618100e+00
-2.288809260289818237e+00
-2.282754279206516301e+00
-2.051137338562266876e+00
-2.051585243617159993e+00
-2.052440033489391524e+00
-2.072658148713826698e+00
-2.072557854518857656e+00
-2.072681844523720063e+00
-2.072521184879092537e+00
-2.072405606792743882e+00
-2.005373912739206510e+00
-2.001681500133515978e+00
-2.012220069571889258e+00
-1.885310346571456019e+00
-1.913978820199546460e+00
-1.913947037566544385e+00
-1.950259697730568176e+00
-1.673761576262183137e+00
-1.672726025271071837e+00
-1.665106466977838817e+00
-1.651614616294158289e+00
-1.621460452282632803e+00
-1.621629044188892088e+00
-1.635973918529351812e+00
-1.394532509138929566e+00
-1.393203497734798013e+00
-1.393072953473043718e+00
-1.397657045551232269e+00
-1.313987841133720691e+00
-1.316371769085969312e+00
-1.220941818677965696e+00
-1.272545883913518638e+00
-1.271859235037637870e+00
-1.203144798220653122e+00
-1.133628992155428783e+00
-1.145893447879545946e+00
-1.145871989085793574e+00
-1.144558883648111092e+00
-1.139779187974890418e+00
-1.141198692120761082e+00
-1.133224671102475156e+00
-1.132998420806121231e+00
-1.121523735468191951e+00
-1.121585807414084535e+00
-1.020033347470251206e+00
-1.019895991532927093e+00
-1.019615904891845837e+00
-9.202489149982682193e-01
-9.214305190939184875e-01
-9.208826495004189816e-01
-9.208472906638699440e-01
-8.544068492764231859e-01
-8.543389246570566309e-01
-8.597758289767524209e-01
-8.583827046735290622e-01
-8.579213227119479868e-01
-8.544453339420594595e-01
-8.541995747334309996e-01
-8.576369301646784571e-01
-8.479693522047648813e-01
-8.419806604766735258e-01
-8.467044242190688852e-01
-8.459523712529545270e-01
-8.458969456640699214e-01
-8.457127186753146120e-01
-8.514334630215665278e-01
-8.854996096123133320e-01
-8.656535711083935825e-01
-8.628129332249171446e-01
-8.600982104604227851e-01
-8.601874541747842606e-01
-8.601240297329243445e-01
-8.592947634421158609e-01
-8.592578075468501053e-01
-8.226711527638986832e-01
-8.303461168532240144e-01
-8.304434685211544709e-01
-7.549843203406186865e-01
-7.550944831937372870e-01
-7.614022500036025098e-01
-7.614332304079279856e-01
-6.751811204592029769e-01
-6.761839918491421297e-01
-6.761669844287273579e-01
-6.753277690389734023e-01
-6.609985307196625248e-01
-6.611314576154911915e-01
-6.610764599100519279e-01
-6.607675946422152391e-01
-6.598972484627448898e-01
-6.597956720584354784e-01
-6.435370223424874414e-01
-6.435609210053292450e-01
-5.344656354279400112e-01
-5.345020703748428748e-01
-5.345132962802039422e-01
-1.818655286807157045e-01
-1.820263110376274251e-01
-1.820101130694396774e-01
-1.800414611170009227e-01
-1.799513173039307690e-01
-1.798042569209160890e-01
-1.797749117003452635e-01
-1.821325537715237364e-01
-1.755089876941461347e-01
-1.752864604545366911e-01
-1.703580031827491292e-01
-1.303998936181043067e-01
-1.300157383160881197e-01
-1.304218129365580792e-01
-1.328915378375504774e-01
-1.327967837438063237e-01
-1.325714820770082236e-01
-1.311800739107877312e-01
-1.311463826872054095e-01
1.316984254821681743e-01
1.329335448013325149e-01
1.328017915575348817e-01
1.327485536565522484e-01
2.404603461181705759e-01
2.075222219876979024e-01
2.070235505613667037e-01
3.086513729027975939e-01
3.023506747232309610e-01
4.110322469488580932e-01
4.110721194278401658e-01
3.897436052193203326e-01
3.899276840963066260e-01
3.898980763540658145e-01
3.899360577045810627e-01
3.899363058094093559e-01
5.392550501816155695e-01
5.395476691671167169e-01
5.312698745920351184e-01
5.312683103572256593e-01
7.572739363036807836e-01
7.566604356437974799e-01
7.564178680602543503e-01
7.567534255064785054e-01
7.564910024400332000e-01
7.605368979417822528e-01
7.605255855319361658e-01
9.063094570104506253e-01
9.073991053147576480e-01
9.075524198157433053e-01
9.078920100997690534e-01
9.079733180514817370e-01
9.077772783994674244e-01
9.077553778072136037e-01
8.822839404260719443e-01
9.314134373510781773e-01
9.314326725553174757e-01
1.038343568782710946e+00
1.024836931156293041e+00
1.024801150718682052e+00
1.017780434467282280e+00
1.019000615289943790e+00
1.023699330451361966e+00
1.019003913489086921e+00
1.031381880001112972e+00
1.016855293124836246e+00
1.016797924072323944e+00
1.016795015095340426e+00
1.016909553847034520e+00
1.016970712124235288e+00
1.015918637584431128e+00
1.026948262094536268e+00
1.027167121520029980e+00
1.024605065083124655e+00
1.024632231638467506e+00
1.028208451641007937e+00
1.028186876140382289e+00
1.028265379397359069e+00
1.045709476686356831e+00
1.029276509101163084e+00
1.032512155696761802e+00
1.032523351372512055e+00
1.033894560666314799e+00
1.033872001853754385e+00
1.033851485826327021e+00
1.033856959752704974e+00
1.033109938140413631e+00
1.110443458597780930e+00
1.110628204134542329e+00
1.110647027157804168e+00
1.109991029205781521e+00
1.109855999148206651e+00
1.272356119326558899e+00
1.272362653724855797e+00
1.257363248108125386e+00
1.468530006565489821e+00
1.468093280920512278e+00
1.468014448310309694e+00
1.468154291502061559e+00
1.468629923353930611e+00
1.467480366845850037e+00
1.467737094511749385e+00
1.467645335168760390e+00
1.519205722919172663e+00
1.520104047785983514e+00
1.520068947335199816e+00
1.520323644696057963e+00
1.520318897815565062e+00
1.520323652593788211e+00
1.562753201730051833e+00
1.562739895652479172e+00
1.624984517268155848e+00
1.718987063247058522e+00
1.735574449157127663e+00
1.732476830176497673e+00
1.730298362401120116e+00
1.730409018592353743e+00
1.729516019109343272e+00
1.729586261207874287e+00
1.729346117994685406e+00
1.789827289625406825e+00
1.789649727988927852e+00
1.883462973719466138e+00
1.883421449879400855e+00
1.883350212242127730e+00
1.883437782584726161e+00
1.897301072731952587e+00
1.897602966130248925e+00
1.897600491733652195e+00
1.897540400811295269e+00
1.884011364456721793e+00
1.884140959500930856e+00
1.884174059519495126e+00
1.887114176009465627e+00
1.887091675418402392e+00
1.888825768905330937e+00
1.888881961586967639e+00
1.888889939718396471e+00
1.873713879207566491e+00
1.873728826928310331e+00
1.873786859272680294e+00
1.873794754096669513e+00
1.873762660556179904e+00
1.873732284644488155e+00
1.893438907176236308e+00
1.892758480848348412e+00
2.055414932429366015e+00
2.059157450132687028e+00
2.059131132917844553e+00
2.058691956770971387e+00
2.059551924039136672e+00
2.059538752225885894e+00
2.060195233684177119e+00
2.060227636919431227e+00
2.060042460661589470e+00
2.060013719221092110e+00
2.060051753388774554e+00
2.060106636455623530e+00
2.060115811804859920e+00
2.060143301124403248e+00
2.052881106891881302e+00
2.053721669991934284e+00
2.053701323882060059e+00
2.053632490252560228e+00
2.053682568110469120e+00
2.053730060074494101e+00
2.053729453160923146e+00
2.053799620319501251e+00
2.053808228297252736e+00
2.054139137787216463e+00
2.042033677203886732e+00
2.042012637002616149e+00
2.041994941731578805e+00
2.042036993858620697e+00
2.042087560557908965e+00
2.042028447667725732e+00
2.037883741718901742e+00
2.037863047743406764e+00
2.321431225730375303e+00
2.585606927161201885e+00
2.585592361860352462e+00
2.585417552081989978e+00
2.586899321217177139e+00
2.586826768771590679e+00
2.584014228441009031e+00
2.582366070452480677e+00
2.581590775493736167e+00
2.581588677713484437e+00
2.722108557001757578e+00
2.722115633609683893e+00
2.706704316238740748e+00
2.706680420783239338e+00
2.706629728203292728e+00
2.706623553187070819e+00
2.706783642552197389e+00
2.706819281937181465e+00
2.706801671881100102e+00
2.706794549009821083e+00
2.706798566241326753e+00
2.704310779881217375e+00
2.704320440115347335e+00
2.774931358623282662e+00
2.765042522384452361e+00
2.765160160237230880e+00
2.765070250229924476e+00
2.765116698583299115e+00
2.765200436264957595e+00
2.765208713206511515e+00
2.766907208986130851e+00
2.767310278821839109e+00
2.768189800881323492e+00
2.767837510535563261e+00
2.844399989768471304e+00
2.844387604156219940e+00
2.844505117984446940e+00
2.847093915103160455e+00
2.976191981971381573e+00
2.976190983211999264e+00
2.951910135826426806e+00
2.951952071469618133e+00
2.951854503787062711e+00
2.951860013560928753e+00
2.951161521607765348e+00
2.951165923249527978e+00
2.951165054871961679e+00
2.951146483993133174e+00
2.951140225277940843e+00
3.115368449671085838e+00
3.114844105604659852e+00
3.213177384020125427e+00
3.216426828712997121e+00
3.216453591778522192e+00
3.216453454950337854e+00
3.216508553971215267e+00
3.216489855432191458e+00
3.216431778006024533e+00
3.216395709022686678e+00
3.216646912740578124e+00
3.216637179875041497e+00
3.216647005967764983e+00
3.180095661044954447e+00
3.180089242065585076e+00
3.180076296391981305e+00
3.180068625522693093e+00
3.180070781329148666e+00
3.180081973134744278e+00
3.180081194489786878e+00
3.180082378414614830e+00
3.244827699344779770e+00
3.245056713496325962e+00
3.245036910971498045e+00
3.245410375082028676e+00
3.245333478184407650e+00
3.245498080428812493e+00
3.245494703647913148e+00
3.245520359633450980e+00
3.245476997731482349e+00
3.345459150797006842e+00
3.345457042094011069e+00
3.345444766933462155e+00
3.331308642578049817e+00
3.366953172619390422e+00
3.366950299669349445e+00
3.331294995644850321e+00
3.330834267233625301e+00
3.330810769997293086e+00
3.331119879638806847e+00
3.331123406364695505e+00
3.331933676521557697e+00
3.331919927868481679e+00
3.331905814504939833e+00
3.331804548697798296e+00
3.331995298891508028e+00
3.330679318415902923e+00
3.330650138129624960e+00
3.330473330798719545e+00
3.333398923157869120e+00
3.333332238601183661e+00
3.333191514424482360e+00
3.333190805028051873e+00
3.335178939789472441e+00
3.320714303196199424e+00
3.320699685376518051e+00
3.321243213070805833e+00
3.321240665442821705e+00
3.320845262407234877e+00
3.321232951963795532e+00
3.321225115126659411e+00
3.372125390679940438e+00
3.372119737177882381e+00
3.372148618466466186e+00
3.442487348340552256e+00
3.442486559381965350e+00
3.442527165363841402e+00
3.442527731700599336e+00
3.442484874361926295e+00
3.442475035998706190e+00
3.442509022112027584e+00
3.442503575568499841e+00
3.434321518191618239e+00
3.433028461188508906e+00
3.432780703958045354e+00
3.510260403932911277e+00
3.510250758266642457e+00
3.510334370031690021e+00
3.510323419793177191e+00
3.510332486444764477e+00
3.510374582320943571e+00
3.510478649109519456e+00
3.506319145377856383e+00
3.506366494410041224e+00
3.505996750671090734e+00
3.506257734854126173e+00
3.506262045837710062e+00
3.618234045627736872e+00
3.727981718053271720e+00
3.727978734967055452e+00
3.727989950834114108e+00
3.761111714715522414e+00
3.761108712654321007e+00
3.753995404869994168e+00
3.753952483241266957e+00
3.753919810145232905e+00
3.754019715399650625e+00
3.748368294518494626e+00
3.748304173321447053e+00
3.748695721848991358e+00
3.748682373013351832e+00
3.745182321375442491e+00
3.744963640799110483e+00
3.744865299224217736e+00
3.744870203425089361e+00
3.744870740224915728e+00
3.744910462318392863e+00
3.744918026466709460e+00
3.744968066063337986e+00
3.744098879702228100e+00
3.744258065383036627e+00
3.744257385150823847e+00
3.741572969643029989e+00
3.741527742241456345e+00
3.729309867922030008e+00
3.729298171017724872e+00
3.729289414473665243e+00
3.729279316426297175e+00
3.734002688233664546e+00
3.734003629152124581e+00
3.734856646748156539e+00
3.706449630792692407e+00
3.716900407732428135e+00
3.717092560734118756e+00
3.717012006635954435e+00
3.716975746004421488e+00
3.726305459934978082e+00
3.683652265377267199e+00
3.683652005678809793e+00
3.683567195428413932e+00
3.683620564432491751e+00
3.733873255290268922e+00
3.733884942785310468e+00
3.733894458368629099e+00
3.733792998965382637e+00
3.733787543179056811e+00
3.733752271126220545e+00
3.733744665679387786e+00
3.733656789241433405e+00
3.733781211113623932e+00
3.759910420574483325e+00
3.759901519890004540e+00
3.759904566017536531e+00
3.759907249198400692e+00
3.759908305535861750e+00
3.759918261559319852e+00
3.759918627440783201e+00
3.759917818955719415e+00
3.759889390635067663e+00
3.759938760294275983e+00
3.736165511282706575e+00
3.736142619380205421e+00
3.736149798495311369e+00
3.736074932590605080e+00
3.736010531847225646e+00
3.737992053225469569e+00
3.705378580736728544e+00
3.706729521676300099e+00
3.706713246575971343e+00
3.706720434373386830e+00
3.706715108075551157e+00
3.706751644997037243e+00
3.706765209299288877e+00
3.706720077093615284e+00
3.706682824652385744e+00
3.765132501631030859e+00
3.763656670194045262e+00
3.763616742393865344e+00
3.763624271650972908e+00
3.763640985304678388e+00
3.763659471979437843e+00
3.763294520242983943e+00
3.780245139663676479e+00
3.780535900621889489e+00
3.780538765651324518e+00
3.780517692523507112e+00
3.780517380427041108e+00
3.780373958610008689e+00
3.780295798709240707e+00
3.780011892527771256e+00
3.780098513643851188e+00
3.780128701947185199e+00
3.780060707791709884e+00
3.779652265994167593e+00
3.776380775461483541e+00
3.776445493452348590e+00
3.776150904661654817e+00
3.776222492262649055e+00
3.776247886698679945e+00
3.776208680134902629e+00
3.776200901760577988e+00
3.774797139798777401e+00
3.774802466015102276e+00
3.774976160714457407e+00
3.774783147661021410e+00
3.750838770228339669e+00
3.750900747795204548e+00
3.750865127412637001e+00
3.751233395550780614e+00
3.751314766285346103e+00
3.751349007763093102e+00
3.774568852847182132e+00
3.774577817077768405e+00
3.828153785029317024e+00
3.828142895371091203e+00
3.828632893959953432e+00
3.828652715527356420e+00
3.828602528933814142e+00
3.828656544611675372e+00
3.828671261631224176e+00
3.828668761166304613e+00
3.828664259835768746e+00
3.828655804918029482e+00
3.828183447504897696e+00
3.828191810834245867e+00
3.828228288359161180e+00
3.825981027372698406e+00
3.825952190975660194e+00
3.825944740577462255e+00
3.880029830756201115e+00
3.880097721353716000e+00
3.880092770416099235e+00
3.879938274912831275e+00
3.879920678903659326e+00
3.879751528247513459e+00
3.879819756678350995e+00
3.879404186362688911e+00
3.879476901770844588e+00
3.879436880458139392e+00
3.879432958065978987e+00
3.879428847660133073e+00
3.879422398022340346e+00
3.879870516833128224e+00
3.880022422644702651e+00
3.880030965968989776e+00
3.880047040280169224e+00
3.880024344389958024e+00
3.880050016577436978e+00
3.880139058412994224e+00
3.880467098880320709e+00
3.880645456061377452e+00
3.880714779627624011e+00
3.877398490239819751e+00
3.892549817740469820e+00
3.893062224014227635e+00
3.892939409703926490e+00
3.892867659925340895e+00
3.892871401525288100e+00
3.892886741201298406e+00
3.892838107721242835e+00
3.892671472518399067e+00
3.892655045022934690e+00
3.892647761668329931e+00
3.892666895600845667e+00
4.029419043704463910e+00
4.049073464057499017e+00
4.027521007202809145e+00
4.027530821347691692e+00
4.094885624272130542e+00
4.094885534565861462e+00
4.094891380011384641e+00
4.094885863557582439e+00
4.094891314567986385e+00
4.094919832634760226e+00
4.096750479225192088e+00
4.096732046934400628e+00
4.096732559573062815e+00
4.063451738205598573e+00
4.063341689636660092e+00
4.063340871301782897e+00
4.063339197323287522e+00
4.063331101806519463e+00
4.063342027059589689e+00
4.063334663128120638e+00
4.063374514171358420e+00
4.063306436334320537e+00
4.063313552580019916e+00
4.063313884115001606e+00
4.293445514704070654e+00
4.293444436826566957e+00
4.293422631352822094e+00
4.293424533450102665e+00
4.293510528758583966e+00
4.293522075416316142e+00
4.293520230630132772e+00
4.293464766844777181e+00
4.293472836116949409e+00
4.293462312381662649e+00
4.293448854230823564e+00
4.293440720567893720e+00
4.293435996913475883e+00
4.293481069896406765e+00
4.293222412627731188e+00
4.455234208475756574e+00
4.455095904436056742e+00
4.455097238649639024e+00
4.454779276830325152e+00
4.449838223445870433e+00
4.449855482807747897e+00
4.449855117642567137e+00
4.449994138516927045e+00
4.450014764981335524e+00
4.450070208216364342e+00
4.450052963648363225e+00
4.450100746490202930e+00
4.450167178397071766e+00
4.450156353761588690e+00
4.450162339893715568e+00
4.447858711545746857e+00
4.444165660167685772e+00
4.444233289815000987e+00
4.444228470271149867e+00
4.444229543242098401e+00
4.444223860198087017e+00
4.444212702199153320e+00
4.444201761885786972e+00
4.444239957258357521e+00
4.444253448204191770e+00
4.463343477944238025e+00
4.463533109131333276e+00
4.593377301565003457e+00
4.592894678861816793e+00
4.658822367571903378e+00
4.668071934851588445e+00
4.668079803371750103e+00
4.668076888585592776e+00
4.668072563798762786e+00
4.667661887976367829e+00
4.667662045521033143e+00
4.667663088367230984e+00
4.667684416311922213e+00
4.667768984682513000e+00
4.667843029535224453e+00
4.667850901252386997e+00
4.667887451201821136e+00
4.667877932947158470e+00
4.667884595948985194e+00
4.663996466496406867e+00
4.663984393944446083e+00
4.664023143439708363e+00
4.664093099287132560e+00
4.664089551822061530e+00
4.664100984510303860e+00
4.713302021884848259e+00
4.713233798573885913e+00
4.713246048941302391e+00
4.713247809230860064e+00
4.713254520229335220e+00
4.713255941042446828e+00
4.713221212810700500e+00
4.765871233007263896e+00
4.776047112993372146e+00
4.772634205544549424e+00
4.772632624789375555e+00
4.772637339245630272e+00
4.772641286483856327e+00
4.772641280752153214e+00
4.772666843529700387e+00
4.772642848131657622e+00
4.772664699811152822e+00
4.781414317108002798e+00
4.781340053905145382e+00
4.787143351916482992e+00
4.787136865570978728e+00
4.787204867185152146e+00
4.787190169296962949e+00
4.787182896578628721e+00
4.787170486651732837e+00
4.787163749141254421e+00
4.787176780294048584e+00
4.787167372298657853e+00
4.933256249134321259e+00
4.919061626549687816e+00
4.919596631315823920e+00
4.919599549227990032e+00
4.919607430552783711e+00
4.919589366275410214e+00
5.018734677755922746e+00
5.018779478580770892e+00
5.018761237678403653e+00
5.018769674081931420e+00
5.018767935148385817e+00
5.018780819254942571e+00
5.018478406921508927e+00
5.018364579147856830e+00
5.018516695899827518e+00
5.018540956915852114e+00
5.018542409824750195e+00
5.018542488739159424e+00
5.018450973997684805e+00
5.320533397929180452e+00
5.320536264646162472e+00
5.320527990173320454e+00
5.319899604982367691e+00
5.319877183430227419e+00
5.320213172229751208e+00
5.320213829695024543e+00
5.320216182632680813e+00
5.320055318832000779e+00
5.205149025209449221e+00
5.205144905970488622e+00
5.205144555604398704e+00
5.205145268816813164e+00
5.205148223633387694e+00
5.205156458769873318e+00
5.205156371720205399e+00
5.205155322214010560e+00
5.204955043702265804e+00
5.204956831007967466e+00
5.204919156758773369e+00
5.204810664920536567e+00
5.204819033884815482e+00
5.204830864926856648e+00
5.214119755882072660e+00
5.214238027781592955e+00
5.214254892162226263e+00
5.214311173554873058e+00
5.214301182155997694e+00
5.214300657876354883e+00
5.214288368740059632e+00
5.214291402008447207e+00
5.214296146169473012e+00
5.214315049904221233e+00
5.214320569365242797e+00
5.214319141921055056e+00
5.214294945312794916e+00
5.204865306400611402e+00
5.204866671102225339e+00
5.204870277812142731e+00
5.362536945617122797e+00
5.362531726562252743e+00
5.363265450656444777e+00
5.363267945999753650e+00
5.363328059017280047e+00
5.363321191372568464e+00
5.363313990967805367e+00
5.362975465925583052e+00
5.362977618155021275e+00
5.362977766010693870e+00
5.363372858610236271e+00
5.363371648030534899e+00
5.363198429232964415e+00
5.408066185827371086e+00
5.408143557899099285e+00
5.408133145985908996e+00
5.408203155308193288e+00
5.408206121890984264e+00
5.408197226352676523e+00
5.408274596027112580e+00
5.408270655592962051e+00
5.408237828538764447e+00
5.408078209891836963e+00
5.408162636295965164e+00
5.408163392914636880e+00
5.408142276273159688e+00
5.409215700175987962e+00
5.409245660363431796e+00
5.409126647012595157e+00
5.409075633988721599e+00
5.409374517890802814e+00
5.409382018224328625e+00
5.409414389698223857e+00
5.391852253141809825e+00
5.391854149640911587e+00
5.391682762813543306e+00
5.391825434836041708e+00
5.391823014797151536e+00
5.391806492679312335e+00
5.427885070153422475e+00
5.427918302509139536e+00
5.427918213737283004e+00
5.427941267942479442e+00
5.427978173727709077e+00
5.427979067593331486e+00
5.427915110776286411e+00
5.427896045377169187e+00
5.427896452209946432e+00
5.427960807019916345e+00
5.427022524341720278e+00
5.428502375559558502e+00
5.428511211373098000e+00
5.428514071980451661e+00
5.428690412879002558e+00
5.415164626724564556e+00
5.415186423414970029e+00
5.415191855956543954e+00
5.415110818602651754e+00
5.415111679961715829e+00
5.384863819373085114e+00
5.384703822665001027e+00
5.382792138185212849e+00
5.382792923039657396e+00
5.382823939708598182e+00
5.382812164282243295e+00
5.382815693858685968e+00
5.382804660042268097e+00
5.382735239624151014e+00
5.382668467810399093e+00
5.382669288529142726e+00
5.467400712813250685e+00
5.467296264429358565e+00
5.467356021335287863e+00
5.467316156000806338e+00
5.467312832034211922e+00
5.467307264604863271e+00
5.466736684393380230e+00
5.466655561713320566e+00
5.466687003213378304e+00
5.481009054346037246e+00
5.480996939492276177e+00
5.480995101853343598e+00
5.549442979570216039e+00
5.549427894890641255e+00
5.551339446669500077e+00
5.551357331292641639e+00
5.586239402105740659e+00
5.586241814209082612e+00
5.586222235824619631e+00
5.585709456715117760e+00
5.585723715722450855e+00
5.585717879592570156e+00
5.585284497962071271e+00
5.630385069699301859e+00
5.630388053370126933e+00
5.630930134108578677e+00
5.630932119702791283e+00
5.630998512094691932e+00
5.631006771140929956e+00
5.631018824370045195e+00
5.630728622256174987e+00
5.630737079266448397e+00
5.588802182352611503e+00
5.588804087468731474e+00
5.588814759818825806e+00
5.588818957173661950e+00
5.588886555986830373e+00
5.588884071063386472e+00
5.588886826986165346e+00
5.588878659241716562e+00
5.588881312205307594e+00
5.589235103194845955e+00
5.589247388990657761e+00
5.600673390766629289e+00
5.600663567605022486e+00
