# 2*np.log[MAD(r)] for 100 flights; 1000 steps per flight; run 25 of 50; mu: 1.50; seed: 24
-2.094854234631700862e+01
-1.765256621761772138e+01
-1.693274119744871697e+01
-1.641544333812489853e+01
-1.544584274166772531e+01
-1.482299905489949232e+01
-1.431303547474462867e+01
-1.368317737915812060e+01
-1.317344188099090552e+01
-1.239022735374990525e+01
-1.162085690813045780e+01
-1.079906125623164215e+01
-1.056511242182790511e+01
-1.022627170583496614e+01
-1.020513836858885881e+01
-1.023349725934576782e+01
-1.023605113336190975e+01
-1.017368556911428890e+01
-9.461668879964415524e+00
-9.125927135060402762e+00
-9.139501258924024540e+00
-9.003127814081114622e+00
-8.896288469635461382e+00
-8.828810598174687385e+00
-8.639713457788870343e+00
-8.446574065489402372e+00
-7.705431059713394149e+00
-7.534597783596916010e+00
-7.354716230572223346e+00
-7.172673985350345838e+00
-7.039331802018040207e+00
-7.000677837516792401e+00
-7.007551479126239435e+00
-6.981850187990905177e+00
-6.319352426900916697e+00
-6.318828567526415974e+00
-6.151680931352791148e+00
-5.786694124175272513e+00
-5.759368295253079140e+00
-5.468032120129607598e+00
-5.467584419477164559e+00
-5.457922536069387931e+00
-5.345400700206165645e+00
-5.341476286678950025e+00
-5.338789323689285382e+00
-5.219842516478232497e+00
-5.224642221996778524e+00
-5.206307935139884435e+00
-4.937256643203734363e+00
-4.937665363497412585e+00
-4.935069293196731266e+00
-4.935722666715974150e+00
-4.935487623885003394e+00
-4.931687394979125116e+00
-4.722042576871033681e+00
-4.616746851223257231e+00
-4.626359489058261332e+00
-4.597394434916539652e+00
-4.462736631549210742e+00
-4.586519827562733020e+00
-4.513101071370964057e+00
-4.269780983441987310e+00
-4.281870939577209434e+00
-4.281997419648378767e+00
-4.040679908045287760e+00
-4.064033029917893280e+00
-3.934670231272792140e+00
-3.935240484483001566e+00
-3.934892522837649231e+00
-3.933809290976654438e+00
-3.933782449681574533e+00
-3.930585865491746045e+00
-3.934718512367942900e+00
-3.941084419956735196e+00
-3.745944104587940693e+00
-3.745860503517000950e+00
-3.612603699817390712e+00
-3.613123627325782738e+00
-3.236864256079898361e+00
-3.231114328168063654e+00
-3.231341578722895402e+00
-2.993886522118655247e+00
-2.980435511290211892e+00
-2.999908849915436271e+00
-2.823723080947411201e+00
-2.830392090753596435e+00
-2.681490372748324358e+00
-2.681174053398282187e+00
-2.681067194531326248e+00
-2.681403932731088346e+00
-2.589073344032977619e+00
-2.590938946753774896e+00
-2.178055781289564674e+00
-2.176881601585985759e+00
-2.179571719990581524e+00
-1.815277713465869747e+00
-1.840410671672717768e+00
-1.808581836176797131e+00
-1.789495022503555965e+00
-1.771296353324411932e+00
-1.771136890937711872e+00
-1.770129545809690619e+00
-1.750801549550559999e+00
-1.613676568476799078e+00
-1.613801596004294625e+00
-1.616551894329263606e+00
-1.633435748414725053e+00
-1.635775943848399638e+00
-1.636449868022805454e+00
-1.636844283098737751e+00
-1.643157500550249894e+00
-1.648428008354911212e+00
-1.653479383355359378e+00
-1.653372727364136985e+00
-1.651604503152467318e+00
-1.589739886219769138e+00
-1.582306938143383190e+00
-1.449775865763368810e+00
-1.410888087819520909e+00
-1.338973578796176289e+00
-1.338749932353498373e+00
-1.348104711122339872e+00
-1.339591739395564751e+00
-1.411467863144900248e+00
-1.411868113575073913e+00
-1.412840057783956160e+00
-1.113663779224348449e+00
-1.113273298402203348e+00
-1.116325131334349630e+00
-8.217066792693752397e-01
-8.403403812681951024e-01
-8.336375619710052476e-01
-8.379314878695728330e-01
-8.379594893533940381e-01
-8.601176812568133156e-01
-8.615054425264518922e-01
-5.608812088841984567e-01
-5.304420658005727374e-01
-5.302067164175880976e-01
-4.839489158006782255e-01
-4.119641480696385472e-01
-4.161460234778897593e-01
-2.966969250802574676e-01
-2.978387448400378612e-01
-2.178163308648793095e-01
-2.178403579046762351e-01
-1.649323065590089024e-02
4.608518534992723376e-02
6.431404897802793508e-02
6.279329648035228417e-02
4.955555720693469168e-02
4.980386255332621553e-02
4.831583066711898911e-02
4.772206996472976026e-02
4.391051060548472468e-02
3.585450194589619166e-02
3.591568291105067673e-02
3.584893062186323559e-02
3.651111403572739750e-02
3.676565097061715304e-02
3.626891493575785247e-02
3.625559768045279185e-02
2.469138029852589455e-01
2.483456058931914900e-01
2.488939093094172661e-01
2.422016653535861153e-01
2.395292132898804438e-01
2.398780048726270597e-01
2.398962254994806975e-01
2.429696879956279587e-01
1.965471598774880813e-01
1.968743678599185754e-01
1.975829046255327959e-01
1.977441841223067376e-01
1.978560476335789742e-01
1.969805629788034251e-01
1.972464959046326960e-01
1.970743772848722042e-01
1.946647415456997932e-01
3.654934534894367371e-01
3.655023535682897506e-01
3.657445366057541780e-01
3.655652889213705792e-01
3.695738889620360790e-01
3.697152893426589593e-01
3.697161162773268117e-01
3.696742568726195111e-01
3.696283522184299897e-01
3.694814264174747231e-01
3.697518625724627861e-01
3.693980009206976889e-01
3.728685383220400329e-01
3.727375100690760168e-01
3.697778396786682853e-01
3.697356577530829247e-01
3.698044048433277164e-01
3.696061098816043056e-01
5.661522314522454691e-01
5.660088882915296216e-01
5.657081251987775561e-01
5.652807051018908790e-01
5.647979261851047150e-01
5.510895807932846280e-01
5.510849083728509568e-01
5.508708939152044959e-01
5.508757992801955883e-01
5.363920715658492266e-01
5.364264036824213377e-01
5.361667089764654559e-01
5.412691807049647696e-01
5.413228951796078547e-01
5.412920883554321883e-01
5.413584911292795843e-01
5.412676299745085018e-01
5.412965586001012852e-01
5.412871888764323458e-01
4.747920905995026142e-01
4.694618754435948005e-01
4.691743142852816129e-01
4.687464215211011864e-01
4.682840226887485247e-01
4.622046651406908624e-01
4.619647912996506789e-01
4.619571341411874976e-01
4.664331932731167196e-01
5.053265088757566970e-01
5.075794686851519133e-01
5.076180109501473581e-01
5.067673903739131624e-01
5.074671724430291908e-01
5.074093931701845195e-01
5.074615895299821045e-01
9.075693501240525984e-01
9.075832594691463084e-01
9.993605266951762767e-01
9.922017707829072775e-01
9.931017991323393135e-01
9.903831272515034589e-01
9.901784591179801920e-01
9.903465691702227902e-01
9.899640409065126878e-01
9.898071851477321381e-01
9.900369840351571638e-01
9.915039410014707677e-01
9.913819585225154274e-01
9.449181103690607042e-01
9.409928884213554223e-01
9.408822056267437395e-01
9.409599021660226548e-01
1.013985324135250332e+00
1.013983400737249019e+00
1.014028129141948176e+00
1.014018978769431145e+00
1.014148266515647379e+00
1.008340625367659893e+00
1.032362355595752623e+00
1.250889076137133626e+00
1.408098558328643835e+00
1.408011896876817604e+00
1.408008601389607373e+00
1.376755073099444227e+00
1.381779946726531039e+00
1.424614729046908446e+00
1.424469079002711691e+00
1.424365578419928502e+00
1.424526029697183338e+00
1.424531530631352627e+00
1.424502005654971315e+00
1.442084587514474769e+00
1.441949008872049687e+00
1.444158105530480185e+00
1.444061395112357093e+00
1.444121249659609196e+00
1.452588478283259210e+00
1.452578489290662134e+00
1.524310752573361460e+00
1.524172475155056716e+00
1.536114044560393799e+00
1.535523025186608992e+00
1.535423430811551304e+00
1.535066088903005666e+00
1.535342989578146078e+00
1.535342939366543646e+00
1.535338612883198506e+00
1.535976949353624388e+00
1.535440812049137627e+00
1.535091627983781848e+00
1.513293345007178381e+00
1.513324022471926655e+00
1.513227872385200845e+00
1.513237414801232417e+00
1.513279056374646547e+00
1.513311355863553143e+00
1.513255396706331579e+00
1.513192351228165977e+00
1.513195083362902649e+00
1.598549791436874923e+00
1.590977501740251876e+00
1.590980867648849495e+00
1.590987360900251169e+00
1.586710832638833502e+00
1.585923001448415803e+00
1.586899547457755411e+00
1.586911824499357193e+00
1.569372707055177507e+00
1.569237545615917551e+00
1.569185958872595599e+00
1.569166111543534026e+00
1.569183293619193842e+00
1.569220864516576830e+00
1.569229209161948413e+00
1.569278049634884598e+00
1.567207288500465978e+00
1.567477980024100992e+00
1.567460139041775058e+00
1.568023537621158425e+00
1.507515907934077193e+00
1.523730806056394993e+00
1.523777060554985407e+00
1.583801911956333131e+00
1.584221880874469024e+00
1.809933927545411159e+00
1.814042096352284084e+00
1.814060048231947331e+00
1.814079969222266220e+00
1.814047539201400827e+00
1.813937808786614925e+00
1.813928753096589741e+00
1.813987026769694033e+00
1.809169952453131280e+00
1.809162849329207789e+00
1.809277967437146639e+00
1.806468362902543534e+00
2.080105776311603094e+00
2.083727861622741262e+00
2.083720900570442236e+00
2.083710051062880098e+00
2.079006819601394884e+00
2.079018929186580156e+00
2.079024643066049727e+00
2.079016523592547738e+00
2.078469004718908053e+00
2.078501665952287247e+00
2.078516685568190692e+00
2.078503672071477126e+00
2.077939867772527371e+00
2.077953023907485264e+00
2.077520349662811849e+00
2.070666693085283949e+00
2.069614116176458740e+00
2.069629089880618888e+00
2.069587484844171765e+00
2.069565452683080675e+00
2.069092340339474756e+00
2.068959125415010369e+00
2.070279820920071234e+00
2.070160956105314032e+00
2.070313826068355567e+00
2.089201123695631601e+00
2.090076204102114588e+00
2.106417283790467998e+00
2.106433680285905385e+00
2.106327665442111474e+00
2.259939198899345580e+00
2.259419277926658864e+00
2.259449815528407068e+00
2.259792072818083586e+00
2.259888096745936714e+00
2.246755172271169165e+00
2.246731691227332739e+00
2.246881687985695653e+00
2.248978595356840415e+00
2.248970934824750412e+00
2.219469277886591652e+00
2.254567381204171550e+00
2.254578009736933453e+00
2.254728059012118813e+00
2.254682127774253697e+00
2.254854126434262529e+00
2.254807902505179484e+00
2.247155085226514526e+00
2.247179470547051139e+00
2.249547021071915953e+00
2.249586902248142284e+00
2.249626559961242833e+00
2.249625514673670779e+00
2.249706045669506604e+00
2.249074197236974548e+00
2.246235719606904713e+00
2.245459056324261571e+00
2.245324500874583684e+00
2.167703923387889198e+00
2.167702967562159522e+00
2.167665061458304177e+00
2.167436200131791058e+00
2.135751681862701812e+00
2.135788026004598272e+00
2.135515823090820664e+00
2.447928595487051329e+00
2.447401691524265122e+00
2.447812495300911273e+00
2.447659286093638809e+00
2.447801548646780567e+00
2.447686872772379729e+00
2.447682925032597545e+00
2.447695675447716823e+00
2.447458070578724776e+00
2.447298908927456829e+00
2.447283891370821696e+00
2.451412779575962375e+00
2.451421401260216459e+00
2.451497235442994249e+00
2.458939127679006464e+00
2.457269643360932676e+00
2.457305263343606327e+00
2.457301572375954368e+00
2.457291793305385941e+00
2.457333353489676853e+00
2.457332348166468616e+00
2.457357052522938012e+00
2.457295359027889425e+00
2.457259588428533092e+00
2.457291691742143680e+00
2.457326851919130029e+00
2.457315403393443898e+00
2.803121818082259686e+00
2.803091040747094809e+00
2.798372625987747497e+00
2.798468179207430406e+00
2.798443700050074145e+00
2.798363761224091029e+00
2.769358404451544686e+00
2.878898863336778913e+00
2.878890643059177634e+00
2.878922577027973162e+00
2.878916330169152271e+00
2.878684697493633760e+00
2.878654472466186665e+00
2.896492973672786686e+00
2.896423402857456253e+00
2.894848894684009633e+00
2.894820627326044615e+00
2.846049391166633136e+00
2.846020654469706201e+00
2.846118048606678386e+00
2.846075154990269862e+00
2.846049952709211794e+00
2.858166690130387710e+00
2.858051647985196286e+00
2.858011715734605662e+00
2.858767852452247293e+00
2.942400676333665643e+00
2.943515623557066530e+00
3.031776722932950197e+00
3.031769227518411824e+00
3.031666822945877637e+00
3.031669873922276714e+00
3.031655414119605041e+00
3.097856706825550699e+00
3.097855158809712961e+00
3.082927339811080358e+00
3.082950113848491380e+00
3.082647871566976949e+00
3.082687543982067790e+00
3.082601268566381947e+00
3.082604920447584274e+00
3.204791884156421578e+00
3.204358654503317805e+00
3.203241346659842836e+00
3.203248805761290008e+00
3.205116032029443840e+00
3.204738967066547151e+00
3.204301230207914131e+00
3.204336558860179096e+00
3.204337825229501835e+00
3.204394902231225917e+00
3.204385177357170544e+00
3.204408335800638330e+00
3.204369205645025698e+00
3.220076137460434307e+00
3.196592653264796802e+00
3.196584860842231812e+00
3.196594857025575998e+00
3.196538347794378510e+00
3.219989214005523070e+00
3.218764698487203813e+00
3.219708929728547275e+00
3.219266907454278126e+00
3.219531408030542607e+00
3.219492393834157085e+00
3.244173209232078747e+00
3.244140180394508022e+00
3.244137931388264118e+00
3.242228409167173364e+00
3.242269883694727906e+00
3.242255373484471903e+00
3.242250805351270415e+00
3.242279470235960748e+00
3.242662413802085641e+00
3.242743002474270941e+00
3.242659564923117355e+00
3.242720102249612601e+00
3.224911016229834004e+00
3.223430064133694373e+00
3.223410748454810459e+00
3.224153085157373422e+00
3.224093084863592473e+00
3.224115116319813623e+00
3.224121165588300642e+00
3.224476857997251589e+00
3.238261901185299774e+00
3.420006739586572753e+00
3.420098548722969145e+00
3.420134585714337483e+00
3.420144369059936462e+00
3.420134903950346139e+00
3.420504278073906335e+00
3.420494277907752068e+00
3.522643847051361465e+00
3.522642646735725247e+00
3.655388386885675800e+00
3.656067275878382539e+00
3.656132302423363178e+00
3.656122974904026268e+00
3.654752225346155736e+00
3.654875204143888112e+00
3.653605672737387344e+00
3.653650824142422593e+00
3.653662421338565558e+00
3.653662687723516544e+00
3.653758842152989406e+00
3.655978923653100843e+00
3.656001554994664726e+00
3.656006101113434603e+00
3.656071443754786987e+00
3.655895313827937532e+00
3.656966404621249112e+00
3.656970224115985157e+00
3.656971234354888356e+00
3.657068335581180829e+00
3.657574059563694302e+00
3.657561769819481778e+00
3.658601869675195850e+00
3.658559027239742800e+00
3.658557641608255029e+00
3.658527483691777604e+00
3.670181003238280226e+00
3.670130972389430202e+00
3.670143031616126095e+00
3.708832607706053164e+00
3.708838677513311755e+00
3.706911862777284572e+00
3.706921504182653315e+00
3.841187369037344368e+00
3.843215053919947000e+00
3.833018538450735146e+00
3.833108564440319110e+00
3.832959622445538450e+00
3.832969692381719806e+00
3.832960692868820018e+00
3.832905930631833158e+00
3.832913123859679860e+00
3.842988405656839301e+00
3.842981447698948561e+00
3.843366528725670417e+00
3.843372286606278720e+00
3.843273123294336013e+00
3.891559013305115666e+00
3.891562472249681992e+00
3.895969744015446157e+00
4.046582721354085699e+00
4.046581359569674241e+00
4.178340028155417052e+00
4.178431065890346296e+00
4.310762015883037535e+00
4.310748872405986809e+00
4.310745826267446290e+00
4.310775508311817994e+00
4.310763621657451417e+00
4.310900888241895323e+00
4.291267093680346534e+00
4.291266051528068282e+00
4.291264052742904234e+00
4.291276038321940156e+00
4.293307758172792532e+00
4.298923027571160738e+00
4.298919599458351115e+00
4.297957497114540892e+00
4.285657892044771877e+00
4.286554722385673699e+00
4.286556004445919221e+00
4.286525889140729184e+00
4.286507645620098117e+00
4.286528749231876212e+00
4.286528946938322093e+00
4.286529535928051970e+00
4.286522847041109863e+00
4.286562146123184647e+00
4.272526858748132206e+00
4.263653236070179098e+00
4.263490021313796952e+00
4.377210937221946985e+00
4.377238405590161641e+00
4.550036085721393064e+00
4.549842214014563346e+00
4.549855712313521927e+00
4.549904826856416840e+00
4.549906645207763667e+00
4.549744473933303723e+00
4.548601442770611847e+00
4.548609334563067819e+00
4.548623632228749436e+00
4.545328677151363017e+00
4.546090825819663728e+00
4.546084690950277007e+00
4.546080214925795282e+00
4.546104402791253385e+00
4.546120190033096087e+00
4.544843745669123081e+00
4.544845679596443588e+00
4.544843003899430300e+00
4.544845669977128466e+00
4.544847064394878622e+00
4.544836859406183649e+00
4.544817666333131001e+00
4.544814993056536245e+00
4.686415938967599004e+00
4.686391963756618928e+00
4.686851165598102220e+00
4.686813792050132932e+00
4.686814152535885292e+00
4.686831372797517048e+00
4.686844823135035476e+00
4.686678362477778137e+00
4.686759800186480973e+00
4.686543604774927374e+00
4.686542569563549421e+00
4.754645811185484128e+00
4.754660613520385937e+00
4.754656826400802672e+00
4.754728827282877823e+00
4.754654548134453762e+00
4.754644668501065929e+00
4.754829538246190701e+00
4.754824725457376111e+00
4.754833654754132333e+00
4.754700899482655174e+00
4.734127992642962468e+00
4.734129108058626301e+00
4.734135926338006506e+00
4.736760685533243809e+00
4.736768576981059908e+00
4.736771421088939782e+00
4.736835967086809873e+00
4.733576510762802947e+00
4.733093983738205779e+00
4.733126483339195723e+00
4.733276783556609857e+00
4.733382185044654911e+00
4.733402223831083333e+00
4.732794414472184741e+00
4.732796985085213848e+00
4.732773485788955625e+00
4.732770581340179916e+00
4.732925917720363529e+00
4.732926298287172706e+00
4.733021992526113664e+00
4.733010743751480121e+00
4.733011913382672908e+00
4.780592228298557345e+00
4.780602027911011298e+00
4.780416145293686192e+00
4.780397813989217148e+00
4.780401130417165412e+00
4.780369906342183839e+00
4.780342389497547195e+00
4.780293987666706101e+00
4.780298110022677349e+00
4.856480943389069438e+00
4.856448429317450355e+00
4.855544735101494425e+00
4.855428553656161661e+00
4.855488281858580280e+00
4.855484072269783624e+00
4.855492099416502505e+00
4.855476037858804439e+00
4.855431784795697148e+00
4.855544080132677465e+00
4.855566732968677357e+00
4.857397441186949827e+00
4.857409307468148363e+00
4.863839205766068652e+00
4.863838626747991611e+00
4.863584019745910147e+00
4.863565221494855706e+00
4.863580777126225385e+00
4.863616422170601972e+00
4.878005609847728685e+00
4.878029504621887114e+00
4.878050691820985385e+00
4.878060401126409928e+00
4.878056003086046033e+00
4.878042385436037520e+00
4.878014065989693115e+00
4.878015598998327818e+00
4.867264040393569857e+00
4.867245637799927138e+00
4.867320285099839161e+00
4.917516994173962708e+00
4.921834508217445503e+00
4.921838570128096002e+00
4.921833110662958255e+00
4.921816307472206553e+00
4.926649693589707724e+00
4.926620922736973718e+00
4.926633973355112772e+00
4.926637502119899814e+00
4.927475596792934454e+00
4.928509969978380312e+00
4.928496009848835513e+00
4.928483746033886170e+00
4.928539803469702996e+00
4.928482039699382256e+00
4.928319348453862325e+00
4.925394871672358121e+00
4.925394382986006292e+00
4.925395845234991299e+00
4.925517262401563734e+00
4.925484071817808562e+00
4.925464972449100642e+00
4.925467301392573383e+00
4.925456517498968623e+00
4.925474668274675061e+00
4.925451054746470270e+00
4.925466706344009182e+00
4.923515852637096124e+00
4.918369159422613102e+00
4.918381455548053616e+00
4.918371335389960741e+00
4.918343768920016679e+00
4.918500283289483299e+00
4.918505378795451577e+00
4.921750518759488990e+00
4.922035784182103413e+00
4.922028519175224659e+00
4.927374898677019388e+00
4.927425854855091103e+00
4.927446517221462763e+00
4.927471410834169063e+00
4.992666791942751203e+00
4.992607455654522575e+00
4.992597206528081699e+00
4.985156809640174380e+00
4.985136870091193551e+00
4.985166418919996012e+00
4.985231474351285108e+00
4.984976235125921917e+00
4.984983126109058027e+00
5.130357544646736656e+00
5.130100408749397545e+00
5.130103483137500753e+00
5.130054340776527333e+00
5.130032804137095503e+00
5.130036075342069068e+00
5.130038093236871433e+00
5.130054822090889033e+00
5.130064586032750285e+00
5.130060897403744491e+00
5.129991184132711268e+00
5.130023776260801860e+00
5.129975915901349381e+00
5.238451837317184001e+00
5.238448303338108403e+00
5.238612465224533388e+00
5.238563101129337873e+00
5.238557040604104209e+00
5.238508765953443280e+00
5.238495522534259763e+00
5.238486298397256213e+00
5.238488986745550413e+00
5.238454704631716474e+00
5.238453278056010909e+00
5.238442541478295134e+00
5.238453871328776046e+00
5.238474469647544041e+00
5.238446438784691850e+00
5.238668083273924303e+00
5.239003620366491809e+00
5.239007176652802578e+00
5.239000187851710955e+00
5.239000962031788333e+00
5.239044310469945565e+00
5.239026564450787404e+00
5.215010326066282786e+00
5.210102657804040582e+00
5.210062835306624507e+00
5.210061910783088557e+00
5.210186640998413665e+00
5.210225991178690563e+00
5.210229027195071971e+00
5.210269034662447396e+00
5.210258604616019085e+00
5.210236297762042668e+00
5.210244894026067719e+00
5.210235131004413489e+00
5.210166325945886356e+00
5.209594659477243539e+00
5.208429504456021597e+00
5.208414666217094258e+00
5.208408673444609782e+00
5.208710028311203111e+00
5.208684543547207113e+00
5.208686888924657588e+00
5.208673386887803680e+00
5.220062044683947633e+00
5.220116588927449008e+00
5.220102667581875799e+00
5.220099322102369044e+00
5.220028667040486958e+00
5.220015589754197549e+00
5.220015328047932890e+00
5.220902869674597824e+00
5.220897102446595106e+00
5.220872804959701519e+00
5.220880699289498494e+00
5.236850054458940917e+00
5.236849429530103350e+00
5.345460863502086823e+00
5.345451958251274505e+00
5.344262248158277551e+00
5.444392509385770573e+00
5.444250785022150652e+00
5.444384085417055985e+00
5.444382202973047313e+00
5.444168352338087935e+00
5.444029023070323881e+00
5.443522511167448563e+00
5.443521084826858925e+00
5.443483565916247713e+00
5.443478968388697048e+00
5.443481107992877988e+00
5.443852947830235323e+00
5.451191723724267746e+00
5.451190109994709765e+00
5.451084852283202942e+00
5.507793928628159641e+00
5.507805650728673008e+00
5.507805515804546914e+00
5.507801440367551038e+00
5.507782612576413328e+00
5.495987919545763489e+00
5.495994101557815092e+00
5.496001121290856162e+00
5.496035028137167266e+00
5.496064081155926928e+00
5.496056320327650901e+00
5.499434452995751954e+00
5.499430536672930359e+00
5.581061039074081798e+00
5.581034938212698471e+00
5.580248429783784658e+00
5.580254252025810935e+00
5.589282863775616228e+00
5.589293708019509310e+00
5.589207729191730145e+00
5.589214171503515516e+00
5.589197842575615027e+00
5.589198422562874136e+00
5.588905464926256172e+00
5.588719125605799753e+00
5.588696373715130505e+00
5.588692412090337847e+00
5.588697642690894085e+00
5.588699127817213785e+00
5.588671405368989653e+00
5.588674975493636232e+00
5.588057619510045981e+00
5.614094546891370108e+00
5.614039380097129772e+00
5.614011398082463522e+00
5.626142636595091950e+00
5.625039298674547439e+00
5.625047906860383584e+00
5.625371718626738904e+00
5.625679645403416806e+00
5.625676017876454438e+00
5.625705263404386258e+00
5.626005873673188162e+00
5.626011892148145677e+00
5.625907957108911006e+00
5.625953982285022192e+00
5.625879382623938163e+00
5.626042153092900122e+00
5.626035773969890741e+00
5.626080849504915271e+00
5.626062751168274367e+00
5.626146243265414348e+00
5.619568489140516654e+00
5.619568994239805271e+00
5.619675461185662968e+00
5.619738909660918047e+00
5.619735950203126329e+00
5.619824094222639843e+00
5.619782182263111103e+00
5.619781162202133196e+00
5.621192601859983817e+00
5.621193013206508660e+00
5.621194205487112683e+00
5.687698375019021313e+00
5.687933706996966876e+00
5.687936424740883901e+00
5.687918454085459707e+00
5.687914445676113928e+00
5.687968356261716707e+00
5.687966696593099947e+00
5.687908602718223960e+00
5.687899210383080550e+00
5.687465964202301549e+00
5.687467658044967678e+00
5.687465998189086491e+00
5.687857084904112348e+00
5.687928424733950550e+00
5.687911450039530692e+00
5.687932873564658820e+00
5.687933054701576729e+00
5.687923735720731067e+00
5.687913471537875409e+00
5.671109518051550502e+00
5.665638053728096146e+00
5.665640176659073823e+00
5.665646361911715445e+00
5.665532255781045912e+00
5.665524973055489966e+00
5.665522502104960445e+00
5.665382607191914666e+00
5.665303174162639621e+00
5.665320855854692361e+00
5.665314817029819316e+00
5.665325472028201581e+00
5.665324075557196082e+00
5.665284147186379293e+00
5.665293543547726074e+00
5.665286689779329699e+00
5.665293097115287502e+00
5.665295444244223155e+00
5.665327753590159610e+00
5.665323369125540687e+00
5.665324012486522953e+00
5.665313775934359697e+00
5.665327221608017716e+00
5.663875554275292323e+00
5.663865448259948643e+00
5.663886787269352574e+00
5.663933367988954970e+00
5.663927949643046134e+00
5.663900354195871678e+00
5.663866709860740478e+00
5.663881610132595057e+00
5.663864499672777164e+00
5.663896096504393185e+00
5.664260029882383307e+00
5.664277872635720357e+00
5.664277146592312739e+00
5.664299166942575958e+00
5.664201409406960153e+00
5.664200830791441099e+00
5.664186107660172276e+00
5.664180603515029944e+00
5.664186019666715310e+00
5.664192854831999746e+00
5.664231903387208611e+00
5.664227143406587395e+00
5.664230388215687029e+00
5.664228239967963319e+00
5.704821189326620079e+00
5.704823702455894541e+00
5.704820189613552195e+00
5.704823419922521843e+00
5.704823847066153419e+00
5.704847582334651612e+00
5.704854886310390505e+00
5.704865837174629029e+00
5.763811274892086445e+00
5.763832895900782738e+00
5.763833961102270642e+00
5.786935021704953108e+00
5.786919217547916716e+00
5.787194759843452552e+00
5.787191582231957732e+00
5.787194834202937344e+00
5.787175001985342071e+00
5.785671670718641302e+00
5.785670086233587917e+00
5.785628169836922297e+00
5.785632514302792906e+00
5.785638017271102385e+00
5.785651711618266191e+00
5.785655701655410432e+00
5.785661342004441821e+00
5.785656969629264346e+00
