# 2*np.log[MAD(r)] for 100 flights; 1000 steps per flight; run 27 of 50; mu: 1.50; seed: 26
-2.147790811891003671e+01
-1.903073388093609708e+01
-1.702644902172836794e+01
-1.552040391699876487e+01
-1.478268491110467409e+01
-1.404041055892898804e+01
-1.332277065121447279e+01
-1.270790547717694707e+01
-1.247627381762334764e+01
-1.179428383386902368e+01
-1.165894450879081568e+01
-1.154745706666731131e+01
-1.120648145348589608e+01
-1.067492348804474744e+01
-1.076438650896098359e+01
-1.028992159349759916e+01
-1.017712731092842660e+01
-9.663801352295143587e+00
-9.133872938545358977e+00
-9.126124365292206164e+00
-8.888741422055209895e+00
-8.997577170238930222e+00
-8.913161026739004456e+00
-8.967111407843185944e+00
-8.976551542867463596e+00
-9.042472915833176472e+00
-8.922731681110892765e+00
-8.898890391420405166e+00
-8.762083843261596172e+00
-8.357149626615022697e+00
-8.357485493567649470e+00
-7.981355990109991971e+00
-7.468208702531922150e+00
-7.234417035670596796e+00
-7.131215783123664664e+00
-6.812175482648347824e+00
-6.806154369028980078e+00
-6.737636200235454176e+00
-6.747891256401475246e+00
-6.617525116189469259e+00
-6.533600548509500783e+00
-6.551333150736045496e+00
-6.547806627767843501e+00
-6.528640136357943824e+00
-6.331348481353392899e+00
-6.333318346146939781e+00
-6.376219195942089968e+00
-6.238593520865051367e+00
-6.262143975008064523e+00
-6.217669605841749103e+00
-6.152544319776274584e+00
-6.063717667606931983e+00
-6.066322642800544784e+00
-6.028337992169976012e+00
-6.043600109852039104e+00
-5.978553897573483766e+00
-5.379611526999600102e+00
-5.292433075482303018e+00
-5.260116301181306575e+00
-5.262004730311863554e+00
-5.261692766528705434e+00
-4.989571384675881127e+00
-4.920729507174717909e+00
-4.682288832805613588e+00
-4.602946527478306571e+00
-4.555227691961797554e+00
-4.563316320799216008e+00
-4.555918693709889666e+00
-4.428712381335221160e+00
-4.212876605890239823e+00
-4.213103681845569604e+00
-3.998120582956912639e+00
-4.001075622336329296e+00
-3.999772446565808437e+00
-4.002386104611569628e+00
-4.003413910520119856e+00
-4.000642873167048919e+00
-3.594035568802761649e+00
-3.573819871139688686e+00
-3.573645603620101863e+00
-3.581648267221061666e+00
-3.359166258290085860e+00
-3.359209955235887612e+00
-3.148758526488701026e+00
-3.141176416462876375e+00
-2.897703307853167320e+00
-2.886340614690834361e+00
-2.885194175055294075e+00
-2.885108612931835737e+00
-2.885247919027798869e+00
-2.706270441056980225e+00
-2.710773044144198618e+00
-2.707434175721803893e+00
-2.319751524430421430e+00
-2.322333291326834637e+00
-2.301761384376206809e+00
-1.971697831134006762e+00
-1.988826954855092755e+00
-1.988506052583368877e+00
-1.988398954853892064e+00
-1.990413116748559252e+00
-1.990359686165699138e+00
-1.990406645321727730e+00
-1.990297727074327394e+00
-1.922429405176966588e+00
-1.924242745875213156e+00
-1.809221557303614114e+00
-1.809255791884215592e+00
-1.787510504257160626e+00
-1.787193195838886917e+00
-1.686818575618978411e+00
-1.685759212540242302e+00
-1.684680681445162032e+00
-1.690419511532864183e+00
-1.585605007199626826e+00
-1.603805310829236719e+00
-1.599992433541836734e+00
-1.526196711211112778e+00
-1.463578945667737052e+00
-1.415714678366808643e+00
-1.415776871413252591e+00
-1.385637027649917696e+00
-1.386941493711304263e+00
-1.387599524317637112e+00
-1.392196978238016136e+00
-1.392205602910279616e+00
-1.391950447212511044e+00
-1.312227627610068836e+00
-1.337770313803728461e+00
-1.336980241362813571e+00
-1.344335873127565639e+00
-1.245431860377808730e+00
-1.212635272695249844e+00
-1.212869500225188135e+00
-1.213064635136005487e+00
-1.212962420085424986e+00
-1.243030146799313451e+00
-1.243519102562665957e+00
-1.244058491530731114e+00
-1.222855234847944228e+00
-1.224666502212110375e+00
-1.224449897888005623e+00
-1.267100388754521356e+00
-1.265789665638879180e+00
-1.265755970417699938e+00
-1.265727801552364307e+00
-1.291160271781634616e+00
-1.268464106596872254e+00
-1.307607931345474039e+00
-1.304704503159188844e+00
-1.304043790647701817e+00
-1.304088742127082146e+00
-1.326291915749592931e+00
-1.268277935117872568e+00
-1.192854871668971084e+00
-1.194394765942488723e+00
-1.225134518465801348e+00
-1.224836276844294192e+00
-1.261348702573243274e+00
-1.189208751802875552e+00
-1.083951954712695009e+00
-1.083637113866566359e+00
-1.083512887425609472e+00
-9.966441660473556174e-01
-8.291130556880735858e-01
-8.274191605953601369e-01
-8.274712622771349668e-01
-8.262864981662785269e-01
-4.692698335712491287e-01
-4.697135245048277286e-01
-4.735898411348578585e-01
-3.157367894279758391e-01
-3.160127676642054961e-01
-2.338939129279295204e-01
-2.334815796421526313e-01
-2.328687754330931448e-01
-2.352126176726442586e-01
-2.377828876486716980e-01
-1.649444712158111004e-01
-1.649622715111134508e-01
-1.887642886606682724e-01
-1.886562549176111769e-01
-1.885416018270535121e-01
-1.891992642222096732e-01
-1.885550884109401804e-01
-1.656615486582271313e-01
-1.657325734933955963e-01
-1.973478729078553817e-01
-2.183312136001996917e-01
-2.183192774835127914e-01
-2.164806764070259237e-01
-2.056834815083720958e-01
-2.055790559306033549e-01
-2.149502970462587870e-01
-1.986340894271449165e-01
-2.150811366092590660e-01
-2.185145848438307115e-01
-2.213635424891560455e-01
-2.213691589182124053e-01
-2.214754485686727947e-01
-2.213623016551504452e-01
-2.207648598961705066e-01
-2.208049052660824019e-01
-2.441804594085533187e-01
-2.442105772967316235e-01
-2.444250387564167737e-01
-1.655700388403829049e-01
-1.651736734192740808e-01
6.735611064909757806e-02
6.560407231984495546e-02
6.176685292294519652e-02
6.087856704237686739e-02
5.239585373550181141e-02
5.497150781678293574e-02
4.918935808741055349e-02
3.966050569921553831e-02
3.442877981914641700e-02
3.044886881646634291e-02
2.949209174672869430e-02
2.901613880935898990e-02
2.901123305167319436e-02
1.878872507569477601e-01
1.877967609378453084e-01
1.800628896824038871e-01
1.817463877009997952e-01
1.816624243315353993e-01
1.820121695907736814e-01
1.983725475729108123e-01
1.983300357258976077e-01
1.997282681073999089e-01
1.998174539371430081e-01
1.875348740181191354e-01
2.648205274012923605e-01
2.647746559774690756e-01
2.545014515743249661e-01
2.544355181395299703e-01
2.541737555430350626e-01
2.541871877704974803e-01
2.541109011550896080e-01
2.538872849962389711e-01
3.438224832988939772e-01
3.486029561934549381e-01
2.786425389522395601e-01
2.789807732003624086e-01
2.669863362797095241e-01
2.669933383736111665e-01
2.860705445431380167e-01
2.858977731043931825e-01
2.670019537968865153e-01
2.681556036586233982e-01
2.681907800264926589e-01
2.684174494359977126e-01
4.175990083703253197e-01
4.176131113341677303e-01
4.011162758860924993e-01
4.011647025857799087e-01
5.605614571831111226e-01
5.605563109295114144e-01
5.606291177051279107e-01
5.609526332860296227e-01
5.609684554957073965e-01
5.610001429317316157e-01
5.609855372395897710e-01
5.607016608497249477e-01
5.606767800370195953e-01
4.520754640317459216e-01
4.532422111369986961e-01
4.540315819285522525e-01
5.593361756168740984e-01
6.104504688431623416e-01
6.656836419848854991e-01
8.030748951512660661e-01
8.031277622776602509e-01
8.038198294384512055e-01
9.235776620685102190e-01
9.240196499006146924e-01
1.043527658068017727e+00
1.043510987960205805e+00
1.043554928999769649e+00
1.027126691357327593e+00
1.027104044090509261e+00
1.009906046922374401e+00
1.009850769100644641e+00
1.009810238385939085e+00
1.010621547513416818e+00
1.010788502110309128e+00
1.009793213404077461e+00
1.008124962333508901e+00
1.008173381348365760e+00
1.014343638555133209e+00
1.134112828692479757e+00
1.124772744735005769e+00
1.124789518006496625e+00
1.091697092654199119e+00
1.087532410394691951e+00
1.087523806710441354e+00
1.087543898423626754e+00
1.087449602525567771e+00
1.087169112831381845e+00
1.087276106980379131e+00
1.087299036996230983e+00
1.254169106647214260e+00
1.254289218674544015e+00
1.336801918490428953e+00
1.221039167475970411e+00
1.221098656282606720e+00
1.221266800149263476e+00
1.221274995754284109e+00
1.308215099425056760e+00
1.337453872146427969e+00
1.337473887323591626e+00
1.337492750427663912e+00
1.337527417800600249e+00
1.337634218851334378e+00
1.337603044977032196e+00
1.336389904819706986e+00
1.393313252681166903e+00
1.393306322203769154e+00
1.366447806243723084e+00
1.366088189428214639e+00
1.366092334849281942e+00
1.366129962487941496e+00
1.366095387492017865e+00
1.366096148961464918e+00
1.366140277944483339e+00
1.460030303965827336e+00
1.460001309671990377e+00
1.460229890768002914e+00
1.460224751460360348e+00
1.460194595092415559e+00
1.460257696036120656e+00
1.460253435653321219e+00
1.460339912087103231e+00
1.438864604550580406e+00
1.507652021917704088e+00
1.506303414935267648e+00
1.555947996525168575e+00
1.555683400004313155e+00
1.528987435168397857e+00
1.528750689128691054e+00
1.578853539131968464e+00
1.578679007304437887e+00
1.578805558123737907e+00
1.578834143973101733e+00
1.705373385286951482e+00
1.703823493709460957e+00
1.804158756444205425e+00
1.837081793716619060e+00
1.837107002018728785e+00
1.861193296642251527e+00
1.861024061026323340e+00
1.859323583383458045e+00
1.859348728763041247e+00
1.859384578872866012e+00
1.829850342598336344e+00
1.829943524005529509e+00
1.829798619725183650e+00
1.829795210508935233e+00
1.829769560408211149e+00
1.829762136268288319e+00
1.829834088700077244e+00
1.829544199555243278e+00
1.829956504506139225e+00
1.822558867247061620e+00
1.822568805276910897e+00
1.822441749443737269e+00
1.822701373463692986e+00
1.794302168518422613e+00
1.794323662862935764e+00
1.794344760289659835e+00
1.762529808887096427e+00
1.762585605759228624e+00
1.833734117085801474e+00
1.833736631811474505e+00
1.833758590942652145e+00
1.833696456975103528e+00
1.833603528333376254e+00
1.833597320404508180e+00
1.833612307166793132e+00
1.896461632290362465e+00
1.896500536917974378e+00
1.896517673728147502e+00
1.896301665858586061e+00
1.896283774272939482e+00
1.896648630373966027e+00
1.889060330936894960e+00
1.889061743949137950e+00
1.889174392463693009e+00
1.889168252705362594e+00
1.889186511705389648e+00
1.889180125571765290e+00
1.979785377047768247e+00
1.979707743897328953e+00
1.979712552284522697e+00
1.931507022604360913e+00
1.931247717372289507e+00
1.931245468653785213e+00
1.931203082630934098e+00
1.931194043374994340e+00
1.931534120738307214e+00
1.931480472173906726e+00
1.931467601169350345e+00
1.931413363395970251e+00
2.038614728810905330e+00
2.034061273709094841e+00
2.034320316315147981e+00
2.034329098329375363e+00
2.034335778466695555e+00
2.034445656984825490e+00
2.034583072635606893e+00
2.034297851626139852e+00
2.034303760550632223e+00
2.034264485150439672e+00
2.034287990015551717e+00
2.027510735056573310e+00
2.027024156536399779e+00
2.026920942501410305e+00
2.026901771904676242e+00
2.026940543347350854e+00
2.026777844040739129e+00
2.021353017075502301e+00
2.019959691551715508e+00
2.021020310489072269e+00
2.021026326830431152e+00
2.020849847466736904e+00
2.020803724581859306e+00
2.020828964865777788e+00
2.020916418250419788e+00
2.021348801602197653e+00
2.011526901508625897e+00
2.011534356010076241e+00
2.011307665101500497e+00
2.011361310613595244e+00
2.011294849427732512e+00
2.011338427447745936e+00
2.011826288371343807e+00
2.011823266160877477e+00
2.011893278177017574e+00
2.012869260934949889e+00
2.013608460912783116e+00
2.161258133505364221e+00
2.031287738318957370e+00
2.031388036092781846e+00
2.031519123252039982e+00
2.031388594590332275e+00
2.031482103242344017e+00
2.031509825201270658e+00
2.030934536973581395e+00
2.030872447459137753e+00
2.030869413168404858e+00
2.030825966578887254e+00
2.030498425216128222e+00
2.174930058481606920e+00
2.261972168361539914e+00
2.258230765920774985e+00
2.258132921470923815e+00
2.258063365084029606e+00
2.302323060146167055e+00
2.302328610140244258e+00
2.298856848670762787e+00
2.298873297298204665e+00
2.298777769046938424e+00
2.298730815313335452e+00
2.298674715803723512e+00
2.298702318467205963e+00
2.298681867413268520e+00
2.320359436331776770e+00
2.320982674573986770e+00
2.321000402629557424e+00
2.321093034160123469e+00
2.326947699629217325e+00
2.326949211753167379e+00
2.326956913722164622e+00
2.326729238024930257e+00
2.360888031128340003e+00
2.361298663203479808e+00
2.361363748543623409e+00
2.403891871511857126e+00
2.403779035485634985e+00
2.403741048749392206e+00
2.402761612868692165e+00
2.402808175386903056e+00
2.402778289224996477e+00
2.398225159269317786e+00
2.398237046381613169e+00
2.398303497831197006e+00
2.398183206762090069e+00
2.398190176503524285e+00
2.398239997381639288e+00
2.398276696513408357e+00
2.397783557377669350e+00
2.397742506329860745e+00
2.397753532813308830e+00
2.397743781007843022e+00
2.397990481326339740e+00
2.397973819850653054e+00
2.395690383874668150e+00
2.393325212041567784e+00
2.393143475119358765e+00
2.892550520193636121e+00
2.892538760027213662e+00
2.892470463746225739e+00
2.892511179935454368e+00
2.892500208245826876e+00
2.892564135006854720e+00
2.892577739831507788e+00
2.896317799249013447e+00
2.896306890575875315e+00
2.896684034511968875e+00
2.893014804048645416e+00
2.892845144636202903e+00
2.892818230952360903e+00
2.893142795166399495e+00
2.888348055342080389e+00
3.007050537127020640e+00
3.007013325118664593e+00
3.006983707220649560e+00
3.006935165335491877e+00
3.007041301102870712e+00
3.007042129432899724e+00
3.007034641323633295e+00
3.007032955571970145e+00
3.009134565337545197e+00
3.009135315454344983e+00
3.009158712258007018e+00
3.009180223067562832e+00
3.009169155328081047e+00
3.009165922499249302e+00
3.009184591774828554e+00
2.974510041063871402e+00
2.974518610099432525e+00
2.974502071415795257e+00
2.974498884498297802e+00
2.974587753042080340e+00
3.009408131780426654e+00
3.009483890536286843e+00
3.009490343271338464e+00
3.009428327869227093e+00
3.009404834150853247e+00
3.009391351786477209e+00
3.009114230157628800e+00
3.009149128842187881e+00
3.008833288914157578e+00
3.239107946925608328e+00
3.239062793890699954e+00
3.239044656146429002e+00
3.376379909809115176e+00
3.376377060385143736e+00
3.376127920239472058e+00
3.376149891935673164e+00
3.376148576729125050e+00
3.376146362682336033e+00
3.379471619561167373e+00
3.398596831665663398e+00
3.398593463043919627e+00
3.398565688841171717e+00
3.398205876734438746e+00
3.398025352171857527e+00
3.484276117543040119e+00
3.484314094007324059e+00
3.484314047594848862e+00
3.484241780980589009e+00
3.484275542321500385e+00
3.484259860653023733e+00
3.483878888444134070e+00
3.483860629136178666e+00
3.484922035816611974e+00
3.501471847005073190e+00
3.501451032725113599e+00
3.501448379668753663e+00
3.501465186015732645e+00
3.501390413293202553e+00
3.501324669650446975e+00
3.501373033556494097e+00
3.501404126473725231e+00
3.501413723412146961e+00
3.501377627240828794e+00
3.501363539001626002e+00
3.501332963522186148e+00
3.563756141189108551e+00
3.563749750779570125e+00
3.563711293495820165e+00
3.563736130836584692e+00
3.563747022532629760e+00
3.518416823806557403e+00
3.518402437226737955e+00
3.518379833579271310e+00
3.480626591105171475e+00
3.480630892215536232e+00
3.480633714683758040e+00
3.480868567165674055e+00
3.480958547415011761e+00
3.488793300697766053e+00
3.489000465312872556e+00
3.489048405899747962e+00
3.489053624218857230e+00
3.498076448763276503e+00
3.497863155166531790e+00
3.499699046493801813e+00
3.499700600746814327e+00
3.499709971794185748e+00
3.499778234007304256e+00
3.499714581008259717e+00
3.499730442809850572e+00
3.536949036187687412e+00
3.538384604990254534e+00
3.538374865386704649e+00
3.538381086142213583e+00
3.522019362142454035e+00
3.666562983909698037e+00
3.666568457692271910e+00
3.666325469508202151e+00
3.666421342601434485e+00
3.666150952404259034e+00
3.666142722330155923e+00
3.734840254795968040e+00
3.734849764102145642e+00
3.734809413724124116e+00
3.734662416528984341e+00
3.734678878801430457e+00
3.734670842264668611e+00
3.734628227219667806e+00
3.734595457163051968e+00
3.734593635259944922e+00
3.734365543857150804e+00
3.734317917989353752e+00
3.734313337893045759e+00
3.734307925299778397e+00
3.734324734381577304e+00
3.722753290138431481e+00
3.852693471932105762e+00
3.852700828743545802e+00
3.892067443840213858e+00
3.892039937953586826e+00
3.891995636796461433e+00
3.894286768383715014e+00
3.894322227403585579e+00
3.987052820826134880e+00
3.980953866498473825e+00
3.980895184209316984e+00
3.994985470745663125e+00
3.994980847467742180e+00
4.109807112750795355e+00
4.091323900661125279e+00
4.091350979360975693e+00
4.090971003317629417e+00
4.090967484818978761e+00
4.091044529019169929e+00
4.091053440601298163e+00
4.091079542312870743e+00
4.091098201677962010e+00
4.091248503610458442e+00
4.091162684644003456e+00
4.091016490581266929e+00
4.092098893898522327e+00
4.091935585632084482e+00
4.091928889661190283e+00
4.092198015899130681e+00
4.092200449166085718e+00
4.092216978635503821e+00
4.092298830662654652e+00
4.092323781994311460e+00
4.093065356978979885e+00
4.093047143344908712e+00
4.092873414916269326e+00
4.087668276743808171e+00
4.087740388081008369e+00
4.077296765205114859e+00
4.183768140739095642e+00
4.183769779626569374e+00
4.183756599754370420e+00
4.183911099660923227e+00
4.183902756840008230e+00
4.184419367135413736e+00
4.184452786418989767e+00
4.184526054192899025e+00
4.184423918417547128e+00
4.184423661857396226e+00
4.184407710052024498e+00
4.184548841217034187e+00
4.362929517125550660e+00
4.360804484766686251e+00
4.483387549245438919e+00
4.483371370380007548e+00
4.483359521005398918e+00
4.513532333925223128e+00
4.513549715766179027e+00
4.536901646469398308e+00
4.536623428467063235e+00
4.536514238951115274e+00
4.536521648912253291e+00
4.536667565531025126e+00
4.536696854033855253e+00
4.536686781920868050e+00
4.536666631778492054e+00
4.536668715335137492e+00
4.536670121897021346e+00
4.539164188770447694e+00
4.547459169636852039e+00
4.547541357720128019e+00
4.547441149809101191e+00
4.547684631265527244e+00
4.547520296608706047e+00
4.547304688332248546e+00
4.547290628599406581e+00
4.547284241558542384e+00
4.552651997458943889e+00
4.552654931036428820e+00
4.552674642907565072e+00
4.536927551501379163e+00
4.536916848945327985e+00
4.536935141724303122e+00
4.537427440672151313e+00
4.537394358866821520e+00
4.536812107077474288e+00
4.537765362150031123e+00
4.534459841326485829e+00
4.534456462606193838e+00
4.534460190325962259e+00
4.534460588291942429e+00
4.534471373726095322e+00
4.534464931986926572e+00
4.534826613351075508e+00
4.534874834555229661e+00
4.534851520599319841e+00
4.535134404732989566e+00
4.535137035912299552e+00
4.535144587192248444e+00
4.735938029750232481e+00
4.735946735120319495e+00
4.735943269604155681e+00
4.721207615298107285e+00
4.721199479485723494e+00
4.721367800157951322e+00
4.721353753291242406e+00
4.708504121550970645e+00
4.708518421796370923e+00
4.708538882532367964e+00
4.706736569280560722e+00
4.706819957428042045e+00
4.707723465203789814e+00
4.707725445659603380e+00
4.707828455294690961e+00
4.707826942538990700e+00
4.707800975823598577e+00
4.707803377083545904e+00
4.707745066152051017e+00
4.707828640691650079e+00
4.710190019957418706e+00
4.701597832873465777e+00
4.700145915731903656e+00
4.707864269692967341e+00
4.707868261167490687e+00
4.577151849519462523e+00
4.577157283157130330e+00
4.577232413130934319e+00
4.577225762762004102e+00
4.577213004591282441e+00
4.577559206985544193e+00
4.577467087546095215e+00
4.577455967775501122e+00
4.577449526207584718e+00
4.577425222451170228e+00
4.577357850276311702e+00
4.577366952050231141e+00
4.577435768208198752e+00
4.577411518753965680e+00
4.577405113562856620e+00
4.767695336571264875e+00
4.768794975700035188e+00
4.768793993805626741e+00
4.769351424567511266e+00
4.769354927285203161e+00
4.764823902323593430e+00
4.764833368710218231e+00
4.764827216109996932e+00
4.764428712596194160e+00
5.015451344083593277e+00
5.015452948539341982e+00
5.015476344426892830e+00
5.015474476962104688e+00
5.015474691907511939e+00
5.015489797889530976e+00
5.015485484957530105e+00
5.015513617604663743e+00
5.030292946595317005e+00
5.029355755378593251e+00
5.029311303253149568e+00
5.029334080989000810e+00
5.030103028384552921e+00
5.030080587108270329e+00
5.030006516779089942e+00
5.030004066678494645e+00
5.030079104167260340e+00
5.030075137490481296e+00
5.030076215114676508e+00
5.030091230030146576e+00
5.030575516979779671e+00
5.030578409676844664e+00
5.030604779885251787e+00
5.030256512134513081e+00
5.030255449025210268e+00
5.030287200274520032e+00
5.030321392227849131e+00
5.030323033672798871e+00
5.030110424639191891e+00
5.030214091413322208e+00
5.030233633972111207e+00
5.030228993509609836e+00
5.030249161100108779e+00
5.030949671826340897e+00
5.030948323233005226e+00
5.008698003695055689e+00
5.008700467275696511e+00
5.008707210904847607e+00
5.008721744621631444e+00
5.008695365677993117e+00
5.008686791118338810e+00
5.008699306989791822e+00
5.008693253469346018e+00
5.008648646140152927e+00
5.008648005509265033e+00
5.008598377545027347e+00
5.010930154407370551e+00
5.010938160853602774e+00
5.010973773586473001e+00
5.010976141122017502e+00
5.010411305738739607e+00
5.012968931917749948e+00
5.012668553418931694e+00
5.012662851857588642e+00
5.012670434946539189e+00
5.012671250189373318e+00
5.012532153198624663e+00
5.012433450125946877e+00
5.011739399407735718e+00
5.011734725448365957e+00
5.011732446574080235e+00
5.011735878811890643e+00
5.012296128278497243e+00
5.012292441306489543e+00
5.012310595631768173e+00
5.011895287798106224e+00
5.011899050717336657e+00
5.012554987971308051e+00
5.012509187663212629e+00
5.012526139381098922e+00
5.240926403211870976e+00
5.240935277359472622e+00
5.240936006085686216e+00
5.240918467686204174e+00
5.240920972137643297e+00
5.240927152695000757e+00
5.240935982531752302e+00
5.240957314428746017e+00
5.240954857806820577e+00
5.241367236995406742e+00
5.241355215878797047e+00
5.433265657801591431e+00
5.433258009482804241e+00
5.433149240079407249e+00
5.433143392029898600e+00
5.433174584408937413e+00
5.432423603973738579e+00
5.432284961012381785e+00
5.432308196604528128e+00
5.433829177343702632e+00
5.433748756899249521e+00
5.433753964096416311e+00
5.433579175014142670e+00
5.433555194966199764e+00
5.433557341898388238e+00
5.433538668605872424e+00
5.459053877057401749e+00
5.473351982216278167e+00
5.473317199071049188e+00
5.473312384927263352e+00
5.473291251737674834e+00
5.473293867664494883e+00
5.473289565657496247e+00
5.473278652460893845e+00
5.473280626761470202e+00
5.473283110190504175e+00
5.473251786482536296e+00
5.473255648290050956e+00
5.473310914391452009e+00
5.472624504309925086e+00
5.472622038970434311e+00
5.472623914373747844e+00
5.472632700447467968e+00
5.472635050452952399e+00
5.472721592508309918e+00
5.472672411708385809e+00
5.472348771146717361e+00
5.472354533906186091e+00
5.472353616906763030e+00
5.472321921832666192e+00
5.472324292530273304e+00
5.472357367832822561e+00
5.472396335573859183e+00
5.472396765572780986e+00
5.475930145868642462e+00
5.475925629255444349e+00
5.475911914450500184e+00
5.475915585444290024e+00
5.475919966384837245e+00
5.475832364096413940e+00
5.474982079618243347e+00
5.480292948171065603e+00
5.480283874392397614e+00
5.480311938479579759e+00
5.480322227744009567e+00
5.480318565020266597e+00
5.479863763911127172e+00
5.479878184331449908e+00
5.479880252924411721e+00
5.478031919253028903e+00
5.478018695959397277e+00
5.478021525594901853e+00
5.478020321256799718e+00
5.478019463430205072e+00
5.478012104822089334e+00
5.478009222378798171e+00
5.477987600358951603e+00
5.477993422491782560e+00
5.477963557318973109e+00
5.477966149490803183e+00
5.477967696441880641e+00
5.477955462560438527e+00
5.477952076415481208e+00
5.477962155349044515e+00
5.477966234052778383e+00
5.480909315668632154e+00
5.480901580456579048e+00
5.480650727642559339e+00
5.481751538596832951e+00
5.471111992535421464e+00
5.458637317461784377e+00
5.458640697728537106e+00
5.458644293513470025e+00
5.458655322940154875e+00
5.459067193929302064e+00
5.459049700385359749e+00
5.459046959777317909e+00
5.459043803748079959e+00
5.458865848880778415e+00
5.458872848495111008e+00
5.458870959706042747e+00
5.457168674952478149e+00
5.457166131440232881e+00
5.457265276554224442e+00
5.457328457928502630e+00
5.457330577681712924e+00
5.457340768195754421e+00
5.457320141890940057e+00
5.457292848790562090e+00
5.457284438953849737e+00
5.457314097207470738e+00
5.457467878205815026e+00
5.455752095165851578e+00
5.457148682063469813e+00
5.457176042746531230e+00
5.457174997943240236e+00
5.457166767019830722e+00
5.455557732503399038e+00
5.720087738404138200e+00
5.720094235857408727e+00
5.720093360184026032e+00
5.720096530414768843e+00
5.719919655131009861e+00
5.719631739417117444e+00
5.719623573643988657e+00
5.719614142932757161e+00
5.719612714203773152e+00
5.719610764753335630e+00
5.719604914144983177e+00
5.719609895937033173e+00
5.719614802349167526e+00
5.719623554595773207e+00
5.719655806064046111e+00
5.705033860936589818e+00
5.705033373721021484e+00
5.705047207925480812e+00
5.705356712160361887e+00
5.705355476699672579e+00
5.705334567210066155e+00
5.705333294813824452e+00
5.688174853202673020e+00
5.688180406722395333e+00
5.688175160999448643e+00
5.688125763855977901e+00
5.665650616597152300e+00
5.665646836676432763e+00
5.665642261310303240e+00
5.665647250195346096e+00
5.665646004498682942e+00
5.666817022967359563e+00
5.666822051215793188e+00
5.633816578529652119e+00
5.666837944318746878e+00
