# 2*np.log[MAD(r)] for 100 flights; 1000 steps per flight; run 34 of 50; mu: 1.50; seed: 33
-2.143085448379297020e+01
-1.900798318119189645e+01
-1.711919226594730858e+01
-1.597803574366836443e+01
-1.510714569688070874e+01
-1.485919898731384414e+01
-1.369613596534385813e+01
-1.292693023742599401e+01
-1.258744233264679657e+01
-1.204726863250186852e+01
-1.192425984888038037e+01
-1.160138924652715708e+01
-1.135755298914206435e+01
-1.120443028748209358e+01
-1.099960295569338520e+01
-1.024801791167417697e+01
-1.025931256782892476e+01
-1.020783653262908430e+01
-9.416681093915352463e+00
-8.855141451052359614e+00
-8.722416788455564784e+00
-8.733871343846844937e+00
-8.758671626556164824e+00
-8.575800956008775344e+00
-8.261776816886767350e+00
-8.191116877291875653e+00
-8.207505654087489333e+00
-8.156167018022030035e+00
-8.114718063332992060e+00
-8.125962772037862436e+00
-8.045770916808912432e+00
-7.829726755553477524e+00
-7.832605520672119681e+00
-7.228935031093034702e+00
-7.177006982742045516e+00
-7.174199810449758630e+00
-6.712063421811643060e+00
-6.554266720924589507e+00
-6.434744984394237477e+00
-6.439988977990982022e+00
-6.433193772587625148e+00
-6.358322200400954749e+00
-5.916511663413897004e+00
-5.924460109184617629e+00
-5.924597286840952215e+00
-5.835656803354925870e+00
-5.842496183284591638e+00
-5.921709618440318401e+00
-5.890909946275425746e+00
-5.906304460531866418e+00
-5.800228167897264697e+00
-5.825704340494588962e+00
-5.737915692980207538e+00
-5.719416867900492640e+00
-5.747504427149425332e+00
-5.678071910594858274e+00
-5.669547490053758132e+00
-5.617330805259076243e+00
-5.423139045536562897e+00
-5.423568591405769190e+00
-5.228336268710783052e+00
-5.151815957271820068e+00
-5.169225480459328281e+00
-5.168728862473232155e+00
-5.168524259460651749e+00
-5.183593006948474802e+00
-5.135995890798636943e+00
-5.120527898087217977e+00
-5.067033503315450993e+00
-4.951034226538276961e+00
-4.983073410249375890e+00
-4.998262071724923317e+00
-4.999741353788626164e+00
-5.029262974894018967e+00
-4.982699923069485948e+00
-4.832373850632611934e+00
-4.786727884737847383e+00
-4.789651400397644920e+00
-4.798939649907278060e+00
-4.797408248727832003e+00
-4.753731701953223698e+00
-4.607070566717513138e+00
-4.419321199618601703e+00
-4.461454766279453921e+00
-4.345397578722806742e+00
-4.342857368297917908e+00
-4.432174468778298682e+00
-4.395752879728435758e+00
-4.408415941409410621e+00
-4.315716746170405571e+00
-4.084354746457366403e+00
-4.083884140764749482e+00
-4.032037056766013094e+00
-3.986960918238504625e+00
-3.987252914760447631e+00
-4.040550493178158398e+00
-4.041146283744716960e+00
-4.036841439998532621e+00
-3.909934740865983915e+00
-3.853613363128257419e+00
-3.852443885457095263e+00
-3.804985408404091718e+00
-3.804628941673002362e+00
-3.814248464205642453e+00
-3.723378147882868028e+00
-3.717319026223132372e+00
-3.457282439242455485e+00
-3.459166666993271022e+00
-3.446092860178902484e+00
-3.213698350561526418e+00
-3.211826985438933857e+00
-3.207914853897691376e+00
-3.207582880094996813e+00
-3.133190319601362628e+00
-3.137520364101695325e+00
-3.133185120181671834e+00
-3.133408976628465847e+00
-3.142202386354117305e+00
-3.139311402613819357e+00
-3.127119210174269082e+00
-3.142183797148090374e+00
-3.143404825787552870e+00
-3.150184990262318241e+00
-2.932425565181580485e+00
-2.873070948050817641e+00
-2.905788483853948279e+00
-2.806368158602853047e+00
-2.806817047999095482e+00
-2.708601086886058606e+00
-2.737365749983558416e+00
-2.738446085712561207e+00
-2.769722820433307309e+00
-2.766032842869894814e+00
-2.767154400302366923e+00
-2.755526469224223618e+00
-2.754738373010277908e+00
-2.747540732484422321e+00
-2.744900043180087845e+00
-2.429940989687251029e+00
-2.430029355362940180e+00
-2.429874743453956043e+00
-2.429931715334530118e+00
-2.430089190793651266e+00
-2.430066825996301638e+00
-2.436238215348087710e+00
-2.436805142909257427e+00
-2.437041563744164030e+00
-2.437098728636677425e+00
-2.412332228358436303e+00
-2.412274385031877966e+00
-2.398665267152501279e+00
-2.397884143977600413e+00
-2.228191513756961228e+00
-2.093507937895907389e+00
-1.898173607706237220e+00
-1.910943379264032682e+00
-1.911952590148742193e+00
-1.914324113688586237e+00
-1.913534462679845394e+00
-1.882038674370009046e+00
-1.704703936277488951e+00
-1.704501874210999635e+00
-1.708862940302660283e+00
-1.706309921988102385e+00
-1.706278768126024303e+00
-1.495017497789595584e+00
-1.502457984085104226e+00
-1.549811801994610772e+00
-1.376332863286750197e+00
-1.193562181305386050e+00
-1.196100080176757618e+00
-1.196635157749340816e+00
-1.195938477834664004e+00
-1.195835341052199796e+00
-1.195614700028543087e+00
-1.195922618609010168e+00
-1.202126803981340419e+00
-1.206606603696838143e+00
-1.048422030549724049e+00
-1.049743080040821841e+00
-1.049798953245998812e+00
-1.041762494047106857e+00
-1.041270312090134320e+00
-1.027822397634186036e+00
-9.662183168160184410e-01
-9.662642322593655297e-01
-8.451708844277775468e-01
-9.549808917044424472e-01
-8.484010920179001491e-01
-8.482590761783566080e-01
-8.480730637201945310e-01
-8.467508217966857043e-01
-8.488177371773625302e-01
-8.544807875280016063e-01
-8.609519619469278018e-01
-7.731005552791430091e-01
-7.732769609949636802e-01
-7.837277732618466164e-01
-7.837381176941718985e-01
-7.732863416112325528e-01
-7.732896788615654105e-01
-7.859230088131192726e-01
-7.767875728588029549e-01
-7.769414621109853591e-01
-7.765769177515483568e-01
-7.857218186671597326e-01
-7.863336302175670811e-01
-7.863546833449190920e-01
-7.870977265802484579e-01
-7.870979381276402842e-01
-7.871314904285303671e-01
-7.993754733098660248e-01
-7.993518095662508482e-01
-7.998089025635645166e-01
-7.996519697197503884e-01
-7.995821623043319892e-01
-8.291453658236521695e-01
-8.288801845597302265e-01
-8.288491847917508482e-01
-8.014436096950611210e-01
-8.014571466527912191e-01
-8.018177863059210431e-01
-8.017971584042535849e-01
-8.015515680559833767e-01
-8.021076675046098226e-01
-7.917958133576549207e-01
-8.039115509241278046e-01
-8.038943133350705539e-01
-8.038929058860616594e-01
-8.039903813205605543e-01
-7.099938917741345223e-01
-7.085728064929475156e-01
-5.279388895272224547e-01
-5.278933859955246000e-01
-5.101652908597706926e-01
-5.100300457996110870e-01
-7.025811726535082791e-01
-7.225563645842869587e-01
-7.142471814633548632e-01
-7.297928735935392819e-01
-7.297846600792049498e-01
-7.299729208038630013e-01
-7.282506860791535530e-01
-7.299444382231435879e-01
-7.291010763126852812e-01
-7.289759977469513208e-01
-7.284338303207326115e-01
-5.255350782274550436e-01
-5.255019719143299017e-01
-5.492061191041648360e-01
-5.491604971877516173e-01
-5.491081009326920226e-01
-4.004006826525248197e-01
-4.004759523635070817e-01
-4.005918713569697198e-01
-2.287863538058282908e-01
-2.289016764327961584e-01
-1.215094956041104929e-01
-1.214570792011361450e-01
9.377115154903376687e-03
9.347041413349476552e-03
1.012601856504200676e-02
2.997859873152143861e-01
2.997994295331448678e-01
2.829834022468076804e-01
2.772373158995877218e-01
1.190971559931087997e-01
1.191123806000146390e-01
1.192174724826679799e-01
1.191575085737691525e-01
1.190943448724766374e-01
1.190686482768545662e-01
1.511873356032791271e-01
3.601201466363395109e-01
4.972730251540853907e-01
4.972689288489354209e-01
4.972065136981480560e-01
4.971495431372119356e-01
4.984233091490890555e-01
4.983544896277087299e-01
4.987840746314140539e-01
4.994610458221045990e-01
4.992001072008300233e-01
4.854326170423782782e-01
4.954109412702373261e-01
4.956680165483724476e-01
4.984809200422085085e-01
4.984630063060877525e-01
4.986022322807515672e-01
4.885391833836270625e-01
4.887928413449338372e-01
4.887964603557666821e-01
4.929338745923916854e-01
7.333019756493524000e-01
9.409932824690911968e-01
1.048953604547806062e+00
1.008765472784876938e+00
1.008770578001247697e+00
1.005487858357739128e+00
1.006686538255695762e+00
1.006691957110145808e+00
1.010525543493243417e+00
1.010524682746098524e+00
9.926408245226794325e-01
9.925842303422401924e-01
9.926126879832204430e-01
9.925973120855783316e-01
9.924949686767138290e-01
9.973784674464659661e-01
9.604194942447985550e-01
9.603853033329864397e-01
1.014756395321203764e+00
1.224036050306329004e+00
1.347984508284532978e+00
1.333966352934638167e+00
1.347969309137788008e+00
1.343948103061529675e+00
1.535547046352826461e+00
1.535613548603704803e+00
1.535744619645336595e+00
1.535767576382745636e+00
1.535881417297583651e+00
1.527936415284742111e+00
1.530218760772521946e+00
1.530568573567530288e+00
1.530561956757506170e+00
1.527974045659229674e+00
1.527901377724483201e+00
1.525939166705141625e+00
1.521894064389068379e+00
1.697036559734265815e+00
1.656754440517438809e+00
1.664361040050111873e+00
1.663360286550183975e+00
1.663380809138968131e+00
1.663382937559683583e+00
1.663341371972609783e+00
1.664417282615301419e+00
1.662416373037596928e+00
1.662544721812373449e+00
1.671877334756244116e+00
1.672007054319098573e+00
1.672029240419742102e+00
1.672016008711531887e+00
1.672023299430678955e+00
1.641325791365634279e+00
1.638549517072461548e+00
1.641392070387868607e+00
1.641378911115747297e+00
1.641331474105017119e+00
1.641327865851545109e+00
1.641326687334440981e+00
1.793560222724277065e+00
1.793550001656473603e+00
1.793804963331539604e+00
1.842255609471846745e+00
1.842380173745079119e+00
1.842401518424259477e+00
1.842360352109276178e+00
1.873785974819947908e+00
1.873766813665247222e+00
1.877164097938639475e+00
1.877313039659906924e+00
1.877274264030249107e+00
1.877282257313348968e+00
1.892868781533739719e+00
1.893206441808307439e+00
1.893163599059273450e+00
1.882641515804617915e+00
1.882638920887699685e+00
1.882815283668129780e+00
1.866864650675616355e+00
1.866589927373977664e+00
1.991566124796432025e+00
1.967639882922217476e+00
1.968924961486981040e+00
1.969997307759947303e+00
1.969994365782706591e+00
1.969634139439039089e+00
1.969638869017275473e+00
1.969695945442853091e+00
1.969684378506439293e+00
1.969695806393000570e+00
1.969781135627929558e+00
1.969542503301743741e+00
1.969452839949326739e+00
1.969753958282308925e+00
1.969667767446145801e+00
1.954574040738655150e+00
2.061377122466201417e+00
2.055218392870167499e+00
2.056147525687720634e+00
1.996571532067372701e+00
1.996566332109097397e+00
1.996588206401632259e+00
1.996625003558947231e+00
2.069573894809874748e+00
1.996583844691791398e+00
1.997664167489079157e+00
1.998557477037865127e+00
1.989352864867725224e+00
1.989399187358329213e+00
2.108601112092019836e+00
2.108717820293247946e+00
2.108736375056339263e+00
2.108738287139424905e+00
2.108774149917253649e+00
2.108769682526257849e+00
2.126016558200721107e+00
2.125994012439870851e+00
2.125863532767974906e+00
2.126025762999264490e+00
2.126275006648767896e+00
2.126232568752421503e+00
2.126246114221640671e+00
2.126274852280593208e+00
2.126309320816688331e+00
2.126151352746173284e+00
2.129819745179375001e+00
2.129789258050524658e+00
2.129418473392285627e+00
2.128509335802219127e+00
2.132300845659650168e+00
2.132304067727277097e+00
1.982981719825520850e+00
1.982831871767943399e+00
2.132844883853834528e+00
2.132834484658862273e+00
2.132827443283116242e+00
2.132893016369094674e+00
2.132828906757117338e+00
2.132794100667879889e+00
2.132807865432126082e+00
2.132781105603871019e+00
2.132695337723836015e+00
2.132701351120681821e+00
2.132801351540917434e+00
2.132694442529920575e+00
2.132758004831615484e+00
2.132757554793910160e+00
2.132755283433555249e+00
2.132754613482198636e+00
2.212847449074910156e+00
2.212889948641860283e+00
2.212877336183130428e+00
2.211149153238586962e+00
2.211180333007126464e+00
2.211160260591557680e+00
2.211140752328749404e+00
2.190831191466448669e+00
2.190811592079676906e+00
2.190841189870747385e+00
2.190952298796999820e+00
2.190902304632113662e+00
2.433153302864766943e+00
2.433161061300674888e+00
2.693855607267888974e+00
2.693923473096296206e+00
2.695420881273960401e+00
2.695408423097738204e+00
2.695344425481926098e+00
2.691673339698353207e+00
2.691021026003822314e+00
2.665332387629912869e+00
2.665339514651480002e+00
2.665319780362145785e+00
2.665017522122729687e+00
2.665014262350321239e+00
2.665130090338857283e+00
2.665162884374254304e+00
2.665247481361143311e+00
2.592500472811872125e+00
2.592475658880316836e+00
2.592469969107713990e+00
2.592394909508763057e+00
2.592394557379057218e+00
2.592383555434288667e+00
2.588199038769932514e+00
2.588315262040115527e+00
2.588307392429681109e+00
2.587997682872086536e+00
2.665239837245975352e+00
2.605787020266292053e+00
2.677149178625181758e+00
2.609586122348105164e+00
2.609479470055097838e+00
2.609500216013465934e+00
2.609465452469274194e+00
2.609551114545893391e+00
2.609562656414580406e+00
2.610796092124122669e+00
2.610846460935311253e+00
2.610902876160031028e+00
2.610888668416497804e+00
2.607304990146436907e+00
2.607310429244371619e+00
2.607375658955395359e+00
2.607486068857186368e+00
2.675699695859981020e+00
2.675880247368514819e+00
2.675670180980110668e+00
2.674893036296334792e+00
2.675191637735395478e+00
2.675109196982136339e+00
2.675176869964876580e+00
2.675399711515356493e+00
2.673977146419924011e+00
2.758083420953146181e+00
2.758074927354698946e+00
2.758094701223318346e+00
2.758204182755581879e+00
2.758173624937787949e+00
2.758148361362427359e+00
2.759811231778078078e+00
2.932615701873949376e+00
2.932606024825766600e+00
2.932910207151131932e+00
2.932915371887711675e+00
2.932853221446152236e+00
3.053385391855225617e+00
3.053358663776562398e+00
3.053359075684633162e+00
3.053345864821621181e+00
3.053302682763029186e+00
3.053388469377011027e+00
3.053261527735767089e+00
3.053208052045674137e+00
2.986863897869930007e+00
2.986865107574990130e+00
2.986862239319538759e+00
2.986866040667078614e+00
2.986851008574758382e+00
2.986611456674059362e+00
2.986612322768007477e+00
2.986956621580595606e+00
2.986954170542474252e+00
2.986971095909896956e+00
3.150193267449365120e+00
3.150216794644519869e+00
3.150158385564245656e+00
3.150146531923017523e+00
3.150164059512833958e+00
3.276931585807830061e+00
3.277177059977455009e+00
3.277184766849797981e+00
3.327640860332349515e+00
3.327633043354118136e+00
3.327657618336732348e+00
3.327653368097961639e+00
3.327654098290072859e+00
3.327655853326378033e+00
3.327637561428092194e+00
3.327630229114290739e+00
3.327623714835024060e+00
3.327640468722793177e+00
3.327641010357698548e+00
3.327628216358342605e+00
3.327621699039643222e+00
3.356816218766365267e+00
3.356685884577630841e+00
3.356635764699782420e+00
3.535403483773830846e+00
3.536118749218694735e+00
3.536046163595085723e+00
3.535606593643873197e+00
3.523265770947753062e+00
3.523267408619705776e+00
3.523854661551073075e+00
3.523832149678297387e+00
3.523833592090550137e+00
3.523828636756233479e+00
3.523765120402068796e+00
3.523741205549931088e+00
3.523758598405623665e+00
3.523731014599562172e+00
3.523729485490716407e+00
3.523728694486321977e+00
3.578983587071731698e+00
3.579080992061211219e+00
3.578781531902248236e+00
3.578777884036515644e+00
3.578737979861183582e+00
3.578718436005346781e+00
3.579557995420397543e+00
3.579562535051843852e+00
3.603095928563591954e+00
3.603089342213960045e+00
3.627028383187398841e+00
3.627029987151110912e+00
3.627046612161088035e+00
3.627038081683962023e+00
3.627000711925226106e+00
3.626993343353401400e+00
3.627077217518710928e+00
3.627091910549903098e+00
3.626818877806014640e+00
3.626809137896367385e+00
3.625860866484641676e+00
3.732512188734562031e+00
3.732488073159597075e+00
3.732491195859060529e+00
3.732490938988490381e+00
3.733657520378645955e+00
3.733745618138261779e+00
3.733563323604609074e+00
3.733548454818569784e+00
3.733528564987703469e+00
3.812580910079988783e+00
3.812619936710161639e+00
3.944252420547988081e+00
4.046596412853013192e+00
4.048718101286192805e+00
4.048714438386811665e+00
4.024327696568589907e+00
4.024315981967347966e+00
4.077922583415769076e+00
4.202700594319119354e+00
4.202686882411533986e+00
4.248608529334223505e+00
4.247742078036297997e+00
4.247792611273546903e+00
4.248071899650600614e+00
4.248079938448922732e+00
4.247714738383282729e+00
4.247606926328449717e+00
4.247897695440962629e+00
4.248455593691585541e+00
4.248443215864120326e+00
4.248420350518106403e+00
4.248385808271509134e+00
4.249036972471173179e+00
4.275119885074957438e+00
4.275517525842126076e+00
4.275529488277575396e+00
4.275526460230985037e+00
4.275474396019415479e+00
4.275470674816912009e+00
4.248778991606633859e+00
4.248813808939001291e+00
4.248806531749926840e+00
4.248800448227835425e+00
4.248015250939002563e+00
4.248007964070471765e+00
4.335915840665959919e+00
4.335919090571138668e+00
4.337552111380324149e+00
4.334287169798089145e+00
4.334293994882380652e+00
4.334223778982206454e+00
4.334707341058678942e+00
4.334975303428354465e+00
4.334596893722338251e+00
4.334581802802075501e+00
4.334630243148541062e+00
4.334625375226991650e+00
4.334647630242791649e+00
4.334706241310869679e+00
4.334724841607656920e+00
4.334754499121216575e+00
4.334758086837086744e+00
4.334857015277464143e+00
4.334838673654816787e+00
4.334836888035453306e+00
4.334722963525162065e+00
4.334783702011081985e+00
4.334657008584757776e+00
4.334665201868149076e+00
4.334679336036926678e+00
4.336147091190787783e+00
4.336142349187778855e+00
4.336143410767305362e+00
4.336137164629913165e+00
4.336142042237608685e+00
4.336097781110641591e+00
4.336105864884019390e+00
4.336108887355891284e+00
4.336459532331933708e+00
4.336527976703464127e+00
4.336532054508276168e+00
4.336774492851897200e+00
4.317377695995953779e+00
4.317337768601661629e+00
4.313769828595013678e+00
4.313762607239189251e+00
4.312555213268785437e+00
4.312658292859937958e+00
4.310897442892024145e+00
4.309210956684246696e+00
4.309128232740414788e+00
4.309120113086666315e+00
4.309127630495305006e+00
4.309118697603354420e+00
4.309123561087973009e+00
4.309164192895177159e+00
4.309161956009522676e+00
4.309174200232629204e+00
4.309077746592504532e+00
4.309061000553041865e+00
4.309720172381418024e+00
4.309661074053838803e+00
4.309609027058246333e+00
4.309608446083987410e+00
4.309615265034472564e+00
4.309609793064888450e+00
4.308942877385832482e+00
4.308941840338717633e+00
4.308992857951886357e+00
4.307877029009002712e+00
4.307907624469364372e+00
4.307903557306207887e+00
4.415094143812227756e+00
4.415095127741720304e+00
4.415150163123541027e+00
4.415142113124897350e+00
4.415161888472962204e+00
4.415165081941585079e+00
4.415161666714855215e+00
4.415161924664562143e+00
4.415273466798296020e+00
4.415674429747588725e+00
4.415344833315644202e+00
4.415347608663107160e+00
4.422020245974949582e+00
4.422020016286114519e+00
4.421998705490802095e+00
4.421982821104946559e+00
4.421978209475083688e+00
4.421694035859982108e+00
4.415176709732926419e+00
4.391830057781390018e+00
4.391828656788864471e+00
4.391790935614382718e+00
4.391794778217707140e+00
4.391783013234547006e+00
4.391774814916712621e+00
4.391796137742248085e+00
4.391787233801783152e+00
4.395531253294725715e+00
4.395559799907032605e+00
4.395571244071385664e+00
4.395474403687176235e+00
4.395493545201420993e+00
4.395516135639011779e+00
4.395498911429156941e+00
4.395499781209863066e+00
4.395538759812575691e+00
4.419810204683403576e+00
4.419815776854766121e+00
4.419811959162645465e+00
4.419802404947301255e+00
4.419801514552297306e+00
4.425102390943465025e+00
4.425038642647096232e+00
4.424630848278141571e+00
4.424637203927308526e+00
4.424590346058058898e+00
4.424637247051567357e+00
4.424656043158126550e+00
4.424779058769032325e+00
4.424780838048889109e+00
4.424778717234440606e+00
4.424782299347783443e+00
4.425230474325080543e+00
4.424130824078569724e+00
4.424128263045310483e+00
4.424353659089610424e+00
4.424349260321356780e+00
4.424024899664914301e+00
4.424014759095177496e+00
4.424268809371346478e+00
4.424282620925762188e+00
4.423362929307098845e+00
4.423246100744014697e+00
4.423304522597911514e+00
4.423293362833885745e+00
4.420482911631546941e+00
4.455104966458221405e+00
4.454848190629245863e+00
4.454853456507601450e+00
4.453838268579485060e+00
4.453836992553190655e+00
4.453705161291142467e+00
4.453665997242028496e+00
4.453655425876010376e+00
4.453724242835360059e+00
4.453558679858848457e+00
4.453555887761706522e+00
4.453939070800758238e+00
4.453932357616626092e+00
4.453919047321584834e+00
4.454051670164153265e+00
4.454076854632755378e+00
4.454071111321770360e+00
4.454262610348040496e+00
4.423158900461249488e+00
4.423179576306547567e+00
4.422988958552477534e+00
4.423027236251896532e+00
4.423056490149761544e+00
4.423032879082664515e+00
4.423008530578462327e+00
4.422773420735855332e+00
4.422773471376320487e+00
4.429550824691867561e+00
4.429547961651707055e+00
4.429545665806549515e+00
4.429541734776302420e+00
4.429546268980079304e+00
4.429531079674491778e+00
4.429588756240728564e+00
4.429669373382420616e+00
4.428388637516330384e+00
4.428325671179674572e+00
4.476211687154157737e+00
4.476224107356491011e+00
4.476231841608692363e+00
4.476226936029283898e+00
4.476238825140439026e+00
4.606025956786319320e+00
4.606080488029732578e+00
4.606083511261056529e+00
4.606105525852867366e+00
4.606054036663052464e+00
4.561130113177852330e+00
4.561681071106304053e+00
4.561601475737726119e+00
4.561604269374238463e+00
4.561608221166341792e+00
4.561672227317552064e+00
4.561680740121365929e+00
4.561692535262882764e+00
4.561210021317903873e+00
4.567389357228185176e+00
4.567378655840226287e+00
4.567389279067775476e+00
4.567375914004963455e+00
4.567372887200144227e+00
4.711583253210151589e+00
4.711571925706403263e+00
4.753587532536758253e+00
4.753537910576229208e+00
4.753538422687030085e+00
4.753511084157542754e+00
4.830190779526919442e+00
4.830147757464163583e+00
4.814262232822966503e+00
4.814248039820121505e+00
4.814153860308181265e+00
4.814148366692517556e+00
4.814959585513976847e+00
4.814896889253197365e+00
4.814997608260354944e+00
4.814990499217141284e+00
4.812782310311610523e+00
4.810258747085438102e+00
4.810248860312777985e+00
4.810274706580915272e+00
4.811964906899785177e+00
4.811837077355733960e+00
4.811852320704485209e+00
4.811831634957719928e+00
4.811713673693611248e+00
4.811709166278873795e+00
4.794622783566482305e+00
4.853631682849793627e+00
4.853613682925880468e+00
4.853637552016563106e+00
4.853636846246478953e+00
4.853639418812718098e+00
4.853643581310612021e+00
4.853213242338865641e+00
4.853217104219515576e+00
4.852984365061313810e+00
4.853200115099559397e+00
4.853513323021465986e+00
4.853532712635039381e+00
4.853521612721266365e+00
4.854184474503417945e+00
4.851698605252050100e+00
4.851710067260762926e+00
4.851706696230875693e+00
4.851709052771795427e+00
4.851550715315512186e+00
4.851404927848581572e+00
4.851364208894515251e+00
4.855211747837399727e+00
4.963182929746734473e+00
4.963173110383824138e+00
4.963175724229349939e+00
4.966352467845454477e+00
4.970125635621079674e+00
5.144927963979925245e+00
5.144935622169072076e+00
5.144718621213677956e+00
5.144718804250285160e+00
5.144727559041304410e+00
5.144688925355732856e+00
5.144707997224951868e+00
5.144709004553672749e+00
5.144203584784697192e+00
5.144212189333265961e+00
5.151921162623025907e+00
5.151942739862839460e+00
5.151947513268768652e+00
5.151920705627697217e+00
5.147104070210228421e+00
5.147124214576861867e+00
5.139422202280500507e+00
5.139423750064302077e+00
5.139389358430046073e+00
5.135992464510987787e+00
5.130687456661477519e+00
5.130652714616064536e+00
5.130707086395533523e+00
5.130699291698844533e+00
5.130682026988899302e+00
5.130712676976718178e+00
5.130689273923376703e+00
5.130648901197214506e+00
5.130650582567103157e+00
5.130954536640701669e+00
5.131054328160333355e+00
5.131164577314548225e+00
5.118853499534435691e+00
5.118860127864366838e+00
5.118833011030030633e+00
5.148555801385634290e+00
5.148553659149706974e+00
5.148538829201910083e+00
5.148573081956574704e+00
5.148573039316237221e+00
5.148570878394881589e+00
5.283858364876049762e+00
5.283859090034149553e+00
5.287455162002211217e+00
5.287447661558617007e+00
5.287204383489413573e+00
5.425810141251498742e+00
5.425821700544908310e+00
5.425842788018265139e+00
5.425987634039326934e+00
5.425993192587268865e+00
5.424722645159944179e+00
5.424690153872350429e+00
5.424736913889113943e+00
5.424743910446199635e+00
5.424749099154236198e+00
5.424756928328326566e+00
5.405344329395269654e+00
5.405264526248815038e+00
5.405345080559275317e+00
5.405345621389641586e+00
5.405341566674012554e+00
5.405257059168283362e+00
5.405291095545870839e+00
5.405244061601251815e+00
5.405253577906096396e+00
5.404454670122296633e+00
5.404457598883833036e+00
5.404414962041416359e+00
5.404409023543028212e+00
5.404398745760096823e+00
5.389384672876811777e+00
5.389385710612337732e+00
5.389448784392734559e+00
5.389468298095259513e+00
5.389469039261432393e+00
5.389478655691772424e+00
5.389461589414517917e+00
5.389517373866612893e+00
5.389512846385374978e+00
5.389510930878390838e+00
5.389506209572791917e+00
5.389509898169149160e+00
5.389501613978068484e+00
5.384425816542114163e+00
5.384487453126791223e+00
5.410117537610769745e+00
5.410114604119642401e+00
5.410116614819633796e+00
5.410101720035729755e+00
5.410103563570300089e+00
5.410257133164415144e+00
5.410265072629634631e+00
5.410252303037183630e+00
5.410251170799596387e+00
5.410259949918275524e+00
5.410221931805091700e+00
5.410233475925366520e+00
5.411787682476167483e+00
5.487097492224363826e+00
5.495757952086089304e+00
5.495779868737261431e+00
5.495774842396744297e+00
5.495750045299725883e+00
5.571752250720092725e+00
5.571757087441516987e+00
5.571795389122866204e+00
5.571795496111676016e+00
5.571792332423528116e+00
