# 2*np.log[MAD(r)] for 100 flights; 1000 steps per flight; run 21 of 50; mu: 1.50; seed: 20
-2.121333028534950671e+01
-1.808560969382524064e+01
-1.699267703616540004e+01
-1.645595847738099238e+01
-1.510508115799116879e+01
-1.446668522035040994e+01
-1.412805935873448782e+01
-1.372278929566922123e+01
-1.325726831352272583e+01
-1.287122366942985963e+01
-1.283401394217227143e+01
-1.260419504118141631e+01
-1.187941745269694493e+01
-1.157519692435594294e+01
-1.133969258959375104e+01
-1.106789046935528908e+01
-1.101636882882580437e+01
-1.098601258799763514e+01
-1.084323511234905446e+01
-1.068559300306518622e+01
-1.069702453984232626e+01
-1.060137684389655455e+01
-1.030744227877624475e+01
-1.005562172855751690e+01
-9.946164609680053559e+00
-9.678164186905624078e+00
-9.678484206298424652e+00
-9.367930543897303508e+00
-8.981063758484465254e+00
-8.926523494958891192e+00
-8.820090101458832876e+00
-8.668327735560115599e+00
-8.457624973864062312e+00
-8.479053278692283868e+00
-8.363526319432248002e+00
-8.375209902821298513e+00
-8.383934689639687576e+00
-8.261090793052307646e+00
-8.128137973822591178e+00
-8.150681703947711298e+00
-8.246159854553452462e+00
-8.181321813117580888e+00
-8.060441886230220732e+00
-8.018297558287047266e+00
-8.042352047172565577e+00
-7.967984857612396610e+00
-7.931141564395437271e+00
-7.980932866663258629e+00
-8.031807254359119241e+00
-7.705642900667084128e+00
-7.311591305018358966e+00
-7.034138839658848674e+00
-6.884727234096095216e+00
-6.928704806220227219e+00
-6.779724645875480959e+00
-6.778798557182581952e+00
-6.630512849421742239e+00
-6.605477235479987108e+00
-6.572663757983368882e+00
-6.400658714165788687e+00
-6.419597327522610364e+00
-6.378023453451897140e+00
-6.622782342380584275e+00
-6.624590459040994972e+00
-6.388647916015997907e+00
-6.327584629763457258e+00
-6.265542173816607274e+00
-5.656981258348109165e+00
-5.710106823147128807e+00
-5.710574478452116409e+00
-5.581171871234921866e+00
-5.591370781809822610e+00
-5.591579120504826861e+00
-5.566113020488968388e+00
-5.565950165983013065e+00
-5.564344484572437466e+00
-5.572025167373746868e+00
-5.386416491740204648e+00
-5.346041343817850233e+00
-5.343944457411986981e+00
-5.224674115932936402e+00
-5.238871825733377285e+00
-5.062144892076569036e+00
-5.065366062990246832e+00
-4.527612632483719146e+00
-4.527752548237307550e+00
-4.527062566007411526e+00
-4.524293072955432926e+00
-4.524322888232711115e+00
-4.388888739470877098e+00
-4.391671922823510599e+00
-4.090431919366674940e+00
-4.105567350821814010e+00
-3.868869198373089180e+00
-3.832906689660702693e+00
-3.833858469147345183e+00
-3.569109257539126112e+00
-3.248610653813545746e+00
-3.248651073577392800e+00
-3.193346886695044962e+00
-3.199738416813916242e+00
-3.145898797169809580e+00
-3.064220914698476683e+00
-3.064220815326258673e+00
-2.922628589606754979e+00
-2.926734983824527792e+00
-2.922347376584910172e+00
-2.764865746984646488e+00
-2.646093229404303138e+00
-2.514527281052476582e+00
-2.530891334828822448e+00
-2.530911441359338987e+00
-2.607966355688225324e+00
-2.608282563955950373e+00
-2.586454623151416943e+00
-2.586538859207327512e+00
-2.500098551416018111e+00
-2.547327295749206577e+00
-2.551445935868639214e+00
-2.499920075508502482e+00
-2.396575238944455677e+00
-2.267749605272586066e+00
-2.174992416736279743e+00
-2.156379271283756616e+00
-2.147080733023104315e+00
-2.147523318878584941e+00
-1.861571657541275515e+00
-1.867948624845990002e+00
-1.596019777042525734e+00
-1.596179512833044267e+00
-1.628725765904058376e+00
-1.628885453068072087e+00
-1.628966370413981402e+00
-1.636304554072756989e+00
-1.641765172032275233e+00
-1.573611183653635726e+00
-1.588005311633129635e+00
-1.558742842321634070e+00
-1.564063119399159874e+00
-1.563001523274829774e+00
-1.586130654798562079e+00
-1.563545570894345982e+00
-1.520650362659314192e+00
-1.466443809084348793e+00
-1.298374381198602157e+00
-1.185161505075589039e+00
-1.100981094353238543e+00
-1.100832355521434103e+00
-1.100797256523467826e+00
-1.100670231712076230e+00
-1.102388206020630479e+00
-7.575272840377202943e-01
-6.495465432381606341e-01
-5.770085942034015591e-01
-5.869453730785582080e-01
-5.667486660180151015e-01
-5.219849793576354369e-01
-5.112066060012313562e-01
-5.112410631739996436e-01
-4.803372242881566723e-01
-4.801512508249733968e-01
-4.831114898760029419e-01
-4.432335249156298396e-01
-4.432927616785906078e-01
-4.433355826783521580e-01
-4.597757933057061708e-01
-4.600230219396536646e-01
-4.603754926834505157e-01
-4.603582473354803084e-01
-4.558845928484336341e-01
-3.704760570589346047e-01
-3.098390602979255726e-01
-3.103647410897894532e-01
-2.569702187537554194e-01
-2.562688962340970988e-01
-2.571059662356252606e-01
-2.571882021974303267e-01
-2.641749989903051654e-01
-2.643043650767624708e-01
-2.644168914066122311e-01
-2.143874995813863371e-01
-2.186218721909831686e-01
-2.253521019710547635e-01
-1.928779533277783786e-01
-2.029554296867080165e-01
-2.029525956650798102e-01
-1.647761241868212212e-01
-1.649028397749635610e-01
-1.648941768299199140e-01
-1.662418524264825670e-01
-1.577518661893240470e-01
-1.577193584096275303e-01
-1.581248224233397504e-01
-1.580335882456233298e-01
-1.580767478298780171e-01
-1.585910896130847403e-01
-1.585948584839833864e-01
-1.563136708035228195e-01
-1.562870698330799946e-01
-1.721251676143226439e-01
-1.721858453960175284e-01
-1.721021078752609235e-01
-1.721285518312480334e-01
-1.726371473274540824e-01
-1.752239264331528490e-01
-1.721390153042637594e-01
-1.721840191396175057e-01
-2.764275603157014330e-02
-3.470520951780069890e-02
-3.508972269350492390e-02
-3.460808539681936580e-02
-3.452263853998171345e-02
-3.678386716407368306e-02
-3.425183899403952403e-02
-3.429866251823013301e-02
7.357473008052636820e-02
7.368176671243979736e-02
7.350632422774108776e-02
7.373370781855934086e-02
7.465710863143110165e-02
2.103637948901846549e-02
1.252875266862219505e-01
1.597475565414997467e-01
1.595246323857549553e-01
1.592236737446931782e-01
1.592786805331649347e-01
1.424927450962589770e-01
1.425143664112337727e-01
1.424753942431983278e-01
1.363372418802554498e-01
1.355682647944440322e-01
3.149739121441352818e-01
3.149459946061899385e-01
3.159081734157958565e-01
3.158477834585640687e-01
3.158552141801042601e-01
3.161773563446083624e-01
3.194682624902795975e-01
3.183594469480738876e-01
3.184239326334808440e-01
3.192929114311008343e-01
3.191764931981684317e-01
3.192177708838235262e-01
3.126361000838409065e-01
3.126720694565395808e-01
3.125171656150967370e-01
3.127093588478730424e-01
3.150448447466309143e-01
3.149626003493926074e-01
3.149214066791222733e-01
3.147200459750680301e-01
3.147267952700163463e-01
3.150911796728439462e-01
3.309297563770737249e-01
3.309363027615982999e-01
3.420308289627035370e-01
3.437127920795272629e-01
4.935387919743089991e-01
4.935597416026762385e-01
4.973211998465939532e-01
4.975025976373202430e-01
4.975349643132123689e-01
5.336021152156646963e-01
5.333163302325045763e-01
5.438285923922470122e-01
5.440603968892117059e-01
6.698965900288524900e-01
6.698975899890424746e-01
6.697768831996659955e-01
7.711420938189523788e-01
7.708953083469893830e-01
8.301268356870052934e-01
8.301432748097472558e-01
8.303499728922916212e-01
8.289518374948567914e-01
7.814706622494177468e-01
7.815863660117270406e-01
7.809663411162610647e-01
7.820436514606811107e-01
7.823181959726420720e-01
7.822068473482459705e-01
8.271732977089609751e-01
8.704481787279751970e-01
1.343104434062415642e+00
1.331120504710854746e+00
1.333592582738650334e+00
1.325282436330335711e+00
1.315302970650848557e+00
1.523335784446569807e+00
1.523326192583866812e+00
1.526167385098111451e+00
1.533867039224959372e+00
1.754194494066417809e+00
1.757236735061661115e+00
1.755783316056013676e+00
1.755789045176074481e+00
1.756376440729513266e+00
1.756226643233661067e+00
1.755083554897414855e+00
1.755041971817392410e+00
1.755018180001909123e+00
1.907595701476163308e+00
1.907830017912891973e+00
1.907841717931506587e+00
1.907833797322629144e+00
2.029426252210807746e+00
2.029464478905750990e+00
2.030650311287421239e+00
2.029634971733166537e+00
2.024746895789516277e+00
2.024861749139054368e+00
2.024796127587263239e+00
2.024958652569566198e+00
2.024945244059799254e+00
2.022086111388969876e+00
2.022071985394441995e+00
2.017930016754418965e+00
2.017322795638025745e+00
2.017511981129381127e+00
2.017444624858033553e+00
2.017276788681764188e+00
2.017281891843738517e+00
2.017271606044040766e+00
2.017749003294055488e+00
2.017632710755193237e+00
2.030821533806262291e+00
2.099869885682794202e+00
2.099927854707887676e+00
2.099969709504330595e+00
2.102202743658066364e+00
2.101996782204142544e+00
2.104762887308227803e+00
2.104868721685855260e+00
2.104509739549695890e+00
2.166744574098491860e+00
2.165012767624334256e+00
2.168126505752217881e+00
2.377040596841855535e+00
2.377034970504309008e+00
2.377201151972544668e+00
2.446860268846489106e+00
2.447541210194564165e+00
2.447652608980155797e+00
2.447675272509542310e+00
2.447583445793080958e+00
2.447176284423135950e+00
2.447167431610906885e+00
2.447131297573216901e+00
2.447123177939672267e+00
2.447118136282814493e+00
2.447633490964518987e+00
2.447617254131401854e+00
2.488768173496448188e+00
2.488888074396387484e+00
2.489863106926898162e+00
2.491832210717887186e+00
2.491730996872232318e+00
2.491797959566580456e+00
2.485893603839427257e+00
2.485896266535761789e+00
2.487836739838509281e+00
2.487946916461546198e+00
2.487853454479841631e+00
2.494738083066541545e+00
2.494701995272240680e+00
2.494721127494460067e+00
2.494729699761684572e+00
2.494726194015418841e+00
2.494756349605502077e+00
2.510033557808632132e+00
2.653118195684487368e+00
2.663214066814225234e+00
2.663029447950721273e+00
2.640020776159124338e+00
2.640695394090568637e+00
2.640686698520660958e+00
2.640693040968849825e+00
2.641945395671522867e+00
2.642694883014072627e+00
2.642694986715301120e+00
2.643607716070991209e+00
2.643652665042747874e+00
2.649286779062349328e+00
2.644770414428737393e+00
2.619480366168009944e+00
2.619467118598644451e+00
2.619412692356330563e+00
2.619502131282368751e+00
2.619502470174855713e+00
2.619505063743271744e+00
2.619502732132231948e+00
2.595114550174944412e+00
2.597184768638328922e+00
2.597136051185912287e+00
2.596895956404653649e+00
2.596880927745622625e+00
2.596734935085857288e+00
2.596766521613064871e+00
2.596790943163606702e+00
2.596787095302061310e+00
2.611716220484948003e+00
2.616536641468826030e+00
2.607613082105263214e+00
2.607664877319233909e+00
2.607670199283025791e+00
2.607659378482783730e+00
2.607639681893032968e+00
2.610073137825809741e+00
2.664578362268801293e+00
2.664362379101588019e+00
2.724464438842011393e+00
2.723672353067679186e+00
2.723480906574886173e+00
2.733048244041024866e+00
2.715091974189595359e+00
2.736397305038960948e+00
2.736186442489330073e+00
2.736192720904259357e+00
2.736157837418041527e+00
2.736159677365822773e+00
2.736137090328430332e+00
2.736073506786650622e+00
2.737805284988620524e+00
2.752968799971654335e+00
2.753007863594931326e+00
2.752949629387622554e+00
2.737695452825382958e+00
2.737716695893448460e+00
2.735446123601781743e+00
2.735404428407044897e+00
2.735364016069231852e+00
2.741855337338457765e+00
2.750691299347121976e+00
2.750570721983959466e+00
2.797378558212697541e+00
2.860445073594884757e+00
2.860442280848446206e+00
2.860497855874057027e+00
2.860505332067474704e+00
2.860516431626203726e+00
2.846335183486969456e+00
2.846365818339601894e+00
2.846374633042302538e+00
2.846369839096706933e+00
2.846331805270180038e+00
2.846341642719594667e+00
2.846267875442117568e+00
2.846873187880536005e+00
2.846090909174686878e+00
2.846111824187652850e+00
2.846017359882705211e+00
2.831583878580549829e+00
3.002962974261806917e+00
2.993258073606283709e+00
2.993263209294418026e+00
2.993396842661327550e+00
2.993529671973792716e+00
2.992481575501803270e+00
2.992591765796920100e+00
2.992556515692562424e+00
2.993718563246845488e+00
2.993715417567015979e+00
2.993723309630024865e+00
2.993553657629855813e+00
2.993601220685492947e+00
2.993907691107170255e+00
2.993912453275157315e+00
2.993953892219721080e+00
2.995321479502344619e+00
2.995291460538493933e+00
2.995304098637896928e+00
2.995242003427355026e+00
3.163461725270064306e+00
3.163289458283378153e+00
3.163161631361873560e+00
3.163269519472976743e+00
3.150480923099738817e+00
3.150423958311769024e+00
3.153986140468662658e+00
3.200506719899400832e+00
3.200512935433744932e+00
3.449746838662781201e+00
3.449744866657465270e+00
3.449740017831669725e+00
3.449716793672896298e+00
3.449713337090009713e+00
3.449715809398228306e+00
3.636780626275941675e+00
3.636799512665034317e+00
3.636785846431042746e+00
3.449918551042572723e+00
3.449924930139377288e+00
3.428338363953082446e+00
3.428313393445909796e+00
3.428265399460419971e+00
3.427952074571505747e+00
3.636817462472703877e+00
3.636866359299522067e+00
3.636863250506380041e+00
3.636190571376177516e+00
3.636224585229814288e+00
3.636216685403593107e+00
3.636200971827200146e+00
3.636215869931987310e+00
3.636249680765077041e+00
3.637463016350429346e+00
3.637450412124589416e+00
3.639077320842948104e+00
3.639082394348089000e+00
3.639085361617324654e+00
3.639071403917386593e+00
3.631273675970067671e+00
3.610299411456561192e+00
3.610253239253387481e+00
3.610247218477720121e+00
3.609965991977742927e+00
3.609966499494889014e+00
3.695493769652856031e+00
3.695518268374361703e+00
3.692085253659215027e+00
3.685940827468233927e+00
3.712801884294965049e+00
3.712871395196608137e+00
3.713173671525866304e+00
3.713239695990834033e+00
3.713223415482252321e+00
3.713229450206914972e+00
3.713437748408064731e+00
3.713425836367918897e+00
3.713418835597437351e+00
3.713363224855422917e+00
3.713306241599898971e+00
3.713361692582926032e+00
3.743206710898320910e+00
3.743137781893050686e+00
3.733702727494258689e+00
3.733697146510769560e+00
3.733694740742648843e+00
3.733722945478978872e+00
3.733604360977202496e+00
3.733633554472070237e+00
3.707648804956308997e+00
3.709609655263641503e+00
3.709661580324376651e+00
3.709650014073789137e+00
3.709887154243668661e+00
3.820594316225898179e+00
3.820612590611651704e+00
3.808546227264332007e+00
3.800226209870398719e+00
3.800284582013508938e+00
3.800741990955439409e+00
3.817482216987840182e+00
3.915497925157331416e+00
3.923026437237576936e+00
3.923057510392301328e+00
3.922607994820106914e+00
3.922427975309997983e+00
3.924365069630703751e+00
3.924457159200397172e+00
3.908162162216067159e+00
3.908112258943209127e+00
3.908101881271902833e+00
3.908072582970576025e+00
3.900237359093406297e+00
3.900347059421620077e+00
3.900353964174391841e+00
3.900425465973937467e+00
3.900453436125352891e+00
3.900456167741172653e+00
3.900433586656541607e+00
3.900413161467301659e+00
3.900376433225126505e+00
3.899957806788704406e+00
3.899971882266572987e+00
3.900525160551317150e+00
3.900571590323020477e+00
3.900554965124416906e+00
3.900565522776725746e+00
3.921083102622714645e+00
3.921077884170369732e+00
3.920928994719572902e+00
3.920979069472177336e+00
3.897697414050403708e+00
3.918809625484407810e+00
3.917043549962492044e+00
4.030510686633112627e+00
4.030487750975063399e+00
4.030442633763710703e+00
4.030401144770654476e+00
4.030439872137005608e+00
4.030440445306616937e+00
4.030445722411418963e+00
4.030491680967265289e+00
4.012454801374008007e+00
4.012444319480916732e+00
4.012134572390990250e+00
4.012063510011834033e+00
4.118765972257518726e+00
4.118779887915062332e+00
4.118853498662843116e+00
4.118852316009835590e+00
4.118842214685361824e+00
4.118844065935808096e+00
4.121245236296088521e+00
4.124813534297496531e+00
4.124807298689550983e+00
4.124806702968371930e+00
4.124810123036395382e+00
4.124809594746224661e+00
4.124778970406199896e+00
4.124784294256246930e+00
4.124765480485107716e+00
4.124765916464059323e+00
4.128892736512051798e+00
4.131391886941315761e+00
4.131387470516065363e+00
4.131386256669862256e+00
4.173712790738393963e+00
4.174489974039666151e+00
4.175117017934719676e+00
4.175098255189734431e+00
4.174980101012057965e+00
4.178173687530895464e+00
4.178157181279003929e+00
4.137894845933048238e+00
4.137898054414145044e+00
4.139034661919407831e+00
4.179261001265180298e+00
4.179204436757621544e+00
4.178917571789012797e+00
4.178920887834237874e+00
4.178914765729910386e+00
4.178910712457556187e+00
4.178912775634635146e+00
4.178915455488472652e+00
4.178921038882104533e+00
4.178918397868050860e+00
4.178875301225591699e+00
4.178876403537715944e+00
4.178874735628506976e+00
4.178920892762889139e+00
4.178921947866105491e+00
4.178923913054577888e+00
4.178920492312159674e+00
4.155576105379446439e+00
4.155578849426992072e+00
4.155578237505670458e+00
4.155575220011581195e+00
4.155578766366954113e+00
4.155568212446214105e+00
4.155565767665848398e+00
4.155559714401705129e+00
4.155562814845912278e+00
4.253894258668314166e+00
4.290577549998157991e+00
4.290575507212172290e+00
4.290630324914859628e+00
4.290568789321217658e+00
4.290552677456138220e+00
4.290579711222027193e+00
4.290579528884311600e+00
4.290578183986272442e+00
4.291000933802756379e+00
4.291582348458761409e+00
4.291586689309268898e+00
4.291601871993459660e+00
4.291814362684844397e+00
4.291813620442491484e+00
4.291754896985929157e+00
4.291739593991384716e+00
4.291785376021456599e+00
4.291787554433071250e+00
4.296782548626713272e+00
4.301169823468579345e+00
4.378295923797582034e+00
4.378303628730548347e+00
4.378291923924778395e+00
4.378305249794775200e+00
4.378083552293305480e+00
4.378065083955887893e+00
4.378043872915231560e+00
4.378042360700764135e+00
4.435219761990501830e+00
4.435258934082977333e+00
4.435260576864145321e+00
4.435317424665171870e+00
4.347674953459540248e+00
4.435759428243741809e+00
4.435764416765903384e+00
4.435818636766224898e+00
4.435908436799436139e+00
4.436071113824095136e+00
4.436200797151628628e+00
4.436246863735139101e+00
4.436456735636886251e+00
4.436470604573748311e+00
4.434808075399222282e+00
4.433426310585590002e+00
4.446533138284094910e+00
4.446547099233157496e+00
4.446558391578526503e+00
4.446523457146596137e+00
4.446904371276643175e+00
4.446991695023105429e+00
4.419410638070639052e+00
4.419414712738237938e+00
4.419412275669826862e+00
4.420700159782415817e+00
4.420674658195150819e+00
4.415797829334275448e+00
4.415783790893402561e+00
4.415777684821676985e+00
4.415763610898975955e+00
4.415845632342392690e+00
4.384856288087005005e+00
4.384858513881260578e+00
4.415134392358866400e+00
4.415608291490176640e+00
4.415499607385621417e+00
4.415910452464960834e+00
4.415917274359688172e+00
4.416240413112369367e+00
4.415971788682668375e+00
4.415965490951246686e+00
4.416009383107174280e+00
4.416003505795283779e+00
4.414858706605592431e+00
4.414848245997852416e+00
4.414934168530592729e+00
4.513093120527026159e+00
4.513092698866474350e+00
4.513087204848714507e+00
4.513092316047496055e+00
4.513092579625317846e+00
4.513091670935317268e+00
4.512288394920233259e+00
4.512286377957921424e+00
4.512060114323206861e+00
4.512062960246727705e+00
4.512062853260558448e+00
4.511990406409166710e+00
4.511994783530661302e+00
4.511993275431353645e+00
4.512009717634213324e+00
4.512681284683178085e+00
4.512678065974113473e+00
4.512649639075922536e+00
4.512651130982185954e+00
4.512659904199142424e+00
4.512662286213277696e+00
4.512660834130457488e+00
4.512547381098344523e+00
4.667258708655133148e+00
4.667043767671046339e+00
4.666934401542804700e+00
4.686085615675689375e+00
4.686237203007488361e+00
4.683103092473718476e+00
4.683106938458219126e+00
4.683159069268335806e+00
4.840601549421837291e+00
4.840466431064018415e+00
4.840485839864667739e+00
4.840873575434083698e+00
4.840719044855384290e+00
4.840695047821985675e+00
4.840409238679157511e+00
4.840402478771175687e+00
4.840385388817926682e+00
4.840390827555092201e+00
4.840383510248403631e+00
4.840393759229291604e+00
4.840388978083050020e+00
4.840394117359470449e+00
4.840388787914180035e+00
4.837592929497675165e+00
4.837587373495718879e+00
4.837573846820004242e+00
4.837742572080549586e+00
4.837727658036573786e+00
4.837727967268302898e+00
4.837726504268485606e+00
4.857813442285316974e+00
4.871117577222148221e+00
4.859504726469890734e+00
4.859674301573698507e+00
4.859694719766183724e+00
4.859688247826979612e+00
4.859692298909161323e+00
4.859693064451946931e+00
4.859705581583437350e+00
4.859700502661631560e+00
4.859728672192712651e+00
4.859483139053631717e+00
4.859490687739037362e+00
5.117111469715817762e+00
5.117105070295839830e+00
5.117112333322979545e+00
5.117112720755065070e+00
5.117108780005215962e+00
5.117109065962447190e+00
5.117106819256217243e+00
5.117108075419865010e+00
5.117107922266832531e+00
5.117004199935949238e+00
5.116989552542320574e+00
5.116936559374483551e+00
5.095399992561278957e+00
5.097882863518011121e+00
5.097903966113767282e+00
5.097943321743492184e+00
5.098781732151827839e+00
5.098739346561897534e+00
5.098772323910218063e+00
5.098773926144751556e+00
5.098785259244726475e+00
5.098730148956204467e+00
5.095351154620593626e+00
5.095225869140310948e+00
5.095211694159877958e+00
5.095192679575472283e+00
5.095191801053223557e+00
5.098092677947111184e+00
5.098173654731191107e+00
5.097222040173092772e+00
5.121381222569297620e+00
5.121392573136493986e+00
5.121227307044710741e+00
5.121241670246807764e+00
5.121199651675311770e+00
5.143892543425693908e+00
5.143895132005900983e+00
5.143884373115914954e+00
5.143915065064957659e+00
5.144132890552401527e+00
5.144148872914874993e+00
5.144151406019081385e+00
5.144258241018538236e+00
5.144791184517446325e+00
5.144794107077331979e+00
5.144978649839047513e+00
5.144970810955334706e+00
5.144978896643657151e+00
5.144911873637710187e+00
5.144910812171208825e+00
5.144903597679500784e+00
5.144859412261560294e+00
5.144865955966447579e+00
5.144864736515859960e+00
5.350042647892180092e+00
5.350044875368213937e+00
5.350040224053147497e+00
5.349956633767482650e+00
5.329629779379996712e+00
5.329629463988386995e+00
5.329543108021772113e+00
5.329534842888495660e+00
5.329483399743597971e+00
5.329461594256541979e+00
5.329465175273056410e+00
5.310122431452735547e+00
5.310125209986693129e+00
5.310121042575060457e+00
5.310132525094289235e+00
5.310198350851377924e+00
5.311564187082908006e+00
5.311535266172836778e+00
5.311551628833922400e+00
5.311436623437223226e+00
5.311286734500553663e+00
5.294715897699621365e+00
5.294712401055845952e+00
5.294704597776732413e+00
5.294907184855858873e+00
5.294900669089292577e+00
5.311475589734700797e+00
5.311476768032106222e+00
5.311462464171251341e+00
5.359151196164379627e+00
5.359152233037683288e+00
5.365824045174734991e+00
5.367799171271243175e+00
5.367799909715698092e+00
5.367597310195012739e+00
5.367611383066122954e+00
5.367601712427616079e+00
5.367585172034651464e+00
5.367594247348080216e+00
5.367620192971162218e+00
5.367651095517123494e+00
5.367643825789372158e+00
5.367640104073646334e+00
5.368024421968674353e+00
5.367739404312551699e+00
5.367730932693929979e+00
5.367728779637629621e+00
5.367801979776292143e+00
5.367608158243835526e+00
5.367604155683582512e+00
5.367596635672746253e+00
5.367596325363588328e+00
5.367605854924125452e+00
5.367593805799846685e+00
5.367596239523008350e+00
5.445090051086508787e+00
5.445086644990487557e+00
5.445094845369897740e+00
5.445861757307477902e+00
5.445828808993105952e+00
5.445835400080961008e+00
5.445865205470327375e+00
5.445859592129921545e+00
5.447114406212809179e+00
5.447138533974291263e+00
5.447150931764882742e+00
5.447156622337484322e+00
5.447166435763697301e+00
5.447173242388950065e+00
5.446843278167539104e+00
5.446846322815319219e+00
5.446849078459028881e+00
5.445388067995555303e+00
5.449374186183591817e+00
5.448354750953911640e+00
5.448371668564553794e+00
5.448366331489106429e+00
5.448368178412636098e+00
5.433122471354545624e+00
5.433110726500030907e+00
5.433127513404455655e+00
5.433235504671437788e+00
5.433217600299746763e+00
5.438364474629146628e+00
5.438363047725219168e+00
5.438388089761787114e+00
5.438483176894823856e+00
5.438535017353744117e+00
5.438543493358018566e+00
5.438498638199340540e+00
5.438540451746904481e+00
5.438502382995273443e+00
5.438446993556143916e+00
5.438693634603360749e+00
5.438385127737065616e+00
5.481588156058046835e+00
5.481577477003333421e+00
5.481580163885364065e+00
5.485825191584980942e+00
5.485825076616880125e+00
5.485822664790974024e+00
5.485836060650384205e+00
5.485836369368765730e+00
5.485826527294108246e+00
5.485942585703174501e+00
5.485944030841654495e+00
5.486024629774961525e+00
5.486034813303344748e+00
5.486025146826103871e+00
5.486098246353214414e+00
5.486109641991915531e+00
5.486111774574868427e+00
5.486105800210166805e+00
5.486181767093810890e+00
5.486062980221144691e+00
5.486032506216978355e+00
5.486118728738709649e+00
5.477528358308976664e+00
5.477300830750589711e+00
5.477799863886819942e+00
5.478078939597096131e+00
5.478209177573567068e+00
5.517018914096897042e+00
5.517007994052064213e+00
5.516990623759862267e+00
5.516922613287981392e+00
5.516915093972801110e+00
5.516906903686882302e+00
5.516874786414523335e+00
5.516842656402419109e+00
5.516484813734122916e+00
5.516499234647660010e+00
5.516512650375402060e+00
5.527110775468592863e+00
5.553330181189108927e+00
5.543538008532322259e+00
5.527677194749426981e+00
5.527655481982043817e+00
5.527661684444218793e+00
5.527673326816605837e+00
5.527633395708835273e+00
5.536076851109977603e+00
5.535905072658637849e+00
5.535909374286759110e+00
5.535911237343301039e+00
5.535914551954947527e+00
5.535919984497304824e+00
5.535902215440710705e+00
5.535898104114404639e+00
5.535915781112782597e+00
