# 2*np.log[MAD(r)] for 100 flights; 1000 steps per flight; run 9 of 50; mu: 1.50; seed: 8
-1.988963159177279749e+01
-1.825288488729431080e+01
-1.665832467813232398e+01
-1.600447256694552323e+01
-1.545028316068400009e+01
-1.503268869358638327e+01
-1.475983335077425629e+01
-1.349299118069031778e+01
-1.329254427814313466e+01
-1.345548964295939420e+01
-1.278971509911983517e+01
-1.224080491785674063e+01
-1.207461044012101148e+01
-1.200214129217887304e+01
-1.154659916048369439e+01
-1.138530411761007421e+01
-1.091915363345431089e+01
-1.081675557788232744e+01
-1.062882111757425996e+01
-1.055454693762247942e+01
-1.016885262138109169e+01
-1.014201866630273585e+01
-1.002400819148684619e+01
-9.937576344006192386e+00
-9.648271586052610260e+00
-9.044426435330365166e+00
-8.812276085829948258e+00
-8.749685360514833476e+00
-8.539711148114975003e+00
-8.470483193668259858e+00
-8.451181992335477844e+00
-8.286206371589415198e+00
-8.409893407139147570e+00
-8.389172666768637043e+00
-8.376528405271251643e+00
-8.310242981103360904e+00
-7.836129492638939098e+00
-7.835862642302690695e+00
-7.610718936602388851e+00
-7.616323297569607575e+00
-7.491940775391392471e+00
-7.417404292377494102e+00
-7.417520900414174889e+00
-7.315808197824027914e+00
-7.266339879176822336e+00
-7.222754987366222679e+00
-7.197823437341305031e+00
-7.114415421491370850e+00
-7.170295676359263126e+00
-7.159550863271843646e+00
-7.080557498255078741e+00
-7.117017373791553858e+00
-6.991644950770495193e+00
-6.852495158692953225e+00
-6.717108304639709537e+00
-6.736687230906314383e+00
-6.763907609588542869e+00
-6.773723734391976059e+00
-6.593515328966091715e+00
-6.506332758265064520e+00
-6.506325772172104394e+00
-6.495313548896678668e+00
-6.431520650893087776e+00
-6.063295108357897867e+00
-6.080313386869509173e+00
-5.744735931118107430e+00
-5.745157217922042037e+00
-5.724508863720462415e+00
-5.527612336546489757e+00
-5.530128996003343289e+00
-5.471272088379780740e+00
-5.494760600652081273e+00
-5.491704075476711466e+00
-5.479348212292559417e+00
-5.477606610474015092e+00
-5.465751900532113794e+00
-5.482248016231603849e+00
-5.338350397162392014e+00
-5.349717873650088329e+00
-5.069860430364197867e+00
-5.032225037807399382e+00
-4.943682730169880912e+00
-4.938796812071890585e+00
-4.826760198769767030e+00
-4.833660686580325105e+00
-4.649070523967789192e+00
-4.063510956494980064e+00
-3.984031094753102575e+00
-3.786987049913627779e+00
-3.669684754687065897e+00
-3.673382693334418470e+00
-3.679879499315189317e+00
-3.599736264450252854e+00
-3.403502296889089340e+00
-3.247497785245760049e+00
-3.174672047496654770e+00
-3.180679462153800596e+00
-3.062112898775659175e+00
-3.071018601272695658e+00
-2.635897018781200529e+00
-2.634787108376514198e+00
-2.570878421910988365e+00
-2.583346941281422282e+00
-2.600008609183893427e+00
-2.582717098136932510e+00
-2.433364627840008954e+00
-2.433384597849254760e+00
-2.355706541518919117e+00
-2.157873127391308099e+00
-1.880003324467279358e+00
-1.877652861178380927e+00
-1.809446391540736609e+00
-1.809827656730115697e+00
-1.809825208042646238e+00
-1.751072122510481499e+00
-1.750369984713575633e+00
-1.722033504218906996e+00
-1.704603712848686392e+00
-1.706722088427659267e+00
-1.749872323329983104e+00
-1.749959057939636908e+00
-1.749927554250558348e+00
-1.749910349720188663e+00
-1.748920059312070618e+00
-1.749380770640529770e+00
-1.769418087332621070e+00
-1.687121913960803132e+00
-1.687509534344336704e+00
-1.690296667531639763e+00
-1.524083207422040731e+00
-1.590712170829228889e+00
-1.777808382478902161e+00
-1.777476345197034124e+00
-1.777433134073425514e+00
-1.777463714313871401e+00
-1.776810908925689159e+00
-1.776709578073165652e+00
-1.776786278328463808e+00
-1.736348149274544284e+00
-1.736388522100192455e+00
-1.736248507068157254e+00
-1.736309157593769470e+00
-1.736329283424979053e+00
-1.736251150509981134e+00
-1.736536055872504258e+00
-1.586655702153042080e+00
-1.586898194111332483e+00
-1.487966020054300120e+00
-1.487880910586434346e+00
-1.448406328060498183e+00
-1.451221963582715047e+00
-1.450761236301243651e+00
-1.381441645316324074e+00
-1.381583512500134114e+00
-1.381175462718874369e+00
-1.435721304389244501e+00
-1.365366669218325946e+00
-1.364177540209620121e+00
-1.371532796295261480e+00
-1.371169036788880469e+00
-1.256663318004092034e+00
-1.260061640394388505e+00
-1.260170457310475056e+00
-5.559284679263871709e-01
-5.555854332809019303e-01
-5.552867844068728465e-01
-5.551228660963425376e-01
-5.565142894511235783e-01
-4.532133512975980993e-01
-4.698196662746852992e-01
-4.707864424714788276e-01
-3.920914342706336431e-01
-2.612782925667507805e-01
-2.609012716956663480e-01
-1.548238245131918212e-01
-1.513627239427736415e-01
-1.508875570434583535e-01
-2.447843274298152835e-02
-2.354990413728947490e-02
-2.364091265941834982e-02
-2.526520187984620733e-02
-2.419684120500160268e-02
-4.029414607549033217e-02
-4.009820127238165888e-02
-1.679995855542980587e-01
-1.681619044791819451e-01
-8.610637562633942019e-03
-9.932963577248918319e-03
-1.532406198617210225e-01
-1.500797105110159013e-01
-1.500191211368817334e-01
-9.452289430229755471e-03
-1.680798981581610452e-02
-2.931661386081329743e-02
-3.181053935945489519e-02
-3.174562059568998562e-02
-3.805393869115376165e-02
7.004445982849930030e-02
8.105251130876771348e-02
9.396274324502514042e-02
-3.782775069490052627e-02
-3.881462199755353337e-02
-3.874265054554896365e-02
-7.803798455488078489e-02
-7.847201897030378626e-02
-9.498280947672219088e-02
7.206648987816559326e-02
1.726454516199683598e-01
1.726166704034652888e-01
1.723672517024833206e-01
1.721803115725263067e-01
1.724591830541506998e-01
1.726353885142054012e-01
1.725465862413126661e-01
1.969976043379360608e-01
1.964858160860594172e-01
2.089715192095680241e-01
2.090477245474119394e-01
2.086577567201120531e-01
2.085758148600363460e-01
2.085829903762282667e-01
2.085521953621237989e-01
2.088363751401164925e-01
2.088439090746127269e-01
1.956417596018340532e-01
2.088191286917940592e-01
2.898810089906940779e-01
2.725340450652929958e-01
4.297460130525083133e-01
3.960519516826453423e-01
3.961287638152102275e-01
3.965321796548265665e-01
3.807937547288305913e-01
3.807642281001101803e-01
3.807853157256406718e-01
3.794996687242282452e-01
5.917940983333577210e-01
5.916560584375084586e-01
5.917439833678307393e-01
5.920905475897273451e-01
6.108175879627378846e-01
6.108549246417382950e-01
6.111866847277541703e-01
6.111878088669776554e-01
6.132918386638590569e-01
6.132756980742054553e-01
6.125635088789992411e-01
6.126151322840215352e-01
6.126195621695035287e-01
6.126679439913121916e-01
6.126030331372319671e-01
7.463688589596341183e-01
7.466245783257768887e-01
7.473328077324714602e-01
7.469286322908483822e-01
7.467801567676941588e-01
7.696572685564160299e-01
7.727260088268428362e-01
8.004811094684584072e-01
7.716760259288998336e-01
7.719160383222660737e-01
7.719074780418893056e-01
7.719349931559689182e-01
7.719112861197582331e-01
7.718478129414007016e-01
7.990077789765478444e-01
9.482602211809997295e-01
1.209814857642600661e+00
1.209813852250760657e+00
1.209748877222807106e+00
1.209238564600499499e+00
1.236174187684200731e+00
1.236068111663466640e+00
1.215283556831359579e+00
1.222408676800448957e+00
1.222587031372348365e+00
1.222595226445071237e+00
1.222304865114223649e+00
1.221786195077333659e+00
1.220943433440795145e+00
1.220579430932559495e+00
1.220441260239954806e+00
1.220411425639545300e+00
1.201552395737101042e+00
1.201904750180657011e+00
1.201887502282368514e+00
1.388133339942148714e+00
1.388149031336996853e+00
1.388232495326825466e+00
1.388216704971727999e+00
1.388167749916036975e+00
1.388069639913164677e+00
1.388060187396191969e+00
1.388018748355378973e+00
1.388219171940668684e+00
1.388372690087554817e+00
1.388351079929138976e+00
1.388427000269577993e+00
1.388372612603008704e+00
1.388316472623817521e+00
1.388433901040627250e+00
1.472104573772293978e+00
1.542624705536952634e+00
1.542608606602986487e+00
1.542508254072299856e+00
1.542551079157671090e+00
1.542408810199396685e+00
1.542999229639994141e+00
1.543062513497731825e+00
1.522113689159951377e+00
1.520611719708031773e+00
1.520830565562961478e+00
1.515876553128240989e+00
1.515837425518103299e+00
1.514983915998733943e+00
1.546183341382716403e+00
1.566520545884468207e+00
1.566180777517750089e+00
1.566665805533317579e+00
1.787235466639699677e+00
1.787457005116203534e+00
1.787921994224549893e+00
1.787892925461953553e+00
1.781170854707214923e+00
1.776522966754525479e+00
1.777515459036238088e+00
1.777519999963726116e+00
1.679858458950691080e+00
1.679841818652269891e+00
1.685260844307500783e+00
1.679216338848645851e+00
1.679209687054949551e+00
1.679220272677415471e+00
1.823786496103719124e+00
1.823819371343844864e+00
1.823608693098915934e+00
1.824017167218048296e+00
1.824000533326229689e+00
1.824059295243913414e+00
1.925109151943324770e+00
1.924879868353778445e+00
1.920072944404636495e+00
1.914766234750918672e+00
1.914788914418568799e+00
1.914801074977525719e+00
1.939724706170059321e+00
1.939747404065893743e+00
1.939679948256664233e+00
1.939474640746256418e+00
1.939504865172167136e+00
1.939455760870069545e+00
1.939209215292495792e+00
1.939215591865171229e+00
1.938719910710572147e+00
2.031296484680824577e+00
2.031300905313426775e+00
2.031355368809294237e+00
2.023151637516837464e+00
2.023167575202597934e+00
2.022985459956756049e+00
2.023001148984872710e+00
2.023071801857605045e+00
2.022923718575825092e+00
2.021731577516576728e+00
2.021587253662393557e+00
2.036441621044815964e+00
2.036462822810010564e+00
2.036407024444766289e+00
2.036548317443521494e+00
2.036540650090882476e+00
2.036545373833226868e+00
2.036548654411618031e+00
2.036368612158992342e+00
2.022617056318878337e+00
2.024672148641248004e+00
2.024972459887299348e+00
2.028494157835539102e+00
2.028343200390272383e+00
2.028171282371221462e+00
2.028141543296164695e+00
2.116659856417591357e+00
2.115945174260276840e+00
2.115966329272588098e+00
2.115958484177899557e+00
2.115946171009218446e+00
2.115629532881182495e+00
2.115500406409636103e+00
2.115267225862453859e+00
2.115307188249579973e+00
2.115309400357637148e+00
2.117950475905231666e+00
2.117696437569637435e+00
2.112165080717723242e+00
2.112181332331599659e+00
2.112190581060087169e+00
2.089809481380913603e+00
2.089800015476297013e+00
2.179082603570764665e+00
2.288926233073131922e+00
2.289232293548725927e+00
2.298165014158136010e+00
2.298170323273366566e+00
2.297947788594504992e+00
2.297379815031342254e+00
2.297465568841393413e+00
2.297447473264251805e+00
2.308307041353811595e+00
2.308282340505670049e+00
2.308234790488874477e+00
2.308235433103287715e+00
2.308227112750123489e+00
2.308262611879023485e+00
2.308264675828189727e+00
2.295649106345222012e+00
2.295658427795782330e+00
2.292296001069842770e+00
2.292192862592985936e+00
2.292178144198648404e+00
2.346374609959746671e+00
2.346394713571372304e+00
2.424143551511416916e+00
2.468279585431547574e+00
2.468215630857744536e+00
2.460795459850368072e+00
2.460878043614508126e+00
2.459278024454782940e+00
2.457049344964397086e+00
2.457037482729256705e+00
2.455969394785062487e+00
2.456058859012212547e+00
2.443809395992650124e+00
2.483620886241499459e+00
2.483577962137209383e+00
2.505212854215078888e+00
2.505130201522060673e+00
2.504900365421581565e+00
2.506253382195799961e+00
2.509295093483931094e+00
2.509217626559638870e+00
2.509210512018525741e+00
2.509178066687325792e+00
2.509017606467544237e+00
2.508942731769688184e+00
2.508601167287928035e+00
2.508600878891151353e+00
2.501182228776765104e+00
2.501213755355751633e+00
2.496162497705751715e+00
2.496779242071970994e+00
2.496976284130242973e+00
2.495287784601218473e+00
2.484164159956131268e+00
2.545919223048331848e+00
2.545711112635433260e+00
2.545685583903153582e+00
2.545694256429628322e+00
2.545680571113212221e+00
2.540668456197493263e+00
2.540625320057239289e+00
2.540602344788549960e+00
2.540686207438918043e+00
2.540679262604376820e+00
2.540616772379479027e+00
2.540608853020816849e+00
2.540559584104813418e+00
2.540552125708296138e+00
2.588135368369817613e+00
2.588083603212238071e+00
2.588107789524454638e+00
2.597469801870778472e+00
2.597483074607509046e+00
2.596600147550574444e+00
2.596606851685182349e+00
2.596225742682583881e+00
2.596430699383177831e+00
2.639006050708220030e+00
2.622353697825527075e+00
2.622855343559356900e+00
2.620036158157278194e+00
2.635281954474530064e+00
2.743345703553083048e+00
2.743132740489525379e+00
2.743568215315800085e+00
2.743830372654477934e+00
2.743406403327004028e+00
2.793253862583468639e+00
2.792475294570275768e+00
2.789816567256070634e+00
2.811191852124642843e+00
2.811171116573364603e+00
2.811257250700636590e+00
2.811240459089302757e+00
2.811347386210844679e+00
2.811440363492839101e+00
2.809691641312326738e+00
2.809751006252965588e+00
2.809822096103295586e+00
2.809824831653596533e+00
2.809814695300805187e+00
2.809813657728647218e+00
2.814308983157285393e+00
2.814316702507010604e+00
2.814125758456824666e+00
2.814203098797487090e+00
2.820598926748318025e+00
2.820611711368922858e+00
2.820645910938932577e+00
2.820640567491226935e+00
2.820476689269673098e+00
2.820453940821280092e+00
2.820458074439470053e+00
2.904897194491896872e+00
2.904890815255159797e+00
2.905199247367770798e+00
2.905201375958521570e+00
2.881230388682492816e+00
2.917900612025268625e+00
2.917921005761358266e+00
2.917830336263377955e+00
2.917339276023019679e+00
2.917201835781251695e+00
2.917235885105116111e+00
2.917245994676280318e+00
2.962589591258323996e+00
2.962592424107829636e+00
2.962572972933085413e+00
2.961981362516687977e+00
2.969160184333419661e+00
2.969159257091565252e+00
2.976678068773283670e+00
2.977672295280715087e+00
2.982090701316546522e+00
2.982192127974668150e+00
2.969157418035690554e+00
2.969119332826652968e+00
2.969231941885842385e+00
2.969172948224941599e+00
3.060763562498188595e+00
3.060967203042373797e+00
3.060932601293019584e+00
3.061393875566112310e+00
3.150678213683547835e+00
3.071771095583159639e+00
3.071780787979607741e+00
3.071467880702228204e+00
3.071576453790251016e+00
3.073707172051596714e+00
3.075146176085913119e+00
3.075056748526524775e+00
3.074866384446318879e+00
3.074854871454166805e+00
3.074882750650735019e+00
3.074894638689045223e+00
3.074937871345368556e+00
3.074926962093755378e+00
3.074967324773747457e+00
3.155140073000041401e+00
3.155121670770398623e+00
3.155647002487711905e+00
3.155632247472702101e+00
3.155539872947116020e+00
3.279632679724195476e+00
3.279381918889202829e+00
3.280663331121715043e+00
3.280668118529527444e+00
3.280667181149513389e+00
3.280692308892347864e+00
3.300283914185862422e+00
3.299943636131960290e+00
3.302791529586340591e+00
3.302957732720713135e+00
3.302926881687270111e+00
3.301310409912190380e+00
3.301156459763496365e+00
3.301144361456868737e+00
3.301122483179013134e+00
3.301197436715656686e+00
3.301225718915243856e+00
3.301055870109013579e+00
3.300952527984263085e+00
3.301083351612848826e+00
3.301067879910815517e+00
3.301063802311053230e+00
3.278939350869593650e+00
3.278967012259734748e+00
3.278975888828772778e+00
3.278976911007484230e+00
3.282463891608160989e+00
3.282390979360538807e+00
3.282388981159663377e+00
3.282331759935281479e+00
3.282336279833723225e+00
3.290304314008338782e+00
3.290332030345719971e+00
3.290184328839551142e+00
3.290224864455387532e+00
3.290218148994358494e+00
3.290185788164507574e+00
3.290192855044118403e+00
3.290214162747112425e+00
3.274473486500854680e+00
3.274510794814872838e+00
3.274176753658041950e+00
3.274177761187283320e+00
3.274183176588280730e+00
3.274133195988724321e+00
3.274184952281297356e+00
3.274179104187169287e+00
3.274183611974954999e+00
3.274187417414748058e+00
3.274287512973043324e+00
3.274281723339285577e+00
3.281725237709470999e+00
3.281705425526075359e+00
3.281697586751535223e+00
3.281697213122303669e+00
3.281624448877987987e+00
3.281625328570321631e+00
3.264027544472625220e+00
3.264018459806157679e+00
3.264021787073086323e+00
3.264041041967614465e+00
3.263714096005336351e+00
3.244725443433176260e+00
3.244985101825423879e+00
3.244971177964428577e+00
3.252755333798626136e+00
3.246624255056623554e+00
3.246484960805909203e+00
3.246471505886210362e+00
3.246144284476450981e+00
3.247020255853032111e+00
3.247036034207931632e+00
3.331235979593683894e+00
3.331230164175834396e+00
3.331389954676678755e+00
3.331388085656839859e+00
3.289018689853802080e+00
3.289074424752865600e+00
3.289114549529452702e+00
3.289079020823042487e+00
3.219687092126771066e+00
3.219690672547207200e+00
3.233580837239076633e+00
3.233522630236592477e+00
3.233524361817415649e+00
3.233539316696546262e+00
3.233469990794378024e+00
3.233468458738771201e+00
3.234225378947664264e+00
3.234214897808260325e+00
3.234624162717085305e+00
3.234634821561724216e+00
3.234624041512118353e+00
3.234632582148566193e+00
3.234628597745205170e+00
3.193795768477320163e+00
3.330671981336394083e+00
3.328784341883284537e+00
3.328891402231575647e+00
3.329101011122363563e+00
3.329075123912986545e+00
3.329113616048859026e+00
3.313007259685158967e+00
3.313019573020483222e+00
3.313210186995831918e+00
3.313211937670766272e+00
3.313126171772501127e+00
3.343645773277940325e+00
3.343643642213849354e+00
3.373727287537670705e+00
3.373738998038865677e+00
3.360824064282069479e+00
3.366921229660462700e+00
3.366896557838666038e+00
3.366940009437647152e+00
3.373920863125749570e+00
3.374600115240499409e+00
3.374623938075857144e+00
3.374742367028618961e+00
3.375028476147934775e+00
3.374720978043264097e+00
3.374694353014751513e+00
3.374696550438337717e+00
3.374351414311657305e+00
3.374259824468001323e+00
3.374222542358802368e+00
3.348320301386487952e+00
3.397642710782081021e+00
3.397633922130433692e+00
3.397210375992657294e+00
3.383264979627648383e+00
3.383282918832859476e+00
3.383279585910157206e+00
3.383321477433320457e+00
3.379687008313795094e+00
3.379713930982973125e+00
3.373243904213703015e+00
3.373244928415630284e+00
3.373236482936456948e+00
3.380806254177767034e+00
3.380058729893377301e+00
3.411168650018177040e+00
3.411391139858753530e+00
3.411400989936696160e+00
3.411388443350970245e+00
3.411276868602753254e+00
3.452726690798132214e+00
3.452725351847068858e+00
3.452683316141049730e+00
3.452756791161048611e+00
3.452756593335673863e+00
3.453228518804993374e+00
3.453249221181893702e+00
3.453254945674614884e+00
3.453248857155389651e+00
3.453425297342010314e+00
3.453418900765781618e+00
3.453395876910970497e+00
3.491675952051958465e+00
3.491749944599087829e+00
3.492308221835988657e+00
3.492314873740043346e+00
3.565458157592209076e+00
3.512870521638024268e+00
3.492566230814389883e+00
3.492144959149438677e+00
3.492161306860948500e+00
3.492155430281522310e+00
3.492218284063190570e+00
3.492198288739625234e+00
3.492361070297168357e+00
3.492360572347852798e+00
3.490231134261197798e+00
3.490264376711113226e+00
3.455860866697766376e+00
3.455856220623892305e+00
3.455855933830275895e+00
3.455867315357177283e+00
3.455353346366685674e+00
3.455360086084289239e+00
3.455369694089189370e+00
3.455352948994200979e+00
3.454694895729103710e+00
3.454603492774272588e+00
3.454346728261876276e+00
3.454356438897404402e+00
3.441825242907718962e+00
3.441796274422020296e+00
3.440547892335074298e+00
3.440376791184692529e+00
3.440499357030297745e+00
3.440838878288295266e+00
3.567254612590777807e+00
3.567258613908042442e+00
3.727195529009394104e+00
3.727166314791408031e+00
3.727246245422821236e+00
3.787437988550415469e+00
3.787438925880454832e+00
3.827333620897279687e+00
3.827342645660192222e+00
3.826747110048348333e+00
3.826744529957740060e+00
3.825916497339351796e+00
3.825915410386842463e+00
3.825918675636652111e+00
3.825917204003806305e+00
3.825927928634490272e+00
3.826036139871010100e+00
3.826036868739025820e+00
3.844795864386426398e+00
3.941622784076392882e+00
4.001057536015019345e+00
4.001067907521585809e+00
4.001052495570670331e+00
4.001060342967090122e+00
4.001057779360998268e+00
4.001069659094911302e+00
4.001009691671716162e+00
4.001009377047326510e+00
4.000973872268218656e+00
4.001058844621988797e+00
4.001064816669178015e+00
4.000831892473763141e+00
4.000843284851305803e+00
4.082696707932210067e+00
4.082685692981398162e+00
4.082698947823104163e+00
4.089084524784852626e+00
4.086451287935568999e+00
4.085806814860041491e+00
4.085801238265020174e+00
4.085987718459491269e+00
4.085981749040677791e+00
4.085969641037397793e+00
4.085973852555869534e+00
4.080178760374933766e+00
4.080180659036746427e+00
4.080183649952330072e+00
4.079377325365639351e+00
4.079359741315458976e+00
4.079343795159149799e+00
4.079343169708282701e+00
4.079348847443844406e+00
4.087539044031766267e+00
4.087418966513896912e+00
4.088203579721127134e+00
4.088209353040132221e+00
4.088163310744914902e+00
4.088232325745527085e+00
4.066641045350376515e+00
4.068073426367184275e+00
4.068102886678751418e+00
4.067880254261797113e+00
4.091032536139205256e+00
4.091048758866504542e+00
4.091023433589246139e+00
4.091021663382054641e+00
4.091060124591075819e+00
4.091125857124299436e+00
4.091129022926319969e+00
4.091191062018173064e+00
4.091214400725156075e+00
4.091219492239472011e+00
4.091251580983436220e+00
4.195361506027955656e+00
4.195215036384404961e+00
4.195218374095805558e+00
4.240283067028371988e+00
4.271949851100722562e+00
4.271953609893480497e+00
4.271965555505680356e+00
4.271969867537514176e+00
4.266608636350029293e+00
4.266603551482226919e+00
4.266602935446675460e+00
4.266560799110626689e+00
4.266670029601455028e+00
4.266667379921480929e+00
4.266648836282736390e+00
4.266624539366215885e+00
4.311116022714513107e+00
4.311122712095635023e+00
4.310955146753086886e+00
4.343241419074601595e+00
4.343222406005710745e+00
4.343218406881720561e+00
4.343144135873205691e+00
4.342900009188683796e+00
4.342898941972504367e+00
4.342886914467891657e+00
4.342893048520489074e+00
4.342895508059037901e+00
4.343050808334507629e+00
4.343029733404126347e+00
4.342088318131036573e+00
4.342336299659725007e+00
4.342320022448627803e+00
4.342196260644186623e+00
4.342188818517747073e+00
4.342235940269017824e+00
4.342240628022618232e+00
4.342240666443033525e+00
4.342200349297548279e+00
4.342206807524426893e+00
4.342231588206828974e+00
4.342223092403473927e+00
4.342214760694794506e+00
4.342227901163489001e+00
4.342210254343546794e+00
4.343982364812982944e+00
4.343989797476626613e+00
4.343509535936032506e+00
4.343651978490066234e+00
4.343637372795471130e+00
4.343666777488591535e+00
4.333600098558777702e+00
4.333600077352604885e+00
4.333599927277954400e+00
4.333603728968951962e+00
4.333596978974080471e+00
4.333606011405912284e+00
4.357473020761006843e+00
4.357545234382526722e+00
4.357732417751003062e+00
4.357725615394715035e+00
4.357730862206045330e+00
4.357660603796519538e+00
4.357660299794279268e+00
4.357654699433662238e+00
4.357666498099309393e+00
4.357599876565623198e+00
4.357596216000215961e+00
4.359138366375325369e+00
4.359144934399092008e+00
4.334062637403186535e+00
4.434771880432030855e+00
4.434639637614061769e+00
4.434644575661446098e+00
4.434655287711987803e+00
4.434650676477807529e+00
4.433726530419504819e+00
4.433735085873668602e+00
4.433725889818155963e+00
4.430762032727002975e+00
4.430707258429918305e+00
4.430782860824958647e+00
4.433304094489431968e+00
4.433308735728906491e+00
4.433312205866990929e+00
4.433429565115401871e+00
4.447268812784676228e+00
4.447247971750377893e+00
4.554769998432915301e+00
4.553418326041326125e+00
4.553411975230232223e+00
4.553123178439395957e+00
4.542915728639622230e+00
4.542907428884326748e+00
4.542867450599746171e+00
4.542811604530570868e+00
4.542812039620915066e+00
4.542829763849156599e+00
4.542883406824009818e+00
4.542851780232719960e+00
4.542845049034797356e+00
4.542889784880063786e+00
4.542674697232811809e+00
4.542699434925406621e+00
4.542683940586766944e+00
4.542657671501595829e+00
4.542684347260914635e+00
4.542684953688143956e+00
4.542625912438314373e+00
4.542570284025113203e+00
4.542576366395553400e+00
4.542626396309137782e+00
4.542583147541548350e+00
4.542582005897552122e+00
4.542582264478408405e+00
4.569849963100406143e+00
4.495570138661671322e+00
4.495572519800520972e+00
4.495594644424562247e+00
4.494694290584694052e+00
4.494685412315527095e+00
4.494853658380328909e+00
4.494845359889690251e+00
4.494838601799902911e+00
4.494828550284135638e+00
4.493788998204186314e+00
4.493657202070104439e+00
4.493570954169263665e+00
4.493583476657565967e+00
4.493602056713760007e+00
4.493671346768591590e+00
4.499450192713218222e+00
4.499254222087127886e+00
4.499255009265574756e+00
4.499258160971102427e+00
4.499257986583085511e+00
4.487812589327408119e+00
4.487614899325230944e+00
4.487683867703242235e+00
4.487693464044673952e+00
4.487687673919933395e+00
4.574387978964266743e+00
4.574385182235731762e+00
4.561920374474945916e+00
4.774524427558654693e+00
4.774521643368635715e+00
4.774526264914221940e+00
4.774524238710018409e+00
4.777743226936524756e+00
4.778112637714687416e+00
4.778152561427847722e+00
4.778156018338387767e+00
4.778156574985750638e+00
4.778155280981623676e+00
4.798359490582951636e+00
4.908012704330434239e+00
4.908012290680931144e+00
4.908012630092438044e+00
4.907988497558605445e+00
4.907992127952010897e+00
4.907964001343155580e+00
4.907930604796262308e+00
4.907923704601164339e+00
4.907936374859015238e+00
4.908168737583748609e+00
4.908168423757640397e+00
4.908107820493768259e+00
4.908445878523380657e+00
4.908349255392857380e+00
4.909071960092365572e+00
4.909066431839005595e+00
4.909063207463815637e+00
4.909062924764208802e+00
4.909055064125825929e+00
