# 2*np.log[MAD(r)] for 100 flights; 1000 steps per flight; run 42 of 50; mu: 1.50; seed: 41
-2.083967139396018808e+01
-1.863242895944005184e+01
-1.758755874545358111e+01
-1.612055742782660062e+01
-1.533283159539785245e+01
-1.447300183931718465e+01
-1.428806757927335980e+01
-1.389020499912017925e+01
-1.382968283825084477e+01
-1.358434609729959952e+01
-1.290130592296850587e+01
-1.238027924204803121e+01
-1.172947582917221077e+01
-1.124200001730960530e+01
-1.107267408494886674e+01
-1.075451347546668579e+01
-1.057135397172561575e+01
-1.048745666710596858e+01
-1.042146802178145215e+01
-1.033319204361896659e+01
-1.027729646145603581e+01
-1.018469798847047691e+01
-9.920354368574306747e+00
-9.944711427785790647e+00
-9.661464821238366696e+00
-9.737831538563286315e+00
-9.568129404981636554e+00
-9.252498952187062642e+00
-9.101413048490297086e+00
-9.114360880082847061e+00
-8.927707853756247758e+00
-8.972627000835617039e+00
-8.839460662389564405e+00
-8.779963344419106974e+00
-8.629193067945301721e+00
-8.676110204562201389e+00
-8.436390452769829906e+00
-8.178615348413728725e+00
-8.065426178176583250e+00
-7.778507786647270272e+00
-7.128442425611797084e+00
-7.118611346981858823e+00
-7.123398882046735103e+00
-7.096116574228386042e+00
-7.101009176712535620e+00
-7.087810060120515843e+00
-6.941273031659052073e+00
-6.959029922552173453e+00
-6.987755288703725753e+00
-6.979762909995158360e+00
-6.967385438290816246e+00
-7.177516933767545737e+00
-7.171504248924099656e+00
-7.165549213556396069e+00
-6.949822763294001504e+00
-6.695420649104918631e+00
-6.713431249465305228e+00
-6.638868940119042605e+00
-6.640894134548356753e+00
-6.649390780816685442e+00
-6.377760450883051213e+00
-6.373787920183671574e+00
-6.276852138575806705e+00
-6.289511226435409164e+00
-6.315490628930381156e+00
-6.294735216785450227e+00
-6.350297882344929867e+00
-6.367462546247313782e+00
-6.351920232223209339e+00
-6.333282999714905159e+00
-6.258097526988715131e+00
-6.167304128368694904e+00
-6.131285345933747521e+00
-6.035324962301229945e+00
-6.018369505689074472e+00
-5.841052111211183728e+00
-5.764335852308687613e+00
-5.781801476520715077e+00
-5.823097661264685421e+00
-5.713896355645638359e+00
-5.461694312209406377e+00
-5.430038960016842609e+00
-5.354829362206191767e+00
-5.252039065734332546e+00
-5.252090693364809937e+00
-5.259100264583879358e+00
-5.263396975537650846e+00
-5.289327084211456587e+00
-5.100853072739045757e+00
-4.643014111394829335e+00
-4.146110108652748316e+00
-4.120704441983320976e+00
-4.115453472988503947e+00
-3.854058280546847737e+00
-3.853713811922369281e+00
-3.852372486948315800e+00
-3.492552886944489732e+00
-3.184743822726329832e+00
-3.207573182147831936e+00
-3.207725510551360681e+00
-3.208183143085128641e+00
-3.208202733298719078e+00
-3.142442161873315598e+00
-3.149719793055082651e+00
-3.149732254794368913e+00
-3.135052848807565962e+00
-3.150113682387924108e+00
-2.791593872829539968e+00
-2.786090585951813026e+00
-2.897439105220286581e+00
-2.685760677867173207e+00
-2.674837732423354097e+00
-2.674709368940649590e+00
-2.470893934832282035e+00
-2.476292632811999184e+00
-2.477522222937855290e+00
-2.306423571274741846e+00
-2.307513780054042396e+00
-2.305550520130065006e+00
-2.274646826330818161e+00
-2.279802017483885557e+00
-2.126561974434785007e+00
-2.126478308458865651e+00
-2.125591940319445428e+00
-2.059228317149438769e+00
-1.986168434865791976e+00
-2.026616237659363939e+00
-2.026277997154917632e+00
-1.940261007209583388e+00
-1.884644356770312168e+00
-1.886632219035741853e+00
-1.885753694596515428e+00
-1.885582219866823950e+00
-1.884955051641918455e+00
-1.886339980652316006e+00
-1.887146391551270730e+00
-1.776020527772075974e+00
-1.774159432441910988e+00
-1.761884464927484295e+00
-1.653368200771668128e+00
-1.674280174008550448e+00
-1.482405468005050464e+00
-1.471124076064527886e+00
-1.471205436013874879e+00
-1.353860287790545458e+00
-1.354186811650350597e+00
-1.372354205759238832e+00
-1.372218148461939347e+00
-1.372216111313325992e+00
-1.386536719839380094e+00
-1.386688080404322676e+00
-1.381846591049853634e+00
-1.240441227516606126e+00
-1.116691915662802126e+00
-1.118714664402047587e+00
-1.132441899694399234e+00
-1.114142896799494631e+00
-1.114288515422356962e+00
-1.120360147625116820e+00
-1.119994082924880674e+00
-1.120096208848047947e+00
-1.120878545338755750e+00
-1.120925043698392631e+00
-1.035394129165431831e+00
-1.056046821818480641e+00
-1.051851965375120379e+00
-1.073634251780409832e+00
-1.076683646740271394e+00
-1.145091872550161094e+00
-1.145043345610691210e+00
-1.084488140666084677e+00
-1.084617623927981445e+00
-1.098674798272146758e+00
-9.942801785866141051e-01
-1.013899574003955806e+00
-1.013985194865361095e+00
-1.017239281954294583e+00
-1.062613824162144338e+00
-1.100809614400414027e+00
-1.104046584030520473e+00
-1.129938761792042001e+00
-1.067611294631125363e+00
-1.063702473050214925e+00
-1.063691215124293210e+00
-1.067393296988369711e+00
-1.067697362243736237e+00
-1.068380685407949615e+00
-1.065860784197722344e+00
-1.064982527780310884e+00
-1.023501286010603417e+00
-1.025603612010074883e+00
-1.025782341251376684e+00
-1.024600975656771551e+00
-9.158008962095393057e-01
-9.158340847213941593e-01
-9.160765703495769019e-01
-9.161215328594295437e-01
-9.056847117029743766e-01
-9.048626744138780209e-01
-1.003841946084691017e+00
-1.003808368275631135e+00
-8.755045248341927211e-01
-9.333147126767965540e-01
-9.423298861260587245e-01
-7.991644895147718142e-01
-7.993617690439461798e-01
-8.019380892760551438e-01
-8.019386592895504373e-01
-8.019090984460208738e-01
-8.013744328485612467e-01
-7.920920650289687837e-01
-7.921074073290703677e-01
-8.281647562829702602e-01
-8.593712529665897826e-01
-8.595379068182388282e-01
-8.608913239796848194e-01
-8.492137262142567256e-01
-8.489718447306864313e-01
-7.790961894138008770e-01
-6.495071159953309525e-01
-6.487199220751510564e-01
-6.487284324379714029e-01
-6.229208431071480145e-01
-6.228997104319524691e-01
-6.226436004597930562e-01
-6.221203531319416946e-01
-6.213290562561765151e-01
-5.405457467312464459e-01
-5.404988059036449632e-01
-5.304588492053547988e-01
-5.307064277094545313e-01
-4.130197320927561089e-01
-4.136886088546169460e-01
-2.661477214180884565e-01
-2.661354939784151830e-01
-2.191383419320796500e-01
-2.184812776290818714e-01
-2.184634533409851587e-01
-2.408460102273036751e-01
-2.186455671522667954e-01
-8.334300216896801949e-02
-8.435308319784425024e-02
-8.432036318185694157e-02
-8.078463823347223349e-02
1.712992351449118406e-02
1.707313859956382726e-02
1.696930178855843296e-02
1.008673679694673322e-02
1.549771898426061285e-02
9.170567871461650367e-02
9.172316925747850402e-02
9.173812186630797560e-02
9.181455127284458839e-02
9.086149192451861700e-02
2.139009429135090568e-01
1.634216717254996509e-01
2.392725542564851926e-01
2.630347597713852403e-01
2.629997097884716473e-01
2.926559334691081204e-01
2.749094448748331532e-01
2.749269261020310662e-01
2.914730544679726143e-01
3.192547322948602329e-01
3.192553005939094413e-01
3.197856986672203417e-01
2.282910373796804560e-01
2.281162490691201472e-01
2.280573987738081509e-01
3.411005159205406922e-01
3.411171048065860245e-01
3.411144226350783515e-01
3.420541213635173716e-01
3.383052056162944576e-01
3.384169685368492719e-01
3.397245701549020946e-01
3.397994673683853994e-01
3.894674309735476347e-01
3.894089165913995898e-01
3.892548897623040460e-01
3.892554761917579875e-01
3.892469082247966838e-01
3.892511480474534213e-01
3.892470455829923903e-01
3.892726637098790632e-01
3.822467009881098110e-01
3.822672981095156519e-01
3.821843662535366337e-01
3.717119163060179643e-01
3.717649439322456839e-01
3.726120584348291409e-01
3.726255086639349012e-01
3.726779296070768521e-01
3.832019525800232640e-01
4.529285699961906331e-01
5.777098464733222416e-01
5.778322095585368690e-01
5.855015422305360762e-01
5.855031289795549210e-01
4.099282074794549091e-01
4.747075941723996051e-01
4.746070133273875835e-01
4.743122081277340585e-01
5.944059047121393879e-01
7.149792468458179284e-01
7.147413333995182860e-01
7.146973497147853793e-01
7.146138898577649723e-01
7.146926539403785084e-01
7.132226682613167501e-01
7.124743050788057142e-01
7.062766565561288123e-01
7.062380172458655458e-01
7.060182899933601375e-01
7.058378214110971882e-01
7.020876050260738133e-01
7.023496640645536804e-01
7.000568609266231146e-01
7.000582756908124704e-01
7.064180860944698770e-01
7.064325555243519128e-01
7.063249239861036921e-01
7.044982509274196891e-01
7.044612337815394643e-01
6.970227117957611407e-01
6.964695004952506929e-01
7.909969415820632399e-01
7.913957509846163418e-01
7.922043153790719883e-01
7.923062276243948432e-01
7.919849972779363645e-01
7.919839027930828390e-01
7.913448831940180783e-01
8.968264983371203591e-01
9.028752324886113456e-01
9.028894531652863487e-01
9.029608830600690528e-01
9.029425413550042911e-01
9.001161000251747257e-01
9.001319998244711185e-01
9.001999306496865083e-01
9.004545576849881661e-01
9.605571338334258913e-01
9.597557587867182605e-01
9.596855789714836549e-01
9.602092923778706712e-01
9.602904330756132367e-01
9.604347479593140502e-01
9.850650218520062840e-01
9.874151919460691929e-01
9.714666689747719630e-01
9.715370713002821068e-01
1.035516044976008576e+00
1.035481368872102070e+00
1.035345376627698322e+00
1.035417842153386614e+00
1.019643866483036732e+00
1.006614885537185256e+00
1.006678347686324804e+00
1.006951498748783314e+00
1.006886634183637552e+00
1.006886297389988583e+00
1.156806814165769026e+00
1.146787579749274588e+00
1.146591336521575855e+00
1.146716616527897248e+00
1.146683594048210297e+00
1.271420196338205022e+00
1.271339561977258725e+00
1.271314301502251887e+00
1.265165792667034550e+00
1.351564287821523935e+00
1.351383228045036189e+00
1.351332851201046958e+00
1.351576833889384988e+00
1.347722802899560923e+00
1.347739895148920342e+00
1.347735484970830733e+00
1.347879328745415384e+00
1.347847989493846654e+00
1.347809328802689777e+00
1.347910171510665833e+00
1.335601689665551373e+00
1.335569795645169977e+00
1.336506741076404881e+00
1.336491042760968195e+00
1.336346534497880878e+00
1.387620404808108887e+00
1.387784059556628868e+00
1.387765383228287686e+00
1.387777405111588758e+00
1.387723987759592825e+00
1.373017715763874103e+00
1.372894453112408319e+00
1.369927463450749228e+00
1.369959470837730731e+00
1.393726025925272838e+00
1.545798143324051965e+00
1.545797541253166818e+00
1.545514938292910534e+00
1.545538398954066972e+00
1.545407108023706177e+00
1.545301163080132989e+00
1.553552721496465949e+00
1.540571323993822350e+00
1.540526680336242960e+00
1.540465693316503737e+00
1.540354655424994279e+00
1.540279212335501802e+00
1.540357929770000300e+00
1.540400769293415628e+00
1.540331654624750080e+00
1.542496010586939192e+00
1.542575616428588647e+00
1.542388397400651368e+00
1.705432927158667233e+00
1.705432459944174139e+00
1.705423981650245224e+00
1.705405979762649515e+00
1.705492268764498442e+00
1.888693896745163636e+00
1.888479286095748000e+00
1.888469681485061002e+00
1.888464753148428210e+00
1.888427578424563658e+00
1.871776588514852069e+00
1.871666507902878251e+00
1.871685698806596188e+00
1.960727917012521138e+00
1.959444186616806194e+00
1.959424722671415653e+00
1.959265513251770008e+00
1.956663893884038830e+00
1.956689289191733572e+00
1.888772814751107143e+00
1.886287221832637861e+00
1.885885065103394043e+00
1.919261144054597912e+00
1.919197996896337521e+00
1.915920241713247929e+00
1.915854097545692358e+00
1.916240386432976228e+00
1.916248416616298522e+00
1.916009005593567682e+00
1.914189502228466067e+00
1.914203936005121731e+00
1.910296170659840920e+00
1.910068665637887575e+00
1.963588662032165200e+00
2.025106448810874316e+00
2.025120818414662072e+00
2.010046501306891109e+00
2.007922760625719949e+00
2.007921594563854217e+00
2.007943600030023035e+00
2.008007667891234860e+00
2.008006456534696227e+00
2.040149681194725950e+00
2.045782883582306866e+00
2.045779236540419710e+00
2.050044137520179000e+00
2.049989534636435184e+00
2.050023404531382543e+00
2.049927795210070514e+00
2.049745521919468683e+00
2.049740457070945876e+00
2.049859575924643629e+00
2.049885434489244762e+00
2.140173379918193675e+00
2.138882599193433709e+00
2.138889845223154840e+00
2.124583097205909876e+00
2.124624668630621827e+00
2.139112328018873299e+00
2.139132848420526756e+00
2.061970225291830161e+00
2.062088230047638859e+00
2.046513167215908258e+00
2.046510793783279158e+00
2.046540618130101574e+00
2.046516910865607386e+00
2.046374511145097053e+00
2.046668908637693907e+00
2.046510450719639440e+00
2.046552097139048065e+00
2.046802274205548056e+00
2.050846406040681913e+00
2.033485661929082422e+00
2.033482875983040561e+00
2.157455650522056789e+00
2.146691054703119939e+00
2.146453945817765607e+00
2.262279149957033830e+00
2.261372724152895586e+00
2.261355869503209881e+00
2.261411299104325590e+00
2.261414017176766489e+00
2.261689036355997828e+00
2.261694776959417563e+00
2.261645368924364075e+00
2.271668094103239888e+00
2.296421092402296971e+00
2.294035667465340378e+00
2.286108465691277569e+00
2.287941621384954605e+00
2.287931680640137522e+00
2.566121738151049492e+00
2.566113046602883419e+00
2.562989388822054515e+00
2.562997685547288018e+00
2.550193742597882895e+00
2.550191836821841918e+00
2.550203283988056402e+00
2.295333337573115084e+00
2.295424528257292707e+00
2.280726396827774671e+00
2.280722138695711276e+00
2.280560145814859219e+00
2.280544359106059460e+00
2.280541970232880633e+00
2.280522999105096371e+00
2.279236315659487921e+00
2.280483448507545141e+00
2.280435054319993604e+00
2.280454683237090219e+00
2.280283009565319929e+00
2.943295640566751192e+00
2.943343270548797630e+00
2.947534679910249089e+00
2.947231865834191833e+00
2.947232536031422878e+00
2.948285544684267734e+00
2.948404015111108833e+00
2.948428615955252852e+00
2.948377321428550246e+00
2.948372822064592391e+00
2.948805394583771999e+00
2.944162919656731159e+00
3.067356135244629023e+00
3.122611869045877508e+00
3.122611687423469728e+00
3.122667520137967667e+00
3.108486924191530498e+00
3.108416510245669340e+00
3.149193064361293981e+00
3.148963420932962443e+00
3.150345918137551049e+00
3.150359701568474780e+00
3.150834808451555169e+00
3.268855687089449180e+00
3.268238629296524422e+00
3.268231985261510264e+00
3.268244900402248465e+00
3.268244713350930919e+00
3.271662215400537033e+00
3.271701940845517687e+00
3.271689191432027410e+00
3.273302323244144940e+00
3.273482190646655354e+00
3.273415199506155115e+00
3.273411723621079350e+00
3.273322119945955677e+00
3.273340722226519173e+00
3.272157673339486372e+00
3.272150072296874601e+00
3.383143018317589679e+00
3.383113480105309101e+00
3.382902770397525849e+00
3.382920532461489938e+00
3.382894101716418245e+00
3.540403284719237043e+00
3.540392464429010566e+00
3.540412623308032192e+00
3.540446090499818066e+00
3.540356708646211548e+00
3.524602020735375429e+00
3.499771339281328775e+00
3.499641225641404674e+00
3.520031648024321225e+00
3.520020014464059432e+00
3.520055078211680843e+00
3.520080169993069052e+00
3.520163044260861351e+00
3.482977764575382995e+00
3.482964956973531478e+00
3.482988173664955944e+00
3.483016830856396684e+00
3.483031539721508363e+00
3.574337476954545956e+00
3.574352957976298484e+00
3.582525043540353504e+00
3.582516376830051197e+00
3.582566064724762800e+00
3.588567624340853968e+00
3.588538901230899025e+00
3.588527417926238527e+00
3.589080284754162520e+00
3.589086885122454440e+00
3.588486078415306757e+00
3.588253173018206343e+00
3.611862675468244355e+00
3.611885839651034935e+00
3.611881313747729472e+00
3.611712647022370160e+00
3.611677018112519733e+00
3.611675748234241645e+00
3.612029026419743438e+00
3.615060392716750393e+00
3.613589803815993040e+00
3.613581577092723762e+00
3.613597781081848925e+00
3.613413007909695995e+00
3.613380321097036330e+00
3.613383660801235298e+00
3.603067342924280769e+00
3.603066769975508343e+00
3.591254134610335047e+00
3.592213434269273531e+00
3.592202633375552345e+00
3.610036595747233346e+00
3.610155606255867955e+00
3.610397940412812812e+00
3.610503330722767856e+00
3.610494672327688725e+00
3.612324677628246938e+00
3.612326952988679007e+00
3.612342529470352837e+00
3.612293770148986116e+00
3.612209310533784024e+00
3.743045616587802549e+00
3.742212342939256420e+00
3.743938855771587804e+00
3.865764825981607977e+00
3.865811321256699795e+00
3.866192126997727740e+00
3.866159865617092350e+00
3.739238683535132779e+00
3.866035785364630328e+00
3.866086514000146135e+00
3.866204097963549469e+00
3.866149100816333561e+00
3.872909364101733587e+00
3.872815285495199156e+00
3.872604857562063962e+00
3.872590711667902141e+00
4.096563563313977419e+00
4.096518246107829775e+00
4.095845471768596369e+00
4.095884980278834853e+00
4.374962432286184644e+00
4.376190088002986478e+00
4.376205355224457527e+00
4.376040928469989488e+00
4.584469985400848380e+00
4.584485363855430151e+00
4.584488164281747657e+00
4.584496558022560286e+00
4.580823142037611539e+00
4.580955025100651667e+00
4.580959936994186243e+00
4.580910905046134296e+00
4.579890788540213364e+00
4.579891668486215650e+00
4.579879627078413229e+00
4.579880344273358439e+00
4.579890731550537275e+00
4.574432504928512166e+00
4.574928783032111923e+00
4.574949706513353753e+00
4.574884563095451107e+00
4.574884033067046829e+00
4.574882000399938420e+00
4.574898115607728855e+00
4.574895248967350447e+00
4.574646677304777143e+00
4.574726771114209001e+00
4.575122044184619874e+00
4.573016387789579973e+00
4.573020688887360130e+00
4.573025680971503526e+00
4.573049581221808602e+00
4.573039332813605640e+00
4.572971258042173304e+00
4.573225095698228770e+00
4.573270309478745688e+00
4.573272027795348471e+00
4.573276724810736660e+00
4.573285730563086737e+00
4.573274755335498654e+00
4.573234420664341826e+00
4.573234703363576514e+00
4.573075499997134585e+00
4.574217564911640999e+00
4.574114266140562712e+00
4.574147236763923097e+00
4.574171006694315089e+00
4.574167287598792875e+00
4.574518417944623216e+00
4.574411224830874367e+00
4.574410913230059883e+00
4.574405176863989730e+00
4.574011497330806364e+00
4.574018758686050568e+00
4.573996294615850111e+00
4.574029081518969697e+00
4.573960890353509612e+00
4.866452994281092792e+00
4.995421622800865435e+00
5.298392790442010281e+00
5.298567103437125780e+00
5.298569121265050974e+00
5.298572294272633876e+00
5.298570509905374593e+00
5.298569260094172506e+00
5.298569536418902715e+00
5.298571851329367810e+00
5.298615094479443677e+00
5.264190941456214468e+00
5.264185448228446695e+00
5.264061886284164160e+00
5.264064991477554578e+00
5.264055716832920062e+00
5.263922665338441220e+00
5.263898691013064735e+00
5.263872240359299681e+00
5.263844184748800004e+00
5.263841492249458298e+00
5.263742658364642502e+00
5.263738230501273208e+00
5.263738818033995237e+00
5.263411453514684091e+00
5.263414588532278948e+00
5.297455170284941950e+00
5.297462691307116778e+00
5.297560122003523553e+00
5.297567738461723685e+00
5.297430392928627718e+00
5.297450433572716832e+00
5.355257576385608509e+00
5.355343255607109221e+00
5.355329140303868307e+00
5.355331403898533793e+00
5.362171997060613649e+00
5.362129414740323341e+00
5.361607314282367476e+00
5.361606584668860975e+00
5.362027708918267521e+00
5.472978150778977202e+00
5.472988815747157787e+00
5.473076262303079531e+00
5.473010501264683469e+00
5.476587847486033667e+00
5.448206737828977353e+00
5.448197429846435291e+00
5.448197583111088704e+00
5.448258958769693017e+00
5.448258316579678961e+00
5.448257444923761739e+00
5.448260924608709033e+00
5.448259887870253060e+00
5.448258195085696975e+00
5.448268927432589948e+00
5.448261397462368372e+00
5.447978996871566615e+00
5.447977495387218205e+00
5.447972352380029193e+00
5.447876115785773798e+00
5.447875855539067835e+00
5.432899095859889727e+00
5.423222732310444272e+00
5.423233199329925647e+00
5.423309216871750493e+00
5.408959126826989205e+00
5.408256986885850104e+00
5.588961109497950552e+00
5.568110860350652835e+00
5.568113257333371813e+00
5.568095392572878666e+00
5.568072282861444400e+00
5.568122623167104379e+00
5.568123409398281431e+00
5.567706318749186423e+00
5.567706175163875670e+00
5.567681237069534994e+00
5.567627374253408590e+00
5.567605050661483368e+00
5.567729963861100195e+00
5.567732503314108072e+00
5.567714393036693465e+00
5.567713600764511384e+00
5.567670709613684821e+00
5.567673765379738349e+00
5.544727366345322928e+00
5.544679820655411540e+00
5.544690819266262061e+00
5.544693108642209545e+00
5.544759603368325962e+00
5.544768351334281142e+00
5.544763968300471468e+00
5.544763425826751302e+00
5.544750675616601399e+00
5.544729202833141635e+00
5.544660377513077165e+00
5.544692794071353958e+00
5.565569500184882834e+00
5.565475486774235314e+00
5.565461453817632353e+00
5.565045632636907769e+00
5.564994380515416950e+00
5.564995944733267308e+00
5.564893662978639632e+00
5.565560660634991663e+00
5.565557780900660667e+00
5.565375897326053867e+00
5.388978509328044453e+00
5.388982029186493605e+00
5.383427111592176573e+00
5.383406884575303586e+00
5.383372200932660334e+00
5.383384585550670565e+00
5.383868040414855116e+00
5.384134946078384054e+00
5.565386794263027070e+00
5.657215533617572234e+00
5.657212562959054836e+00
5.657212291779019964e+00
5.657210642406850454e+00
5.657209007810866552e+00
5.657218091453856346e+00
5.657321211952340612e+00
5.657320972735422338e+00
5.657323667990014293e+00
5.657325709279420245e+00
5.657325586316294341e+00
5.657319616545477992e+00
5.571261639097141227e+00
5.571406481741593808e+00
5.571409339721441256e+00
5.571432285879091673e+00
5.571512331478426283e+00
5.555857065690582353e+00
5.560694294019823403e+00
5.560693846644879201e+00
5.560695131071784481e+00
5.560719728259764238e+00
5.560655326127230680e+00
5.560654282703247908e+00
5.560647074963512182e+00
5.560645206638097804e+00
5.560644902069474149e+00
5.560671117993414292e+00
5.560685536979605104e+00
5.560684021006604638e+00
5.560676499698519848e+00
5.560644095720495450e+00
5.560611357574758884e+00
5.560611074527453290e+00
5.559349446888626645e+00
5.559382546577716688e+00
5.664870157891782831e+00
5.659229256976569644e+00
5.659246216641536265e+00
5.659264407330359958e+00
5.659264085138100420e+00
5.659264970278041318e+00
5.659256502832746172e+00
5.659260257539127537e+00
5.659217392314952022e+00
5.622407804119538888e+00
5.622391452867360861e+00
5.623255944375691762e+00
5.623257605023427530e+00
5.623161736665865718e+00
5.623157815496405476e+00
5.619855971093639546e+00
5.619853667982886769e+00
5.619854907945617484e+00
5.619853328010397497e+00
5.648363945876202052e+00
5.648370485465921575e+00
5.648368050322323697e+00
5.719500565201235176e+00
5.718894207108612626e+00
5.719732712828781374e+00
5.719776056270315046e+00
5.719551710035402969e+00
5.719365878779751888e+00
5.719364239717076970e+00
5.719367948598779172e+00
5.719368931735866468e+00
5.719370452947182493e+00
5.719365971776077195e+00
5.719369528223596788e+00
5.719365119916498763e+00
5.719368818168497626e+00
5.719354983422531902e+00
5.719364465413135257e+00
5.719353509305221905e+00
5.718260035500069449e+00
5.718162885579072707e+00
5.688753661788977567e+00
5.688753875352847267e+00
5.688741159490407817e+00
5.688726664074179595e+00
5.688856683703938266e+00
5.688827854993653510e+00
5.688811738352317349e+00
5.688816225997531895e+00
5.688809168058610588e+00
5.688781627891142278e+00
5.655172918374554492e+00
5.655027871741225454e+00
5.655023442633864583e+00
5.655024381508350295e+00
5.655027474064295845e+00
5.655019212236746640e+00
5.655014136485635667e+00
5.734933683101520963e+00
5.734932772813556845e+00
5.740290961331685260e+00
5.740435057225962368e+00
5.740432317472406787e+00
5.740427030535410147e+00
5.740384600144542659e+00
5.740425740572107749e+00
5.740434600923246755e+00
5.740430401621893886e+00
5.740430296891471329e+00
5.740514233118327425e+00
5.740509297906560171e+00
5.792188805302734167e+00
5.889977177938129138e+00
5.889975045780685647e+00
5.889976196259585350e+00
5.889772112853929542e+00
5.889777268027768464e+00
5.889777819721777163e+00
5.871032521806781368e+00
5.871074041810788735e+00
5.871073413420110576e+00
5.871076250275764963e+00
5.871088048895411582e+00
5.871212501600560074e+00
5.871222017190246945e+00
5.889658933638882488e+00
5.889685434918760620e+00
5.889723097221309267e+00
5.889723550193922463e+00
5.969818115977881590e+00
5.969812815403282791e+00
5.969814869459226792e+00
5.969791423382007522e+00
5.969793666755121464e+00
5.969806344383630226e+00
5.969874501196745342e+00
5.969839023857947069e+00
5.969843742403081244e+00
5.969831023968064976e+00
5.969826927293738983e+00
5.969813781821206256e+00
5.969711217859996921e+00
5.969697971423471472e+00
5.969713904020852446e+00
5.961772635555644406e+00
5.961772980981758785e+00
5.961770993603305868e+00
5.961771357103796909e+00
5.961751798412868730e+00
5.961759810661173553e+00
5.961757842860561318e+00
5.961764878211264218e+00
5.961762494859561556e+00
5.961754941724763945e+00
5.961754897928975616e+00
5.962344004993525459e+00
5.961722543835195509e+00
5.961719278688494938e+00
5.961719204864947663e+00
5.961733032580149860e+00
5.961719075447430960e+00
5.961730564824621936e+00
5.961884311551632010e+00
5.961886139686868979e+00
5.961928025842186507e+00
5.961935787591790437e+00
5.961859941406660646e+00
5.961878772171993468e+00
5.961877411936422178e+00
5.961959528514388928e+00
5.962002758580289274e+00
5.961996406205450683e+00
5.961947982899904019e+00
5.961967366976034910e+00
5.962228926422855402e+00
5.962161389697052449e+00
5.955330672732685571e+00
5.955328328679531324e+00
5.955328264444191610e+00
5.955324673821475123e+00
5.955310858752951297e+00
