# 2*np.log[MAD(r)] for 100 flights; 1000 steps per flight; run 46 of 50; mu: 1.50; seed: 45
-2.125396740297608389e+01
-1.790850952152657527e+01
-1.638090039974235523e+01
-1.494384103336899017e+01
-1.459545631519642761e+01
-1.401582339389024590e+01
-1.334168488439469691e+01
-1.278761380664469982e+01
-1.182394405583440644e+01
-1.162536515471755294e+01
-1.138685038469286326e+01
-1.098003591593589867e+01
-1.096683723645669772e+01
-1.070443695721322896e+01
-1.053187835478800771e+01
-1.024726052006391086e+01
-1.014354030130685480e+01
-1.016856452464544169e+01
-1.016946742094671130e+01
-1.016842676688597713e+01
-1.018461530120631586e+01
-9.793197732377802112e+00
-9.766982410982366858e+00
-9.706411751075732397e+00
-9.439759342227219463e+00
-9.143752057993474125e+00
-9.060016657647063099e+00
-8.924182772821625420e+00
-8.591923361990591701e+00
-8.601338159757595747e+00
-8.435116563526804612e+00
-8.134170131770440904e+00
-7.954208114332103285e+00
-7.976763811257115755e+00
-7.962687238122998501e+00
-7.486167642008591194e+00
-7.327302789997943933e+00
-7.495759908719097808e+00
-7.514524851956386975e+00
-7.102835180981235119e+00
-6.930015180499718319e+00
-6.709187874467247958e+00
-6.779938734986303395e+00
-6.633518959618866617e+00
-6.635054980034773564e+00
-6.501046793900346898e+00
-6.517485830496895005e+00
-6.425127308540619531e+00
-6.363212933217557321e+00
-6.366229825468408876e+00
-6.379811477974757672e+00
-6.238809679538755759e+00
-6.261731680374579057e+00
-6.245131765220488518e+00
-6.083960799975211664e+00
-5.826436663097516622e+00
-5.774132724198651978e+00
-5.760251184208504682e+00
-5.721329677295863725e+00
-5.730510661228298552e+00
-5.716901102277653024e+00
-5.704143360736519064e+00
-5.703320448749023441e+00
-5.657302840821179402e+00
-5.657907859977178155e+00
-5.448465275631370730e+00
-5.453460850533265791e+00
-5.453226785482724992e+00
-5.453338366386278224e+00
-5.455811254512383357e+00
-5.454779436185927644e+00
-5.431256575548312426e+00
-5.335778075679727728e+00
-5.336348362675268575e+00
-5.291613962342368360e+00
-5.464027549427414421e+00
-5.466901504476656903e+00
-5.490779503290664998e+00
-5.511740225248049185e+00
-5.536557023566983204e+00
-5.360681237413881917e+00
-5.343561250769855775e+00
-5.397315162357300800e+00
-5.424426981809558512e+00
-5.353010977574008677e+00
-5.078873672572394860e+00
-4.960312632472886563e+00
-4.957216828354008342e+00
-4.807962351580203020e+00
-4.850980671841132796e+00
-4.856370962711269001e+00
-4.856575657857129968e+00
-4.856730280860525717e+00
-4.873485073819966651e+00
-4.866885632281208629e+00
-4.836764297496309872e+00
-4.774057309507368174e+00
-4.774062616727615449e+00
-4.667238928343321547e+00
-4.665621770625040021e+00
-4.643217556948719960e+00
-4.643589579118317268e+00
-4.641755851490507290e+00
-4.640994492162704432e+00
-4.643948494218101963e+00
-4.680321021248121660e+00
-4.663013393985849575e+00
-4.530322498262623121e+00
-4.406804178223237223e+00
-4.364783636498355435e+00
-4.364015628345785380e+00
-4.236465778430228646e+00
-4.269973174353657086e+00
-4.199055960605754478e+00
-4.141704911228533348e+00
-4.143193586370872872e+00
-4.139697050209886875e+00
-3.617740530728087656e+00
-3.557745296719682759e+00
-3.559067527825673594e+00
-3.593811551087178202e+00
-3.549145215258299846e+00
-3.549192750372080152e+00
-3.582863299860372663e+00
-3.483454774576330237e+00
-3.528013026385984574e+00
-3.527986081744163283e+00
-3.527841165360972475e+00
-3.564851182033426547e+00
-3.629753283523191598e+00
-3.629806604050361596e+00
-3.632901800658129066e+00
-3.619585640864669163e+00
-3.620668783589414907e+00
-3.648422341127683488e+00
-3.668853103930782122e+00
-3.668362872473335035e+00
-3.497811923016860280e+00
-3.454329240161200243e+00
-3.395167455452122063e+00
-3.329774277521348136e+00
-3.328897189107349330e+00
-3.326096172247636762e+00
-3.336103682926519376e+00
-3.390955869555933866e+00
-3.339146826223884812e+00
-3.345150485845871380e+00
-3.345164075159560824e+00
-3.345651946811823318e+00
-3.346171405273528521e+00
-3.346299365750747157e+00
-3.345339242826137927e+00
-3.344508398127713722e+00
-3.345946131303954907e+00
-3.341972118689296334e+00
-3.267606516150359131e+00
-3.266934013907430323e+00
-3.269455604349681188e+00
-3.269162310132227578e+00
-3.188231937724820053e+00
-3.190008102534949153e+00
-3.190212434348708825e+00
-3.001912521596804329e+00
-2.821243404214857531e+00
-2.663781194147846865e+00
-2.722649579483525262e+00
-2.721791547662598898e+00
-2.661036556894553318e+00
-2.661287651914129970e+00
-2.661440502253123785e+00
-2.661423110881564913e+00
-2.686630577374899964e+00
-2.675948862108958881e+00
-2.675919230844812535e+00
-2.649048930440563332e+00
-2.647162247179667638e+00
-2.647205792667503221e+00
-2.297268370484339961e+00
-1.898637534058541521e+00
-1.911692723993199783e+00
-1.781646262320496277e+00
-1.781017313188314244e+00
-1.797237303568124833e+00
-1.796929786707477827e+00
-1.794249070377842648e+00
-1.790411890851054899e+00
-1.786803656974005561e+00
-1.786676940195395913e+00
-1.785572197948187112e+00
-1.658816140454599353e+00
-1.651125921757707227e+00
-1.650953868773788136e+00
-1.650981882920777188e+00
-1.665656476024522048e+00
-1.664238428219190213e+00
-1.400955472510413191e+00
-1.400853849562973430e+00
-1.061047760203089885e+00
-1.060955339730126568e+00
-1.061982337313001956e+00
-1.089226806494968613e+00
-1.089200835088371067e+00
-9.701439552957293877e-01
-9.718938079737047264e-01
-9.699307308169193842e-01
-9.703127752032753017e-01
-9.702243974803921311e-01
-9.703942288261866445e-01
-9.505263938038330807e-01
-7.791493484628267963e-01
-7.983945480281566809e-01
-8.138431591908311669e-01
-7.972197777956532283e-01
-6.705001952392513065e-01
-6.706159866490213339e-01
-5.659110822966135768e-01
-4.169922727445923294e-01
-4.419410563809058612e-01
-4.440821659632422924e-01
-3.283061658265511995e-01
-3.305913697662094530e-01
-2.403711631927395176e-01
-2.537821114068329886e-01
-2.580094436361912713e-01
-2.577994643767094196e-01
-2.249609461253571918e-01
-2.079628950772675622e-01
-2.081981529858935032e-01
-2.079508583568115132e-01
-2.079566559986091578e-01
-2.079017286303107559e-01
-2.082368793051429245e-01
-7.855073741842946711e-02
-7.856741729164315458e-02
-6.533339471786146768e-02
-7.728572127958062421e-02
-7.783660042074946883e-02
-7.789859230137700929e-02
-1.295483282166051409e-01
-1.296801657100577210e-01
-1.301091150251966477e-01
-1.314432813445405024e-01
-1.234621875813411152e-01
-9.605603948154807503e-02
-1.235572426666474155e-01
-1.261660676804497727e-01
-1.256569268085817037e-01
-1.256900595224819395e-01
-1.338918115391393160e-01
-1.338899428514566115e-01
-1.339056236811126399e-01
-1.311121347144539317e-01
-1.236501626784448915e-01
-2.887947902374288223e-01
-1.383274613221049942e-01
-1.340223871808354228e-01
-1.340221485503106935e-01
-1.342010655520936013e-01
-1.266450131004352442e-01
-1.267714653036674244e-01
-1.271318043994781044e-01
-1.077265313448148576e-01
-1.057269211419285121e-01
-1.057383915456865248e-01
-1.480739674566507180e-01
-1.058217557239784778e-01
-1.059985691436001742e-01
-7.381497912622581037e-02
3.467043569063139874e-02
3.478577343002089289e-02
3.468326104903105001e-02
3.436122170289632877e-02
1.488938548593757849e-01
1.582054326590846272e-01
1.853139410145054067e-01
1.823912319750049249e-01
2.833720947011443281e-01
2.831716447810134207e-01
3.207008194919854782e-01
2.961506189277974821e-01
2.962104533717743737e-01
2.951105443483329482e-01
3.294387496043241215e-01
3.294174233140076402e-01
3.311777068590820994e-01
3.312196115595180124e-01
3.157392023081118104e-01
3.147089513586963094e-01
3.129128367354858109e-01
3.127377770222137809e-01
3.012853834716601731e-01
3.010476612735180635e-01
3.779701624829698847e-01
3.696530982535559673e-01
3.697754016154978784e-01
5.614121499167732399e-01
5.614033605292287898e-01
5.613464303983106696e-01
6.884722641793010744e-01
6.892895441847833871e-01
6.879166735105325392e-01
6.875990882968536777e-01
6.876057958540230386e-01
7.968178662278758706e-01
7.967889588740594276e-01
7.970458051547270051e-01
7.972409819596167901e-01
7.970960602244547832e-01
7.969987513696266124e-01
7.867490479919797552e-01
7.866842451163315042e-01
8.486127974204492608e-01
8.475235717983254924e-01
8.475602463044018542e-01
8.475844593370939206e-01
8.474943527362098772e-01
8.468555263860242377e-01
8.456440244534187967e-01
8.454320837933581023e-01
9.344833415953236466e-01
9.319954497457796361e-01
9.320044757698829896e-01
9.320041733650180626e-01
9.421835240332082639e-01
9.644428466510387432e-01
9.619695530554669416e-01
9.619170566521172416e-01
1.051482721828183475e+00
1.058649380784178362e+00
1.536670663049195307e+00
1.536729856871432265e+00
1.531432667215956611e+00
1.531659805615244174e+00
1.531759342740250940e+00
1.531786215821806074e+00
1.531835132900645657e+00
1.656860644222743817e+00
1.656815084007742689e+00
1.657057135505243473e+00
1.657062898865976797e+00
1.657090884644577988e+00
1.657121441042375354e+00
1.657366470799243263e+00
1.653604601831798249e+00
1.760179431288621643e+00
1.760197195759861444e+00
1.692584777232626569e+00
1.690796555456975492e+00
1.697096903273248802e+00
1.664502480860070133e+00
1.645590327260440855e+00
1.645575756139012968e+00
1.645999749362379250e+00
1.646001710505279547e+00
1.645931408216173786e+00
1.646424763334021657e+00
1.647066758355629768e+00
1.647166351783446059e+00
1.646785145168193409e+00
1.893887743273458657e+00
1.893844371111339298e+00
1.893959838265276474e+00
1.894295392921808041e+00
2.292226993524608236e+00
2.292146487691028689e+00
2.292150662997238797e+00
2.292177201668856412e+00
2.278205882146668415e+00
2.286349359940056836e+00
2.286136530251441812e+00
2.286138902944275575e+00
2.285489741522654050e+00
2.285378264323895348e+00
2.285374730818008349e+00
2.285359684189751217e+00
2.285336738902420173e+00
2.277529271178450276e+00
2.275860198321938643e+00
2.347652442314182686e+00
2.326970132426859461e+00
2.327153552867558872e+00
2.327313932367321758e+00
2.297263844741887162e+00
2.313742762597397196e+00
2.314108208287908752e+00
2.314099559673918893e+00
2.314104270243101169e+00
2.314192983652895830e+00
2.314189380365319071e+00
2.311391310248508191e+00
2.431492771433630296e+00
2.431497437335621292e+00
2.431477052038506503e+00
2.497540748758987572e+00
2.497540502876682389e+00
2.497577201509107336e+00
2.497576528537570173e+00
2.497377779367522255e+00
2.497385021314300069e+00
2.497321726675580944e+00
2.497429836651851254e+00
2.536914888634243859e+00
2.536910333015501173e+00
2.537041691996164250e+00
2.712532246642841205e+00
2.712547430080658017e+00
2.712365904117860271e+00
2.712377488066009867e+00
2.712430784125711813e+00
2.749401640507134204e+00
2.749089070401011359e+00
2.749172537353280710e+00
2.731412999409345677e+00
2.771133492274429067e+00
3.109797500265973902e+00
3.109613897673900507e+00
3.109462956457896610e+00
3.321665542942786598e+00
3.323518056508254492e+00
3.385621050827379186e+00
3.362412526003348390e+00
3.362787221047420338e+00
3.362567143768097733e+00
3.362534476665502758e+00
3.361631279817071327e+00
3.361699524385929116e+00
3.361723904540360408e+00
3.361865035309540506e+00
3.361861212620343764e+00
3.453849555234848712e+00
3.453850155296299018e+00
3.453793918389765238e+00
3.453765336679643472e+00
3.453854162786568427e+00
3.454055676816993437e+00
3.454062086715041779e+00
3.454267520156676596e+00
3.453995035547511527e+00
3.451202225976967686e+00
3.447251936738953582e+00
3.444373704269356296e+00
3.443298551840263677e+00
3.443287650086187757e+00
3.446114287881353100e+00
3.446119444078705740e+00
3.445611858889978674e+00
3.453482468024588581e+00
3.455315752022989795e+00
3.455336290900628882e+00
3.455347716861293605e+00
3.455422189150425094e+00
3.455369014400973882e+00
3.455903378588939479e+00
3.455706290932368141e+00
3.455706688192670573e+00
3.455622691270183289e+00
3.594569857953751502e+00
3.594552101230057417e+00
3.594538329409989075e+00
3.594528081906807504e+00
3.594830672680096928e+00
3.594830170684848447e+00
3.591916910500562832e+00
3.601117073706463056e+00
3.601142991007517669e+00
3.601125208620246987e+00
3.601086991854885344e+00
3.569737772852086710e+00
3.569931741705060446e+00
3.570039845422443125e+00
3.570036486916551066e+00
3.570025404424301829e+00
3.570001780807690928e+00
3.640629285389762604e+00
3.640611601427817146e+00
3.640415751979029224e+00
3.806295923044909824e+00
3.806290139439840736e+00
3.809616404757593333e+00
3.809165448302931800e+00
3.806265579084894046e+00
3.805777208365780595e+00
3.796793216692091022e+00
3.731869207475854378e+00
3.731867799698032950e+00
3.731581706275341581e+00
3.731589502021747773e+00
3.731439948362433867e+00
3.730943106268414411e+00
3.730953391257073370e+00
3.730954052354352957e+00
3.730895685470589918e+00
3.730854937826669104e+00
3.731081368527710218e+00
3.731050451390225842e+00
3.731050884517837396e+00
3.731039609790651301e+00
3.730992565976731790e+00
3.730992723729020355e+00
3.731010888112307189e+00
3.730992931577171934e+00
3.731042403636165794e+00
3.731068534108920254e+00
3.731146256259203486e+00
3.731178826096831269e+00
3.731014424485146641e+00
3.731021988306256532e+00
3.731093180039685819e+00
3.731327614985043617e+00
3.731314747686019118e+00
3.731319919343708325e+00
3.731303315362505924e+00
3.731453109381604349e+00
3.731529178787711398e+00
3.731540510027334889e+00
3.731534257665110932e+00
3.731603549700927225e+00
3.731552790893533089e+00
3.731577133020176351e+00
3.731581496342089910e+00
3.731187713686908047e+00
3.732544282670740010e+00
3.830142833548749959e+00
3.830107757278748970e+00
3.830097710175192294e+00
3.830090965543839321e+00
3.837290914315880208e+00
3.837160909475040516e+00
3.837007944873709775e+00
3.837013940237040455e+00
3.836962223577050857e+00
3.997097090493482607e+00
3.997086410260292322e+00
3.997021159051771022e+00
3.997041772574254193e+00
3.999474589475084940e+00
3.999474145360162769e+00
3.999482104096578006e+00
3.999470158153091592e+00
3.999467022872118971e+00
3.999652535890181770e+00
4.000106677550886225e+00
4.000143077439416217e+00
4.000143744123596079e+00
4.000141921479463569e+00
3.999645949501768438e+00
3.999633678660447611e+00
3.999588407792673550e+00
3.998805449839701875e+00
3.998911537966038932e+00
3.998558052072617830e+00
3.998557405703094147e+00
3.998552803441357106e+00
4.000688254747113426e+00
4.000681723877807627e+00
4.000649312437587035e+00
4.411205621182642922e+00
4.411206915383292682e+00
4.410417583434787403e+00
4.410742728913882971e+00
4.726459316479898476e+00
4.726452853207065097e+00
4.726441739523576047e+00
4.725710853374033071e+00
4.725759450281007190e+00
4.725998031025766544e+00
4.725998545969263276e+00
4.715435563102542638e+00
4.715757047669194790e+00
4.715763498860296998e+00
4.715761608289013473e+00
4.698900116790686532e+00
4.698829182972021457e+00
4.698870757297521017e+00
4.698861352145065062e+00
4.698851267595393288e+00
4.709793353854065501e+00
4.709791087462292580e+00
4.709798090613936949e+00
4.709824083208530077e+00
4.709840524688893026e+00
4.709899534630970663e+00
4.698894521015250625e+00
4.698931505860341140e+00
4.698626568949908489e+00
4.698782005314598997e+00
4.698796970969028486e+00
4.698797311536065280e+00
4.698790767788586287e+00
4.709915715709573014e+00
4.709917597348183271e+00
4.709548892718508739e+00
4.709549089807528510e+00
4.709749022418525222e+00
4.709857440655968119e+00
4.709894429052615905e+00
4.709895403251870505e+00
4.696936571458785181e+00
4.696920314363175031e+00
4.696784461676828393e+00
4.696682787479269372e+00
4.696677771315560079e+00
4.696679918218412908e+00
4.696534192607376923e+00
4.696542891512992313e+00
4.672349210635844408e+00
4.670194226707896412e+00
4.313193580604848698e+00
4.312851509248474713e+00
4.312769275445068828e+00
4.296219578946997686e+00
4.241582066539820062e+00
4.241600458089009429e+00
4.241593558716668433e+00
4.241562846733501146e+00
4.241215426472513705e+00
4.241441716437696741e+00
4.258503056726308245e+00
4.258736659067333008e+00
4.241684918999642839e+00
4.241733357366235246e+00
4.241782791113190676e+00
4.241794917254724240e+00
4.242012103761832797e+00
4.242009617223272855e+00
4.242016237300884285e+00
4.241902159950830864e+00
4.241897186849943324e+00
4.241918219793856970e+00
4.241917851862766931e+00
4.241911842063744942e+00
4.544820620025529223e+00
4.544813919187862261e+00
4.544805149643508457e+00
4.544804729192414960e+00
4.544862433855500150e+00
4.544752614863830864e+00
4.544590759683105219e+00
4.544568160253830591e+00
4.642917927783284604e+00
4.643075786218106238e+00
4.642999858225112852e+00
4.642994316317899717e+00
4.643017712265046448e+00
4.670189811498263843e+00
4.670572351150478418e+00
4.670604120074260734e+00
4.699559730141357861e+00
4.699558967726011893e+00
4.699522579285652313e+00
4.728008455320761527e+00
4.729378014067585845e+00
4.729374595310909868e+00
4.728329568833631313e+00
4.756700388627660203e+00
4.758177316045377303e+00
4.758167231214404325e+00
4.758159151068530157e+00
4.808478685173671607e+00
4.808769980362851193e+00
4.973048119980089332e+00
4.973133370374808848e+00
4.973518259902774297e+00
4.973518549184585247e+00
4.973518559011019136e+00
4.945054703945584329e+00
4.945050954935828358e+00
4.927476418646880241e+00
4.929082148286576093e+00
4.929272496365771694e+00
5.030247729245634680e+00
5.030355713410201268e+00
5.030365629299427432e+00
5.030360753816970565e+00
5.030366320029085792e+00
5.030957961321870009e+00
5.031309555398393307e+00
5.046882057943952837e+00
5.046869696068855049e+00
5.046868944741104812e+00
5.046918380984407371e+00
5.047024456131016912e+00
5.046929339156410954e+00
5.047004321304626728e+00
5.047914271877027126e+00
5.047915220065951836e+00
5.129635540923115578e+00
5.129615704546123034e+00
5.129618848047034163e+00
5.129378020572324282e+00
5.272223731828003856e+00
5.272214618335033798e+00
5.242744409629261249e+00
5.254987435452573408e+00
5.255005434454445457e+00
5.255005317731576753e+00
5.255011652631508490e+00
5.254994965025397313e+00
5.255262978699770215e+00
5.255270467399578038e+00
5.255253397464366039e+00
5.255250172043486323e+00
5.255252670759046119e+00
5.255251249402092206e+00
5.293253132195234301e+00
5.293724849582933878e+00
5.293714219071754989e+00
5.293722689857306207e+00
5.293674740137167767e+00
5.293671792397854681e+00
5.293405501017668158e+00
5.293404726498909696e+00
5.293390798998270697e+00
5.292984381519270087e+00
5.293138190435763057e+00
5.293121649110691607e+00
5.293154008729658244e+00
5.293154084983536123e+00
5.323676726454443120e+00
5.323679480969342848e+00
5.326954805496447953e+00
5.326956734154948414e+00
5.330721171315127016e+00
5.330717975302855294e+00
5.330561625572386220e+00
5.330566106548402239e+00
5.331178092561921211e+00
5.331176399923787557e+00
5.331158588417265420e+00
5.318359286599812386e+00
5.318363183136846750e+00
5.318423651983927414e+00
5.318413755649873842e+00
5.318719173216516438e+00
5.318726016147897084e+00
5.318727856442166946e+00
5.345380589739498589e+00
5.345417195540924205e+00
5.359301224638370442e+00
5.359378842511111962e+00
5.359373392242370748e+00
5.359373404862795454e+00
5.392158452068852803e+00
5.392077173208200236e+00
5.392041450938283909e+00
5.392172788527634708e+00
5.392151914926453848e+00
5.392156708675429400e+00
5.392147900283301709e+00
5.392138529612496178e+00
5.392134395306379169e+00
5.393329510545656902e+00
5.394078440093754701e+00
5.394292243420391486e+00
5.394297109869073736e+00
5.394301099104348296e+00
5.394297302959386364e+00
5.394295755250219315e+00
5.394294905967945475e+00
5.394291999992925746e+00
5.394299695388119709e+00
5.394300818738850367e+00
5.394309855534051401e+00
5.394321045306365470e+00
5.414539070118705943e+00
5.414446191825972754e+00
5.414447244556471084e+00
5.414406616922244453e+00
5.414570562695112166e+00
5.414569908900243256e+00
5.414378410804801867e+00
5.414436874845240943e+00
5.413076167966522689e+00
5.409564570836169040e+00
5.406409724466793243e+00
5.406409409745986494e+00
5.406406861489763571e+00
5.406388040916957571e+00
5.406389434123791027e+00
5.406386041387810870e+00
5.406385807515283304e+00
5.406390471085631866e+00
5.406397404580292054e+00
5.406781646175774725e+00
5.406829525240082646e+00
5.406828913307902162e+00
5.406806157325768858e+00
5.406807033855169919e+00
5.406805527375261100e+00
5.406812035710583331e+00
5.406861439557714810e+00
5.401587460464669199e+00
5.401586151496128529e+00
5.401583798009989223e+00
5.401676285493787866e+00
5.401675808438975324e+00
5.401676251473083390e+00
5.401905927162433230e+00
5.401889265121722516e+00
5.400837362607409098e+00
5.400850184590457737e+00
5.400856267290071067e+00
5.400847654134547149e+00
5.400850781115702048e+00
5.400845975828302059e+00
5.400841243957983373e+00
5.516941056547342903e+00
5.516937630023644346e+00
5.518432037525236922e+00
5.518439669952689641e+00
5.518437259576129961e+00
5.518292876330320063e+00
5.518281029326317366e+00
5.518487759353106981e+00
5.518499719907554280e+00
5.518500973589847369e+00
5.516354625450015092e+00
5.515398559553363889e+00
5.515418631682651451e+00
5.513567885682173042e+00
5.513548986007749342e+00
5.513688620931496587e+00
5.513707125458657821e+00
5.513648706619132867e+00
5.513649634187460791e+00
5.513646360094813126e+00
5.509812657336645714e+00
5.509816074213202519e+00
5.494676757210922524e+00
5.494657553794096039e+00
5.494615972782002089e+00
5.492797535343454385e+00
5.492805866096901468e+00
5.492808271261940156e+00
5.492808466783678512e+00
5.492811878443301765e+00
5.536169164369376894e+00
5.536161370660967584e+00
5.536132075686490239e+00
5.536157320616875488e+00
5.536154481875445121e+00
5.536159242004416114e+00
5.536157651129321344e+00
5.536151150725413750e+00
5.536060713373728959e+00
5.536154254259301410e+00
5.536142832574433292e+00
5.536187433978383865e+00
5.535792335124318342e+00
5.535664838209323868e+00
5.535653427116929315e+00
5.535602842545257474e+00
5.535590405217106991e+00
5.535590964385897372e+00
5.534046558555336226e+00
5.534046029342751361e+00
5.534024861478871848e+00
5.534363532647379458e+00
5.529740582120703962e+00
5.529774612063041772e+00
5.529597159927259753e+00
5.529594612521649744e+00
5.529608442643954014e+00
5.530180005184673675e+00
5.530166127311178847e+00
5.530210453645727497e+00
5.530208149158872821e+00
5.528839248858799849e+00
5.715010134238530881e+00
5.715004495294687459e+00
5.715001790742553212e+00
5.715340408491629276e+00
5.718017605411611193e+00
5.718021531762714105e+00
5.718064682403428911e+00
5.718070058125404920e+00
5.718060097765462757e+00
5.718062911015523220e+00
5.718057359133498885e+00
5.717960556485951251e+00
5.717964430228819062e+00
5.717962444025801005e+00
5.717972252577882664e+00
5.722531813586519966e+00
5.722530577717462208e+00
5.722531255824553575e+00
5.722528421434240897e+00
5.722568146525225607e+00
5.723608297123790933e+00
5.723522370307301266e+00
5.723521084596448816e+00
5.723528426439798977e+00
5.723539232582247394e+00
5.845109465648822500e+00
5.845143098617080923e+00
5.845154791654459281e+00
5.845159268188163004e+00
5.845164451798743777e+00
5.845151750722173745e+00
5.845143149088863233e+00
5.845158588015062051e+00
5.845157900660542971e+00
5.930268352948250943e+00
5.930264156829486488e+00
5.993215819659870824e+00
5.997407629362192516e+00
5.997407772773932777e+00
5.997462832459143023e+00
5.997451177030487912e+00
5.997437722816041372e+00
5.997387002870364192e+00
5.997380816885451438e+00
5.997385387658762390e+00
5.997398945287551797e+00
5.997491996707809747e+00
5.997420690242391217e+00
5.997397526717385574e+00
5.997245812172512736e+00
5.997245002264460112e+00
5.997261684462749542e+00
5.997256106306390500e+00
5.997250495123183534e+00
5.997314418448530304e+00
5.997314219994102302e+00
5.997289353431189518e+00
5.997280554856348367e+00
5.997154379123379897e+00
5.997157234281032423e+00
5.997156929978965323e+00
5.997961279434074200e+00
5.997958820169203342e+00
5.997974495263480144e+00
5.995917662944505011e+00
5.995908375722880379e+00
5.995909350868354082e+00
5.995911353222000528e+00
6.052672174523422655e+00
6.101463816801362405e+00
6.101470992315356057e+00
6.101531226665820817e+00
6.101535104646541363e+00
6.101530625512821437e+00
6.099819091075636024e+00
6.152778166687675743e+00
6.152760437358541168e+00
6.152753704453798989e+00
6.161581852363880785e+00
6.161575905063062741e+00
6.161576836998714057e+00
6.155906841880293356e+00
6.155763985721374176e+00
6.155759010823042665e+00
6.155646669114640979e+00
6.155646995912337438e+00
6.155648058910417220e+00
6.155514695946496140e+00
6.155500761573340363e+00
6.155491790948599551e+00
6.155499974772632221e+00
6.155493140506387739e+00
6.155494492588768907e+00
6.155484026516046647e+00
6.155489455937039445e+00
6.155491752509234971e+00
6.155651331182720121e+00
6.159524891355769860e+00
6.159523155448557219e+00
6.159348821663723328e+00
6.159347455890777034e+00
6.159322819922596892e+00
6.159338015152248325e+00
6.159339667133552965e+00
6.159323830329934246e+00
6.159325774473431991e+00
6.159317732049678362e+00
6.159433998842596125e+00
6.159404371759647390e+00
6.159245756049164022e+00
6.159259708982330217e+00
6.159262744434688130e+00
6.159252666231687101e+00
6.159213922210336811e+00
6.159158861177701283e+00
6.159152557210531675e+00
6.159144906209508719e+00
6.159108081660840561e+00
6.159251675534965997e+00
6.159252030727085270e+00
6.159264069973790612e+00
6.159263914864486544e+00
6.159261550661574880e+00
6.159261760735408764e+00
6.159194860671567184e+00
6.159209125547429942e+00
6.159245877516162260e+00
6.159395657905219146e+00
6.159393606904675522e+00
6.159392831029887994e+00
6.159393241331132529e+00
6.159399005235455249e+00
