# 2*np.log[MAD(r)] for 100 flights; 1000 steps per flight; run 44 of 50; mu: 1.50; seed: 43
-2.185083470470220490e+01
-1.917528683938882139e+01
-1.668923036013061889e+01
-1.590971329079014751e+01
-1.512261931835378270e+01
-1.467935523028622313e+01
-1.443082967669158023e+01
-1.366807175330172264e+01
-1.310872894757466689e+01
-1.251234548271129654e+01
-1.209439199121775488e+01
-1.177747040113020205e+01
-1.137091412903155963e+01
-1.112751203317142235e+01
-1.049286178442776318e+01
-1.048669299485363382e+01
-1.035079851038581822e+01
-1.020920571294574053e+01
-1.005553198656163438e+01
-9.792427742462697537e+00
-9.586158697578802901e+00
-9.415801117853932922e+00
-9.335259748548802250e+00
-9.252366190359444076e+00
-9.334930226350133253e+00
-9.262265217282427798e+00
-8.959286238937114177e+00
-8.892389772229993383e+00
-8.888276299346930642e+00
-8.378687497660669337e+00
-7.900807838251092008e+00
-8.054432735607951699e+00
-8.047071419177587615e+00
-7.931526223103230855e+00
-7.708498842091899839e+00
-7.424209908735956098e+00
-7.258842104910878668e+00
-6.957682105473137035e+00
-6.516468130470011388e+00
-6.494626816664004210e+00
-6.502061879871993355e+00
-6.461174762268266925e+00
-6.251890520621327774e+00
-6.011227982538390080e+00
-5.997050294128648318e+00
-5.864173178819385157e+00
-5.765061406855905624e+00
-5.687694709965177786e+00
-5.676827643519149369e+00
-5.672643847409061912e+00
-5.677299043552430646e+00
-5.678154644792805961e+00
-5.522272825693065990e+00
-5.379687464647728845e+00
-5.230609233560109317e+00
-5.076542049467229312e+00
-5.080951452205840546e+00
-5.076174418298035285e+00
-4.991864850512307328e+00
-4.990681030001492324e+00
-4.996496424611671650e+00
-4.999947301028848656e+00
-4.912215662890635492e+00
-4.913731768760236207e+00
-4.915518791525325781e+00
-4.921632622564920290e+00
-4.923193127726646523e+00
-4.922370519752583995e+00
-4.922668762172521362e+00
-4.922377873672141746e+00
-4.722023075322951513e+00
-4.483720041649445598e+00
-4.431486645420951831e+00
-4.450227200082758294e+00
-4.462646270428836104e+00
-4.177817266396362861e+00
-4.218310989185326321e+00
-4.110541343595557784e+00
-4.105458242358866805e+00
-4.115188120039099395e+00
-4.114885452754335482e+00
-4.006017735795921908e+00
-3.987133505728218896e+00
-3.985480478312823482e+00
-3.985306120496467486e+00
-3.990396898504800394e+00
-4.033524090013628438e+00
-4.031336392963254411e+00
-4.017034186840579224e+00
-4.046129223830163824e+00
-4.043141950411655472e+00
-4.043420884553476924e+00
-3.923051824043693792e+00
-3.874175060902467660e+00
-3.875696244110701461e+00
-3.845771651367540844e+00
-3.808361257761612162e+00
-3.807126410404474193e+00
-3.754993831011137484e+00
-3.809598826175749409e+00
-3.809103495950814100e+00
-3.858533284941996655e+00
-3.879458106792394556e+00
-3.871296397521486465e+00
-3.872809202657653049e+00
-3.805623538018745311e+00
-3.708474568650520720e+00
-3.719692827153814108e+00
-3.527361706810454578e+00
-3.526861467459386557e+00
-3.527117437909291997e+00
-3.456038879420255672e+00
-3.373127939973221689e+00
-3.283557154258761823e+00
-3.235944337625788592e+00
-3.235634645717849089e+00
-3.191484257463135688e+00
-3.086743627376701937e+00
-3.158973253021209793e+00
-3.047974066223269496e+00
-2.956171969476568684e+00
-2.901576108927364839e+00
-2.862261126759539920e+00
-2.592667965562394983e+00
-2.385900629147128527e+00
-2.368132496952506827e+00
-2.375494214488839795e+00
-2.375566238259908314e+00
-2.364918578597954735e+00
-2.375602845221491677e+00
-2.183159131548919607e+00
-1.966421334222807848e+00
-1.966779071242361621e+00
-1.975619122798669247e+00
-1.967099303897289042e+00
-1.966273994961776239e+00
-1.976740146597656400e+00
-1.973092113067101749e+00
-1.698949557381606024e+00
-1.617383845735797188e+00
-1.617694751741102666e+00
-1.617662780700427572e+00
-1.409891622672025280e+00
-1.413347464447949564e+00
-1.438573798754429589e+00
-1.438502118881968883e+00
-1.438048708810111709e+00
-1.444618935126201320e+00
-1.453908559013870505e+00
-1.454760485315712781e+00
-1.408543168262303080e+00
-1.446953185523663921e+00
-1.442043256491785774e+00
-1.442911014741694808e+00
-1.396932583236615288e+00
-1.410388882658755394e+00
-1.410353781406035401e+00
-1.408294165112000895e+00
-1.408299717032995613e+00
-1.206801235923630644e+00
-1.206915829345288405e+00
-1.206941735375985481e+00
-1.002514646392734576e+00
-1.027394627636742719e+00
-1.027524621931491966e+00
-1.027750580130437186e+00
-9.647088134965007278e-01
-9.052329868400293966e-01
-9.066750366291338459e-01
-9.067428328387687753e-01
-8.991707772426555945e-01
-8.990309148828284913e-01
-8.965544860582116415e-01
-8.964373786608361705e-01
-9.074459433760693194e-01
-7.438360425193689673e-01
-5.367567036924643098e-01
-5.368081593267508556e-01
-5.472281307731107214e-01
-5.471867389553468630e-01
-5.484824613225252055e-01
-5.480483994884826071e-01
-5.480867781493163893e-01
-5.473359578542158488e-01
-5.562830544295562785e-01
-5.589553610365188829e-01
-5.513389289291067419e-01
-1.742212000349550316e-01
-1.746518202414280574e-01
-1.746896078980328393e-01
-1.120074867624800980e-03
-1.142724766592942681e-03
-2.648302582856231976e-02
-2.669052750702951074e-02
-2.680200012236551646e-02
4.631185477338430057e-02
4.616728993944323872e-02
4.812155674088202523e-02
4.823844953243363459e-02
4.917204276572886834e-02
4.959101279399588669e-02
4.973446064783174775e-02
4.976016933148724036e-02
7.360388617437314818e-02
4.845722925066476422e-02
4.844159383725502033e-02
4.843714609864464837e-02
4.285166420789110475e-02
2.495038982690166510e-02
2.493868444023553815e-02
2.511931651717482644e-02
2.501448227020051235e-02
-8.863122878376160363e-02
-8.871930034844414947e-02
-8.869696398784325531e-02
-8.822617196264245787e-02
-8.742486828230713880e-02
3.331662282917699502e-02
3.323899578408304190e-02
3.706299252583820647e-01
3.706735574826308111e-01
3.716379627361340865e-01
3.716608767928185619e-01
3.818025234053091244e-01
3.819123504468078800e-01
3.829806785279740167e-01
6.394148935804898626e-01
6.394501181245034749e-01
7.485153567211688674e-01
7.490851002972260808e-01
7.491125179404820589e-01
7.469474040973597129e-01
7.468447977700358731e-01
7.470713959798840342e-01
7.472137402440541809e-01
7.464749250843768502e-01
7.464980688426056110e-01
7.464438797283434734e-01
7.465328327720339718e-01
7.437174774210284500e-01
7.438151742510742404e-01
7.438067611206984342e-01
7.433273137834675026e-01
8.675624507019240594e-01
9.708624005989697769e-01
1.026649451363322640e+00
1.026680332268940177e+00
1.027148750610037853e+00
1.027370891021969213e+00
1.027322202268627915e+00
1.027290213224404392e+00
1.027247583198583891e+00
1.027177157933225837e+00
1.026913417576455156e+00
1.050323840238736928e+00
1.026958976894693842e+00
1.025272497175438779e+00
1.026322542355433853e+00
1.025952297369458810e+00
1.025755380160191965e+00
1.025863977823926465e+00
1.781276385855809163e+00
1.781251428147889726e+00
1.781169803920960693e+00
1.780965883620250656e+00
1.780745478140903781e+00
1.780710223568418016e+00
1.780674392257167948e+00
1.777298487564411111e+00
1.777627374385796433e+00
1.776392786237300347e+00
1.775689624261016286e+00
1.775774601078234705e+00
1.969335551399247652e+00
1.969329963183658716e+00
1.969321441463508293e+00
1.967050125818114115e+00
1.967011217534360812e+00
1.967015424273765190e+00
1.967022966825087371e+00
2.139042101228102677e+00
2.127403437861846047e+00
2.127207436696393117e+00
2.127262983504785598e+00
2.127296254806718689e+00
2.126948543659560986e+00
2.127099739133660350e+00
2.127051663638319212e+00
2.127036043917696961e+00
2.133894971727069656e+00
2.133820880169878365e+00
2.133930085196806381e+00
2.133864838397654839e+00
2.133009996454953594e+00
2.131636122279185752e+00
2.131156099243526114e+00
2.124162405848796009e+00
2.124137490501537329e+00
2.124135299821210854e+00
2.124130805222481655e+00
2.124123205864093311e+00
2.124204750630166671e+00
2.229404083094896905e+00
2.205914528127197460e+00
2.278051409017859186e+00
2.278241038055224710e+00
2.278250505271507631e+00
2.278204909772203024e+00
2.278270079882216415e+00
2.277957951258748892e+00
2.277935913408752899e+00
2.278209846856622534e+00
2.419506276993767191e+00
2.419505487111423214e+00
2.419503159114807733e+00
2.419524876634540966e+00
2.419566353245417467e+00
2.419549600448245297e+00
2.419772858237681845e+00
2.419279366232318207e+00
2.418816034214057886e+00
2.418812106254461192e+00
2.418754852304612957e+00
2.424614635070209356e+00
2.422756966139903767e+00
2.423326402840500826e+00
2.423370250180457486e+00
2.645074556258535825e+00
2.645052164195348610e+00
2.645060476424718754e+00
2.645057335476164173e+00
2.645000949557544168e+00
2.645535313847849235e+00
2.645546242476236820e+00
2.645558249546493101e+00
2.644890311241724579e+00
2.644959064386282588e+00
2.716985232571067943e+00
2.716998968751776822e+00
2.717132956237191088e+00
2.717227484655008851e+00
2.717283939401673898e+00
2.717227477750074005e+00
2.717246220958008163e+00
2.717706627991144153e+00
2.737122183916287366e+00
2.736724421965372134e+00
2.736673064753238460e+00
2.738855987048587792e+00
2.800630647516570537e+00
2.800642676687784771e+00
2.800597275534953745e+00
2.800633968831753862e+00
2.800617462244050504e+00
2.800739333695870137e+00
2.800734771014607105e+00
2.797901863576373049e+00
2.810831912789728992e+00
2.810897440216676646e+00
2.810779824911526337e+00
2.970107819534438587e+00
3.128984794784581691e+00
3.128968489523409779e+00
3.128958027230311245e+00
3.127472081802795678e+00
3.216397455284992102e+00
3.214520492393522222e+00
3.214610411837638182e+00
3.214607026243585963e+00
3.214599678146057293e+00
3.214575716028722496e+00
3.214570184523509067e+00
3.214392066066257936e+00
3.214412652375199020e+00
3.224424553228995904e+00
3.221173210601425474e+00
3.221164823396576615e+00
3.275586589782064184e+00
3.275588373845334189e+00
3.275504781256552977e+00
3.275485704450614044e+00
3.275689538695941039e+00
3.275680354903527380e+00
3.275672118337390692e+00
3.275036440926284875e+00
3.397546205527250063e+00
3.397159897930694950e+00
3.397190881355037551e+00
3.397154412234142828e+00
3.392855444164218692e+00
3.393052594037124781e+00
3.393157317905755033e+00
3.400223473562229426e+00
3.399923707267220152e+00
3.399939048054950064e+00
3.399948853284190609e+00
3.399938795093721211e+00
3.399989258829061001e+00
3.399985012210171131e+00
3.399968420217696963e+00
3.469468153105713881e+00
3.470647762382592649e+00
3.493052365899731893e+00
3.574757416451933789e+00
3.576132930980938429e+00
3.565610860612311139e+00
3.565556638188101424e+00
3.659299770883621239e+00
3.659990482008398605e+00
3.661392810278475629e+00
3.661398917087535843e+00
3.661176037672067896e+00
3.661178296944473942e+00
3.661179014983735325e+00
3.661185984104695201e+00
3.661189458268229835e+00
3.661183586667993595e+00
3.661191999537109165e+00
3.693380411689971776e+00
3.694609589526022031e+00
3.694727655363217789e+00
3.694731827605474361e+00
3.717916381894700528e+00
3.718336748922097090e+00
3.718338868859239810e+00
3.718336410401346104e+00
3.718358680999025001e+00
3.718307909513814291e+00
3.838950711894069112e+00
3.961316226717435995e+00
3.961212674901612552e+00
3.961141839053887281e+00
3.961076569060234753e+00
3.961033238045497562e+00
3.961033084943934579e+00
3.987012126666757972e+00
3.987013987690636529e+00
3.986980921296215730e+00
3.986943146434967833e+00
3.986944966083342479e+00
3.986935347812960995e+00
3.987065596372489029e+00
3.990011299385774368e+00
3.995170977832586345e+00
3.995152905190623382e+00
3.994874072196650694e+00
3.994861208308710498e+00
3.994869671052716953e+00
3.994865269996688006e+00
3.994864084836672102e+00
3.994620424466517772e+00
3.994619129111944389e+00
3.994811234987879267e+00
3.981510882308938015e+00
4.052116105320111572e+00
4.052128531672297029e+00
4.052103611545544659e+00
4.052102444765067091e+00
4.052107166868502475e+00
4.052092299860588831e+00
4.225707963436949655e+00
4.225698078025732052e+00
4.225708238558834040e+00
4.225709558484374462e+00
4.225581905459502963e+00
4.225587806191720475e+00
4.225590872402104736e+00
4.225564590504602869e+00
4.225550068128998582e+00
4.225540777413178795e+00
4.224939778745509855e+00
4.224945933666902853e+00
4.224917521038473289e+00
4.224920484734299819e+00
4.224918240361375865e+00
4.190542526547679003e+00
4.190086068015101084e+00
4.190092953382139385e+00
4.190121294719896028e+00
4.228705834176805567e+00
4.228709178231386367e+00
4.263341589979718016e+00
4.263352726934995118e+00
4.334738016453147047e+00
4.334748899605927797e+00
4.334749260270299054e+00
4.334749959917123086e+00
4.334768709607923931e+00
4.334765515256550295e+00
4.334749585329807253e+00
4.334676666354400965e+00
4.334682194651672482e+00
4.334678528479066983e+00
4.334654028069789611e+00
4.334666038892110329e+00
4.334664644223193086e+00
4.334668698298757228e+00
4.334667139431792826e+00
4.334657466064550491e+00
4.334709803336932232e+00
4.334706993425021970e+00
4.334399171868056122e+00
4.351507298793678480e+00
4.351504224192041193e+00
4.351517444974065896e+00
4.351792830393383049e+00
4.351790826144435798e+00
4.349873964476057786e+00
4.381868869323878535e+00
4.408696005200091861e+00
4.408682806396382325e+00
4.408685992046694757e+00
4.408682563106305352e+00
4.408765315160339426e+00
4.420534250202854842e+00
4.420896957283004802e+00
4.420933557832523952e+00
4.421633657919811888e+00
4.475266777355926706e+00
4.475713964612680229e+00
4.475751010685704578e+00
4.475780648073325096e+00
4.477412014788743733e+00
4.477362980470216414e+00
4.477362386134344341e+00
4.477366305662366486e+00
4.477362995894972109e+00
4.477354446320456205e+00
4.476914149344152882e+00
4.476907282739653660e+00
4.476896970767482387e+00
4.476007373648213772e+00
4.529764672567802464e+00
4.529750433357198958e+00
4.529748020141447284e+00
4.530226648711400017e+00
4.530204082848907632e+00
4.530304697506267075e+00
4.530306993228465196e+00
4.530329055506067348e+00
4.530320071177401431e+00
4.551499026263498671e+00
4.551210734646497613e+00
4.551237249105364313e+00
4.551698200443315301e+00
4.616951559285649154e+00
4.616971955930971205e+00
4.616888670364566849e+00
4.617175393327689115e+00
4.617180524535006825e+00
4.617178720016809734e+00
4.617173782374763391e+00
4.617173069970627708e+00
4.617183029970474806e+00
4.617200247934424517e+00
4.617203346648989459e+00
4.617204968005876431e+00
4.633191994573163441e+00
4.633179643426096561e+00
4.633158696424966472e+00
4.633155610952034209e+00
4.633160977358808275e+00
4.633185757755859946e+00
4.633324307743227344e+00
4.747454062648689188e+00
4.747457292952153018e+00
4.747464784795575099e+00
4.747461174837803277e+00
4.747391990583343713e+00
4.918990530679932860e+00
4.919346973384816302e+00
4.919079441505290973e+00
4.919084489011894767e+00
4.919079652382873036e+00
4.919083152831458250e+00
4.919082379569231556e+00
4.919073985270769889e+00
4.918971284054503457e+00
4.918968811497649973e+00
4.919083910801253623e+00
4.919340812668722585e+00
4.919338160598601739e+00
4.919342665927275426e+00
4.919343297316059349e+00
4.896361763455705507e+00
4.896340914385555187e+00
4.896342708849441117e+00
5.028583885755327998e+00
5.028579676929938458e+00
5.028552932879994053e+00
5.036762068989810714e+00
5.036772862582788335e+00
5.036553893899417211e+00
5.036553308183510325e+00
5.036542550786597516e+00
5.034306974013137648e+00
5.024403252925091934e+00
5.024507020921745948e+00
5.024526835764258514e+00
5.024540296133755746e+00
5.024543813054431318e+00
5.024543041012910827e+00
5.024530291962593154e+00
5.021266657444956927e+00
5.021274770855402636e+00
5.021279232964752204e+00
5.021280337987779063e+00
5.021296128056993879e+00
5.021293563863473253e+00
5.021295925411097372e+00
5.021308868434194217e+00
5.021439052100078904e+00
5.021320582936406041e+00
5.021379573130965390e+00
5.006537231742620442e+00
5.006503325174869623e+00
5.006506881789938745e+00
4.995988853459829571e+00
4.996002786682121943e+00
4.995905466171016940e+00
4.995840753971536152e+00
5.067628027054071005e+00
5.067597229122421609e+00
5.067602539066676570e+00
5.072569367732546297e+00
5.072555703451087972e+00
5.072516574712739867e+00
5.072517936870032607e+00
5.073982515217029921e+00
5.073980249905397422e+00
5.073973175338350572e+00
5.073985362460550874e+00
5.073860395488966724e+00
5.074132852593733034e+00
5.074199990736478760e+00
5.074274445325449356e+00
5.074255894517741616e+00
5.074257675440659199e+00
5.074252986928703635e+00
5.061067687610885102e+00
5.060904022345274811e+00
5.070320112931517187e+00
5.070416619970913530e+00
5.061363968714343464e+00
5.061393985280751018e+00
5.061403753815455708e+00
5.061395531598097186e+00
5.061384119237946067e+00
5.061417532191108570e+00
5.061402868586564630e+00
5.123484095756154488e+00
5.123552718431221287e+00
5.123561076432320505e+00
5.123533175150890351e+00
5.124414489200125544e+00
5.124455199892982371e+00
5.196967237787275984e+00
5.196937787649219764e+00
5.196895345149415313e+00
5.196898297293979674e+00
5.196888576388756675e+00
5.196903923870299202e+00
5.196886227933359415e+00
5.196895468823979236e+00
5.196894513983007613e+00
5.196900396564489988e+00
5.212851042495771026e+00
5.212840412004857704e+00
5.212833448660367353e+00
5.212846375295775658e+00
5.215956693161826863e+00
5.215970524777912232e+00
5.215967982632568223e+00
5.215979611515846770e+00
5.215925680291133126e+00
5.215924665033321972e+00
5.215383367851387675e+00
5.215378469629177616e+00
5.215402102396051731e+00
5.215415372913129843e+00
5.236791861861092023e+00
5.236791066367500136e+00
5.236264261209496951e+00
5.236261679820985115e+00
5.236256822758121210e+00
5.236251347296674297e+00
5.236247469633979357e+00
5.236385322182950830e+00
5.236615307745641879e+00
5.236617119618454552e+00
5.236582668540655128e+00
5.236578614708334634e+00
5.233537976219799326e+00
5.233485695023843753e+00
5.233486058902681037e+00
5.233482916648036998e+00
5.224813759026998738e+00
5.225599253261326460e+00
5.225595013444825021e+00
5.225604626001164377e+00
5.289904641131458973e+00
5.414631599463151090e+00
5.414640781124737678e+00
5.419565941701292466e+00
5.516625883809333608e+00
5.516611963702546362e+00
5.516610117424215254e+00
5.516609990314854883e+00
5.516608470391959784e+00
5.516616920596920437e+00
5.516595269423392622e+00
5.516596173318355056e+00
5.516550007635042441e+00
5.516551620650245624e+00
5.516552175998874930e+00
5.516551613589101066e+00
5.516538387543065802e+00
5.575126383611851644e+00
5.575123123941419401e+00
5.575106476344200424e+00
5.575106845738816652e+00
5.575246285218896425e+00
5.570174087679004238e+00
5.570160250138312286e+00
5.570153533188861417e+00
5.570183388975189942e+00
5.569929027209087558e+00
5.569933463981420196e+00
5.570846854072677878e+00
5.570853102802253431e+00
5.570849517429820708e+00
5.570860901844777224e+00
5.570714336870264738e+00
5.570709705979393966e+00
5.570668830128996163e+00
5.554510841939412025e+00
5.554504035843415899e+00
5.565043840349684245e+00
5.565101368996923981e+00
5.565147795963285127e+00
5.565212140649813399e+00
5.565306860940395062e+00
5.565299400527237594e+00
5.560835022526743110e+00
5.622980679985843722e+00
5.623189649437986937e+00
5.623170480863923792e+00
5.623171754208830642e+00
5.623543269729766259e+00
5.625419320169969595e+00
5.625424749137629021e+00
5.625422821542529483e+00
5.625364950792778984e+00
5.625362003077761130e+00
5.625374238318689990e+00
5.625371398759299701e+00
5.625359468986759204e+00
5.625541900820419272e+00
5.625416483256486799e+00
5.625360070230964737e+00
5.625480854045315837e+00
5.625483923130082609e+00
5.626734035116064625e+00
5.626829232766615618e+00
5.626815060578715055e+00
5.626816548098434900e+00
5.626832033806858924e+00
5.626835554746443258e+00
5.626808442784763109e+00
5.626812619026138051e+00
5.626806712005341993e+00
5.626827851661276192e+00
5.626776487704793439e+00
5.626776646431607354e+00
5.629755095758986805e+00
5.629681002497149755e+00
5.630585796184942815e+00
5.630557800588889883e+00
5.630574587177415324e+00
5.630636957313524427e+00
5.630668847151189205e+00
5.630731442882145110e+00
5.630735443950697139e+00
5.630744911422511656e+00
5.630755622949314088e+00
5.630762296876982376e+00
5.630771206138454943e+00
5.630771629145471024e+00
5.647525155090775684e+00
5.647520020402642338e+00
5.647564654426568076e+00
5.647557209251899302e+00
5.647556767533607136e+00
5.647562970727089571e+00
5.647566327618989135e+00
5.647545853581829256e+00
5.647549357428057526e+00
5.647558556340299241e+00
5.829246118498905282e+00
5.828715187877912207e+00
5.828454327383658651e+00
5.828433259146225787e+00
5.828425790561801989e+00
5.828411584825954783e+00
5.828385519124549496e+00
5.828389251327228848e+00
5.828894242179333496e+00
5.828896149305506036e+00
5.828908114425489728e+00
5.828790870835835136e+00
5.828782987187304698e+00
5.828800532391233524e+00
5.828725478599218413e+00
5.828741454809383882e+00
5.828746540653313879e+00
5.828757637476812192e+00
5.828816051765655537e+00
5.828809841633907141e+00
5.828797970450740884e+00
5.828828587862513899e+00
5.828825892723696001e+00
5.828652546569618842e+00
5.828656598841670089e+00
5.828655418391108789e+00
5.828330953288213934e+00
5.828331537860758971e+00
5.828310449816916261e+00
5.828328542340130980e+00
5.828264252233862130e+00
5.828261642910635310e+00
5.828257518284401861e+00
5.833975674002694234e+00
5.831255151085476207e+00
5.831246681583388103e+00
5.831247104158135741e+00
5.831246003186033811e+00
5.830974743235152857e+00
5.987732916469854949e+00
5.987732439066792089e+00
5.987732149502439150e+00
5.987734120865410681e+00
5.987733640091493115e+00
5.987689378959736963e+00
5.984716008615792227e+00
5.984711609962752199e+00
5.984597920146542016e+00
5.986106649190886309e+00
5.986103822290610665e+00
5.985826342229789709e+00
5.985841956637446337e+00
5.985744676216404159e+00
5.985745648688007847e+00
5.985743629470523963e+00
5.985720318216049662e+00
5.985722124347930162e+00
5.985720787330301995e+00
5.985175064002863365e+00
5.985170967045363000e+00
5.985165807275913075e+00
5.985166700175414967e+00
5.985170430594949131e+00
5.985167329862503216e+00
5.985170374436418861e+00
5.985203503852781992e+00
6.014852610806125988e+00
6.014851081677918820e+00
6.014851044808507297e+00
6.074383658156740751e+00
6.074454236531432016e+00
6.074444135093385100e+00
6.074443650588632337e+00
6.073952729344972212e+00
6.073953203012409041e+00
6.073972477870967168e+00
6.075915011587786019e+00
6.075913306884297427e+00
6.075917467562156560e+00
6.075860710574835011e+00
6.075878338377548538e+00
6.075897610739255050e+00
6.075914414596158331e+00
6.075930662868782584e+00
6.075916710552225375e+00
6.075922690191097431e+00
6.076033265712384335e+00
6.076016436704514412e+00
6.075908456621594844e+00
6.075839118190680566e+00
6.107693610807694462e+00
6.107694722159211054e+00
6.107692566300979564e+00
6.107689105286795872e+00
6.107689323481372945e+00
6.107765779139592510e+00
6.107765922365961053e+00
6.107764889019551724e+00
6.107766803314454762e+00
6.107654595009972986e+00
6.107654354351553572e+00
6.135229794773420231e+00
6.133436903993505496e+00
6.133427053204121293e+00
6.133302748928166181e+00
6.133521312338168663e+00
6.133528118462860057e+00
6.133535068152864866e+00
6.133557486418659721e+00
6.133560735086192039e+00
6.133559932259659675e+00
6.133475087708275097e+00
6.105795871514711592e+00
6.105793551542972430e+00
6.105796843878737334e+00
6.105788947981041659e+00
6.105788009343324774e+00
6.105784230195808959e+00
6.105786041336410008e+00
6.105775828815071193e+00
6.105767360022023915e+00
6.105774399191834512e+00
6.105772414346054333e+00
6.105774264602695567e+00
6.105775145811395355e+00
6.105776470339316475e+00
6.105776471917952364e+00
6.104639753097488963e+00
6.104632433484892040e+00
6.104757897570904035e+00
6.104756984753654692e+00
6.104771150092438425e+00
6.104774482921868639e+00
6.104784556070103285e+00
6.104781685636251787e+00
6.104781595309279218e+00
6.104880305924597295e+00
6.104867318336155257e+00
6.097722387419151957e+00
6.097724447347248500e+00
6.097720673877601527e+00
6.096624120304563910e+00
6.096627792632584253e+00
6.096628425592387934e+00
6.096662115121204373e+00
6.289739876312267164e+00
6.290517645634325028e+00
6.290521687478173085e+00
6.290517045138368069e+00
6.290529308653481699e+00
6.290667231767813838e+00
6.290661048848112280e+00
6.290659488625688134e+00
6.290654163616451022e+00
6.290680976616990883e+00
6.290687535892079296e+00
6.290685095985858233e+00
6.290757327225160900e+00
6.290455351430908060e+00
6.290438454624908360e+00
6.284405346215148569e+00
6.284406223383834700e+00
6.284367912145420121e+00
6.284364851995310808e+00
6.284365043100279991e+00
6.276820367306401138e+00
6.276813915964241097e+00
6.276879717498097477e+00
6.276597505958791068e+00
6.276557028528971571e+00
6.276559300968315824e+00
6.276554078945057569e+00
6.280276789659324344e+00
6.280278234264624615e+00
6.280279965083819249e+00
6.280825243762662602e+00
6.280829399754193965e+00
6.280818865030536102e+00
6.259803026889037447e+00
6.259756100544668911e+00
6.259760181119038869e+00
6.247190513954997471e+00
6.247238111730552212e+00
6.247229422835888002e+00
6.247219597521967316e+00
6.247265515934143920e+00
6.497853211586725131e+00
6.497848796470133692e+00
6.497839549142547355e+00
6.497869663446461885e+00
6.497867607216836205e+00
6.497865250876304621e+00
6.497850600471120508e+00
6.497853297222391689e+00
6.497857010426594471e+00
6.571281482946656816e+00
6.571292232505764552e+00
6.571291368355493212e+00
6.571290788073354427e+00
6.571327171893612373e+00
6.571325273911006626e+00
6.571287797771327099e+00
