# 2*np.log[MAD(r)] for 100 flights; 1000 steps per flight; run 40 of 50; mu: 1.50; seed: 39
-2.071364553693120669e+01
-1.809915008579561047e+01
-1.733800217843340263e+01
-1.622414901707701418e+01
-1.511731401861433532e+01
-1.391212829193781708e+01
-1.371654224663941513e+01
-1.297908068737178411e+01
-1.285965442328467390e+01
-1.246583827550443679e+01
-1.227188943983651548e+01
-1.212831673605633576e+01
-1.170507907056625463e+01
-1.150325952862382017e+01
-1.125273461112523243e+01
-1.090015350528076965e+01
-1.078675480376464435e+01
-1.049953385747094714e+01
-1.046806013957790071e+01
-1.031711104166082649e+01
-1.000236118235634208e+01
-9.058185531305753102e+00
-9.078301677637210076e+00
-8.923503829415043498e+00
-8.485478406332944701e+00
-8.328694694645800922e+00
-8.125725317239938406e+00
-7.976884414671902235e+00
-7.759644593434747328e+00
-7.791679296326502246e+00
-7.681583168605564005e+00
-7.764733713470302945e+00
-7.678486099632960915e+00
-7.526853932214251586e+00
-7.515242545664126972e+00
-7.310391947113387801e+00
-7.296476840711703105e+00
-7.007377648779387513e+00
-6.996973464103160900e+00
-6.996576135634998472e+00
-6.882665043210297817e+00
-6.901907370570184774e+00
-6.798806390945652645e+00
-6.399708258706174213e+00
-6.421251769130248199e+00
-6.204250198589722487e+00
-6.241940521966790278e+00
-6.270275831052157578e+00
-6.182460146666445944e+00
-6.053478344630745411e+00
-6.046799292775808965e+00
-5.910828528606117516e+00
-5.928376389109540234e+00
-5.942892602902059451e+00
-5.459051431116581199e+00
-5.371187480966254313e+00
-5.379570404541221151e+00
-5.376930448143922625e+00
-5.328855144797312704e+00
-5.236724992338777085e+00
-5.234416313939259879e+00
-5.190795235068921265e+00
-4.963682630603014623e+00
-4.975160536187546612e+00
-4.778347337293865849e+00
-4.751329012381518169e+00
-4.734223287016902759e+00
-4.695696394908428495e+00
-4.204950619852628080e+00
-3.983078202078566221e+00
-3.970805604670323063e+00
-3.905238398040114411e+00
-3.934720153157384992e+00
-3.926976115770301590e+00
-3.927190895192063103e+00
-3.703137127074715540e+00
-3.572417846300723010e+00
-2.907816750506905912e+00
-2.806214608406314426e+00
-2.805950865601191779e+00
-2.451157765777616682e+00
-2.305551370066829975e+00
-2.311988775274271823e+00
-2.312361124388048861e+00
-2.310738096850287970e+00
-2.308535130501387478e+00
-2.308770479237123752e+00
-2.308826333851663026e+00
-2.225237285139047394e+00
-2.225255706223607799e+00
-2.241500982358276328e+00
-2.209270304096715432e+00
-2.206698064992285158e+00
-2.207414511000722168e+00
-2.206490638348538980e+00
-2.205409329306107225e+00
-2.208284786645851927e+00
-2.123190108280434529e+00
-2.129219990649248828e+00
-2.131150186626939114e+00
-2.127747357097162340e+00
-2.127667410340988052e+00
-1.963569445872599406e+00
-1.856630996048475479e+00
-1.851252112481686307e+00
-1.581534579302136700e+00
-1.398003560436464676e+00
-1.168262724538234210e+00
-1.192209263496769811e+00
-1.071486024645246893e+00
-9.975820540691305860e-01
-9.751901552213207980e-01
-8.773066860661388189e-01
-8.772462306107847718e-01
-9.020883055482510349e-01
-8.301523652672267994e-01
-8.317022750871118086e-01
-8.316587044704457643e-01
-8.317072158076972421e-01
-8.315884638194277478e-01
-8.316757885386041327e-01
-8.426157255929782597e-01
-8.196725676582344855e-01
-7.370952336733869181e-01
-7.370186568844974140e-01
-7.391272257888178432e-01
-7.390307491841804355e-01
-7.587096292525412622e-01
-7.786315688481660890e-01
-7.792890636986348207e-01
-5.441496470642530614e-01
-5.433551546439324698e-01
-5.427084106789086260e-01
-3.739543067386993935e-01
-3.789114397312419724e-01
-3.795483930358013458e-01
-3.200031366450242221e-01
-3.197316157223156208e-01
-3.197349525202779486e-01
-3.196514224678366212e-01
-3.105651824765111590e-01
-3.020357888017063397e-01
-2.132778744622350342e-01
-2.096018907071278969e-01
-1.483343620661953244e-02
-1.482382091624188589e-02
-3.408443295146974805e-02
-3.388987310778218687e-02
-3.394627741310112662e-02
-2.000534920013349871e-02
-2.136153489030566052e-02
-2.556164773365711407e-02
-2.545787663580640486e-02
-2.567811376743393131e-02
-4.859340274301750251e-02
-3.188218636719830634e-02
-1.207855163368643132e-02
-1.211524372543783083e-02
-1.180504713437403180e-02
-1.183237817439012317e-02
-1.174162230027362905e-02
-1.739582870175997512e-02
7.561643664671592602e-02
6.775642882376066434e-02
2.080095756952939079e-01
4.119093287290427341e-01
4.124004350491173865e-01
4.124442572324627521e-01
4.124450903772852173e-01
4.123845660470475960e-01
4.123185257252846014e-01
4.123338609210652761e-01
5.091136669971977335e-01
5.091822354673957163e-01
5.104334084398339799e-01
5.128191235120184155e-01
5.126181419112380011e-01
5.133194866948401769e-01
6.489453023721255542e-01
6.489708789159586155e-01
6.838844444247131893e-01
6.753615218296578071e-01
6.577788871241322388e-01
6.874462279373158013e-01
6.728915112548882194e-01
6.699032562020919013e-01
6.699346786245983232e-01
6.696496135926189863e-01
6.696568033896941330e-01
6.696556618076231482e-01
6.696145554765842167e-01
6.695938778464120000e-01
6.695855158528950524e-01
6.763407470325838444e-01
6.650105971022142182e-01
6.888839931684069828e-01
6.964864837031233824e-01
6.952444414262826111e-01
6.955285162175041114e-01
7.447192417475635429e-01
7.480656504487072089e-01
7.480847977407742988e-01
7.473692534858509262e-01
7.468364712066665190e-01
7.461521152161537662e-01
7.415454299677840533e-01
7.414575734139684515e-01
7.167852303662176627e-01
8.847107806933084406e-01
1.026105120217327027e+00
1.103337318373981635e+00
1.102054680856668911e+00
1.100800675022034048e+00
1.178668118720582303e+00
1.178726403448540738e+00
1.242190441752357488e+00
1.243989143423458232e+00
1.243991128343192809e+00
1.243715652779653791e+00
1.499349968947782497e+00
1.690508391657234544e+00
1.692372245978444489e+00
1.695800086675243179e+00
1.695776448195406960e+00
1.694031788896368518e+00
1.693945539841681169e+00
1.693833990182144200e+00
1.699808947367372092e+00
1.699882794725125823e+00
1.699877838062208157e+00
1.700309028200080341e+00
1.700454632931994503e+00
1.700446225330039196e+00
1.700395544850377805e+00
1.700424056690556407e+00
1.700420871682945201e+00
1.700402447805233974e+00
1.699793924095630571e+00
1.682466966008258513e+00
1.682478371207171364e+00
1.682563395734448575e+00
1.748019633628558722e+00
1.748033715278059397e+00
1.747875410096790150e+00
1.711223832158070168e+00
1.711191493079725623e+00
1.711216116042858282e+00
1.711337587125687731e+00
1.711301738469790390e+00
1.711240870763894861e+00
1.711455898285815014e+00
1.711447412723967609e+00
1.711480329686145163e+00
1.711590179117512989e+00
1.711348812886375415e+00
1.748253885188055801e+00
1.748245555505342219e+00
1.747903565704060247e+00
1.712964174980576848e+00
1.793837143130307288e+00
1.793832646843869227e+00
1.804440313101403293e+00
1.804683918523121822e+00
1.804663905657435619e+00
1.803790990887967238e+00
1.803888516478252324e+00
1.803883001740167913e+00
1.804071687563586934e+00
1.804065393606377077e+00
1.804516820017245005e+00
1.804668923234201250e+00
1.804478959872408250e+00
1.802746334193482403e+00
1.802853693898822884e+00
1.802871792452057642e+00
1.874720334547333334e+00
1.875103589764653522e+00
1.875288249041126454e+00
1.896225716061641808e+00
1.896207173107887334e+00
1.896210422474033264e+00
1.894651546010273746e+00
1.894927079183684526e+00
1.894846534878321886e+00
1.894869258955457436e+00
1.894861158474908880e+00
1.937168754393791881e+00
1.937051084753214525e+00
1.936999527155777168e+00
1.937969792890742893e+00
2.074773097782767195e+00
2.074781953727920847e+00
2.074781732846843418e+00
2.075735630176650748e+00
2.115193542584968611e+00
2.115194232554845399e+00
2.114599024144548700e+00
2.114586269023816190e+00
2.266017174397425116e+00
2.266159753223280227e+00
2.252714316588382282e+00
2.114734214576377447e+00
2.102441084296221341e+00
2.073078269057806455e+00
2.206036110380879212e+00
2.171039464506471894e+00
2.170992585524540885e+00
2.171029278019622311e+00
2.171041851929746525e+00
2.171275540735605247e+00
2.171138978737768621e+00
2.171075706317341147e+00
2.171297465903375912e+00
2.171338867233542747e+00
2.171313196020325353e+00
2.260993436210136043e+00
2.299527898904853096e+00
2.299524750586877886e+00
2.453130465523431170e+00
2.453101504842705172e+00
2.453164492490887749e+00
2.408891170362451373e+00
2.408782423517783045e+00
2.408869220326494531e+00
2.408927509933987299e+00
2.408916502825129147e+00
2.408936772783711433e+00
2.407705316246386840e+00
2.407692077071863501e+00
2.407693829873519764e+00
2.417112249328894791e+00
2.609744319494939457e+00
2.559711860263893524e+00
2.560022216042437293e+00
2.560065694590663909e+00
2.569893917981753706e+00
2.569890127412311820e+00
2.569897861219292867e+00
2.569946745247484454e+00
2.569938305562253777e+00
2.569996199322749586e+00
2.489566463876671243e+00
2.503119107695979118e+00
2.521585840000463374e+00
2.521638006023897205e+00
2.521942487036952674e+00
2.628407038333489432e+00
2.631847352835632758e+00
2.631863340136565199e+00
2.631893747016751828e+00
2.631884808175668500e+00
2.784075340995245451e+00
2.784130390099117225e+00
2.769853729057328184e+00
2.769880126179608215e+00
2.769734933972986646e+00
2.768069223175383620e+00
2.768055252301566238e+00
2.752190755148966161e+00
2.752341840862646549e+00
2.752576086308249792e+00
2.752711885120632029e+00
2.752413385098076315e+00
2.814167562983772353e+00
2.814168681954921425e+00
2.814167285415217101e+00
2.813095178789382533e+00
2.813087811740244693e+00
2.819921169906290714e+00
2.819850160236375025e+00
2.819712718391494288e+00
2.811800586586276296e+00
2.804830725008696124e+00
2.804801542105070045e+00
2.805006427310592798e+00
2.807462359283666942e+00
2.807396603611072461e+00
2.807957711555222780e+00
2.807395198689762950e+00
2.807332545661171519e+00
2.807361296428274589e+00
2.807414103146627316e+00
2.807418363670783901e+00
2.797879294923711679e+00
2.881592886163476308e+00
2.881596174784131659e+00
2.872085638862966750e+00
2.845636132778253558e+00
2.845620818545389508e+00
2.926805987824139255e+00
2.936520361746163932e+00
2.935527376369898800e+00
2.935532065470342733e+00
2.935515570106227656e+00
2.937184908203847034e+00
2.937027999401010891e+00
2.936986778527573172e+00
2.937618758701743715e+00
2.937648140152985921e+00
2.937647212489969295e+00
2.947861289766513959e+00
2.948045250266736694e+00
2.948087587201418724e+00
2.948102914358104787e+00
2.928498028646319362e+00
2.928513865990717058e+00
2.928519368603681006e+00
2.928520829356687560e+00
2.928546017418020675e+00
2.926710338426162128e+00
2.926730837767883120e+00
2.926939541497798558e+00
2.927192564927020957e+00
2.927443688808705424e+00
2.927735196762690784e+00
2.927796513087319585e+00
2.921009041431166686e+00
2.920956802257439922e+00
2.919578626023646706e+00
2.922824226418996307e+00
2.922893702906987468e+00
2.922127448689259666e+00
2.922535084589749754e+00
2.922556754052715977e+00
2.922470025823615369e+00
2.921407890390185003e+00
2.921587502533865344e+00
2.921519708729438669e+00
2.927882042716881017e+00
2.896970031257301237e+00
2.897360969944625886e+00
2.897331845801104588e+00
2.898979405277554378e+00
2.996764798908642113e+00
2.996732008745933928e+00
3.021323858724006328e+00
3.021104372760962331e+00
3.021100810289449434e+00
3.021104697872043499e+00
3.021106894160304090e+00
3.021086054754801076e+00
2.994509015627979664e+00
2.994505827786524854e+00
2.994493995955660015e+00
2.994260756278662949e+00
2.994057040619853005e+00
2.994055986430995020e+00
2.994072393553609324e+00
2.994007191615865704e+00
2.995807572251430351e+00
2.995800771804312923e+00
2.995805566394984520e+00
3.034879241712051368e+00
3.034948668494344748e+00
3.034941984996359921e+00
3.034926356016808935e+00
3.034930887246404918e+00
3.031373159634610293e+00
3.031337897189632091e+00
3.031137635399729913e+00
3.031088821888761498e+00
3.031042882476137290e+00
3.031053892262511873e+00
3.031100429219513170e+00
3.030788414099274686e+00
3.030655430511516979e+00
3.030644243714351038e+00
3.029525787449808938e+00
3.029424626792890596e+00
3.029420293957060917e+00
3.029487540180508365e+00
3.191240570883508987e+00
3.324634865261840488e+00
3.324956245482526551e+00
3.325059036413803071e+00
3.325133494574458837e+00
3.325204199866426347e+00
3.325128650000940489e+00
3.324698975113964838e+00
3.324668301681764859e+00
3.324682716148132489e+00
3.351688456968656027e+00
3.351695421008885845e+00
3.351643592731098131e+00
3.351703883161186948e+00
3.433600495715810386e+00
3.433601843996246128e+00
3.433607171388477042e+00
3.433612562341511243e+00
3.433605573419477697e+00
3.433613616949051650e+00
3.432318416170931474e+00
3.432356794116876664e+00
3.432839978221626343e+00
3.432811775275106836e+00
3.410558750139932371e+00
3.410548470333287785e+00
3.410601680088113152e+00
3.411032506889250193e+00
3.425537709959589172e+00
3.425392730686065867e+00
3.425427780292222391e+00
3.425505954509442841e+00
3.425502167481364157e+00
3.425518135320864577e+00
3.425532481937481055e+00
3.413298234469940962e+00
3.403400634499061272e+00
3.401923932613401202e+00
3.401654860719253382e+00
3.401551525770327267e+00
3.401554667673475141e+00
3.400554540081805577e+00
3.401054259482380715e+00
3.401091068433408804e+00
3.401153626215297709e+00
3.401168900611733381e+00
3.401077116616535001e+00
3.401067274476946789e+00
3.400897053854552432e+00
3.400893262843673881e+00
3.400860715759339126e+00
3.400980589905956641e+00
3.391395137934710036e+00
3.391396979502367071e+00
3.391421742285946728e+00
3.391386909523462556e+00
3.417326574333426237e+00
3.417838882256917010e+00
3.416799568458940950e+00
3.416852801612153101e+00
3.391378356367588776e+00
3.391581404305757719e+00
3.391579089452998463e+00
3.391578711718776340e+00
3.391571469747724610e+00
3.391213619103798482e+00
3.391218237163236893e+00
3.391214403069480188e+00
3.391217253445208968e+00
3.391220395180600367e+00
3.391194398769798557e+00
3.383406848763484742e+00
3.383435995215107628e+00
3.383423220048806357e+00
3.383493947811745173e+00
3.383475048503383320e+00
3.383495607442428277e+00
3.383507394694607928e+00
3.360560902595994826e+00
3.360550933672825646e+00
3.360551527057331622e+00
3.360768069464592500e+00
3.360793426348810620e+00
3.360802661674081815e+00
3.360710152274076989e+00
3.347571082089463523e+00
3.347597433882509410e+00
3.332856926354421212e+00
3.332831329077828197e+00
3.332831278368154848e+00
3.332620911010059306e+00
3.332625949997226389e+00
3.332844743588581515e+00
3.332883226541162980e+00
3.332896622397425901e+00
3.332395606992275994e+00
3.329290819741480334e+00
3.329338598380633396e+00
3.329334533914270811e+00
3.329333053144353904e+00
3.329355455135800668e+00
3.329365763915603793e+00
3.329438491679733048e+00
3.329402346945008251e+00
3.329457719524385961e+00
3.329468654720485254e+00
3.329469929981828891e+00
3.329496244704450270e+00
3.329527603606693642e+00
3.329478880518733419e+00
3.329476841311407753e+00
3.326297326511511443e+00
3.326311740429917396e+00
3.326299165707893302e+00
3.310347069620354965e+00
3.310325650896258853e+00
3.696878748426032146e+00
3.707799225428391132e+00
3.707811309166667346e+00
3.710350846149081505e+00
3.711433697971478818e+00
3.711439966870750062e+00
3.697178526057704584e+00
3.697172078526838490e+00
3.697172587592006288e+00
3.696696718238392521e+00
3.696569474339694850e+00
3.696602974695154309e+00
3.696631209907667248e+00
3.696640599991902754e+00
3.696648151212345912e+00
3.696636051519479160e+00
3.696674067020571108e+00
3.696679207466263328e+00
3.696659276254340210e+00
3.692812288909737006e+00
3.692736431843352651e+00
3.691674940269774385e+00
3.691665615624040608e+00
3.911972959282882467e+00
3.911943437590229777e+00
3.924620844172663325e+00
3.924585904603759001e+00
3.924606700853158880e+00
3.924737872780743153e+00
3.930199338064018999e+00
3.930199821317885700e+00
3.930210947478112615e+00
3.930210311824339886e+00
3.930142905774611783e+00
3.930129464327044353e+00
3.930124447401330823e+00
3.930128108823978117e+00
3.951898289506110107e+00
3.951876915984785743e+00
3.951889123451366892e+00
3.951897045445832202e+00
3.951370010498598706e+00
3.954421067187008365e+00
3.954434837955299820e+00
3.954426247626881441e+00
3.954329441256686728e+00
3.954334549584069602e+00
3.953909096384398136e+00
3.953909413678957208e+00
3.953897542646287899e+00
3.953899286889141163e+00
3.953896803007360905e+00
3.953924183782230983e+00
3.953941213631432028e+00
3.953921106464012070e+00
3.953901047638503474e+00
3.953905899444685623e+00
3.952907177598353972e+00
3.927601685193812919e+00
3.931337307160137406e+00
3.931340154348665017e+00
3.931342395119152844e+00
3.931407819641134171e+00
3.931440076629251656e+00
3.931408839686098222e+00
3.931443257094208388e+00
3.931454953336315228e+00
3.932643120240602030e+00
3.932858202283729288e+00
3.932840090566643632e+00
3.931658088042957910e+00
3.931609983165234024e+00
3.931606550682979595e+00
3.931584641007372927e+00
3.931561253303249792e+00
3.931587885993395926e+00
3.931597749232901062e+00
3.931359521227260512e+00
3.931353653175181595e+00
3.931323291336871417e+00
3.931296295727486623e+00
3.931059952077972763e+00
3.931062519639193287e+00
3.931068659759160422e+00
3.930976864548953564e+00
3.899059625816386099e+00
3.898982841664352605e+00
3.898810327859470348e+00
3.898830091722176316e+00
3.898835852537871460e+00
3.876041936512144570e+00
3.876046610466573838e+00
3.876054834137865335e+00
3.876078565765454620e+00
3.876072871654284047e+00
3.876002368247952745e+00
3.876054919259482201e+00
3.876054304728863809e+00
3.876060871214787262e+00
3.876062650057050973e+00
3.876007515591015640e+00
3.876010584945067894e+00
4.125926197221711611e+00
4.125404920828539268e+00
4.162695030094350379e+00
4.161267307590899911e+00
4.162490575260877179e+00
4.164148160901905094e+00
4.164145268284292989e+00
4.164126552553888416e+00
4.199704457716920913e+00
4.199704466152931026e+00
4.199670445665282692e+00
4.200562262369313515e+00
4.200580239918058290e+00
4.200570563967900739e+00
4.200758816225591552e+00
4.200678849696793726e+00
4.200679863382454471e+00
4.200708128683494635e+00
4.200709586690999586e+00
4.200707450860985404e+00
4.200699795077082577e+00
4.200700021107396154e+00
4.200694632760408886e+00
4.200692258861685957e+00
4.200680270809981742e+00
4.200687968538053596e+00
4.200687039160143854e+00
4.361326383286680652e+00
4.361326111956375762e+00
4.361312141655401042e+00
4.472989425612852621e+00
4.473013571036102753e+00
4.473014159993402572e+00
4.473133065702378452e+00
4.488559581246402530e+00
4.461421226021860420e+00
4.461514898733009993e+00
4.461495118642020863e+00
4.461619440286122895e+00
4.461958844430881754e+00
4.566076074476864477e+00
4.568266959153140405e+00
4.568274466941593559e+00
4.568534150762999957e+00
4.568547123087160600e+00
4.582820046587496421e+00
4.582960530389040166e+00
4.573240214231069523e+00
4.573240933848752299e+00
4.550472913678524023e+00
4.617825502373072766e+00
4.646569927244025955e+00
4.647251932970779542e+00
4.646336543291774035e+00
4.646313115249546044e+00
4.646322750362370968e+00
4.646291583195423236e+00
4.646275674069394235e+00
4.778278581681629333e+00
4.778284228038732095e+00
4.778270604002547550e+00
4.779948857041271815e+00
4.779974932968317880e+00
4.779968011622079516e+00
4.780423692609996777e+00
4.780428790763588509e+00
4.780432278243293531e+00
4.780439329998944054e+00
4.722436362438682700e+00
5.169317692756371763e+00
5.558731336004978374e+00
5.558617681652663123e+00
5.544470834533941961e+00
5.544463703710151847e+00
5.544456438677934251e+00
5.544454824125292447e+00
5.544466782894295953e+00
5.544466280241247880e+00
5.544439031214317914e+00
5.544460692000337865e+00
5.543921225086174687e+00
5.543885861016033090e+00
5.543938230219874086e+00
5.543957443501632554e+00
5.543949639032894616e+00
5.543929264395537793e+00
5.543937501057840223e+00
5.543910961504026957e+00
5.543895158445017124e+00
5.543902544976997859e+00
5.543852154898131879e+00
5.543824109008332002e+00
5.543827276837580698e+00
5.543828792951729589e+00
5.543975563401995821e+00
5.544824478479735141e+00
5.544800482352886917e+00
5.542711046409025677e+00
5.542705275389320896e+00
5.541958038614699156e+00
5.541454541554007740e+00
5.543382099527295992e+00
5.543345745422532111e+00
5.543341324766802636e+00
5.543345386815284215e+00
5.543345457275392185e+00
5.543314241283480825e+00
5.544799067645698187e+00
5.544814317068442300e+00
5.544707711733144251e+00
5.544832194560436633e+00
5.544830241571563789e+00
5.542184966272790447e+00
5.542224473562765041e+00
5.542377413895583693e+00
5.542385072618565722e+00
5.645377847292117224e+00
5.645393932746918253e+00
5.645503608006452012e+00
5.645506013903208498e+00
5.645485820774131192e+00
5.645490317073295294e+00
5.645491823911965135e+00
5.645490600883645627e+00
5.884205926001031095e+00
5.884204486479027274e+00
5.884197160323832776e+00
5.884146718962210088e+00
5.884143975513898894e+00
5.884134939655049301e+00
5.884135172672932512e+00
5.884149519672642548e+00
5.884381087474199745e+00
5.884081222907931341e+00
5.883981354121170071e+00
5.883629121747509849e+00
6.076411622682093672e+00
6.076361441109133565e+00
6.076353923432633586e+00
6.076395704840077627e+00
6.076178532034303359e+00
6.076161223022533697e+00
6.076323875581929990e+00
6.076308603048794943e+00
6.076302117612121911e+00
6.076302578112645847e+00
6.076248991060523963e+00
6.076219694439584984e+00
6.065229107087678706e+00
6.065048712803307041e+00
6.065385036101683447e+00
6.065367088017262098e+00
6.061795890666599185e+00
6.061783173914618850e+00
6.061827747275586376e+00
6.061848591834198885e+00
6.061860488243982381e+00
6.061856999460762729e+00
6.060986739895205311e+00
6.060965635846163657e+00
6.060996357941809798e+00
6.060993418229584151e+00
6.061006306639640684e+00
6.060997090776024443e+00
6.060996131827544708e+00
6.060964494917600476e+00
6.060977394750084457e+00
6.060978216846670819e+00
6.059347273979648563e+00
6.059359243793834615e+00
6.059985436345854737e+00
6.060061823827811445e+00
6.060183880662162181e+00
6.060030123233306476e+00
6.060031143363234563e+00
6.060019582406573235e+00
6.041292305931059481e+00
6.041300664430710121e+00
6.041442761035948017e+00
6.041429103616863472e+00
6.041857976303899314e+00
6.041882711530028871e+00
6.041885914306711847e+00
6.041898490736421934e+00
6.041917350088381156e+00
6.041902098645723029e+00
6.041923574301277355e+00
6.041917886827728346e+00
6.041916078074512697e+00
6.042115330235713344e+00
6.042102986203199855e+00
6.022595108559793964e+00
6.022684261801532379e+00
6.022565036545030281e+00
6.085994611295573620e+00
6.085978643340665961e+00
6.087788552441304901e+00
6.087845080887215765e+00
6.087853062825944406e+00
6.087853238416836454e+00
6.087851906076888753e+00
6.135969618963425631e+00
6.135977679886767788e+00
6.136000653998123333e+00
6.135997741990246723e+00
6.136288849971304415e+00
6.136180855154933056e+00
6.136142789569681177e+00
6.136144015398546259e+00
6.136184703624405934e+00
6.136103083470535680e+00
6.136106505625416041e+00
6.137149885493820456e+00
6.137481785607698193e+00
6.130158578278554593e+00
6.130163594443245323e+00
6.130233830782699123e+00
6.130238753784214012e+00
6.106282743463373741e+00
6.106278960841986958e+00
6.106277484813955603e+00
6.106283088924575608e+00
6.106276448669344603e+00
6.106278429514457429e+00
6.128684939081014527e+00
6.128689295989905972e+00
6.128716662027309248e+00
6.128735855512069897e+00
6.128736005267808373e+00
6.128744477841942206e+00
6.128739729467039155e+00
6.128743217056993764e+00
6.128816654800500530e+00
6.128838216188190913e+00
6.128818112793129380e+00
6.394613953877744450e+00
6.394596533003596761e+00
6.394664346367117780e+00
6.376594464665709339e+00
6.376946428740414063e+00
6.376939411140325475e+00
6.376937944850139317e+00
6.376937028941979335e+00
6.376937939930840571e+00
6.376904639020549048e+00
6.367411195487806985e+00
6.367352897270230017e+00
6.367351171450000180e+00
6.367335802268216938e+00
6.367328231071174294e+00
6.367324956920675127e+00
6.367326262491836530e+00
6.370068749045159961e+00
6.370202874191810416e+00
6.370081467060156655e+00
6.370079488316556571e+00
6.369549535550403263e+00
6.369564971756953575e+00
6.369572125463486501e+00
6.369711608934275127e+00
6.369714012118661728e+00
6.354313641458446682e+00
6.354313488712074687e+00
6.354501319749361166e+00
6.354485943703386042e+00
6.354476421366285877e+00
6.354475865260300615e+00
6.354481576216483241e+00
6.354505096503730854e+00
6.354510003846603361e+00
6.354547188405310187e+00
6.354547654941939960e+00
6.593971486299984974e+00
6.595410338604607681e+00
6.605975674176623791e+00
6.605970594172028143e+00
6.605959294780980429e+00
6.606323248319374564e+00
6.606325310803242701e+00
6.599548709696615667e+00
6.593640779811865471e+00
6.593652803539135299e+00
6.593628248020406701e+00
6.593641341167455927e+00
6.593851801618779263e+00
6.593983885183747340e+00
6.594118487480929325e+00
6.685440436294903144e+00
6.685439030235866831e+00
6.685439034004116543e+00
6.685438139415968095e+00
6.685445005415862063e+00
6.685409881439545288e+00
6.685409650202662313e+00
6.685434814279638260e+00
6.685437555889017780e+00
6.685440333729943063e+00
6.685440779997966487e+00
6.685439504195648475e+00
6.685439911330907314e+00
6.685439232662629294e+00
6.685345218549338497e+00
6.685349192177437061e+00
6.685348575982668962e+00
6.753132824282143787e+00
6.753133947099295931e+00
6.753127994214668028e+00
6.753126382623709567e+00
6.753129611044440317e+00
6.747427200332429820e+00
6.747421748045966616e+00
