# 2*np.log[MAD(r)] for 100 flights; 1000 steps per flight; run 45 of 50; mu: 1.50; seed: 44
-2.120716091255468427e+01
-1.874277160024010769e+01
-1.709627837408847384e+01
-1.608969615139688258e+01
-1.544488199914765936e+01
-1.455731724934032911e+01
-1.329737655013914477e+01
-1.292789326170097652e+01
-1.246444989055865094e+01
-1.191579688724742603e+01
-1.149779823502982445e+01
-1.132525418909764703e+01
-1.095206129927253080e+01
-1.096542883912097111e+01
-1.066243097345201996e+01
-1.058472910949129187e+01
-1.025130050386755087e+01
-9.885136970241120480e+00
-9.762109295548027532e+00
-9.742631056673593193e+00
-9.644035602795851148e+00
-9.630179493008220959e+00
-9.607808434486070581e+00
-9.540060940827565616e+00
-9.367395030374130016e+00
-9.365542807867351272e+00
-9.206527919054860121e+00
-8.982962063609100767e+00
-9.049941005049149112e+00
-8.921027246568533187e+00
-8.917431464907178196e+00
-8.857192242938172200e+00
-8.800284240091011512e+00
-8.757514537173788582e+00
-8.627748018783725215e+00
-8.610903258730475685e+00
-8.495218107186889966e+00
-8.313145660059959141e+00
-8.228668248798125973e+00
-8.237105329588899849e+00
-7.866799203116068284e+00
-7.762456513681262216e+00
-7.557432748369110165e+00
-7.568505579808111783e+00
-7.426965468780285740e+00
-7.242969507248767869e+00
-7.007847051398755411e+00
-6.971789054854149015e+00
-6.934359751015064077e+00
-6.822423268556498499e+00
-6.840607238958209102e+00
-6.707225038415026042e+00
-6.785405622918315061e+00
-6.656183345927954242e+00
-6.536571986280428348e+00
-6.436008447113781727e+00
-6.440760022699085319e+00
-5.779156772756995686e+00
-5.912339355334442992e+00
-5.797620236928777260e+00
-5.792892789050745783e+00
-5.797568111319538531e+00
-5.785975790037430677e+00
-5.785402475162353397e+00
-5.695759666272278032e+00
-5.244964153951342745e+00
-5.292760379864175135e+00
-5.271545590450286589e+00
-5.121690263698105205e+00
-4.984932913349418904e+00
-4.976150852535387692e+00
-4.757287053829271528e+00
-4.645223283213862686e+00
-4.645652701171461452e+00
-4.564702920967971700e+00
-4.447311636450530514e+00
-4.490111923021759210e+00
-4.239831686636077457e+00
-4.246128234294575421e+00
-4.082411669140558530e+00
-4.080109028983830655e+00
-4.073231536639651651e+00
-4.208586868079934540e+00
-4.234012808129369532e+00
-4.203318266034361983e+00
-4.187114190744038567e+00
-3.920996268724218581e+00
-3.755492162354456820e+00
-3.774112378463918116e+00
-3.803283289707217296e+00
-3.736045099437327988e+00
-3.686198028721678455e+00
-3.699190447611283794e+00
-3.732049403869254878e+00
-3.677085537338166787e+00
-3.738408335638336855e+00
-3.736156701693363669e+00
-3.736529986702240791e+00
-3.736659532318617138e+00
-3.616955163946067309e+00
-3.591502398523981121e+00
-3.576958906406873417e+00
-3.581238256363527217e+00
-3.581735771681129332e+00
-3.494699354450294226e+00
-3.494437756596249667e+00
-3.348127997319530813e+00
-3.346990504324305782e+00
-3.350979526194211022e+00
-3.351486352058074658e+00
-3.224830596358413626e+00
-3.224248756457833487e+00
-3.224697445959061159e+00
-3.217699293516271375e+00
-3.121709888584956794e+00
-3.043421917722113790e+00
-3.065777365117579922e+00
-2.983420853631458591e+00
-2.983265638021204147e+00
-2.982903150918506885e+00
-2.931580112829595297e+00
-2.861041118567484443e+00
-2.765334979629154422e+00
-2.766322963228029952e+00
-2.764082517174457188e+00
-2.718401864076883889e+00
-2.677787709629441792e+00
-2.591163570866793275e+00
-2.643212135481469716e+00
-2.643447636822584101e+00
-2.576083899104917752e+00
-2.577515943927383368e+00
-2.578157726895991431e+00
-2.578189566578019232e+00
-2.578104391166955889e+00
-2.577805427628261814e+00
-2.574984946920171769e+00
-2.277094355658380032e+00
-2.065734298161137517e+00
-2.065861461066304194e+00
-2.064679858935501766e+00
-1.933079088920062194e+00
-1.809856057450126343e+00
-1.821059653487271834e+00
-1.821067345781357538e+00
-1.821568464846495816e+00
-1.821921013942298773e+00
-1.841885971446195702e+00
-1.841879360025507673e+00
-1.754336866073821000e+00
-1.764700310427385954e+00
-1.764388949487581515e+00
-1.764227538391732519e+00
-1.764062621153144494e+00
-1.764107949591664060e+00
-1.763985688007771557e+00
-1.814017179581830286e+00
-1.627977598370382362e+00
-1.598559603861339440e+00
-1.598532743865586081e+00
-1.598407705564577563e+00
-1.766292876518196442e+00
-1.766030480810389047e+00
-1.837375107802143637e+00
-1.837365653169898971e+00
-1.542168753174528728e+00
-1.489877464939008522e+00
-1.490187944303906109e+00
-1.406328743404640536e+00
-1.393054423240380091e+00
-1.393038459618514135e+00
-1.459883225902385284e+00
-1.459286909655445941e+00
-1.385779286798587195e+00
-1.284294198629589046e+00
-1.285377270417557227e+00
-1.206238649907001026e+00
-1.210800114644618564e+00
-9.449258255966768161e-01
-9.338118473182420720e-01
-9.325900561607814998e-01
-9.364141929392751917e-01
-9.421436172894500638e-01
-8.130925940443674005e-01
-8.126114396343903090e-01
-8.127153414520486008e-01
-8.127581894175476274e-01
-8.161506089144491272e-01
-8.121878782354433612e-01
-8.248014731038625369e-01
-8.247877847134044149e-01
-8.242058560318676896e-01
-8.111677284502035734e-01
-8.111441519082994711e-01
-8.120427473213738256e-01
-7.858816748472975400e-01
-8.233354263965666497e-01
-8.389677198057842178e-01
-8.374099679715791833e-01
-8.372342784307078567e-01
-8.372114234754625128e-01
-8.383167552862900163e-01
-8.377331264428153901e-01
-8.377677848235502989e-01
-8.374129273197766787e-01
-8.386259644412761283e-01
-8.385969539243515181e-01
-8.386984028924862056e-01
-7.473826024025681525e-01
-7.522237152586936926e-01
-7.522207653070411837e-01
-7.690872210665105069e-01
-7.690346664135042642e-01
-7.581105580009654954e-01
-7.580085366890380039e-01
-7.582128880566378903e-01
-7.272813736240261173e-01
-7.275782676578783637e-01
-7.274522383513832846e-01
-6.580426758253443698e-01
-6.632356272445729672e-01
-5.957784757283530741e-01
-5.958775378520807520e-01
-5.955074694599903351e-01
-5.952658146001034156e-01
-5.952154742813819954e-01
-5.365227422834766280e-01
-5.365427235621778035e-01
-5.365721191819395886e-01
-5.364634844139489767e-01
-5.366444649042751980e-01
-5.391230015312572510e-01
-5.391298160344638601e-01
-5.055162274682448720e-01
-4.496575804661974152e-01
-4.499914593856997325e-01
-4.499846224020644936e-01
-4.792050098879048758e-01
-4.791650537904861840e-01
-4.649045344234281618e-01
-2.567687470269314209e-01
5.610732738821096882e-02
5.611658093937989950e-02
5.511139522616038955e-02
-6.106515508069484954e-02
-6.452637042963828284e-02
-3.353179732436548099e-02
-3.300135461693715078e-02
-3.322199190397370078e-02
-3.320427540380977566e-02
-3.258473123019124673e-02
1.250130115586976440e-02
1.126812056288061317e-02
8.962327306585122708e-03
8.967105773091630164e-03
-9.995504826855656534e-04
-9.971676372827382746e-04
-1.056759631065298756e-03
1.598518504070890224e-03
5.798819953078981210e-02
1.345327549167890102e-01
1.346591377717299698e-01
1.347481882379107654e-01
1.349031849295653507e-01
1.348843133965396957e-01
1.351901574256824390e-01
1.352232308314320897e-01
1.786387951251253992e-01
1.787466825153373184e-01
1.785002693850243904e-01
1.784507682146853624e-01
1.787355805509288909e-01
1.797735740058549192e-01
1.481604466620597416e-01
1.484573146587114534e-01
1.485647269697447370e-01
1.548077305956717942e-01
3.407627206599407321e-01
3.153177523601236043e-01
4.540713168905918251e-01
6.093045326586422616e-01
6.092991180704213638e-01
6.094977195235996570e-01
6.096399368520176720e-01
6.098689344672505452e-01
6.087172683169215226e-01
6.090094425689726032e-01
6.090690734350476809e-01
6.090709951267716527e-01
6.091277659156902891e-01
6.097093025576441061e-01
7.335805957265161270e-01
7.336701662666130774e-01
7.333032215584982527e-01
7.336517093644930876e-01
7.238802555232219937e-01
7.309305007031885459e-01
7.317654319064897939e-01
7.319298096229936990e-01
7.320120250045983878e-01
9.255249272049472786e-01
9.255092420437106560e-01
9.255355542509570155e-01
9.255242389616858967e-01
9.506274894235592354e-01
9.506202649909835101e-01
9.507468780343774073e-01
1.057640771683027836e+00
1.057668799918041413e+00
1.059140318250880286e+00
1.054955551198088370e+00
1.059686922120073094e+00
1.059641752001178716e+00
1.259470982028568775e+00
1.259295378448692215e+00
1.259288269633936252e+00
1.259276670310168988e+00
1.258453701062872687e+00
1.258472122894703116e+00
1.258457403145802900e+00
1.257903014896734950e+00
1.257900039607175779e+00
1.257912001085276232e+00
1.258008067538838315e+00
1.258528837094807784e+00
1.259079941878900488e+00
1.255894963226463545e+00
1.275810624010215610e+00
1.275719521790754651e+00
1.272888215381609678e+00
1.272868998241958094e+00
1.272859561185938571e+00
1.474462452787903111e+00
1.477227836886242596e+00
1.504178356969523511e+00
1.504275965067738863e+00
1.504277761890186138e+00
1.478796415223495586e+00
1.478807939910509406e+00
1.470799958719958056e+00
1.580913198532994279e+00
1.616745616506861660e+00
1.616723012240075308e+00
1.616690825292552036e+00
1.616682311044235432e+00
1.615718711821265030e+00
1.615804883434690531e+00
1.615880323111090311e+00
1.688877242409769996e+00
1.715492611779025456e+00
1.705782000350672289e+00
1.706616153765444066e+00
1.706520949809620102e+00
1.770574336210841926e+00
1.770559886075922629e+00
1.770586241688980600e+00
1.823582722160146607e+00
1.823485437146104449e+00
1.823698153353402462e+00
1.823701647332357512e+00
1.823703457515604809e+00
1.824461958811782747e+00
1.824463966846886942e+00
1.788811054613241858e+00
1.788016384680903625e+00
1.787888366942811169e+00
1.787927171611822352e+00
1.787900613680190487e+00
1.787928819394823732e+00
1.787923096784920229e+00
1.787903834531006320e+00
1.787913243799981178e+00
1.787897490511966891e+00
1.821735395578287342e+00
1.821752390767248819e+00
1.821661507388953938e+00
1.821657461201802386e+00
1.821667694801251125e+00
1.821780038763871845e+00
1.819960240291946807e+00
1.819963348442864559e+00
1.787077783000432740e+00
1.787081123864246557e+00
1.787136975165964037e+00
1.787136167297279199e+00
1.777182548239412574e+00
1.777249572484043583e+00
1.777326963062067167e+00
1.777280919920810387e+00
1.777254399197010226e+00
1.779887964512227416e+00
1.779906110403354225e+00
1.779878929563639689e+00
1.780023352668116177e+00
1.779655357686700468e+00
1.789821186556198152e+00
1.763685413753453002e+00
1.726195359911182781e+00
1.726139485022748943e+00
1.726388357268254792e+00
1.726087422050613052e+00
1.721607462976359804e+00
1.720799453088224018e+00
1.721314036109081291e+00
1.718773593734366667e+00
1.721341183165148614e+00
1.721474072125402932e+00
1.710163281997298501e+00
1.735197354583086549e+00
1.733616158324450041e+00
1.733609945540252939e+00
1.733564947441161852e+00
1.733541609072633660e+00
1.733951289201906887e+00
1.733790107308066597e+00
1.733827293996626384e+00
1.733863362634514793e+00
1.759606192464309826e+00
1.826038951055217074e+00
1.826083028130537134e+00
1.826095512758286299e+00
1.826165696548013750e+00
1.826181191425237493e+00
1.803463300837202299e+00
1.834434388295265617e+00
1.836078078333748920e+00
1.836071305251151697e+00
1.836695676104490804e+00
1.836599492670053291e+00
1.836499798521705751e+00
1.836500291266919715e+00
1.978120336048307726e+00
1.978173469019978148e+00
1.986937312042134973e+00
2.202056976220823969e+00
2.432825503300517056e+00
2.432723271782943897e+00
2.432728367114895818e+00
2.432717161694164076e+00
2.441522769767685563e+00
2.441470906087047421e+00
2.441447517403529943e+00
2.440554629392421404e+00
2.599342100049795601e+00
2.599311473802127459e+00
2.730352338377378008e+00
2.721523389665432724e+00
2.721478076132176849e+00
2.721994878542177698e+00
2.741102988469890089e+00
2.741109776662967512e+00
2.741126196835998119e+00
2.741109685274227825e+00
2.741121344534144022e+00
2.741129628416240305e+00
2.741152605566055112e+00
2.741131262371609978e+00
2.741172951161233495e+00
2.741160206869889038e+00
2.741181785841493745e+00
2.741183870828451052e+00
2.741106733327002498e+00
2.794234933072822002e+00
2.794227137701718711e+00
2.794230128566464799e+00
2.794187545663755490e+00
2.794136275404345504e+00
2.812643438500112225e+00
2.812717095435858461e+00
2.812713995338593786e+00
2.812791592242118721e+00
2.855482496079901900e+00
2.855479299290730300e+00
2.874644820599329798e+00
2.874629042605260310e+00
2.874611199459661481e+00
2.874682822420162598e+00
2.874674195287802103e+00
2.874076282449001596e+00
2.873867325293529618e+00
2.873943185216923268e+00
2.873959952499170356e+00
2.873943042388706015e+00
2.890744055607961993e+00
2.890767309774916249e+00
2.890930771327641313e+00
2.891006478520293577e+00
2.891135050309655341e+00
2.891157890906680183e+00
2.891193081348239158e+00
2.891198046682819989e+00
2.891231180745598817e+00
2.891241646443674096e+00
2.891973439537252943e+00
2.891970426893121004e+00
2.874669276152507003e+00
2.874686497054494527e+00
2.874851622510753657e+00
2.874748594273618174e+00
2.874653883868734106e+00
2.874654205120798167e+00
2.874649658969596011e+00
2.866543440643855245e+00
2.866802877086833234e+00
2.866797879152298112e+00
2.866801416293487392e+00
2.866866933745372492e+00
2.866852427364662059e+00
2.866849073567097950e+00
2.866852150170267954e+00
2.897208200406321321e+00
2.897205119585842148e+00
2.893623386610532311e+00
2.923411095402655313e+00
2.923446166548788305e+00
2.923505875322586878e+00
2.923540256965576845e+00
2.923549486456031854e+00
2.948645666273679744e+00
2.995184234583778249e+00
2.995131396798527579e+00
2.996083670321366466e+00
2.996088448823156725e+00
2.996280028621085112e+00
3.071376059444930195e+00
3.071330850844750326e+00
3.071979240462742400e+00
3.071933293298716450e+00
3.072049965388096382e+00
3.072094039949810451e+00
3.072021689145878920e+00
3.072453273225404846e+00
3.072482445345515512e+00
3.072481598934179825e+00
3.144561152967320528e+00
3.144214502599647076e+00
3.144223450663147901e+00
3.144185892138272820e+00
3.144175443623967947e+00
3.144657644691059240e+00
3.144724048085294932e+00
3.140024006040874838e+00
3.139986111231265919e+00
3.264495843517380536e+00
3.281743030343934997e+00
3.281750000183644378e+00
3.282386388870896621e+00
3.282354726669613143e+00
3.282375882247478671e+00
3.282373511445863645e+00
3.282437613746066685e+00
3.282436504165886948e+00
3.521972312565935237e+00
3.521939426992128475e+00
3.525570034156018107e+00
3.525627545019690334e+00
3.525641098845441856e+00
3.735163224643256452e+00
3.735720486684729558e+00
3.735720347569702504e+00
3.857663806612247726e+00
4.000222651104361482e+00
3.988689828004099880e+00
4.215535170064028669e+00
4.215524384289968118e+00
4.215423896632238154e+00
4.215452246839430650e+00
4.215311651984857910e+00
4.215422246227494618e+00
4.252063719571225420e+00
4.252244166308288165e+00
4.252231373117746571e+00
4.252236808330200013e+00
4.252424616629632226e+00
4.252406593686973046e+00
4.252428747968166611e+00
4.252286639146745095e+00
4.251770601568426677e+00
4.188647968571250324e+00
4.188652943305553045e+00
4.181943324420254626e+00
4.181949168248068283e+00
4.182028575981020069e+00
4.182037013861729768e+00
4.182170582143453608e+00
4.182557802721616369e+00
4.286029828237289507e+00
4.285960800518088476e+00
4.285959932154038476e+00
4.285802920542963967e+00
4.285815031615473281e+00
4.285866799164208985e+00
4.285872380290777883e+00
4.285823747542262474e+00
4.285832436548699498e+00
4.285677593587213785e+00
4.285672482710139342e+00
4.285678828063195667e+00
4.285563485860401478e+00
4.285795990093044239e+00
4.284517681007510959e+00
4.284337081923704105e+00
4.485655007869119970e+00
4.485654717200035613e+00
4.485678619728432182e+00
4.670019733215401203e+00
4.669575603466201486e+00
4.669816145269216179e+00
4.669786121360583131e+00
4.669770327603841586e+00
4.669801772637866222e+00
4.669801810536394093e+00
4.669827758711737609e+00
4.669819582251307999e+00
4.669810773524906367e+00
4.669992465210881072e+00
4.669992774114697376e+00
4.669987378346286633e+00
4.670059168689533635e+00
4.670064065481577487e+00
4.670073748577522110e+00
4.670027906261739581e+00
4.670035240568925161e+00
4.673506270301778898e+00
4.673502728295826358e+00
4.673499270209323875e+00
4.839743723510443907e+00
4.836605699523935264e+00
4.836582155954418205e+00
4.836585728952127461e+00
4.836590407095211930e+00
4.836628753451911678e+00
4.836654008192962095e+00
4.839809129940218391e+00
4.839717647039427639e+00
4.839692391194125420e+00
4.839685613978065959e+00
4.839684507525856993e+00
4.839689922416583912e+00
4.839672690394639432e+00
4.839874526987320458e+00
4.839684825372732924e+00
4.839716792460292183e+00
4.839333781149806057e+00
4.982641859363816650e+00
4.980288288231836447e+00
4.980322671182887184e+00
4.981932719702844459e+00
4.980318434341756806e+00
4.980289059764990256e+00
4.981911383828210305e+00
5.079365823521738932e+00
5.079379755136584684e+00
5.079381473172174921e+00
5.079405345985819054e+00
5.079022382734925678e+00
5.079026062092298233e+00
5.079180869081354466e+00
5.079182445680131330e+00
5.079185086752091571e+00
5.079197988203651981e+00
5.079197953765223872e+00
5.079188228908622094e+00
5.079138544079159878e+00
5.079118738160671498e+00
5.079356409695884977e+00
5.079060540487768449e+00
5.079035077378725838e+00
5.079030207931952923e+00
5.079027199979164742e+00
5.079017551946776621e+00
5.079022368658780984e+00
5.078992655736191075e+00
5.197978276820911958e+00
5.197982792816588926e+00
5.197979964379850770e+00
5.197976611609123054e+00
5.197946991628397129e+00
5.197946276840257340e+00
5.197942892198119225e+00
5.197946495345890483e+00
5.197933289308653393e+00
5.197913443643200182e+00
5.197914384053140324e+00
5.197916240139638155e+00
5.198089864000072780e+00
5.199740294798862905e+00
5.199751617267381221e+00
5.200470115499864043e+00
5.200471143625948756e+00
5.200471771246820474e+00
5.081671226576215616e+00
5.198996080927514640e+00
5.198972787319829258e+00
5.198853778994223518e+00
5.198856373855298862e+00
5.197633837284483249e+00
5.197637125467144514e+00
5.197624580611098111e+00
5.197621004228901498e+00
5.197473071537055844e+00
5.197458861822589427e+00
5.197379982759635197e+00
5.197406607650446375e+00
5.197404745847495455e+00
5.197464450218714838e+00
5.296410426538422200e+00
5.296408792015985689e+00
5.299246152753229744e+00
5.299354871222972996e+00
5.298181862938989184e+00
5.298187327498529164e+00
5.298192492789749686e+00
5.298184315663160504e+00
5.298194806423436987e+00
5.298350699075082382e+00
5.298393963675399831e+00
5.298395046565994804e+00
5.297213674178443021e+00
5.297220823655096389e+00
5.297361187931961979e+00
5.296896055620134547e+00
5.296065228387700330e+00
5.296074639606569434e+00
5.296051603985106659e+00
5.296051153156808411e+00
5.296126976174075018e+00
5.296114312171780192e+00
5.294919768165608609e+00
5.294900552867587429e+00
5.294904947698327646e+00
5.294904167285797492e+00
5.298461071438231862e+00
5.298460008119035614e+00
5.298831897308861727e+00
5.295436246386541868e+00
5.331795012116939958e+00
5.331796271770405049e+00
5.335154496437457539e+00
5.335135083994427596e+00
5.335131419835538402e+00
5.334970167309000644e+00
5.334962377883985418e+00
5.331625941583773454e+00
5.331626935763016384e+00
5.331618494503033823e+00
5.331457331393337995e+00
5.331452484863117292e+00
5.331446952143032547e+00
5.331470647107015459e+00
5.331479912045860914e+00
5.331479426373871178e+00
5.331453809172455927e+00
5.331425074624823068e+00
5.331411277435067930e+00
5.331412862815910536e+00
5.331504490330522650e+00
5.331498218211653040e+00
5.331496627482215089e+00
5.331374968214761978e+00
5.328998763621449086e+00
5.329074226405339232e+00
5.329068796030405508e+00
5.329055835093069682e+00
5.328993043867352952e+00
5.328991624916884717e+00
5.328984919263145770e+00
5.328432732598757049e+00
5.314402758223077505e+00
5.314430759578625540e+00
5.314363201338309750e+00
5.314368830483866546e+00
5.314822404972339598e+00
5.314837704806688379e+00
5.314847860936329660e+00
5.314851488033294657e+00
5.314561601243406486e+00
5.314565966368081540e+00
5.314561963550497481e+00
5.463338998309973604e+00
5.463381028666131733e+00
5.463418550851374178e+00
5.463417281859665131e+00
5.463402824379165246e+00
5.463352416815873802e+00
5.463350004435066687e+00
5.463350783121681431e+00
5.463348214636078559e+00
5.463347880349236796e+00
5.463350120243363861e+00
5.463344511417511207e+00
5.463345095327569290e+00
5.463344599717393280e+00
5.463341906111647717e+00
5.463341965725712512e+00
5.463334065726431099e+00
5.463329753558349822e+00
5.548876632516194896e+00
5.548871272975555158e+00
5.548861681297796444e+00
5.548848374386055049e+00
5.527653843424748636e+00
5.527653481694496662e+00
5.527652794522416535e+00
5.528727294020525207e+00
5.528725972074868267e+00
5.528727527760633365e+00
5.528726424134981166e+00
5.528728650435719594e+00
5.528739969824322031e+00
5.528743650894740291e+00
5.528745903568706765e+00
5.528708882224789178e+00
5.528709095977045074e+00
5.528627337619356652e+00
5.528614099844342711e+00
5.528535218260589801e+00
5.528534341437422839e+00
5.528563363005743803e+00
5.528562330677819325e+00
5.528559363782699521e+00
5.524504873595440735e+00
5.524495524173780758e+00
5.521907437381014638e+00
5.521801228186807187e+00
5.521804245676627865e+00
5.505524344003648096e+00
5.505525028555392275e+00
5.505525131198153233e+00
5.505522822637663793e+00
5.505518042669704570e+00
5.506933342561893596e+00
5.506911152311192659e+00
5.506915959734290489e+00
5.506910259543229103e+00
5.506912054194650352e+00
5.506954563139593084e+00
5.506941057384826088e+00
5.495884883776453123e+00
5.495886335785010957e+00
5.495805153183655811e+00
5.495879540045141454e+00
5.495872231416226938e+00
5.497439301224443575e+00
5.497445155405773498e+00
5.523946289896124462e+00
5.523951459479740755e+00
5.607206338950111224e+00
5.607311280845095780e+00
5.607287113925910838e+00
5.607280928487745619e+00
5.607281404393721580e+00
5.607274370643016148e+00
5.607275033109625717e+00
5.607274709142927804e+00
5.607271208651144256e+00
5.607269692308230802e+00
5.607279316440399342e+00
5.607278347388493955e+00
5.607275698243836537e+00
5.607251345748176519e+00
5.607238501970206457e+00
5.607238771176795922e+00
5.607199749883638340e+00
5.605418094491322556e+00
5.605412880434216483e+00
5.605360615031437455e+00
5.605509223480702019e+00
5.605536365046357439e+00
5.605696873557576509e+00
5.608314928131180821e+00
5.608116814603933520e+00
5.608107208121586140e+00
5.608134522183657822e+00
5.608137124075877722e+00
5.608124884291664003e+00
5.608124379895489398e+00
5.608129007460898485e+00
5.608120746324444461e+00
5.608133224197708877e+00
5.608133203521224353e+00
5.608129282688399719e+00
5.608123157398239300e+00
5.608124230857860049e+00
5.608120522142805875e+00
5.608087745580927930e+00
5.608158098603725605e+00
5.607945659254617965e+00
5.607942905942016942e+00
5.607940006509151587e+00
5.579167253574563112e+00
5.574739856442428199e+00
5.575559377160455909e+00
5.575519774133802287e+00
5.575519031172725626e+00
5.575485087180471311e+00
5.575444772547989203e+00
5.575435182930035261e+00
5.622646694327139372e+00
5.622644335537406057e+00
5.622644373004684226e+00
5.622642070310058138e+00
5.622637678479348367e+00
5.622882652011003124e+00
5.622858433433327363e+00
5.585424416305550643e+00
5.585533593210341152e+00
5.585562825904540674e+00
5.585632039205787436e+00
5.581913245742899043e+00
5.581968167032777650e+00
5.581966466811025818e+00
5.581963873239581986e+00
5.582031158602086762e+00
5.582363532532661488e+00
5.582340405009166950e+00
5.582327722564373040e+00
5.582334649613225785e+00
5.654013629998265067e+00
5.654020074644209082e+00
5.654021943664476524e+00
5.654025941393657106e+00
5.654029978243623411e+00
5.654039734970842446e+00
5.666664975902814483e+00
5.666667027018253755e+00
5.666678999026001584e+00
5.666669150712370318e+00
5.666441741270195287e+00
5.666608229282012132e+00
5.666608996247629371e+00
5.666634776535977025e+00
5.666818966927816170e+00
5.666570862387692920e+00
5.666567028570678843e+00
5.666226132711446262e+00
5.666227061321873038e+00
5.666233615736889995e+00
5.666225528065771400e+00
5.666222395726133065e+00
5.666037962052558719e+00
5.666070653443020078e+00
5.666833488425282894e+00
5.666836269148404881e+00
5.678657148528786891e+00
5.678657421916333270e+00
5.678700481950985868e+00
5.678702247333839992e+00
5.678704209601630915e+00
5.678711911451365779e+00
5.678711958404745630e+00
5.678710374507697445e+00
5.678711536926440040e+00
5.678715286884276736e+00
5.678717809526268923e+00
5.678715507994306577e+00
5.678738625365967962e+00
5.678735492836883836e+00
5.678738216671760597e+00
5.678651758657244031e+00
5.678650679274140245e+00
5.678650795037714971e+00
5.678655802829534416e+00
5.678655909664956702e+00
5.678654481658691466e+00
5.678653702055555641e+00
5.678735699877125676e+00
5.678735866159253298e+00
5.678737196616721938e+00
5.678725173795713843e+00
5.678724698584637132e+00
5.678724585313030815e+00
5.678707161898618239e+00
5.678708004582390778e+00
5.678708115208843665e+00
5.678705681985474207e+00
5.678697760670314842e+00
5.678698903226985450e+00
5.678700181647427847e+00
5.678699143392820226e+00
5.678698488654629450e+00
5.678701210395241894e+00
5.678719171257863962e+00
5.679641681751085969e+00
5.679659057947697320e+00
5.679677068583021793e+00
5.679677149869548636e+00
5.679678175009713392e+00
5.679676251506525553e+00
5.679678693709662163e+00
5.679687403972510040e+00
5.729071762870355577e+00
5.729074104886517027e+00
5.729147451650850265e+00
5.729151309273752268e+00
5.729146878926242969e+00
5.728279665304979673e+00
5.728285005237978567e+00
5.728277401537550162e+00
5.728275051925985295e+00
