# 2*np.log[MAD(r)] for 100 flights; 1000 steps per flight; run 49 of 50; mu: 1.50; seed: 48
-2.105435445794299554e+01
-1.893886905640273710e+01
-1.772960047256475136e+01
-1.638880281185150167e+01
-1.530372158190263576e+01
-1.453867283815439748e+01
-1.396468568160806889e+01
-1.298500440589154969e+01
-1.235936847894789814e+01
-1.229462889527958858e+01
-1.166217489075757108e+01
-1.139433986662135823e+01
-1.129599883853892806e+01
-1.116926013442499510e+01
-1.071451112420261431e+01
-1.031629437818542527e+01
-1.013022667852871983e+01
-9.932750765015052608e+00
-9.463593642998272770e+00
-9.364953437012891513e+00
-9.188554250674965118e+00
-8.553138968854812063e+00
-8.228675586299493361e+00
-7.985041852620586411e+00
-7.642221471708626979e+00
-7.636425898356293374e+00
-7.362566735287980890e+00
-7.158841226818474013e+00
-7.076015610291594093e+00
-7.077769442167650027e+00
-7.086662665819444484e+00
-7.082847543578109750e+00
-7.089317065913215643e+00
-7.115828816785536581e+00
-6.909990557668494127e+00
-6.739536000330830667e+00
-6.265395660781686082e+00
-6.010950035255720358e+00
-5.828061019340041504e+00
-5.351718661874774519e+00
-5.242343902597430549e+00
-4.857291476443861278e+00
-4.856898846244289913e+00
-4.855490433182478860e+00
-4.827551015549157221e+00
-4.845954921464980636e+00
-4.829451397027116677e+00
-4.769519026101981751e+00
-4.641638872829566331e+00
-4.624640723674595222e+00
-4.582881674047424525e+00
-4.583264010199935790e+00
-4.583952584724882762e+00
-4.584055364034106184e+00
-4.437878730779402758e+00
-4.499894066862645481e+00
-4.335510497307665467e+00
-4.199457220196064711e+00
-4.199603410500698963e+00
-3.762068123676976850e+00
-3.654958501161132300e+00
-3.454236189464197082e+00
-3.314318993728413876e+00
-3.336052285379606630e+00
-3.248022704069292832e+00
-3.246782744344288041e+00
-3.142055711966655007e+00
-3.141092281480124093e+00
-3.133241064498872408e+00
-3.101400743668595528e+00
-3.101626225067724896e+00
-3.037346749254101752e+00
-3.047217721435202531e+00
-3.045675657545082071e+00
-2.998311307111313440e+00
-2.873028886394347836e+00
-2.872901017034051652e+00
-2.873522488577988199e+00
-2.865352882828071213e+00
-2.855680935115176844e+00
-2.856463366213319421e+00
-2.860096462276707552e+00
-2.859950590365960554e+00
-2.851674163533291395e+00
-2.821939521338081569e+00
-2.822565294128591695e+00
-2.805188211083924354e+00
-2.798211803557804966e+00
-2.790990853780221936e+00
-2.784680450910432370e+00
-2.752625886102940900e+00
-2.752819033295273776e+00
-2.760699255447903511e+00
-2.721410586748009397e+00
-2.684047360477976429e+00
-2.644497223345410486e+00
-2.646210513692981436e+00
-2.646343003611358213e+00
-2.690322317769830551e+00
-2.610625263060390111e+00
-2.610710470229878233e+00
-2.597775638927777297e+00
-2.583716281360711076e+00
-2.583665186617199350e+00
-2.567197638972714024e+00
-2.584903565451053264e+00
-2.584487917377524369e+00
-2.588851784550922019e+00
-2.628659949295952813e+00
-2.648969333755141875e+00
-2.649463631946091358e+00
-2.650673865540087881e+00
-2.595083270180178037e+00
-2.506639759051156435e+00
-2.501541784735308749e+00
-2.297706066618951048e+00
-2.305108365174834084e+00
-2.305213987410140053e+00
-2.304952227200598891e+00
-2.304462648572537020e+00
-2.304587817665177951e+00
-2.304464319729353061e+00
-2.304460818133150291e+00
-2.200539626881315325e+00
-2.202332947419072262e+00
-2.082535186869788557e+00
-2.017648450555856954e+00
-2.016782308075863561e+00
-2.016692110521663306e+00
-2.001485544427006769e+00
-2.016638917421402777e+00
-1.817356119926740510e+00
-1.640744053894313659e+00
-1.577602442593281307e+00
-1.522465941512907817e+00
-1.521882412044975874e+00
-1.574915664213791366e+00
-1.570039692641928664e+00
-1.483563475193518055e+00
-1.484639890696119346e+00
-1.428084386105191061e+00
-1.425428041823651348e+00
-1.427027344961507849e+00
-1.426985159693511918e+00
-1.460994856072322046e+00
-1.460951725782970279e+00
-1.455844029238342996e+00
-1.478598976536283027e+00
-1.482982197614781228e+00
-1.483730185519872791e+00
-1.489252921189685219e+00
-1.471806053391848446e+00
-1.380655894380073967e+00
-1.378095080142397455e+00
-1.378463836118571484e+00
-1.379024426614805066e+00
-1.378982568886769844e+00
-1.378242457225106410e+00
-1.378580628565844624e+00
-1.378694763880389917e+00
-1.273462470869922925e+00
-1.274677357075822526e+00
-1.167199073190623437e+00
-1.164923307689786025e+00
-1.061504757325101744e+00
-1.061542493348979432e+00
-1.061345796962678723e+00
-1.061296921911650593e+00
-1.061290456884783406e+00
-1.182318907124463747e+00
-1.182507110685644403e+00
-1.076126446949292159e+00
-1.093112522150124555e+00
-1.092987853544251209e+00
-1.058126728983238340e+00
-1.011918196907804601e+00
-1.011852011015350605e+00
-1.010704067319063926e+00
-1.013404885334006300e+00
-1.013450636070574173e+00
-1.013629209720330326e+00
-1.013894018875403535e+00
-8.941343904551456445e-01
-6.152056953751083856e-01
-6.150842180239510792e-01
-6.152182964616204064e-01
-3.716237616516975817e-01
-3.560228104328615473e-01
-3.559387402345567386e-01
-3.559815284786597145e-01
-3.566028889491990039e-01
-3.574436471393692138e-01
-3.575814173400532203e-01
-3.799252307878651091e-01
-3.805370699382718547e-01
-3.801547040700360980e-01
-2.927492167342648499e-01
-2.834128906113483892e-01
5.492549007127955213e-02
2.479590712516939466e-01
2.479349961326824947e-01
2.480057068877294935e-01
2.515475336980063092e-01
2.513499545820578884e-01
2.509934915679422618e-01
2.509591379544966472e-01
2.509507622161024076e-01
2.503462731020627552e-01
2.571202516317387388e-01
2.574821878650849216e-01
2.441654952343047524e-01
2.540992742511640201e-01
2.546424653354246170e-01
2.635747987365524847e-01
2.634935014396820319e-01
2.634753947041553745e-01
2.725334972132889555e-01
2.723000798112178988e-01
2.625907344231012130e-01
2.655413381771175030e-01
3.597318303604579715e-01
3.601849018968706351e-01
3.623371707700086541e-01
3.628603136330729728e-01
3.630094371522971097e-01
3.629575783241569820e-01
3.632788311241296753e-01
3.715919228913668326e-01
3.711992551947060903e-01
3.718241505035522199e-01
3.523121925759430950e-01
3.542821235677980907e-01
3.705174995475652988e-01
3.705035513920230117e-01
4.684285385685812431e-01
6.518358220644911993e-01
6.518187027700541591e-01
6.521877833568746619e-01
6.518903426590162420e-01
6.519798307174723417e-01
6.521546808001407181e-01
6.521899491359453016e-01
6.523464264848820582e-01
6.523617022300393087e-01
6.524777488070238052e-01
6.524149160541989900e-01
6.520459082726761668e-01
6.584637916323168305e-01
6.638012114835649680e-01
6.844226034419473859e-01
6.842500612447154351e-01
7.445497008215050672e-01
7.448080200859800160e-01
7.354839466950569005e-01
7.303293800127572677e-01
7.303470185125761072e-01
7.303865494230538102e-01
7.303428063212933363e-01
8.115387522710455492e-01
8.115690042542307303e-01
8.114238247577136853e-01
8.105813678360734853e-01
8.105776746648314379e-01
8.107186353736657303e-01
8.111013739284990143e-01
7.961525988373181484e-01
7.959714993576103570e-01
7.963660850259041135e-01
7.965352054729730735e-01
1.099371158778386981e+00
1.335480625467535098e+00
1.519800980347356667e+00
1.517835056569762697e+00
1.517656178089030750e+00
1.517276041342000781e+00
1.527229433351948940e+00
1.527293909466067801e+00
1.506033575317110351e+00
1.486563631252826090e+00
1.486556088322014135e+00
1.505932187435917724e+00
1.635348116369832683e+00
1.635339000653531993e+00
1.653378693545516587e+00
1.654398584664535710e+00
1.654545304591173771e+00
1.654556100295189625e+00
1.658237081023052673e+00
1.658239919469878698e+00
1.649501383237037988e+00
1.649498417023615771e+00
1.639173178328819702e+00
1.639149011679866152e+00
1.638987444516202263e+00
1.635848586308181307e+00
1.636022440490262575e+00
1.635896370027083657e+00
1.635847520541441558e+00
1.767397960844024674e+00
1.767407974919911195e+00
1.767422366957333901e+00
1.767505944801128770e+00
1.767586930272627033e+00
1.816018439008631802e+00
1.816049622600585556e+00
1.818451678878548083e+00
1.819854534366152743e+00
1.819755484326778694e+00
1.819761158622170472e+00
1.819658864078962823e+00
1.891457659216966958e+00
1.884758740674767230e+00
1.884545840408357709e+00
1.884548336426775217e+00
1.884554189009910230e+00
1.884293436206786687e+00
1.884024157084276840e+00
1.865903226422033434e+00
1.883570641133498702e+00
1.883564607755056297e+00
1.944182052129466154e+00
1.944494094569578113e+00
1.944462015773935182e+00
1.945886998461107575e+00
1.945121715954263975e+00
1.945128454283668207e+00
1.938514101637365039e+00
1.938558795857971973e+00
1.939950388423668848e+00
1.932560572961886880e+00
1.932756338252704653e+00
1.932734654567943355e+00
1.932732457616713750e+00
1.932522461912476563e+00
1.932738646777401481e+00
1.932781586881361369e+00
1.939311677363111608e+00
1.915191755123890616e+00
1.915158067561905764e+00
1.915833018010816291e+00
1.917417112845564597e+00
1.914798649672880160e+00
1.914747486250536923e+00
1.914880150628126554e+00
1.914985747820020734e+00
1.915231645658703297e+00
1.913634855739748897e+00
1.917030624984407128e+00
1.917005616139324298e+00
2.113385106585611073e+00
2.113241088952082514e+00
2.113292164907192738e+00
2.113293129065958009e+00
2.115029457854980421e+00
2.114876698301478175e+00
2.114822320077683226e+00
2.114847292972377168e+00
2.114903309956852162e+00
2.114975987294441140e+00
2.115721157576103018e+00
2.111456840309982486e+00
2.111503491252506581e+00
2.111486122230826101e+00
2.111439752981237206e+00
2.111441102266838676e+00
2.280789019653572058e+00
2.281913683220711864e+00
2.297493474294811211e+00
2.296928618933674393e+00
2.298184157456073518e+00
2.298224830436785826e+00
2.300241039080041627e+00
2.300879054445143179e+00
2.300620945336900647e+00
2.300491356177503999e+00
2.300500621208874996e+00
2.300441117826840465e+00
2.300496175667123389e+00
2.300488749364840491e+00
2.300550921982070118e+00
2.299555299062270297e+00
2.284448441530248619e+00
2.284470567582537637e+00
2.284444279686449253e+00
2.284437622921411837e+00
2.285455469220748714e+00
2.282593889366654416e+00
2.276818929394568425e+00
2.311144630710423975e+00
2.331666595317420487e+00
2.331837846999243347e+00
2.334256498086229925e+00
2.334242193787261943e+00
2.334226722790715414e+00
2.342446329858858256e+00
2.342739143441152194e+00
2.340896806859848578e+00
2.404788614680113845e+00
2.404782436623160269e+00
2.400445009618874526e+00
2.400730287757953274e+00
2.400965216801560942e+00
2.400955262289897529e+00
2.646690747868702065e+00
2.891106984292043602e+00
3.009710103673755022e+00
3.009717635910958311e+00
3.009801466689592697e+00
3.009805885421279026e+00
3.009809496292400688e+00
3.009789373529783152e+00
3.009783482652630848e+00
3.012693824295799239e+00
3.003741586958681431e+00
3.003750061530034987e+00
3.003774288122202929e+00
3.002400493649774127e+00
3.002397420686286456e+00
3.002394849099002894e+00
3.002992426355883815e+00
3.002999023458674976e+00
3.003003934462244118e+00
3.003992623340643320e+00
3.298081194359888002e+00
3.298360988110264902e+00
3.298363059832616795e+00
3.298350642576926894e+00
3.298341963556130185e+00
3.298395175938366730e+00
3.287520897867878933e+00
3.287496799292294103e+00
3.287453898017116849e+00
3.287280850376032681e+00
3.629687549647161227e+00
3.629737260930458564e+00
3.629725346861358393e+00
3.629708572484143581e+00
3.629905775268390311e+00
3.623907889228475732e+00
3.623962650433510291e+00
3.625470583632493859e+00
3.625466699218950151e+00
3.625125828448231502e+00
3.625118342517710257e+00
3.625102525174032309e+00
3.625096818742763016e+00
3.625065757728340721e+00
3.624863729322651107e+00
3.624677987666117485e+00
3.625814656629728017e+00
3.625814726225226270e+00
3.625950480897414341e+00
3.625973886362188647e+00
3.626016025550605537e+00
3.625963690801164319e+00
3.625972210116757743e+00
3.625965785517383466e+00
3.625960446707054086e+00
3.626268396198021104e+00
3.626112820263549086e+00
3.625773571604379963e+00
3.625894046329085629e+00
3.625873798335308429e+00
3.625874297971258375e+00
3.625859081115414106e+00
3.625700445772301439e+00
3.612221873710067310e+00
3.612219869696542851e+00
3.612387792758484206e+00
3.612409516756079686e+00
3.612499609614643337e+00
3.766969668755847600e+00
3.767062160197222287e+00
3.767039663464386567e+00
3.783061843170433924e+00
3.783059036088725957e+00
3.783686365616814928e+00
3.783773239571149638e+00
3.768377426410455033e+00
3.768253441740424758e+00
3.768253622694483163e+00
3.768459290861091215e+00
3.768499895078893491e+00
3.768508034807353191e+00
3.783716176411216825e+00
3.783810129525648769e+00
3.786099436127172702e+00
3.796033720292070424e+00
3.796024434252389224e+00
3.795976235710357916e+00
3.796020392161335799e+00
3.796003889646215601e+00
3.795990267255297645e+00
3.795971345683616160e+00
3.795884462412193017e+00
3.795369566391015415e+00
3.785505563393613659e+00
3.785496452228601871e+00
3.760614178578504774e+00
3.770405808067248454e+00
3.772156664296170359e+00
3.772168143614672786e+00
3.906927114859087169e+00
3.906926123850942734e+00
3.906790955604663829e+00
3.926958803203596915e+00
3.926969735807148254e+00
3.927072225353696044e+00
3.927063499113442102e+00
3.927057207041273923e+00
3.926826411672666772e+00
3.926786692642900256e+00
3.906670945177787235e+00
3.906633826157803746e+00
3.906725419683461542e+00
3.906720617537958518e+00
3.906719229176703223e+00
3.906775856278846604e+00
3.907201859333799820e+00
3.907205542872739024e+00
3.907200325808799057e+00
3.908231374814807424e+00
3.908209049323008610e+00
3.910466767640851771e+00
4.062009779859587333e+00
4.062016216138484737e+00
4.062005782675336185e+00
3.928181322864086500e+00
3.968851889921391596e+00
3.968814079346370871e+00
3.968732355258318467e+00
3.968715906103325697e+00
3.968720912542068824e+00
4.082243638039720679e+00
4.082270829323597638e+00
4.081930900260879014e+00
4.081919634103725159e+00
4.081581874035836499e+00
4.082230500508645221e+00
4.082160954621712357e+00
4.107913435920544032e+00
4.107957043566726085e+00
4.107963412778812717e+00
4.108039418703395285e+00
4.106576215361198656e+00
4.106595390850950267e+00
4.106569050810144894e+00
4.084509169372762649e+00
4.084500747333465576e+00
4.084548495443946159e+00
4.084539214630501291e+00
4.146118629622442597e+00
4.146120353739649822e+00
4.146258745530283285e+00
4.144730940904882921e+00
4.195085790900447975e+00
4.194927316699402553e+00
4.194922556055335150e+00
4.194909143491460490e+00
4.194908579535710835e+00
4.185033965066043748e+00
4.184999615574062304e+00
4.185032933450061776e+00
4.185126938717376177e+00
4.185133597903094582e+00
4.184015356061923541e+00
4.184020879099070278e+00
4.184037813087887692e+00
4.184045364165145386e+00
4.184046041505505187e+00
4.162261181544535837e+00
4.163361530907486951e+00
4.163116693855160477e+00
4.163102731610271334e+00
4.208381430239795051e+00
4.208571584580448111e+00
4.208565093033334037e+00
4.208560435693330604e+00
4.208554749848175902e+00
4.208432071570545219e+00
4.208227900519067255e+00
4.208364934665417501e+00
4.208369838934797436e+00
4.208018011148945803e+00
4.224052083027276971e+00
4.232127469686716381e+00
4.232235716401172354e+00
4.233328918064148461e+00
4.233320436995402503e+00
4.223287917337933628e+00
4.221830840028569121e+00
4.221823889123812457e+00
4.345347133789359440e+00
4.345339538089028508e+00
4.345334398095741513e+00
4.345169828817926572e+00
4.345187325488059749e+00
4.345189929334593693e+00
4.345604661985636774e+00
4.345278280404953897e+00
4.334297666696700801e+00
4.334298365541035203e+00
4.334318725327215738e+00
4.334267189966404921e+00
4.335276433493358894e+00
4.335259321628048390e+00
4.346712630650880982e+00
4.346764453383300086e+00
4.346760451366134426e+00
4.344823726395986796e+00
4.344790191388663736e+00
4.344801614498621234e+00
4.344662301644810043e+00
4.344427154817089409e+00
4.344666611659850020e+00
4.333101533296660257e+00
4.333099529514217174e+00
4.333115257980034940e+00
4.333117460339235727e+00
4.333121587226322013e+00
4.332954615828670697e+00
4.332610893049290368e+00
4.700866873395373347e+00
4.701106538380737554e+00
4.699854327212258376e+00
4.839008451333124405e+00
4.839001403203606166e+00
4.826762435073214341e+00
4.826840139684152930e+00
4.826873014462280231e+00
4.826871588381957956e+00
4.826885024148427128e+00
4.826885327943532644e+00
4.826871984359637047e+00
5.037869732064613970e+00
5.176986756988091187e+00
5.176995224567639831e+00
5.176992657929267772e+00
5.176983133179235530e+00
5.176962486419105502e+00
5.176154278992616042e+00
5.176159507742691623e+00
5.176132125174827792e+00
5.175138300784139389e+00
5.175139162193351794e+00
5.175142106515923324e+00
5.175148167407456867e+00
5.175144302884239877e+00
5.245367368095175564e+00
5.245367317453953682e+00
5.245365661526128598e+00
5.245371371854847808e+00
5.245606224768536663e+00
5.229389954737990287e+00
5.229389123965598074e+00
5.229591246376281255e+00
5.285794872664994593e+00
5.285788441403652449e+00
5.285795262375651227e+00
5.285784590462543342e+00
5.285787775191347571e+00
5.404792664272712877e+00
5.404792790713676354e+00
5.407404814493059320e+00
5.407247920115866080e+00
5.407230226814238705e+00
5.407260392716453978e+00
5.407264629203970330e+00
5.401729322897394603e+00
5.401717055899267095e+00
5.401707419724192327e+00
5.401724063856252478e+00
5.401986350235951306e+00
5.401308988423417112e+00
5.401330075515942575e+00
5.393697535303185298e+00
5.393690963565487273e+00
5.393678685674421658e+00
5.393674601808458924e+00
5.393738612856741277e+00
5.393735247019861845e+00
5.393736942771816700e+00
5.393732205689266479e+00
5.396705569918868406e+00
5.396707610855935755e+00
5.552408820516572696e+00
5.552432475126495959e+00
5.552428154063015597e+00
5.552420156866230805e+00
5.648791374526869191e+00
5.648827912771533732e+00
5.648830494788146694e+00
5.648839557430465952e+00
5.648838148511208246e+00
5.648842276812839458e+00
5.648840238243130862e+00
5.648843105007045118e+00
5.648750851220341929e+00
5.648739140397479375e+00
5.648756654612383521e+00
5.733754572587260512e+00
5.733680057989525736e+00
5.733777799812676434e+00
5.733763622208271293e+00
5.733748217744111919e+00
5.925725069664010469e+00
5.925670027608749280e+00
6.005528702772578775e+00
6.004337754379305281e+00
6.008808437568877281e+00
6.008792412986992737e+00
6.008777252941525759e+00
6.008783748845743844e+00
6.008787153341791587e+00
6.008743279974521734e+00
6.008743887765777281e+00
6.004724185903189237e+00
6.004729123031186333e+00
6.008106912481246731e+00
6.008113894396618804e+00
6.008115437503025014e+00
6.008067168389130686e+00
6.008028709884499108e+00
6.008063148579569024e+00
6.008059730937564069e+00
6.008170156663558359e+00
6.003676789628361377e+00
6.003684812758322664e+00
6.003717751453183205e+00
6.003715219825498828e+00
6.003715562120452987e+00
6.003907542618428295e+00
6.003901455218039196e+00
6.003938098541094170e+00
6.003925413271168132e+00
6.003932828277257272e+00
6.119067344204986547e+00
6.119046390530465729e+00
6.117910939355672539e+00
6.117885125406196778e+00
6.117702064588704580e+00
6.117703436493878932e+00
6.117635739950153528e+00
6.117633228685567026e+00
6.117907671494966060e+00
6.144002869940669243e+00
6.135924656772862029e+00
6.135904603957545334e+00
6.135909345974924989e+00
6.135919808669185294e+00
6.136097227475922899e+00
6.135749468303392185e+00
6.135723548632545210e+00
6.135708585132812587e+00
6.138063521578132509e+00
6.138037649390651218e+00
6.136717439088991810e+00
6.136626137015205984e+00
6.136647750303957594e+00
6.136650980405879530e+00
6.136656355432135612e+00
6.136658414116639371e+00
6.126973128339349373e+00
6.126973503754819639e+00
6.126994489880366324e+00
6.126859792021333462e+00
6.126868597267090877e+00
6.126865020894379121e+00
6.126866733463911530e+00
6.126867536692235383e+00
6.126866957605573205e+00
6.126805971564998288e+00
6.126816763210384487e+00
6.126847693019449537e+00
6.120837103570869964e+00
6.120838433653309707e+00
6.126814948830591412e+00
6.126805220967695753e+00
6.126805776148125382e+00
6.126807335877111349e+00
6.123731391191812534e+00
6.145764109748133919e+00
6.145775105411556360e+00
6.145769996850074079e+00
6.145768113946174616e+00
6.138081260478503332e+00
6.138075022683578297e+00
6.138077427346363635e+00
6.063652360568850597e+00
6.063661304829007115e+00
6.063634379745105996e+00
6.063637993079995958e+00
6.063486229396236382e+00
6.063493977241356525e+00
6.063781626530819757e+00
6.063889422333948787e+00
6.063888307306236847e+00
6.064019529994912894e+00
6.064018104008518151e+00
6.064021695784090227e+00
6.064025311219632286e+00
6.070907084641181228e+00
6.070921551684787865e+00
6.070923129098715343e+00
6.070944406938300730e+00
6.070937553682728804e+00
6.070932184388256658e+00
6.070878707572913591e+00
6.071257879077793795e+00
6.070955244344252932e+00
6.070887529337577249e+00
6.070934030790994029e+00
6.064454056502911250e+00
6.064451539602718988e+00
6.064373299908955239e+00
6.064370219587503996e+00
6.064367046860509092e+00
6.064369781191275344e+00
6.064363462748644906e+00
6.056717742224406287e+00
6.056689031974247683e+00
6.056680727713986911e+00
6.056650857896276108e+00
6.056649364045142647e+00
6.056650922619688515e+00
6.057280078323317163e+00
6.057282899231225315e+00
6.057281897714689833e+00
6.057274476172449518e+00
6.057276451657130245e+00
6.137457047908727148e+00
6.137440963706350061e+00
6.137727120155015648e+00
6.137723859202684373e+00
6.137720824251389651e+00
6.137703924773148856e+00
6.137697271597028603e+00
6.137697645282039538e+00
6.137126740985322293e+00
6.137128824988480780e+00
6.137133216728680729e+00
6.137157033549942575e+00
6.137155735332270545e+00
6.133467965712848802e+00
6.133471254318368260e+00
6.133489508558902514e+00
6.133487140532495552e+00
6.132216459468684100e+00
6.132198644299037937e+00
6.132231986919310707e+00
6.131886433916599266e+00
6.131887711497657101e+00
6.131907711670677941e+00
6.131873982573315729e+00
6.131862419872382119e+00
6.131862399014746501e+00
6.131995166024404753e+00
6.131980197079636596e+00
6.132016262051883437e+00
6.132033857182697112e+00
6.132014436257688494e+00
6.132018744323977089e+00
6.132016802597402894e+00
6.132018044268297885e+00
6.131986992840732675e+00
6.133576650246133966e+00
6.133570089033229422e+00
6.133555249742441262e+00
6.133550810869888181e+00
6.133556022845321642e+00
6.133566234676057327e+00
6.136666487854980367e+00
6.226343738710372833e+00
6.226395237309981567e+00
6.226406861963091011e+00
6.226278230872501318e+00
6.226266146502762666e+00
6.226345436848692572e+00
6.226345697955953717e+00
6.226244289864683701e+00
6.243413516344095804e+00
6.243223835234648966e+00
6.243226722365641024e+00
6.243180062114499052e+00
6.243229422336128209e+00
6.243227596770743126e+00
6.243108752072358492e+00
6.243107617948925103e+00
6.243112538646804488e+00
6.243084051172316684e+00
6.243086428613193739e+00
6.243073798196303592e+00
6.242888667551103943e+00
6.242999808508605142e+00
6.242996898029412378e+00
6.243001342253386099e+00
6.243094658943816100e+00
6.243096293858161339e+00
6.243099753572626476e+00
6.242925646807272244e+00
6.242923899326524584e+00
6.242925985028941582e+00
6.242945479719145929e+00
6.242901867876361699e+00
6.242940503298648025e+00
6.243059646879825841e+00
6.243073955158637389e+00
6.247923035000448877e+00
6.247920044179661403e+00
6.247919113324935658e+00
6.247918190035618657e+00
6.247915936884605337e+00
6.247917143069336987e+00
6.247916695069254622e+00
6.242078641079887191e+00
6.242958369405335439e+00
6.242963847002275912e+00
6.242975989633382738e+00
6.242990686651689103e+00
6.242998039080460693e+00
6.242970077529315986e+00
6.242964239327214671e+00
6.242979815321116455e+00
6.242599981588945468e+00
6.242790409073292857e+00
6.242494360538783482e+00
6.242500595813679887e+00
6.242483069079826308e+00
6.242486628379453784e+00
6.337282390513731656e+00
6.337270765318999466e+00
6.337262167469037699e+00
6.323911507508331198e+00
6.323906205303155836e+00
6.323865276532341539e+00
6.323865362531186030e+00
6.323852223974908426e+00
6.323850770197394944e+00
6.323748997029131402e+00
6.323753816260298422e+00
6.323741057315133141e+00
6.323743045251071671e+00
6.323736973829596764e+00
6.323738168034076956e+00
6.323735218318773832e+00
6.323729145736880497e+00
6.323731664360355609e+00
6.323996800374358962e+00
6.323995931500011380e+00
6.316682521930842675e+00
6.316680962171984604e+00
6.316682878381799426e+00
6.316681714983267248e+00
6.316648754347335526e+00
6.316638439689468143e+00
6.316628442299953683e+00
6.316626013422807162e+00
6.316620514598407787e+00
6.316926892374054248e+00
6.316827183815685309e+00
6.316830384811987109e+00
6.316799402770267413e+00
6.225409138826190514e+00
6.225408472735103338e+00
6.225441155237948720e+00
6.225456191156325758e+00
6.225454714978077675e+00
6.225441066381881328e+00
6.225435613973991700e+00
6.225448907956668165e+00
6.225443990380205683e+00
6.225445414078470741e+00
6.225421554457506446e+00
6.225426098290649968e+00
6.225422424887656625e+00
6.225448782526598279e+00
6.225481089796397249e+00
6.225484739914699084e+00
6.225483718901100971e+00
6.225483628958788707e+00
6.225481877545936626e+00
6.225473576972245127e+00
6.226190182929573602e+00
6.226193867316219155e+00
6.226234189590265089e+00
6.226272309772570068e+00
6.225373290134331050e+00
6.225382131555751819e+00
6.225360904327716050e+00
6.225359033760994087e+00
6.225165378532132365e+00
6.225215022312439395e+00
6.225214949400877273e+00
6.225208275744814834e+00
6.225207834807026330e+00
6.225331652562905660e+00
6.225627818242561951e+00
6.225682609841171278e+00
6.240573661947813378e+00
6.240607087521227392e+00
