# 2*np.log[MAD(r)] for 100 flights; 1000 steps per flight; run 18 of 50; mu: 1.50; seed: 17
-2.118385298853910115e+01
-1.945167182371156755e+01
-1.669560789153264224e+01
-1.548538354633915048e+01
-1.438302749341965026e+01
-1.406635121287759027e+01
-1.372198030319078477e+01
-1.331063561103221815e+01
-1.285720630082853333e+01
-1.269379642571790789e+01
-1.209650454387706908e+01
-1.209583729174488553e+01
-1.171500471501936680e+01
-1.150630131469977258e+01
-1.125156017681735321e+01
-1.093908655406196750e+01
-1.046536058438253924e+01
-9.855256574428924665e+00
-9.577964233021260654e+00
-9.332415385052614809e+00
-9.291386803023549135e+00
-9.278128631132892323e+00
-8.875477418552334186e+00
-8.397498459929504833e+00
-8.345206740107551369e+00
-7.866081137314040461e+00
-7.855371287143576353e+00
-7.420066767838409127e+00
-7.325733672790298634e+00
-7.437038724495624642e+00
-7.369238116185456988e+00
-7.366961021882018734e+00
-7.035846481408603914e+00
-7.074032684827479045e+00
-6.965673867222249349e+00
-6.939999695018163273e+00
-6.825372613273563260e+00
-6.824770996279887036e+00
-6.707597236515271177e+00
-6.739635171584052564e+00
-6.792515960093796323e+00
-6.723784360571412044e+00
-6.621839515064347204e+00
-6.605019397207962939e+00
-6.392464743189212761e+00
-6.271357245230299249e+00
-6.229069337303251963e+00
-6.256015455481151122e+00
-6.061966227968059506e+00
-6.072324939701735147e+00
-6.071645235578036370e+00
-5.963071224346369270e+00
-5.961083175392547062e+00
-5.833947586808304386e+00
-5.839259718621369721e+00
-5.707933981284974756e+00
-5.711115118618739217e+00
-5.723985327226836617e+00
-5.730741010654710088e+00
-5.756159351144148673e+00
-5.747341625123177700e+00
-5.753923909304572426e+00
-5.644716352278915217e+00
-5.547170044030963254e+00
-5.108455094676316754e+00
-5.081315395866672802e+00
-4.830378003589983926e+00
-4.817810316545418914e+00
-4.832000397699914629e+00
-4.840921210041813083e+00
-4.841495290833478293e+00
-4.713385949283099841e+00
-4.713686475673525500e+00
-4.714783497450527605e+00
-4.715069248024345683e+00
-4.510362022157920592e+00
-4.400156561988340265e+00
-4.404112009948414119e+00
-4.403956044856848884e+00
-4.475936427023057718e+00
-4.197485863847053800e+00
-3.860767040771048819e+00
-3.857803578928814758e+00
-3.855162575908891665e+00
-3.863131021013923583e+00
-3.863986072461468968e+00
-3.857508017318125315e+00
-3.516434898168624645e+00
-3.516206932787192763e+00
-3.519474107914346117e+00
-3.495657580746684090e+00
-3.488648694190832789e+00
-3.371332440465954150e+00
-3.322477003388031314e+00
-2.999370675332280634e+00
-2.924719430736618886e+00
-2.924985940257211148e+00
-2.941518476668077753e+00
-2.661772981461754561e+00
-2.667252944226702116e+00
-2.666349615469780776e+00
-2.300495559447853999e+00
-2.307530017847965187e+00
-2.307518888776241450e+00
-2.124993042205336025e+00
-2.072586469071035165e+00
-2.081154242734970961e+00
-2.080904063591884956e+00
-2.092669724389069064e+00
-2.079323890263475416e+00
-2.119685537759570693e+00
-2.108893484039293220e+00
-2.119631022497126427e+00
-2.124766895437789849e+00
-2.124546467394210048e+00
-2.037190797288860100e+00
-2.036634006949693543e+00
-2.036873684316069966e+00
-2.036276734771944597e+00
-1.763949324972374333e+00
-1.498991652599604096e+00
-1.498884908586092690e+00
-1.505840670864046160e+00
-1.211061367444157932e+00
-1.220688393915944747e+00
-1.227413151738969255e+00
-1.227449305006607982e+00
-1.228218849767856558e+00
-1.232118765646040170e+00
-1.221027654795885597e+00
-1.221050483457153391e+00
-1.128389926086997175e+00
-1.130099123436543174e+00
-1.130631666463797202e+00
-1.145398542233268868e+00
-1.131278530443386332e+00
-1.131199986717143391e+00
-1.131292115627154704e+00
-1.067397519390219651e+00
-9.759592001414714169e-01
-9.755964043333972269e-01
-9.799088727611665606e-01
-9.610736263680719205e-01
-9.746780553743505937e-01
-9.747550753686184954e-01
-9.843384196983603340e-01
-9.837740012872806528e-01
-9.837685981557584558e-01
-9.799481953406258272e-01
-7.638444670017648930e-01
-5.649874310218687690e-01
-5.649935309397717820e-01
-3.219271834413521272e-01
-3.218436879070221690e-01
-3.507845169890444481e-01
-3.507671511793999941e-01
-2.800670942961140941e-01
-2.955829733293672823e-01
-2.932219899232604843e-01
-3.049940829353146032e-01
-3.050892687763978040e-01
-3.050876553594415452e-01
-2.551754465474645461e-01
-2.236726771841418548e-01
-1.936193066523743678e-01
-2.046513656847460672e-01
-2.102906621571719037e-01
-2.085860493412901029e-01
-2.166714191332782258e-01
-2.166830794342564648e-01
-2.178287803002065537e-01
-2.175294008786524402e-01
-2.150161981476559625e-01
-2.267032047016641905e-01
-2.213706894737652309e-01
-2.213672702679849447e-01
-2.213896710819601987e-01
-2.213964375300538356e-01
-2.407308980546050137e-01
-2.408166009238088823e-01
-2.346922902290428381e-01
-2.346719386224517534e-01
-2.346734182849933015e-01
-2.349910297136198756e-01
-2.344977614507054164e-01
-2.327883141137668255e-01
-2.327415401964238184e-01
-2.295687192753571582e-01
-2.305974220946548359e-01
-1.981363184968503999e-01
-1.981224675597308138e-01
-2.305323025295582806e-01
-2.298756152043256729e-01
-2.352792959175844245e-01
-2.199420332003305667e-01
-2.199388990324730730e-01
-5.552663783272712705e-02
-9.393432558724755521e-02
-9.829061996822655023e-02
-1.207943277482667194e-01
-1.383469307139314208e-01
-1.385618075328761412e-01
1.837096761932591749e-01
1.779737833857870100e-01
1.989866737025899057e-01
2.006752599891830913e-01
2.006309235055475648e-01
2.009141750843200236e-01
1.897175308833701501e-01
2.828804559721179723e-01
2.832658167183885745e-01
2.856708670208156220e-01
2.906517847692602907e-01
2.903650938984840835e-01
2.920606589500627237e-01
2.906437664645558638e-01
2.905282593149348669e-01
2.906467071274584368e-01
2.889378349363582732e-01
2.889220828514260653e-01
4.233780700283352183e-01
5.586708216547661143e-01
5.587963516272440589e-01
5.581967002980749992e-01
5.581201106188357075e-01
5.531236872590202802e-01
5.387443330140543329e-01
5.387746202482541769e-01
5.228336320401528736e-01
5.228277644866994311e-01
5.229082113396709142e-01
5.231021460714718740e-01
5.233025536951777523e-01
5.136814014169238662e-01
5.127511115100454875e-01
5.160727603552628384e-01
5.170627983884878986e-01
5.168964755597508232e-01
5.169966879253496961e-01
5.348981606019110879e-01
5.349642970905332806e-01
5.347340495967441987e-01
5.347177909294599241e-01
5.392830819018691324e-01
5.394042996126586775e-01
5.377535689595581703e-01
5.249714196328123528e-01
4.126608995415235182e-01
4.276278728109144667e-01
5.135155796882669987e-01
5.136100997307611049e-01
5.408864097236262269e-01
5.408829356938096300e-01
5.416059440903792099e-01
5.415757124451107130e-01
5.440469118796623649e-01
5.712213441702309602e-01
5.714139321512199388e-01
5.725934575246945935e-01
7.029335144334699637e-01
7.030965364012543573e-01
7.144075887171337236e-01
7.150787821441870751e-01
7.150864708555905169e-01
7.149831496673071385e-01
8.142249331489752606e-01
9.506339190586052812e-01
9.504725160136412443e-01
9.504881825616110502e-01
9.504207431833907593e-01
9.507242999309203357e-01
9.541589957813637612e-01
1.091398372889001545e+00
1.091404812855935713e+00
1.091429018273910589e+00
1.095500063681408509e+00
1.094918323572298569e+00
1.094913094175923751e+00
1.098329244830115181e+00
1.098353094815550213e+00
1.086091400738747215e+00
1.086086426320901355e+00
1.075096915131504183e+00
1.074847186632799989e+00
1.075406350412926759e+00
1.075319772771562432e+00
1.075283819925306084e+00
1.072761173970294690e+00
1.074106400344945866e+00
1.065309389314630373e+00
1.055855955266262303e+00
1.050800823026833086e+00
1.046883152997741817e+00
1.046402153025562498e+00
1.046398519270232530e+00
1.046355652422807481e+00
1.046338301905219925e+00
1.055258677774826070e+00
1.055271794536892349e+00
1.061568526618281938e+00
1.059767575147470442e+00
1.059781948415760899e+00
1.098725765809120958e+00
1.076948606442162948e+00
9.824440493186987755e-01
9.824337089932057010e-01
9.823142948886431913e-01
9.911092488741225504e-01
9.911643596064727557e-01
9.911574143560000216e-01
9.909801629570790249e-01
9.934546307776375151e-01
9.934601316980600227e-01
9.974014973925152683e-01
9.931066527847676184e-01
9.929126910514205484e-01
9.871323734920903759e-01
9.878844061641012253e-01
1.059086066591415243e+00
1.066079229124787808e+00
1.055617830039177640e+00
1.066354069515135894e+00
1.066802408445517214e+00
1.066762427100111266e+00
1.066801088800160224e+00
1.066735412174646402e+00
1.066582532654518634e+00
1.065169112866088730e+00
1.065154473568861615e+00
1.222127575189872362e+00
1.221774726047099469e+00
1.221678839453972820e+00
1.222107903377938287e+00
1.219725520204703040e+00
1.211612254738902772e+00
1.211572985903166089e+00
1.211492965784259024e+00
1.211559922370367248e+00
1.203459713097390749e+00
1.205137992878041242e+00
1.204836447645545539e+00
1.204862726780377313e+00
1.205117856644192909e+00
1.205050963446709034e+00
1.205081965992001791e+00
1.205093724147010326e+00
1.280078047291923538e+00
1.280401432502090930e+00
1.280241037780720958e+00
1.273649691017269436e+00
1.273663995604500609e+00
1.272656263593966441e+00
1.262343405334517499e+00
1.262823135177618905e+00
1.254911197272111867e+00
1.254842428889559880e+00
1.252714827621450366e+00
1.252125542142652037e+00
1.252074603965322330e+00
1.380641793279896890e+00
1.380644516809583777e+00
1.380530759091002979e+00
1.379965620677292781e+00
1.379037730323239508e+00
1.378983246398231000e+00
1.379021932447391796e+00
1.378987898878671681e+00
1.379107198635302733e+00
1.376963045509830064e+00
1.379280854474338902e+00
1.379514333881223020e+00
1.381917158735239459e+00
1.381961103044842432e+00
1.381928930707484460e+00
1.382665013705864920e+00
1.385497656351367235e+00
1.385522880330785300e+00
1.385502829270999881e+00
1.385431977338502652e+00
1.745431443289738205e+00
1.745435627699754910e+00
1.731155017737682877e+00
1.731305847789471830e+00
1.729950912764115056e+00
1.729954372031092591e+00
1.729974439239175599e+00
1.729624430277346026e+00
1.729222664698105261e+00
1.814320541638150930e+00
1.814441266687560450e+00
1.886525924176550406e+00
1.885820444818933517e+00
1.885880293623305226e+00
1.885803806967928153e+00
2.097173669944013774e+00
2.097259272521579287e+00
2.097380736031754012e+00
2.063868005246316084e+00
2.063748965604763619e+00
2.057924615568472060e+00
2.057832118862409132e+00
2.107842516136088751e+00
2.107859390714363901e+00
2.107267210246105638e+00
2.064397515175484088e+00
2.064384450924777514e+00
2.065116315935118685e+00
2.141694710140607416e+00
2.237977568552778962e+00
2.237936044631879451e+00
2.237953401335883274e+00
2.237923780611605462e+00
2.237985372502224735e+00
2.237977638095863586e+00
2.237785174069507832e+00
2.238173617176718810e+00
2.238230559297381905e+00
2.239783660539362842e+00
2.239920088215986205e+00
2.240123809892450968e+00
2.241032751322484362e+00
2.241069418956604498e+00
2.282755657095481450e+00
2.282008846690453563e+00
2.276377477173777031e+00
2.277256404235135090e+00
2.277233483502202116e+00
2.277227556989885660e+00
2.277259144441749594e+00
2.277255728759158604e+00
2.271920736924707640e+00
2.271602744711529454e+00
2.271598791453868671e+00
2.288180875892625199e+00
2.288180142195569644e+00
2.287732601884741257e+00
2.287302984109642612e+00
2.287271926186743354e+00
2.287261055692769496e+00
2.287246607683433464e+00
2.415123838555617741e+00
2.415065992452444910e+00
2.415209384130546866e+00
2.415220283929533807e+00
2.377358402030223861e+00
2.377375001033565471e+00
2.377404754232561146e+00
2.377421760107956139e+00
2.377798428945527842e+00
2.377489241250623664e+00
2.335102690283507254e+00
2.469392564851122795e+00
2.470790536817296434e+00
2.471769260598826179e+00
2.473149163471296319e+00
2.473142974551052919e+00
2.473130187661523927e+00
2.470520904991436506e+00
2.470308164825532948e+00
2.470085665911682327e+00
2.470025892946752677e+00
2.470048256268036369e+00
2.469865682688282327e+00
2.457680305562970347e+00
2.457753343128344703e+00
2.457672120523131554e+00
2.457687383014076854e+00
2.457669526710384744e+00
2.458507547334055854e+00
2.458643744655507835e+00
2.458679196651157639e+00
2.458679848171001048e+00
2.613107846756086428e+00
2.613105226198519482e+00
2.613077583304680651e+00
2.613073097591005478e+00
2.613058938829668332e+00
2.613094822735448908e+00
2.613182742374865253e+00
2.613082526050126475e+00
2.613155562141276533e+00
2.613151309368609176e+00
2.613276578091058511e+00
2.613279579841195410e+00
2.613089466535547079e+00
2.606789205665810627e+00
2.602030834221201960e+00
2.718216621731098570e+00
2.718211638333324132e+00
2.718119771777366633e+00
2.718117356752803193e+00
2.643278457295974881e+00
2.643251883502753863e+00
2.643161397722933792e+00
2.628850586014015889e+00
2.628887494812946368e+00
2.628838606425607072e+00
2.628803200983575561e+00
2.628958629912431899e+00
2.628958232812391493e+00
2.639065156106525034e+00
2.639055524231519456e+00
2.639618011859244717e+00
2.639543678419140171e+00
2.639563231756592909e+00
2.640340707998103831e+00
2.576201332581342651e+00
2.563304689972522699e+00
2.557957499684747837e+00
2.627535542795862877e+00
2.620444637690972467e+00
2.620401324556704381e+00
2.621215173699221079e+00
2.620636597353867003e+00
2.620528785517167947e+00
2.547237009772437499e+00
2.547252435134096160e+00
2.668577678395465114e+00
2.668688667104901935e+00
2.668744149236527363e+00
2.652551915157640661e+00
2.652604002174289821e+00
2.647925018998388946e+00
2.620094507397336958e+00
2.665633467438599080e+00
2.668086496768620641e+00
2.667830967520703922e+00
2.667916908574471613e+00
2.667909281641822616e+00
2.667862752470940624e+00
2.667882532945611729e+00
2.667892489977941484e+00
2.668166569216084305e+00
2.667227895121045744e+00
2.667191814812638118e+00
2.667196617336887066e+00
2.667658485953050107e+00
2.667795049454184220e+00
2.667725293975371947e+00
2.667729635515290187e+00
2.943788809218992331e+00
2.943812021756538222e+00
2.943796507044500910e+00
2.943808014309045262e+00
2.943489877434223967e+00
3.088699097196399457e+00
3.088770142639012839e+00
3.088755759905605913e+00
3.157817392014839353e+00
3.157839422431137244e+00
3.158004293897727077e+00
3.158031311202192715e+00
3.158073446657744476e+00
3.158125989510257803e+00
3.158136177769734321e+00
3.158136837580208134e+00
3.157667292767739831e+00
3.158927826265542915e+00
3.158916653891172821e+00
3.158847789764626324e+00
3.158861411714130707e+00
3.158746405319202921e+00
3.158716700275845390e+00
3.429682775034655684e+00
3.429336857532670813e+00
3.429375393760704327e+00
3.429416414128954926e+00
3.429270977459936365e+00
3.429285017796261936e+00
3.429916843399761550e+00
3.429921486917271167e+00
3.429876787454637199e+00
3.415861482786450409e+00
3.415862026671616647e+00
3.416069668050905950e+00
3.436580022672060419e+00
3.602552649096544268e+00
3.600407570513241229e+00
3.600406576234933098e+00
3.600424617768651636e+00
3.600423753805325866e+00
3.600423418013878774e+00
3.600424595575729469e+00
3.600672047771967144e+00
3.600644659964614469e+00
3.626246085096811900e+00
3.626776087988243358e+00
3.626789904022440503e+00
3.626784874505030842e+00
3.626781908917002806e+00
3.626794222571953163e+00
3.646390358823154987e+00
3.646424629735852463e+00
3.667089308021648009e+00
3.667215147535151321e+00
3.667190103423617842e+00
3.667125579796052470e+00
3.667118841993844747e+00
3.666967675444372077e+00
3.666982087667643775e+00
3.688595460881901822e+00
3.688590903491713480e+00
3.688597430011404388e+00
3.666979324212956914e+00
3.666998703962387474e+00
3.667017523478492524e+00
3.666954127536841579e+00
3.666970097245852322e+00
3.666966633103106332e+00
3.666954524461474296e+00
3.666956980170513081e+00
3.666947618471812387e+00
3.666944353734178819e+00
3.666946836667878795e+00
3.666960320196303691e+00
3.666962611528013838e+00
3.666939265707682694e+00
3.658845285586732832e+00
3.658849729751093349e+00
3.746094546616946630e+00
3.746129468933039330e+00
3.746173285266556796e+00
3.746189738520425472e+00
3.746131003084604671e+00
3.746175059099936533e+00
3.746137002357850854e+00
3.744820266328375169e+00
3.745207094018197846e+00
3.745274026603731432e+00
3.745296171177932010e+00
3.744668708158550352e+00
3.744390450470626686e+00
3.744371339134849652e+00
3.739477292991035373e+00
3.737886204271148038e+00
3.737818923421134976e+00
3.737938867530429921e+00
3.737932209329250188e+00
3.737876049328904493e+00
3.737636189572407730e+00
3.736079871552257625e+00
3.733845017950811584e+00
3.733847879300758343e+00
3.734466030296532679e+00
3.719964179967525819e+00
3.719983841605540409e+00
3.720020576379043931e+00
3.753828962841705863e+00
3.753577001083462150e+00
3.753542075450556403e+00
3.753588386120789266e+00
3.753570953924315834e+00
3.753571082594790997e+00
3.753593661136007231e+00
3.848077835314633433e+00
3.848160511548841090e+00
3.847905938335395071e+00
3.847802821108146087e+00
3.847793902508542363e+00
3.847793803868129636e+00
3.847826398128909808e+00
3.847815319077097840e+00
3.847787120923185977e+00
3.793196036170688235e+00
3.793197253069289676e+00
3.793208292554527628e+00
3.793172924364825338e+00
4.037413000022810117e+00
4.037412781730324696e+00
4.037391543284123863e+00
4.037417155422642345e+00
4.037284471391831886e+00
4.037399292102290538e+00
4.037395255389049531e+00
4.037252988996614889e+00
4.037236204134660333e+00
4.037195391414225121e+00
4.035323817905581478e+00
4.035571692903196173e+00
4.035542649206708354e+00
4.035600361444629414e+00
4.035602290002946901e+00
4.314127262500251803e+00
4.289048992492531021e+00
4.541974312066553665e+00
4.541934126554317608e+00
4.557904640627828741e+00
4.557904392922367265e+00
4.557910192183039833e+00
4.557932859924915370e+00
4.557903278045553286e+00
4.557875356163981984e+00
4.557884436004949080e+00
4.558076650778176031e+00
4.556899887214705736e+00
4.556687264260946613e+00
4.556389111209914411e+00
4.556414341154976455e+00
4.555764190319532503e+00
4.555778260883262654e+00
4.555732477139400771e+00
4.556043528333909798e+00
4.556098066404732805e+00
4.560881453351196768e+00
4.560901236320263230e+00
4.864663774692943754e+00
4.864666033510941290e+00
4.863507788384399788e+00
4.863508929128023794e+00
4.863538291158906013e+00
4.863892660273388735e+00
4.864050260587197805e+00
4.864346111493096814e+00
4.864330866564451128e+00
4.864319140918017759e+00
4.864360417238142276e+00
4.864358887012399713e+00
4.866698765631564783e+00
4.865774442701330749e+00
4.796360114309857536e+00
4.796382723170069973e+00
4.796306349804649649e+00
4.796287940103501235e+00
4.796266111292913692e+00
4.796317073381408669e+00
4.796286602378914132e+00
4.796313430814447720e+00
4.950230332918475362e+00
4.950184084844998722e+00
4.950189240208764829e+00
4.950243142895923931e+00
4.950247655081030373e+00
4.950248226461248180e+00
4.923588644038885853e+00
4.923587640370870488e+00
4.923630780580802835e+00
4.923617568756330165e+00
4.923632949119454594e+00
4.923632509090032805e+00
4.923666250659078258e+00
4.924820277945650915e+00
4.924811043679073741e+00
4.924873938576373789e+00
4.924863611081521597e+00
4.922713665931797600e+00
4.922710291988024345e+00
4.923394907945585430e+00
5.148001687550230798e+00
5.149579345642264272e+00
5.149605021387089643e+00
5.149694696444101716e+00
5.140421032857583228e+00
5.140350551634944587e+00
5.140230698337583171e+00
5.140158658245225887e+00
5.140021711780492275e+00
5.140078598406165433e+00
5.140718293833389296e+00
5.140603546010710012e+00
5.140547827912171464e+00
5.140545861718964993e+00
5.140483636060390715e+00
5.140522164458665166e+00
5.140515948398990176e+00
5.139037815366855888e+00
5.138944676632501540e+00
5.138945642874345410e+00
5.231331679094148868e+00
5.233021311866041358e+00
5.233011805674082417e+00
5.233011971775859195e+00
5.233008734664849726e+00
5.232968760431951694e+00
5.233020123677541768e+00
5.233014617705462612e+00
5.233001501567000169e+00
5.232843610960707714e+00
5.232847237754875813e+00
5.232906878238516413e+00
5.232911648722180509e+00
5.238261537236861720e+00
5.238263629949561739e+00
5.238287751557468397e+00
5.238167263206096713e+00
5.238111420489180325e+00
5.238077567653889766e+00
5.238025948906623874e+00
5.238030061524066028e+00
5.238325767103170882e+00
5.238286411844279122e+00
5.238283581509210585e+00
5.238279706620423859e+00
5.277808957526260336e+00
5.277806221051079660e+00
5.277802374839734689e+00
5.277806683069996119e+00
5.277816578015879223e+00
5.277712064547969817e+00
5.277706127655174662e+00
5.277684117564427346e+00
5.277695066336612228e+00
5.277697091643816840e+00
5.277709386966968452e+00
5.275939774293143536e+00
5.275852771421710941e+00
5.266927732999681311e+00
5.325219250742479815e+00
5.325229044441073256e+00
5.325230549373978661e+00
5.325117643157007308e+00
5.325132535807517442e+00
5.325132317163562945e+00
5.317891457096669328e+00
5.317910245678517889e+00
5.317918151313479669e+00
5.317671324014154877e+00
5.317694768552246209e+00
5.317707226865469039e+00
5.326214631782597131e+00
5.326252536795974990e+00
5.326243420489488400e+00
5.326241753109940191e+00
5.326241530127490797e+00
5.323906102242466076e+00
5.323878749442270575e+00
5.327973321096254544e+00
5.327958244326552517e+00
5.327945518067132014e+00
5.327945905885974831e+00
5.327946064466665632e+00
5.327954363042273656e+00
5.328105969775225326e+00
5.328105354353316336e+00
5.328123263048913039e+00
5.328119218892037878e+00
5.328111242524307123e+00
5.328104116993324979e+00
5.328089945753555767e+00
5.328086863590779210e+00
5.328096232631332363e+00
5.327381468990518343e+00
5.327421462042935651e+00
5.327418674549474709e+00
5.320558732225129539e+00
5.320560304693269238e+00
5.320566351611143219e+00
5.320555573306962494e+00
5.320469713019531532e+00
5.318259653711336910e+00
5.320806758554005533e+00
5.320838566728354202e+00
5.320837372783145724e+00
5.320826421456042787e+00
5.320846738646919150e+00
5.320754285812278717e+00
5.320321191348649670e+00
5.320321649414115228e+00
5.320328265346551788e+00
5.320331251787788318e+00
5.320040615910988535e+00
5.320043902502527899e+00
5.320111310552993800e+00
5.320199821954294528e+00
5.320195089888083650e+00
5.320196220474855409e+00
5.320203304099280217e+00
5.320204122359184495e+00
5.321988892049900777e+00
5.322013000620489542e+00
5.321939735596385113e+00
5.321449850492088629e+00
5.320962897007908587e+00
5.320943446635505225e+00
5.320943770835619091e+00
5.320920654545203021e+00
5.431681205209728525e+00
5.431681983059834629e+00
5.431686086102506472e+00
5.431604480450439532e+00
5.431606626561398699e+00
5.540772554925609050e+00
5.547844250736050142e+00
5.547877637687906649e+00
5.547883001089261690e+00
5.547877519649405009e+00
5.547925568506703264e+00
5.547940791462979249e+00
5.547948985595449578e+00
5.540784674806655374e+00
5.540780667440114549e+00
5.649867088546110416e+00
5.649867418916599604e+00
5.649857176659312863e+00
5.652331294312875620e+00
5.652338365933466946e+00
5.652370715840381976e+00
5.652262590302835399e+00
5.652056325502556433e+00
5.652062847609277796e+00
5.650570003034439459e+00
5.760109516361398008e+00
5.762108902083064699e+00
5.762112132498600658e+00
5.762098999277911027e+00
5.762098404834312682e+00
5.761105965296692943e+00
5.761440696628430835e+00
5.767945573984133212e+00
5.767953039300114604e+00
5.768028829571504090e+00
5.768037836242822181e+00
5.768034444207397193e+00
5.768026020615399929e+00
5.768040645527536370e+00
5.768040259542279280e+00
5.768036892294531981e+00
5.768039322251238055e+00
5.768037626894130021e+00
5.768039760729814169e+00
5.768047617431756535e+00
5.768046312525076047e+00
5.768039728019737744e+00
5.768222222800491572e+00
5.768219875990245882e+00
5.768215847226253246e+00
5.769476664992509107e+00
5.769475423743824827e+00
5.769478720019118434e+00
5.769490707236219151e+00
5.769502542098893016e+00
5.769500326097160681e+00
5.769506627667433385e+00
5.769501773832661939e+00
5.769491224997932655e+00
5.769461667347206557e+00
5.769467292970595018e+00
5.767569929775321569e+00
5.742484229121724404e+00
5.742485444549882523e+00
5.742486251624582927e+00
5.742491992428928604e+00
5.742468699032486690e+00
5.742481887308959365e+00
5.742486821286266974e+00
5.742315865109869577e+00
5.742334382166426110e+00
5.742510871664692651e+00
5.742830016556253803e+00
5.742837119493502840e+00
5.742831794321861416e+00
5.742833828963476606e+00
5.742833663481467177e+00
5.742819887647830690e+00
5.742813421636712157e+00
5.742818808486856774e+00
5.742836551763404351e+00
5.742820366160339418e+00
5.742802012413099177e+00
5.742798708690817655e+00
5.742803076235252213e+00
5.742801154997042801e+00
5.742782705818902045e+00
5.742960871918303845e+00
5.744700555226091687e+00
5.744706039930068897e+00
5.744705704357762066e+00
5.744694519602525418e+00
5.744703875437768836e+00
5.744709164695542825e+00
5.744710796670344344e+00
5.744696500479935963e+00
5.744700324694185234e+00
5.744642885927013332e+00
5.744659357048357506e+00
5.744659947896092689e+00
5.736648316619128884e+00
5.736587932436187032e+00
5.736614429688554395e+00
5.736615489420803016e+00
5.735782752594325906e+00
5.735783633246283486e+00
5.735791683078216963e+00
5.735810629486070233e+00
5.735812138773599855e+00
5.735813199005719731e+00
5.735809521625386154e+00
5.735801669068182562e+00
5.735822843361746415e+00
5.735816393735608365e+00
5.735824439445391221e+00
5.735811244140887055e+00
5.735790800042928517e+00
5.735798410016533566e+00
5.735798848305104336e+00
5.727194269626097345e+00
5.727365547073681284e+00
5.727517544941136407e+00
5.737071220679385242e+00
5.738397430086751960e+00
5.738404453565776109e+00
