# 2*np.log[MAD(r)] for 100 flights; 1000 steps per flight; run 31 of 50; mu: 1.50; seed: 30
-2.105360314473919914e+01
-1.875495962687693208e+01
-1.658376183649027524e+01
-1.630518733013659016e+01
-1.542794110924614692e+01
-1.475578966248091994e+01
-1.367345881405694641e+01
-1.270484606825746354e+01
-1.219634853422785525e+01
-1.182417721493234808e+01
-1.169729059884677191e+01
-1.117295976515432088e+01
-1.111064565290152828e+01
-1.103119116532056054e+01
-1.085556120966247562e+01
-1.066124984219497662e+01
-1.040448621582577537e+01
-1.000872339059226412e+01
-9.996046285550194810e+00
-9.567244328498089700e+00
-9.580501903230636884e+00
-9.574437788777416358e+00
-9.363326562116810692e+00
-8.841561671628834773e+00
-8.849444916856915810e+00
-8.863489987257745284e+00
-8.651679877396976082e+00
-8.247291682516245004e+00
-8.541647829865691932e+00
-8.545552993167270017e+00
-7.989062692753639894e+00
-7.797952044031411845e+00
-7.768242015899039288e+00
-7.754957064902125552e+00
-7.739018454001568514e+00
-7.609762677404017239e+00
-7.471539420467831150e+00
-7.370908462134002193e+00
-7.197354889706436332e+00
-7.198369765802644871e+00
-6.988796123533218108e+00
-6.955316071157292335e+00
-6.624828690404521936e+00
-6.567449851816063777e+00
-6.615673552377336009e+00
-6.579427777258311849e+00
-6.445567201692973036e+00
-6.240080824045474372e+00
-6.123892439176221281e+00
-6.062867381547870416e+00
-6.062070340365518284e+00
-6.041187638696439599e+00
-5.887654251597207455e+00
-5.893321014948280201e+00
-5.923566064431661893e+00
-5.728788041948241094e+00
-5.702770977349980619e+00
-5.694419597667027766e+00
-5.728850459539272855e+00
-5.749117333950509945e+00
-5.716270379713100702e+00
-5.727204315641052368e+00
-5.732027717471454231e+00
-5.751124607385894372e+00
-5.739318286986835993e+00
-5.563846645365526200e+00
-5.622743350872249302e+00
-5.621813743909513050e+00
-5.711651700339608340e+00
-5.580006448400333774e+00
-5.552189784444448328e+00
-5.601093732585474605e+00
-5.600506378385049722e+00
-5.596561863755086463e+00
-5.315884156307745023e+00
-5.467020004305126690e+00
-5.332163314125170750e+00
-5.375478390745470847e+00
-5.189141102154213314e+00
-5.189016156230163546e+00
-5.191534565369442689e+00
-4.921798690558842893e+00
-4.785876156480657784e+00
-4.616682003598459261e+00
-4.617785523836604789e+00
-4.454949052427553013e+00
-4.488973190978439831e+00
-4.388026541177229234e+00
-4.327591324461571354e+00
-4.327665374946571220e+00
-4.020250087153249829e+00
-4.018779652190005436e+00
-4.018521133676667745e+00
-3.854682000762922112e+00
-3.746056713612203382e+00
-3.746117996314776377e+00
-3.745886086486852840e+00
-3.780766760184833153e+00
-3.744266001042612757e+00
-3.741388119281408464e+00
-3.401558688123295315e+00
-3.402985439936677015e+00
-3.374383531661694136e+00
-3.174768643328154116e+00
-3.191920659934557758e+00
-3.116042115921110245e+00
-3.164624958259373066e+00
-3.149542420090522654e+00
-3.151053915312687526e+00
-3.227948966268931130e+00
-3.232426716368892006e+00
-3.131779494712707557e+00
-3.132112843817901116e+00
-3.131423379914249239e+00
-3.131548093409956657e+00
-3.114281713553352038e+00
-3.065702478285279753e+00
-3.065926547834724847e+00
-3.050108090860703225e+00
-2.930961474335027184e+00
-2.747435463301993952e+00
-2.746767782470441510e+00
-2.636421760975842687e+00
-2.623861823206414368e+00
-2.621773071587124804e+00
-2.589706735339148302e+00
-2.563716606232004924e+00
-2.205622612920699499e+00
-2.205684576293463817e+00
-2.205878217325789148e+00
-1.970538695598281986e+00
-1.922407983746125870e+00
-1.922562273493692686e+00
-1.923210884391817199e+00
-1.922251579877415351e+00
-1.912449113616300655e+00
-1.918788862853089805e+00
-1.920374090898552488e+00
-1.919294612918219123e+00
-1.926984391563729915e+00
-1.926022528886089269e+00
-1.926085623128385382e+00
-1.957938128532046074e+00
-1.956342220531230414e+00
-1.965718992172497570e+00
-1.965337630843460470e+00
-1.961122197667041434e+00
-1.850266453257731980e+00
-1.850350569052847227e+00
-1.852033152936968685e+00
-1.684904543547949274e+00
-1.602631238463981145e+00
-1.603007494289163892e+00
-1.604508056424795992e+00
-1.604970122197375559e+00
-1.561644520888044285e+00
-1.561342104749070980e+00
-1.557176583377384516e+00
-1.564138213507838993e+00
-1.435827830252095927e+00
-1.434163020366364227e+00
-1.434367141074519569e+00
-1.433935320003512981e+00
-1.433945496890793425e+00
-1.434580812640387393e+00
-1.316817506135909976e+00
-1.324160592771658873e+00
-1.320625342857200790e+00
-1.320199609094237170e+00
-1.188826766697892223e+00
-1.104048551936026801e+00
-9.602377288591915638e-01
-9.601398837924006724e-01
-9.597806342726622475e-01
-9.593036702157168305e-01
-5.350839795539110710e-01
-5.350870615157542476e-01
-5.349161034280256466e-01
-5.347029185979672583e-01
-5.341049078780459869e-01
-5.398388882699113323e-01
-2.498368545908291050e-01
-1.894587162896878840e-01
-1.891502773912280000e-01
-1.893623461739203095e-01
-1.414868006722059535e-01
-1.415060402489148605e-01
-6.948932004757241154e-02
-1.861622524821222521e-02
-1.918239053552648482e-02
6.169675449727725011e-03
-2.873611760781797676e-03
-2.672053676858076720e-03
-6.728845035331016116e-04
-7.258985432580476998e-04
-7.536983602759609940e-04
2.372508840937933607e-03
3.038710071547811534e-03
7.491390161353402542e-03
-8.763037392058246541e-03
7.534830754357271787e-02
7.565459689137549182e-02
1.880706241881832941e-01
2.201742446373852746e-01
2.045086513116079474e-01
2.046345360380804057e-01
2.046131296154154733e-01
2.044927981443554754e-01
2.104214849958753186e-01
2.095707324648062309e-01
3.951867240743039966e-01
6.193508888119477751e-01
6.189603477850746938e-01
6.189348885496001040e-01
6.091531459657608671e-01
6.091665448850953624e-01
6.092375928898732251e-01
6.092301763020470107e-01
6.092433899055774704e-01
7.954153578598329721e-01
7.953961188674371074e-01
7.953188342121519927e-01
8.052630934098339299e-01
8.052891715606784739e-01
7.969747910821320946e-01
8.059592381846020226e-01
8.759784089815109143e-01
8.759030441202537709e-01
8.759047159911900193e-01
8.759648323918022284e-01
9.450534122866961484e-01
9.449866392816146377e-01
8.801321596396219915e-01
8.801311071869588609e-01
8.804409152192399501e-01
8.804117918641641838e-01
8.804189129374239142e-01
8.802521830951511861e-01
8.841586032418542462e-01
8.836901045772685981e-01
8.837434733197657710e-01
8.897442494013715342e-01
8.963016564516617102e-01
8.841831929266225076e-01
8.842408613269800988e-01
8.863140364939954274e-01
9.054686768874974367e-01
8.996867395682205393e-01
9.002278375468707461e-01
1.033891605522210710e+00
1.096472066028098657e+00
1.094566373088175171e+00
1.095970968873828832e+00
1.099001991513229193e+00
1.099389760456769727e+00
1.099609057621432129e+00
1.099611261025906561e+00
1.099583712302718563e+00
1.099581655045239081e+00
1.322401153977395438e+00
1.339863813886410737e+00
1.339772417183576980e+00
1.327513206247561417e+00
1.327494182568501158e+00
1.327645267038573440e+00
1.483169014679074582e+00
1.483145475281193004e+00
1.490911028441065378e+00
1.490902909188138725e+00
1.490932113176582030e+00
1.490292710569508960e+00
1.491979379132320815e+00
1.493792410243374835e+00
1.493593168517761471e+00
1.493604773943266739e+00
1.492518280992446433e+00
1.492647026494674067e+00
1.492648564532572220e+00
1.492512183201983200e+00
1.492543268550964086e+00
1.492474767805694658e+00
1.492739048076808794e+00
1.484573858161585935e+00
1.473057752891999250e+00
1.490244473216727261e+00
1.490194005635352203e+00
1.536578536720836441e+00
1.536615966331388528e+00
1.536631932306639081e+00
1.534508383251393715e+00
1.534324896987468323e+00
1.534762190233800894e+00
1.534702408291372056e+00
1.528788328096503335e+00
1.529241361676842992e+00
1.529091280596259539e+00
1.528966692153170825e+00
1.529111004320053535e+00
1.524954155030955105e+00
1.534820311480635358e+00
1.598343007791197756e+00
1.598351262094061420e+00
1.797811973549058306e+00
1.797759553457198400e+00
1.797614631381435624e+00
1.797621958128977848e+00
1.797590904371598297e+00
1.797652991677447964e+00
1.796724380507200181e+00
1.796666719312958183e+00
1.795216877768433195e+00
1.795187589158830255e+00
1.795086698745782749e+00
1.795199218551553288e+00
1.795162593572380949e+00
1.984666267788079530e+00
1.984687120638144231e+00
1.984657578924541532e+00
1.984687990001954061e+00
2.080794912577653033e+00
2.080093646013139175e+00
2.080100587894515574e+00
2.145482186778899791e+00
2.142102515657861694e+00
2.148687506906834965e+00
2.369130583415360647e+00
2.604071212351428244e+00
2.604130354160760330e+00
2.604126859975309127e+00
2.604249874205878612e+00
2.604244607593390715e+00
2.604246062373112292e+00
2.604274379448178856e+00
2.604199421189929087e+00
2.604176704172202150e+00
2.584771727149888676e+00
2.584767651609559458e+00
2.585063077343836113e+00
2.594524794556364977e+00
2.594474586186288345e+00
2.614728678461669897e+00
2.614723913901217056e+00
2.614699499490892087e+00
2.626224274775774692e+00
2.626205223311597337e+00
2.626243969592851002e+00
2.626200213019224794e+00
2.615961342483989149e+00
2.596136135768941866e+00
2.583945026082203444e+00
2.584329706819221695e+00
2.584330274260550731e+00
2.584468563365857285e+00
2.584556479624005920e+00
2.584560900399864636e+00
2.584554769355659420e+00
2.584547774694537559e+00
2.584571311673721006e+00
2.584564283732440071e+00
2.584595440278040890e+00
2.584544509429213655e+00
2.584600669057159905e+00
2.584606508847925532e+00
2.585060443950303100e+00
2.585073621512943731e+00
2.584607728309630037e+00
2.584537764768874091e+00
2.585183315200165310e+00
2.585191826548590477e+00
2.584950106872159203e+00
2.584944922525584499e+00
2.640975563231434897e+00
2.640958091307970435e+00
2.701520963628654126e+00
2.701494904560577393e+00
2.700149316537811206e+00
2.700160629627937681e+00
2.700187761567765854e+00
2.700199839830884407e+00
2.699489710471352666e+00
2.701004944863174106e+00
2.701013319525176648e+00
2.713962088468191425e+00
2.713948552230745381e+00
2.719153146901760465e+00
2.719295239862867142e+00
2.719303576873107531e+00
2.719290761771478326e+00
2.719281950412156146e+00
2.719399200646176240e+00
2.719388833626407820e+00
2.719398265843061768e+00
2.720406909879752977e+00
2.720498322393217538e+00
2.721160461547682097e+00
2.721198161533841642e+00
2.721200378182713653e+00
2.721182821938862073e+00
2.721119128940066023e+00
2.721109642607276946e+00
2.719586651713006287e+00
2.719598558326944193e+00
2.779728256958501564e+00
2.779740006246390394e+00
2.795688557608356994e+00
2.795680018798843314e+00
2.780327019222096574e+00
2.870721783998909427e+00
2.872129343815255087e+00
2.872131539956856106e+00
2.872493595722202198e+00
2.872491169265244615e+00
2.872452289195674524e+00
2.872088331172102826e+00
2.876232127904299940e+00
2.878339620666528820e+00
2.873086543625916534e+00
2.873417837234796934e+00
2.874256131947419135e+00
2.874250686121658127e+00
3.087392745939270267e+00
3.087296796233484297e+00
3.086481556989967956e+00
3.086508140957495261e+00
3.086738058249412386e+00
3.086754148759507377e+00
3.086773271089182202e+00
3.070523276195567863e+00
3.070323836378727744e+00
3.070324520488123099e+00
3.070302452561480155e+00
3.070322353955035055e+00
3.070319237314119931e+00
3.070293895407278484e+00
3.070165524449381067e+00
3.070234653969578176e+00
3.070356216962828011e+00
3.070363568833520240e+00
3.272489556314860160e+00
3.272472716384193792e+00
3.272463817721642521e+00
3.270889191140929686e+00
3.271008440464532097e+00
3.270976959594201094e+00
3.270947805429364585e+00
3.270971683482010395e+00
3.270966030880008368e+00
3.270942844005734429e+00
3.270913676558294458e+00
3.270947890992235596e+00
3.271013408775576448e+00
3.271110433534435646e+00
3.282426685755588380e+00
3.282356362990195286e+00
3.284989191455886637e+00
3.285011997261999550e+00
3.284981950024410402e+00
3.271808708780728381e+00
3.271801860625117353e+00
3.271795037999869038e+00
3.271789669859922700e+00
3.271799870908048913e+00
3.272101055096175770e+00
3.258533972724777072e+00
3.411466144836385439e+00
3.411471441148111516e+00
3.262301143180865282e+00
3.270004561847234203e+00
3.270192921892000726e+00
3.270086376037503850e+00
3.275396476878832619e+00
3.275442903016405172e+00
3.275498612955344946e+00
3.275476231056293042e+00
3.433223998473752037e+00
3.552139288293636454e+00
3.552146312664617778e+00
3.552182126076852242e+00
3.544030199264174286e+00
3.544041154528731141e+00
3.537048049213971090e+00
3.536506908341644717e+00
3.536510719395059787e+00
3.536504911842311749e+00
3.536482319988691891e+00
3.536508561309597010e+00
3.536499481829918690e+00
3.527567341371016685e+00
3.527628389579432255e+00
3.527615259881876852e+00
3.527674917867789084e+00
3.526898626037753726e+00
3.526441154946314605e+00
3.526466068515217156e+00
3.526458646530380214e+00
3.521211096920502381e+00
3.521240182501122806e+00
3.521264564170076383e+00
3.521249316978305011e+00
3.519913062540121818e+00
3.519903274564258222e+00
3.519821924314487482e+00
3.517657957964328119e+00
3.517679350770239743e+00
3.517645961445996949e+00
3.517772579300388891e+00
3.517797137128408913e+00
3.517801837082730199e+00
3.517795791791434201e+00
3.516840249436005372e+00
3.514341613867233427e+00
3.514329487932262630e+00
3.523049231889713973e+00
3.514931358341678802e+00
3.514992092004123325e+00
3.514998683091629328e+00
3.514989137625838200e+00
3.515024565225465025e+00
3.515026975874837589e+00
3.515170929926335841e+00
3.515203915580800142e+00
3.592169286452469912e+00
3.592345378947176204e+00
3.592163538235088716e+00
3.591788237445585619e+00
3.591795420201483680e+00
3.584396308805206210e+00
3.585147464299611286e+00
3.585127468052080157e+00
3.580005540591569613e+00
3.578431560267882006e+00
3.578365605088243750e+00
3.578365314173979961e+00
3.580562260546718889e+00
3.580514155049051794e+00
3.580508096561758613e+00
3.580492431578532919e+00
3.580245251338476375e+00
3.580680573378620224e+00
3.580725442093426469e+00
3.580819475749614789e+00
3.580836747365465644e+00
3.580837624870006231e+00
3.580820079209284579e+00
3.580816798107472554e+00
3.586065068996718175e+00
3.585987573216909752e+00
3.585118644694583967e+00
3.585001925775221476e+00
3.585006578447746950e+00
3.585007053430560475e+00
3.578826218698136330e+00
3.596250682204035876e+00
3.596221815293815904e+00
3.595981435077563404e+00
3.595975987365552129e+00
3.588146476568994547e+00
3.793712697880224027e+00
3.793749374178635225e+00
3.793760392888380739e+00
3.793778194898211886e+00
3.793718423048999977e+00
3.793780157085321569e+00
3.793587035107434335e+00
3.793523612670096412e+00
3.815533784871854017e+00
3.815533316907085304e+00
3.815536545990376283e+00
3.815522198016684907e+00
3.815448363509469143e+00
3.832746099956455765e+00
3.839399824541377626e+00
3.939677465469146878e+00
4.013807432117557639e+00
4.013889693955761118e+00
4.013905283821300074e+00
4.013875427806826934e+00
4.013861667548412449e+00
4.014003328947127969e+00
4.007695450119706848e+00
4.007679888812186952e+00
3.995799901682977051e+00
3.995847612454623832e+00
3.995817590426534061e+00
3.995896041263234277e+00
3.995905224733828476e+00
3.995928839311404523e+00
3.996328250799882298e+00
3.996339056833542180e+00
3.996344344802043480e+00
3.996355932605728967e+00
3.996352269659867673e+00
3.972989172677805936e+00
3.971673034087725096e+00
3.971654721441230773e+00
3.971753653898133507e+00
3.968638420364006159e+00
3.968639734883993686e+00
3.970492953398890634e+00
3.970543425090132583e+00
3.970533647473411420e+00
3.969375021435061157e+00
3.969376229573698289e+00
3.969345402142340884e+00
3.969336164142315493e+00
3.969329155330700409e+00
4.080572093068187911e+00
4.180398923743887885e+00
4.180397973588045879e+00
4.180399442347014549e+00
4.180398817291701263e+00
4.180599586444685656e+00
4.180335027325492447e+00
4.180333697135102611e+00
4.181938581267022670e+00
4.181950278950635536e+00
4.181947972956320925e+00
4.181926978649167737e+00
4.181926868165275479e+00
4.182002344824949702e+00
4.182007297208016006e+00
4.182004294919809517e+00
4.181999752686500038e+00
4.182003391368660061e+00
4.178637151489886570e+00
4.178637507581659527e+00
4.178639889076547931e+00
4.177449426881388206e+00
4.177441445145455567e+00
4.177444703197560116e+00
4.177445014679592283e+00
4.177554147813739682e+00
4.177548444110597892e+00
4.177560426833019314e+00
4.177566554812945476e+00
4.177566797044081959e+00
4.177560875238228277e+00
4.182284597748950894e+00
4.181270014757621389e+00
4.185425364170419549e+00
4.182879724196718385e+00
4.182874299074624602e+00
4.182874918465066649e+00
4.182781724586464023e+00
4.185612652657135335e+00
4.185597436968851781e+00
4.185570216429203683e+00
4.185567828403922164e+00
4.185573760458094483e+00
4.185576670643153641e+00
4.185508566993329183e+00
4.330904316513519703e+00
4.330901909974423702e+00
4.330903381278591979e+00
4.330894399144622042e+00
4.330893041961143552e+00
4.330896934534083975e+00
4.338655329284571316e+00
4.338758096495846317e+00
4.339005417372036710e+00
4.339020624137293503e+00
4.339018250622021178e+00
4.338991824265385766e+00
4.338998924964796444e+00
4.339003631646853876e+00
4.338993012080662126e+00
4.339037991056254207e+00
4.339031478917476647e+00
4.339047818335974860e+00
4.339035607298900032e+00
4.338944593795421412e+00
4.333847461489464870e+00
4.333837886909346793e+00
4.333835027729963763e+00
4.333833715845392121e+00
4.333837628290749144e+00
4.335323964266627250e+00
4.335327117934487440e+00
4.335332310409145684e+00
4.335278670807341861e+00
4.335270939338755625e+00
4.335250258376239785e+00
4.335249385411509060e+00
4.335253313593420366e+00
4.335260750482760272e+00
4.335213077105185775e+00
4.335219687777384756e+00
4.455337433044605611e+00
4.455341705896294968e+00
4.458971571817433421e+00
4.459005265116027239e+00
4.458599431751471442e+00
4.450943652087863356e+00
4.450942831388383425e+00
4.451583627700794743e+00
4.451586818876438478e+00
4.451561883428108324e+00
4.451620073872632588e+00
4.483711614648017374e+00
4.483797295559341478e+00
4.483788535560423227e+00
4.483806514998906145e+00
4.507445539335066087e+00
4.507488796116520646e+00
4.507525454342893312e+00
4.507417253152326886e+00
4.507430730781381456e+00
4.507446406384630677e+00
4.456238241094561126e+00
4.447165132455350722e+00
4.447140303479626411e+00
4.447114164569258676e+00
4.447088996284554341e+00
4.447083241434759415e+00
4.447090774251630130e+00
4.446689786368557940e+00
4.447294682515694930e+00
4.447255499778965948e+00
4.447801477879271381e+00
4.447791676878751765e+00
4.447815929878384367e+00
4.447812965262857077e+00
4.447827492616511336e+00
4.447798831908941430e+00
4.446963101171426125e+00
4.446965048969837575e+00
4.446962449603791612e+00
4.446994065872757140e+00
4.447006394612558644e+00
4.447090630797300825e+00
4.447104718767099563e+00
4.446957792726593084e+00
4.446462412669658804e+00
4.446443702163338507e+00
4.445995754223229568e+00
4.445912488789597994e+00
4.445886091098909532e+00
4.445880859852389122e+00
4.448921688803356034e+00
4.448909395613281248e+00
4.448632267390167705e+00
4.448567624062349068e+00
4.448559826872197753e+00
4.448492127148902853e+00
4.448491250038284051e+00
4.450525641946279976e+00
4.450509091697429476e+00
4.450532957541716073e+00
4.450434703422461169e+00
4.450422197275021752e+00
4.450492001490656158e+00
4.450485364821817669e+00
4.450532414679053694e+00
4.450609664538898613e+00
4.450615277309959872e+00
4.450611243906615222e+00
4.450628148157657726e+00
4.501421329277921046e+00
4.501403667549251253e+00
4.501727588551154291e+00
4.501725102029527470e+00
4.501732987011499709e+00
4.501881865182381759e+00
4.501917808690426348e+00
4.501941995290430043e+00
4.502626397741835262e+00
4.502611507376438560e+00
4.502620862923577327e+00
4.502644725913388157e+00
4.500630750281909620e+00
4.500912134958305444e+00
4.500487229298238745e+00
4.500549883203660784e+00
4.455010870818642665e+00
4.455028829782792243e+00
4.454863047175146917e+00
4.454812990915764992e+00
4.454796346159867859e+00
4.454790200385674304e+00
4.454812574451859852e+00
4.454764668283069717e+00
4.454778600028877378e+00
4.454791778334389107e+00
4.454757960991695853e+00
4.454776478679443485e+00
4.454814598917198332e+00
4.540511420784439700e+00
4.540538919615339175e+00
4.530699199471362348e+00
4.532359852772775533e+00
4.708175962937596104e+00
4.708115793189336706e+00
4.538047949432047368e+00
4.538040460591659553e+00
4.538049651637648729e+00
4.538061060984974304e+00
4.536506455847979069e+00
4.536512143386120854e+00
4.536510334830638591e+00
4.536469705421461107e+00
4.536406333311929551e+00
4.536354352556098313e+00
4.536574485168868520e+00
4.536576521093084402e+00
4.536622109539939274e+00
4.535188542019747970e+00
4.535137221453036993e+00
4.535168648075436515e+00
4.535120328083797503e+00
4.535127221063301128e+00
4.725392124496646140e+00
4.725159814511330048e+00
4.725170644208210646e+00
4.725156387281733927e+00
4.725070656608233222e+00
4.711455156646878528e+00
4.711501390383022070e+00
4.711506715889862917e+00
4.804389468211690328e+00
4.804391800628532216e+00
4.804389540637897582e+00
4.804384825433464457e+00
4.816753898385611521e+00
4.816762197635221732e+00
4.816408621072819862e+00
4.816436613956430079e+00
4.816421091835623614e+00
4.816440998504588400e+00
4.816468367285767549e+00
4.882330084145318772e+00
4.882332411872054578e+00
4.882322646355756746e+00
4.882233083449882827e+00
4.882234001648829036e+00
4.882263140846910154e+00
4.882239365007968068e+00
4.882243429041841942e+00
4.882238869009267290e+00
4.882408291914952514e+00
4.882392204200536767e+00
4.882396304205689930e+00
4.882406161114735355e+00
4.882416363523319980e+00
4.882417078071892291e+00
4.882417370970354220e+00
4.882403183216056597e+00
4.882433584295624129e+00
4.878070188335000168e+00
4.878057076319378460e+00
4.879084173025871607e+00
4.879392994160734354e+00
4.879400164467512013e+00
4.879411639196988837e+00
4.879330868005261834e+00
4.879423567499606484e+00
4.879597153773507223e+00
4.879804420791824526e+00
4.879403260456083302e+00
4.879462877476474780e+00
4.879521172737391055e+00
4.871184302864223881e+00
4.871221376550630033e+00
4.871218788190224913e+00
4.871202559436967228e+00
4.871155709023617497e+00
4.870989776259285975e+00
4.873232883333461274e+00
4.873228648045187406e+00
4.873220820278177712e+00
4.873222211334957699e+00
4.873210765164300184e+00
4.873201127887350381e+00
4.873211899422198456e+00
4.871251203635533322e+00
4.871525293822651648e+00
4.871517411128976072e+00
4.871427279697503110e+00
4.872671377849240315e+00
4.872670815372382336e+00
4.872660605724862926e+00
4.872657549488434547e+00
4.872654992899477122e+00
4.872632358190108981e+00
4.872556383990952256e+00
4.872530372800945031e+00
4.872585450950322361e+00
4.872574127193060711e+00
4.872063918145558503e+00
4.911574441790447665e+00
4.911572868417051652e+00
4.911579780955434238e+00
4.911549982011500504e+00
4.911549632448730662e+00
4.906289630940961821e+00
4.906343940445194285e+00
4.906339093105318128e+00
4.906320011870722198e+00
4.906332777293836322e+00
4.919673131318136328e+00
4.919939189077007669e+00
4.919944170963684194e+00
4.920023662248869556e+00
4.920042575580627187e+00
4.920038515708392346e+00
4.920044923763393641e+00
4.921319115501218810e+00
5.065620471701161698e+00
5.065622444913524980e+00
5.065554612336911511e+00
5.065839994720640505e+00
5.065836088925386171e+00
5.065776101122279940e+00
5.065782111396305964e+00
5.065739595857628785e+00
5.052879050579923259e+00
5.052919879830793271e+00
5.022756759516108893e+00
5.023149823952832271e+00
5.020028996030317714e+00
5.020061685647094762e+00
5.020048068247136008e+00
5.019850684768613291e+00
5.019841778994648784e+00
5.023796608127716112e+00
5.023788885612892052e+00
5.023795618769677951e+00
5.013454313554449371e+00
5.013454836915983037e+00
5.013453425522821583e+00
5.013305762827822143e+00
5.013285619122991754e+00
5.013281155515203480e+00
5.013517383410442285e+00
5.013509946064952594e+00
5.013507070079754158e+00
5.013503738629094819e+00
5.156301823524534811e+00
5.156296762486284990e+00
5.156350153486939369e+00
5.156354600028478785e+00
5.156360461771468451e+00
5.152672909087402608e+00
5.152666093020375371e+00
5.152667886111466089e+00
5.152602424663530023e+00
5.324518437398189974e+00
5.324531403728818724e+00
5.324565782144051518e+00
5.324573427423137773e+00
5.324574292922886976e+00
5.324551441233871252e+00
5.324508187093264233e+00
5.324546015778561348e+00
5.324693386085119329e+00
5.324597362612649931e+00
5.324577654802306270e+00
5.324544741109866308e+00
5.324548904870820998e+00
5.356553260259237170e+00
5.356553107674760561e+00
5.356546158707198302e+00
5.356524759637519395e+00
5.356526972541778342e+00
5.357007412457985396e+00
5.349487192031340932e+00
5.349489249579468364e+00
5.349483681305092553e+00
5.349418388515134737e+00
5.349420020472469339e+00
5.496583465647177924e+00
5.496584769026809703e+00
5.496976185613188015e+00
5.496975088815572619e+00
5.496970510065562365e+00
5.529950851088312191e+00
5.529966552462806995e+00
5.530479047651740032e+00
5.530484680524045515e+00
5.530948577390981669e+00
5.530956024993981757e+00
5.530948630865981208e+00
5.531153693570359131e+00
5.532357703586791686e+00
5.522113268266095609e+00
5.522113629883933505e+00
5.522324907283496565e+00
5.522602618941542474e+00
5.522594711829905023e+00
5.522618251893257835e+00
5.522635505147913015e+00
5.522660033289575665e+00
5.522667274440488328e+00
5.522665391008843905e+00
5.522687285919274380e+00
5.522672214447099215e+00
5.522823953113670470e+00
5.522824993572095664e+00
5.522827434229108157e+00
5.522829082895196251e+00
5.522826309142253365e+00
