# 2*np.log[MAD(r)] for 100 flights; 1000 steps per flight; run 37 of 50; mu: 1.50; seed: 36
-2.064603234784899755e+01
-1.847027452356868338e+01
-1.757211574528705356e+01
-1.622765327469585728e+01
-1.515003672851663374e+01
-1.459411683478652044e+01
-1.399607030754310166e+01
-1.353717968545336170e+01
-1.350649160150999961e+01
-1.331485232655897200e+01
-1.241629039575423121e+01
-1.222175971890198021e+01
-1.163236344694535340e+01
-1.150758672605165955e+01
-1.145580666825998151e+01
-1.131158700096635172e+01
-1.109496441837554848e+01
-1.094104012028911654e+01
-1.099467641421037278e+01
-1.061971548391394471e+01
-1.074447193474664708e+01
-1.057657408840607616e+01
-1.016814451212533577e+01
-1.000612879928383236e+01
-9.831874239930549209e+00
-9.690542233460838872e+00
-9.507427735529780932e+00
-9.415985695784250709e+00
-9.430899593373055723e+00
-9.315346602831771960e+00
-9.296340253604595816e+00
-8.883424319087481535e+00
-8.981759277717959122e+00
-8.839802168877321620e+00
-8.810973484672610212e+00
-8.579016368848829899e+00
-8.480125917374989442e+00
-8.482780757278824524e+00
-8.492428773334637526e+00
-7.969090904633948647e+00
-7.686261148139465149e+00
-7.711687871786207182e+00
-7.591288107202317725e+00
-7.405314953438592696e+00
-7.055685101833803152e+00
-6.675162709532055594e+00
-6.697424803771226287e+00
-6.607869523949876367e+00
-6.608326667947120647e+00
-6.444351479499639268e+00
-6.468244720776940682e+00
-6.249645243661288596e+00
-6.210736356182608553e+00
-6.185543774393042149e+00
-5.990339985877383810e+00
-5.956836006807786354e+00
-5.949348267484174002e+00
-5.949209032282166021e+00
-5.976256379063349833e+00
-5.995051827810089939e+00
-5.849504741525549889e+00
-5.821308200219916351e+00
-5.720169898363758776e+00
-5.712515880450759198e+00
-5.567462620765859072e+00
-5.566141072712900595e+00
-5.578486067498461765e+00
-5.575673138808321383e+00
-5.319965846358146955e+00
-5.319358484192305170e+00
-5.345072371816455004e+00
-5.355553158362059918e+00
-5.342247222620213343e+00
-5.350589570660467587e+00
-5.290074309761419791e+00
-5.288761153603577014e+00
-5.293941293115055124e+00
-5.319890776164986512e+00
-5.320402565801067851e+00
-5.214313411901624562e+00
-5.215313176071613377e+00
-5.211327032009006821e+00
-5.205528495480232998e+00
-5.272581546507520756e+00
-5.192632496616371718e+00
-5.196810816528493859e+00
-5.211758134694876254e+00
-5.030081499581501525e+00
-4.868818532554204381e+00
-4.833753863027456354e+00
-4.711804405412030938e+00
-4.709204464866273199e+00
-4.438777322003251591e+00
-4.198951979996493833e+00
-4.205454009950543970e+00
-4.205432784146799996e+00
-4.205476356687345429e+00
-4.231144091534049245e+00
-4.232351538902496380e+00
-4.064782689090797874e+00
-4.062466358931283494e+00
-3.690732134292047828e+00
-3.869621084120164589e+00
-3.584373508954092902e+00
-3.592141250914061334e+00
-3.469071415553087956e+00
-3.243484143119423013e+00
-3.233692674339351480e+00
-3.244266291150371906e+00
-3.235151382140062815e+00
-3.179575173723151238e+00
-3.202506637999945394e+00
-3.203441237729707236e+00
-3.202517167155553679e+00
-3.207433532209168270e+00
-3.206648054613778331e+00
-3.191708270046744289e+00
-3.191667282446406961e+00
-3.006686873608641175e+00
-2.820858208974006409e+00
-2.773795770331791477e+00
-2.773859198916367674e+00
-2.769884966493191492e+00
-2.801018761414352465e+00
-2.797989406911055799e+00
-2.797917794757582843e+00
-2.798031586210238064e+00
-2.791900493806285244e+00
-2.790750154872321254e+00
-2.663402455821261228e+00
-2.494785329570739840e+00
-2.494625031229390721e+00
-2.494621843258554961e+00
-2.494618296968634574e+00
-2.429752263105872334e+00
-2.429547068025602385e+00
-2.204995084996083321e+00
-2.205107897869996947e+00
-2.207653004216234116e+00
-2.207631095685841149e+00
-2.207509587642567883e+00
-2.221888017748086863e+00
-2.235963797955519805e+00
-2.235746131223516731e+00
-2.235608886219881963e+00
-2.234936176664327867e+00
-2.234738873194694886e+00
-2.235591141251464187e+00
-2.256906332199514864e+00
-2.235944164545807133e+00
-2.235360230967477602e+00
-1.984380017166855525e+00
-1.968346823500779053e+00
-1.967416678249246154e+00
-1.967864974901275543e+00
-1.968374005592141707e+00
-1.967148247264949079e+00
-1.924591637612415695e+00
-1.954010542116229932e+00
-1.954697588005971154e+00
-1.791293559918057499e+00
-1.475779861163952100e+00
-1.371023330484124170e+00
-1.292514842250743534e+00
-1.309685247469280167e+00
-1.306407223523226246e+00
-1.306764877957518944e+00
-1.307833234564393488e+00
-1.307038122371775746e+00
-1.144596709754494013e+00
-1.253880853866332634e+00
-1.254476426291674329e+00
-1.253966292267019833e+00
-1.108335549430353950e+00
-1.108225321440469147e+00
-1.111200731725586310e+00
-1.104598663123695701e+00
-1.147316450089067796e+00
-1.147546784534073883e+00
-1.064337863158415720e+00
-1.064177710977830316e+00
-1.064203514075564350e+00
-1.054788467743794422e+00
-1.046328303175145358e+00
-7.711886473383250395e-01
-7.709518740614016430e-01
-7.688256348765460935e-01
-4.079111785107523702e-01
-2.460154381941421775e-01
-2.458088990200588408e-01
-2.490571173047534392e-01
-2.492625550880327723e-01
-2.461147015333085275e-01
-1.789891803250879820e-01
-1.790576841187492552e-01
-1.749097850290795009e-01
-1.628940883289846375e-01
-1.214359911571952222e-01
-1.206304017107194398e-01
-1.366161791916465085e-01
-1.090951694027552238e-01
-1.091986890457503911e-01
-1.092465319621408887e-01
2.002284147886468080e-01
1.991806493200740658e-01
2.597057246286160193e-01
2.597182054574826426e-01
2.605909569980637275e-01
2.579667426170544897e-01
4.048138338997505636e-01
4.044609754179216976e-01
4.034815153894031892e-01
5.537991145286231820e-01
5.537566707877914496e-01
5.551648591374589436e-01
5.551668462450332076e-01
5.553627569595930291e-01
5.552887166624501658e-01
5.552619570565007212e-01
5.554107283858862321e-01
5.559967020865106413e-01
5.625687949334052806e-01
5.625876287223172678e-01
5.376309859526845480e-01
5.371054393119294446e-01
5.427859496492208891e-01
6.925275262931743780e-01
6.861280170291389480e-01
6.861066090443398435e-01
6.863149947083626579e-01
6.869366693383991418e-01
6.865362127099078338e-01
6.852145849378376008e-01
6.852917116524563923e-01
1.005130992954402336e+00
1.005198556536776699e+00
1.001679984819666025e+00
9.798159202962303249e-01
9.800200613638723190e-01
9.369589223378727016e-01
9.296991355894120845e-01
9.278152650296930259e-01
9.274589728239135411e-01
9.330080658087653855e-01
9.326968730630298410e-01
9.269700700281555683e-01
9.269753290346315344e-01
9.270710001452984184e-01
1.125954775917217043e+00
1.118322005736958280e+00
1.118398158627492700e+00
1.118426625970838195e+00
1.118504051172512836e+00
1.118615613644211582e+00
1.178679064573735502e+00
1.178726819645793400e+00
1.162531563841489257e+00
1.162494844236766856e+00
1.162503210125960917e+00
1.162520636971420052e+00
1.318821585038674860e+00
1.318795196479549903e+00
1.319388500513455353e+00
1.319459550886526111e+00
1.317060342849068144e+00
1.311523934839015082e+00
1.311493702147478180e+00
1.312135027043010771e+00
1.345136461290188379e+00
1.345282620999015633e+00
1.346350412193570989e+00
1.346245388372922624e+00
1.346771064866471024e+00
1.346695839975616815e+00
1.347331593139413419e+00
1.534218429701688757e+00
1.533150247815525002e+00
1.533108708867900072e+00
1.518484316747292562e+00
1.518496003641856218e+00
1.518308112704932933e+00
1.518645159989943538e+00
1.519314424519208506e+00
1.518445558864201850e+00
1.518384679967479833e+00
1.552249033381643439e+00
1.550207652922454882e+00
1.558308564167750543e+00
1.558587488888992123e+00
1.555926101384717430e+00
1.556520854119637587e+00
1.556563489292493996e+00
1.548481712371003738e+00
1.548560343573082365e+00
1.548550725980462728e+00
1.548451880820165938e+00
1.548504416554431495e+00
1.547893100086568774e+00
1.547907504753304186e+00
1.547257319105253437e+00
1.547114858280347782e+00
1.523479694838191678e+00
1.516732185459087390e+00
1.515746162850551970e+00
1.515798748925516692e+00
1.515784038979751447e+00
1.521555043962878884e+00
1.522528989045630610e+00
1.408230333035749959e+00
1.399065317967344679e+00
1.394471718568097041e+00
1.394489971331070333e+00
1.394284051112150369e+00
1.394250291900771321e+00
1.394236429036492586e+00
1.394446944014725576e+00
1.491781113502844702e+00
1.491371665750259812e+00
1.491521960735198826e+00
1.491305859042571402e+00
1.491997534764465838e+00
1.491918031735558037e+00
1.492569962168020181e+00
1.492690745476587644e+00
1.492647673138098874e+00
1.493611461631198845e+00
1.492984826833630985e+00
1.493207177337059433e+00
1.441631719517421750e+00
1.441642256787933896e+00
1.441372120982785443e+00
1.441231777182410578e+00
1.441005300856552207e+00
1.436164671811360760e+00
1.425949115233290820e+00
1.426060916875220519e+00
1.451667259443871760e+00
1.441794490204111323e+00
1.441885475305401787e+00
1.438752016153948876e+00
1.437030111268062349e+00
1.439798922206592335e+00
1.439628953904194653e+00
1.439618732714853966e+00
1.439541872628640640e+00
1.439515908331161054e+00
1.438568731585005089e+00
1.438568177049983854e+00
1.440054916145243835e+00
1.440037984966976214e+00
1.440040462063843840e+00
1.610379565847156913e+00
1.610292429549117887e+00
1.609867472489021845e+00
1.595715406340513010e+00
1.595691771915326296e+00
1.777067346179465490e+00
1.767659208512537772e+00
1.767582511537798329e+00
1.767660998058106392e+00
1.767259014578159260e+00
1.767255263310569147e+00
1.767187123923892544e+00
1.782004808445409205e+00
1.766502678227454659e+00
1.759440641474524947e+00
1.759299293318582258e+00
1.759247166955429709e+00
1.759219853217358409e+00
1.759220665572590825e+00
1.759326288286899631e+00
1.759330666833384793e+00
1.759341183489177896e+00
1.793883601163793973e+00
1.809158824986952574e+00
1.835005136523979008e+00
1.834976648241259944e+00
1.834940780597825727e+00
1.834888911873109318e+00
1.834894173547821472e+00
1.829076419788102648e+00
1.829033999098926166e+00
1.847362633589975767e+00
1.847374126027760743e+00
1.849634313881358016e+00
1.862410061005225881e+00
1.863038889271487530e+00
1.882577365203887299e+00
1.854070369132624574e+00
1.854086869552729944e+00
1.853739294074102650e+00
1.853839882751568080e+00
1.853045612727608038e+00
1.894664525723529946e+00
2.004898466331512807e+00
2.004831491605362004e+00
2.002698873933164592e+00
2.002334213460645440e+00
2.023783671076187396e+00
2.195124789636428098e+00
2.195160633765793623e+00
2.195097344582939147e+00
2.280310823782786933e+00
2.280464718222836140e+00
2.286513436756890894e+00
2.286534767898410259e+00
2.286521450548669065e+00
2.285433459217458552e+00
2.285416069114758919e+00
2.285453510335847760e+00
2.284295820562574963e+00
2.277272242321178641e+00
2.277272099519766169e+00
2.277229270201233557e+00
2.271683094645833734e+00
2.272362884639905989e+00
2.272384038859327493e+00
2.272331572312549230e+00
2.272251193292151417e+00
2.408626986305653084e+00
2.408629046530899487e+00
2.404812407298902333e+00
2.404802436269393606e+00
2.404911173503541111e+00
2.504572768476243105e+00
2.504622094706289825e+00
2.504609310078269147e+00
2.504606312372047672e+00
2.504693916102359363e+00
2.580255970274656807e+00
2.582345156078027948e+00
2.767545509641443413e+00
2.767623856092758405e+00
2.767727186789801230e+00
2.767496035300194279e+00
2.767514158607438990e+00
2.767461989807770806e+00
2.767462620230754400e+00
2.767920755037938108e+00
2.767644580108574281e+00
2.767635414429782781e+00
2.767520296337448560e+00
2.767687155398619314e+00
2.767228983501349049e+00
2.767234944016651710e+00
2.766847329957948798e+00
2.767855267085545190e+00
2.767726790779092561e+00
2.767679545634022187e+00
2.771227547146843495e+00
2.771246104158071155e+00
2.771250487572063825e+00
2.771260644395382222e+00
2.768082273492488365e+00
2.768081735943717980e+00
2.768919945013086359e+00
2.768958224757460229e+00
2.768973812890439756e+00
2.769201267798382826e+00
2.769450905750554970e+00
2.769457413392918177e+00
2.761471500374515831e+00
2.762025678532886719e+00
2.762024840084571498e+00
2.929003956053052526e+00
2.927430781780768321e+00
3.004347039090365712e+00
3.009994304919034747e+00
3.010016131094755298e+00
3.009980760200912986e+00
3.010152247737900133e+00
3.141141611238098097e+00
3.141104040876626868e+00
3.141082653872766528e+00
3.141019845934925225e+00
3.141042735670676933e+00
3.141469515632739462e+00
3.141475523686090732e+00
3.141420267639079889e+00
3.141370339066129169e+00
3.141372212102432560e+00
3.141284663352881701e+00
3.141248165771765688e+00
3.141250435822812825e+00
3.141245379590649200e+00
3.141342913487681798e+00
3.141318484166385705e+00
3.141269082656406919e+00
3.134433199436719608e+00
3.134427741586464311e+00
3.134416091601115451e+00
3.135115817478971945e+00
3.026836714860155819e+00
3.027034727246533219e+00
3.027046334331036093e+00
3.027078294761962773e+00
3.018110162912211347e+00
3.018112036841697599e+00
3.018407569619624642e+00
3.018383403148964028e+00
3.018391996976931058e+00
3.018371415154302628e+00
3.018371622388380970e+00
3.018382550851409718e+00
3.018431722321345489e+00
3.018404465982277518e+00
3.018359933297523057e+00
3.017040672919292010e+00
3.012550689431945372e+00
3.012517068112922747e+00
3.015180247617872400e+00
2.992103069344703492e+00
2.989066148149599478e+00
2.989058516008761490e+00
2.989181082788229027e+00
2.971415944175615831e+00
2.974972338040866582e+00
2.974968987571789292e+00
2.977261237642301328e+00
3.095823579692795313e+00
3.095561607317903530e+00
3.095959336084014968e+00
3.095978801725252527e+00
3.095991546729402799e+00
3.095974776001652273e+00
3.104697803544834045e+00
3.104693027477627876e+00
3.104689648232331400e+00
3.104700598957814695e+00
3.104714357615821374e+00
3.104695293963015690e+00
3.103980696447389054e+00
3.104008791021409142e+00
3.104027120431247511e+00
3.086251547832584929e+00
3.086255709015733206e+00
3.086261255884642729e+00
3.086206899054499964e+00
3.086239649732030355e+00
3.077658040297522213e+00
3.078989965597644485e+00
3.072173212830432654e+00
3.072190958703906905e+00
3.072190194432736554e+00
3.072438808834792034e+00
3.072448772265144790e+00
3.077734332446515175e+00
3.090482193642269504e+00
3.090489950361255289e+00
3.090598905212342373e+00
3.090583980398726283e+00
3.091617704197823446e+00
3.091618065206871879e+00
3.091626289106431003e+00
3.091584920916907731e+00
3.091605684606707261e+00
3.091609157099615590e+00
3.091680511617943772e+00
3.090927765134797500e+00
3.090932545699984768e+00
3.090910209008961296e+00
3.090913360297694812e+00
3.090879103426910746e+00
3.090823453884043115e+00
3.090820221901739995e+00
3.090758866112459646e+00
3.090531070180470241e+00
3.090507729346927412e+00
3.090882622375616062e+00
3.117230512906560946e+00
3.117132924703930552e+00
3.117042466246869648e+00
3.117040203268651943e+00
3.117036856432028991e+00
3.117040264757498846e+00
3.280858789752274074e+00
3.281186955493049950e+00
3.281195187185911077e+00
3.284285365424598702e+00
3.417664192494788811e+00
3.417876992554960136e+00
3.417787072027920647e+00
3.417780591150598291e+00
3.417777124248470244e+00
3.417776064929629154e+00
3.412451454745764501e+00
3.412452494931580649e+00
3.423172372966910793e+00
3.423176558966687821e+00
3.405549578635506780e+00
3.405271657207593616e+00
3.405271696961170935e+00
3.407327982990294490e+00
3.407307364039663611e+00
3.406817522799442610e+00
3.407485841932746951e+00
3.407482464857915172e+00
3.407377248648390200e+00
3.407379816158862873e+00
3.407349882379003159e+00
3.407097511217725749e+00
3.407017990801087581e+00
3.407023200310864031e+00
3.407012299500553620e+00
3.406656888328635890e+00
3.406727597917326378e+00
3.410170177934951585e+00
3.410127863839153228e+00
3.411101731976519336e+00
3.411102692070981934e+00
3.688238769859165433e+00
3.688220263763182238e+00
3.688493075248666653e+00
3.688376741335343212e+00
3.902924267255123425e+00
3.902946875089137624e+00
3.902799372778211318e+00
3.902792522568606426e+00
3.899037311883074786e+00
3.899031973657409278e+00
3.909866450399149151e+00
3.909869760084434098e+00
3.909884273628505102e+00
3.909445317790153585e+00
3.909298350231625641e+00
3.909333223764837939e+00
3.898308791623961600e+00
3.898257681258871177e+00
3.898291814451541271e+00
3.898256001515959301e+00
3.898248570688737757e+00
3.954538715587741837e+00
3.954773320593658603e+00
3.954676936061344072e+00
3.954674139541217492e+00
3.958357327009957682e+00
3.958332458792515940e+00
3.958322866557059783e+00
3.958307992140349008e+00
3.959462896945858734e+00
3.961400079694462395e+00
3.961414375880810912e+00
3.961256784863402380e+00
3.961388179802483478e+00
3.961376159461135416e+00
3.961462614660118842e+00
3.961378478177731921e+00
3.961380435049929982e+00
3.961675206792590664e+00
3.961674746126730540e+00
3.961684026816497450e+00
3.961797596052717196e+00
3.954429028803377211e+00
3.954444805532552287e+00
3.954387039028333550e+00
3.954409959116915285e+00
3.954418646887853939e+00
3.954413229690378007e+00
4.153989401655719504e+00
4.154041417390027746e+00
4.153039359425786614e+00
4.145841531582284745e+00
4.145047595010391106e+00
4.153743921720873367e+00
4.153703478712310826e+00
4.154703745710226492e+00
4.154716045895919585e+00
4.153328907437171758e+00
4.153334221295775563e+00
4.153317015349317742e+00
4.153348238343262722e+00
4.153368234900487899e+00
4.153450292505013408e+00
4.153508521682206300e+00
4.161363603608386086e+00
4.161439965212979430e+00
4.153682732740239025e+00
4.153689212416735721e+00
4.153711169194003183e+00
4.153654923053388792e+00
4.153728698074776737e+00
4.153722472913417008e+00
4.153702754815922660e+00
4.153696723949376945e+00
4.153697216373438472e+00
4.155448754306024561e+00
4.155458607993821829e+00
4.155465069226400132e+00
4.368439322040465811e+00
4.368424770778915445e+00
4.468116259104764509e+00
4.468116415682072073e+00
4.468110967855002613e+00
4.468111136396976768e+00
4.468112855238286940e+00
4.468739855226954383e+00
4.864140319954251446e+00
4.864160885852683691e+00
4.864131443782756747e+00
4.864129317993940660e+00
4.864114507279995614e+00
4.864084982521634792e+00
4.864077664862319850e+00
4.864042346545471851e+00
4.863540235260406241e+00
4.863536241716573727e+00
4.863744345787042178e+00
4.863743772727608494e+00
4.863462738202481539e+00
4.863437066444765478e+00
4.863524285144126047e+00
4.863523931860729732e+00
4.863522499240525931e+00
4.863517148201454532e+00
4.863560602573747893e+00
4.864362780253529195e+00
4.864563641237024783e+00
5.354945942770995337e+00
5.354942896906406347e+00
5.356563199827046873e+00
5.356562151194339094e+00
5.341482323336264493e+00
5.341489601120178676e+00
5.341491921850101576e+00
5.341494897815965537e+00
5.341528603977317324e+00
5.341539645308333029e+00
5.341512246518309581e+00
5.341450996004200924e+00
5.341481661563217465e+00
5.341478146581621900e+00
5.341495688484815041e+00
5.341229953988625212e+00
5.341228793020883714e+00
5.341251827956926768e+00
5.341260338792275242e+00
5.341354922034712516e+00
5.341349667205000706e+00
5.341371104796121649e+00
5.341369451451645212e+00
5.340328842645814866e+00
5.340029269202842599e+00
5.340048679127874287e+00
5.340049738067034646e+00
5.338266311088209370e+00
5.338192324020999635e+00
5.338209679592946344e+00
5.338341498923033335e+00
5.338227353153754962e+00
5.338229756077340404e+00
5.338230384393116701e+00
5.338154330783835277e+00
5.338155327474638057e+00
5.338156427446867802e+00
5.338157309598025257e+00
5.338167470780063262e+00
5.338184468279968620e+00
5.338188806538721742e+00
5.338173144355821798e+00
5.338161777964827159e+00
5.338166963074605142e+00
5.338173195161072471e+00
5.338346206118839810e+00
5.336438413874394548e+00
5.336443059068479045e+00
5.336433910775614464e+00
5.336439971948300887e+00
5.336363231452271982e+00
5.336375617820213080e+00
5.336387774750169122e+00
5.336383075878240234e+00
5.336365306971555533e+00
5.336399316944302029e+00
5.336872576271368906e+00
5.336854437116606675e+00
5.336903310882520124e+00
5.336912477270959521e+00
5.335725529332658645e+00
5.335474487331045346e+00
5.335471976704136310e+00
5.335514483207608016e+00
5.335496844993123489e+00
5.335481351758327051e+00
5.335505831922415787e+00
5.335653422484623931e+00
5.334922613953759551e+00
5.334772727886897492e+00
5.334780087640514701e+00
5.334773407822384073e+00
5.334775916655514649e+00
5.333535863606239324e+00
5.395202159460169788e+00
5.395190174319161258e+00
5.395210061075481178e+00
5.395403128756522726e+00
5.392341498056474336e+00
5.392342232685028769e+00
5.392338313455121934e+00
5.392357289673348930e+00
5.396597042247305964e+00
5.397882299312630749e+00
5.397879287888638800e+00
5.397904937183109375e+00
5.397909694497946553e+00
5.397902650092492038e+00
5.397883195193667660e+00
5.398142767895627081e+00
5.398065404590768779e+00
5.397713652799473572e+00
5.397718317988686287e+00
5.397717415586656742e+00
5.397732442757312121e+00
5.397669748548215907e+00
5.397710525639711321e+00
5.397687254359912146e+00
5.397688273056243879e+00
5.397367045789070339e+00
5.634700091705540537e+00
5.634759154872022613e+00
5.705043561320486845e+00
5.705040601792563670e+00
5.705046258990848607e+00
5.704423410998488819e+00
5.704299420084468331e+00
5.704302896553016922e+00
5.704395288071322234e+00
5.776354007310038341e+00
5.776566232165493808e+00
5.776555060757692317e+00
5.776553498679542820e+00
5.777025924135910984e+00
5.777019665737367582e+00
5.777022450549108790e+00
5.777229853036963014e+00
5.777234231778234808e+00
5.777242060829840042e+00
5.777230601225891604e+00
5.776447031971821744e+00
5.776443545001281876e+00
5.773226917174253181e+00
5.773202314434800364e+00
5.775963944678504269e+00
5.775940228012012234e+00
5.776026747334625178e+00
5.776016964176085899e+00
5.776017209180802858e+00
5.776021833820409235e+00
5.776022596587445435e+00
5.776024768711478075e+00
5.776022216049750746e+00
5.775893319039952623e+00
5.866655391738610170e+00
5.866675727638700266e+00
5.866677041206226129e+00
5.866393721886869805e+00
5.866391157502286013e+00
5.866391338195257710e+00
5.866391746819542341e+00
5.866397921257092030e+00
5.866404694052956614e+00
5.866401482028531511e+00
5.866391640313345590e+00
5.866390030284146739e+00
5.866393099216957729e+00
5.859130963196286679e+00
5.858714189843490239e+00
5.859565401852209199e+00
5.859574533703843180e+00
5.859571157522102780e+00
5.859305443500367083e+00
5.859302932221008398e+00
5.859300713218621226e+00
5.854708261632951327e+00
5.854723612015014567e+00
5.854726220105304080e+00
5.855114235492274943e+00
5.855104508690136988e+00
5.855099180719028240e+00
5.851275623423729755e+00
5.851354921851939395e+00
5.851360617164415245e+00
5.851388497304609970e+00
5.851503597294133385e+00
5.851511469540486843e+00
5.851481474541601280e+00
5.851482640225613707e+00
5.851498637612428055e+00
5.845555703100286493e+00
5.845555832288475528e+00
5.845535390073377968e+00
5.846945772267185149e+00
5.846987920651343984e+00
5.846953542593516850e+00
5.847002599725285243e+00
5.846995277424246851e+00
5.853105898359661552e+00
5.853177260807027160e+00
5.853177089287581403e+00
5.933909779844927179e+00
5.933961902604258043e+00
5.933950362630654674e+00
5.933958266591342401e+00
5.933995693796719983e+00
5.933935612179270791e+00
5.933989772267383778e+00
5.933966365755448003e+00
5.934208659646677653e+00
5.934211288076236990e+00
5.936796005124001852e+00
5.936784766046329764e+00
5.936784048143543657e+00
5.936786584253914256e+00
5.936786976763502643e+00
5.936798694151433686e+00
5.936767473956147789e+00
5.936769529008418367e+00
5.936714014534880235e+00
5.936719373354313767e+00
5.919750400729139272e+00
5.919781186602663503e+00
5.919788880562709465e+00
5.919785654701628985e+00
5.919782775614271131e+00
5.919781927313385594e+00
5.919783489006475108e+00
5.919805940833028579e+00
5.901153934528768019e+00
5.911078157097673369e+00
5.910891560507579356e+00
5.910888074999392394e+00
5.910888516803660231e+00
5.910880626757726297e+00
6.007736302662095795e+00
6.007736515371425945e+00
6.007576456929078823e+00
6.007580384425668107e+00
6.007822280001450466e+00
6.007835151630609438e+00
6.007813400453602348e+00
6.007812219839546941e+00
6.007812606761351759e+00
6.007884197543823745e+00
6.140022673871847303e+00
6.140155167647854739e+00
6.140153015325062746e+00
6.140150886906455163e+00
6.140227956228135220e+00
6.140209058696461497e+00
6.140265002182816012e+00
6.140295824885794396e+00
6.140439309721242189e+00
6.140415102459360952e+00
6.140411080051273451e+00
6.140406340000269303e+00
6.140428499026252318e+00
6.140372938288648719e+00
6.139826798446794243e+00
6.139830684644947745e+00
6.139826334874309843e+00
6.139831493386158634e+00
6.110835800060368861e+00
6.110800722082890601e+00
6.110891229638846234e+00
6.114391486495434513e+00
6.114393002515493336e+00
6.114334027827755591e+00
6.114337112265705976e+00
6.114347763551536197e+00
6.108778914610052624e+00
6.108779836167433253e+00
6.109091760401469173e+00
6.108335189954286371e+00
6.108345131172022491e+00
6.108358311246731454e+00
6.108399494366956617e+00
6.108551642438900586e+00
6.108552956731235994e+00
6.108489090530894394e+00
6.108494686648213268e+00
6.108495040388527642e+00
6.108329769044591018e+00
6.108353047710803452e+00
6.107045372590918397e+00
6.107064824994616004e+00
6.107086243994936048e+00
6.107087733278414809e+00
6.090355529552784475e+00
6.090363913156361164e+00
6.090361721768288383e+00
6.090364072415000329e+00
6.090269451828473457e+00
6.090269092398268747e+00
6.090319105351865936e+00
6.090335211662344150e+00
6.358547370544188837e+00
6.358546209914020864e+00
6.358543085689745133e+00
6.358544330934687849e+00
6.358454990640209026e+00
6.358397773481951454e+00
