# 2*np.log[MAD(r)] for 100 flights; 1000 steps per flight; run 12 of 50; mu: 1.50; seed: 11
-2.107751819020583639e+01
-1.909761324754901679e+01
-1.749274852054302798e+01
-1.662437388911402181e+01
-1.558688667878833201e+01
-1.470510568106636384e+01
-1.383429165148626616e+01
-1.363166657349338884e+01
-1.317915550691108173e+01
-1.258912063232084400e+01
-1.211180090213466798e+01
-1.191738365917584908e+01
-1.159195803084699605e+01
-1.129256513397412398e+01
-1.108358321661756385e+01
-1.085831121816226563e+01
-1.052480834262337517e+01
-1.039066043421998664e+01
-1.011278411845613334e+01
-9.705355342210216563e+00
-9.636888804590876489e+00
-9.466711749511391716e+00
-9.260713070333924435e+00
-9.275957127484790732e+00
-8.782915029259720896e+00
-8.481539952946844707e+00
-8.426899070968156380e+00
-7.725727273917071258e+00
-7.708405044823325447e+00
-7.619791398018322504e+00
-7.605877959670215738e+00
-7.537224639257765979e+00
-6.841718683252540956e+00
-6.793898077116170775e+00
-6.625606169342113105e+00
-6.628723602578133089e+00
-6.562202933028204122e+00
-6.399246659944938465e+00
-6.408375568203966921e+00
-6.244959784145025949e+00
-6.243523374350774091e+00
-6.237338694382727589e+00
-6.244078358719697519e+00
-5.596442037122141500e+00
-5.588574970217675464e+00
-5.594177661684754277e+00
-5.767399240639189628e+00
-5.756410293246243981e+00
-5.552461807272588423e+00
-5.050898615397872327e+00
-4.848471177526407772e+00
-4.853727033763915344e+00
-4.827113339659621971e+00
-4.827715120019046680e+00
-4.860777506728296338e+00
-4.784494532115844301e+00
-4.784744259796954502e+00
-4.783699945894325012e+00
-4.781515335272555234e+00
-4.779442219642002776e+00
-4.779282836948770097e+00
-4.773950170758803679e+00
-4.780217796284265575e+00
-4.785957149324773674e+00
-4.688608411325861702e+00
-4.711119403064476074e+00
-4.711520071860379133e+00
-4.714264278452641399e+00
-4.611088293349257405e+00
-4.405454097044967376e+00
-4.027470527403859357e+00
-3.782266753738254383e+00
-3.692687302413752093e+00
-3.538203627357562553e+00
-3.546319406543112063e+00
-3.531925143908686504e+00
-3.530046489921050856e+00
-3.522568396137447433e+00
-3.536164138486746378e+00
-3.535065759135036068e+00
-3.534949506789178297e+00
-3.376270796742938618e+00
-3.264691855393346831e+00
-3.264352434113870327e+00
-3.264665179013621632e+00
-3.266613649590595081e+00
-3.266818386997601298e+00
-3.263213331530816053e+00
-3.255306165318577083e+00
-3.281288526332252875e+00
-3.286351774534171266e+00
-3.302265053794394056e+00
-3.264502179915511615e+00
-3.267768763146562616e+00
-3.219864848208591201e+00
-3.219871447423615862e+00
-3.253230381818009054e+00
-3.259047755378762012e+00
-3.258835538473332072e+00
-3.355295972006029803e+00
-3.144745881719484437e+00
-2.714980258878248343e+00
-2.714514671780336119e+00
-2.613371940470425869e+00
-2.641818437807407882e+00
-2.607995161982950894e+00
-2.565832816649584736e+00
-2.566492792025254932e+00
-2.451298549123519965e+00
-2.385335120436405720e+00
-2.340272356784131702e+00
-2.338647429598919469e+00
-2.252703526078102758e+00
-2.016075382179689957e+00
-2.044167369457891681e+00
-2.009126446356385376e+00
-1.994791906555431815e+00
-2.059190804495697247e+00
-2.059028373348700480e+00
-2.034114497044129610e+00
-1.907405614897434099e+00
-1.897466480614484530e+00
-1.934921967247891894e+00
-1.933452472904803043e+00
-1.954377697872983877e+00
-1.953658266774088714e+00
-1.755985872590653196e+00
-1.757841631885270761e+00
-1.758198229267273094e+00
-1.758356036647493958e+00
-1.699163246566141705e+00
-1.699037587290974871e+00
-1.700752334210394512e+00
-1.700678748731055956e+00
-1.498789114381609888e+00
-1.501112417781264252e+00
-1.501444616788721653e+00
-1.501472127417882163e+00
-1.501354949889630586e+00
-1.501651698253396949e+00
-1.420769447309172762e+00
-1.421963013671512455e+00
-1.422036268229797340e+00
-1.402133391526029449e+00
-1.402181600074232648e+00
-1.411755083115905141e+00
-1.428497489541672660e+00
-1.359103601765108582e+00
-1.354149604017612640e+00
-1.186275272808015036e+00
-1.186914900111536664e+00
-1.057982488638430141e+00
-1.058079315920487540e+00
-1.062524396825031969e+00
-1.082097160085599530e+00
-1.038905495317409278e+00
-9.093725525186340253e-01
-9.123910681929392474e-01
-9.123714677607929202e-01
-9.123746841532902607e-01
-9.126887978304396576e-01
-9.124931012070220948e-01
-9.020037759361236862e-01
-9.017177575988964966e-01
-9.020485994202726010e-01
-9.005007934801109171e-01
-9.008185580187081376e-01
-9.010331390367091187e-01
-8.274264132762354507e-01
-7.778260610633456196e-01
-7.750646355311811009e-01
-7.598851850077088521e-01
-7.589424737610434013e-01
-7.588619140391328344e-01
-7.437915260006946472e-01
-7.427462280963795793e-01
-7.018858492276912608e-01
-7.025629757585784008e-01
-6.408846195443288485e-01
-6.307843895577127658e-01
-6.307167034855523102e-01
-6.299402893112575619e-01
-4.388320693794701133e-01
-4.008628408741286564e-01
-4.008112221374678374e-01
-1.506977097667054066e-01
-4.663512424647946186e-02
-4.661858936499303080e-02
-4.701348464707855168e-02
7.308196609947781308e-02
7.308964650996656320e-02
7.309125458087517568e-02
7.313289848867751686e-02
7.312553452296126355e-02
7.325976948635143371e-02
2.192572997684022196e-01
2.120241553792811817e-01
1.878781216629998863e-01
1.884920073983420985e-01
2.950597792453666934e-01
2.955358891016095502e-01
3.491665173848748083e-01
3.298935608811867093e-01
3.215712368803723686e-01
3.135254076511184707e-01
3.145267612638034671e-01
3.086470450803500132e-01
3.085729025428454175e-01
3.085513611213930862e-01
3.015811182049138450e-01
3.099031039247906461e-01
3.117519058720508718e-01
3.117708181934954470e-01
3.698693437437796661e-01
3.712961247928985298e-01
3.740428490596499067e-01
3.790999041211203791e-01
3.789663985974753291e-01
3.799730771631640858e-01
5.152774989306742048e-01
5.152486540654831471e-01
5.154035776329776164e-01
5.153380925961102976e-01
5.153483572047146133e-01
5.153803533297396378e-01
5.150226221398955806e-01
5.153362058244087551e-01
4.832962449166016139e-01
4.827570906032498388e-01
4.829858629421368010e-01
5.962248348791572283e-01
6.033862223903432298e-01
6.032624627446019350e-01
5.949145258549985993e-01
8.100367110970356777e-01
8.095777959214391917e-01
1.001515134617398495e+00
1.007632103071327334e+00
1.007662068030976465e+00
1.008038180803672246e+00
1.008401396882283585e+00
1.008620999616694380e+00
9.985483950264590902e-01
9.985211498580229827e-01
9.985642112036460238e-01
9.985666838626610087e-01
9.919246002961144004e-01
1.109406207230435149e+00
1.109186154974446170e+00
1.271778989677509797e+00
1.271826034862249433e+00
1.384922494989849984e+00
1.385577138676213460e+00
1.404812088612692689e+00
1.404746323068267744e+00
1.404737408708058632e+00
1.404655150294262578e+00
1.404655028098501957e+00
1.404816925561231278e+00
1.404839695554061851e+00
1.404777005017814329e+00
1.404859484673146364e+00
1.412792285986739449e+00
1.411256653539613826e+00
1.411296705396399398e+00
1.411296486485016821e+00
1.424943377435408998e+00
1.426015321664342084e+00
1.424147016489272000e+00
1.405498214708611249e+00
1.410929997904112998e+00
1.410903847837375658e+00
1.410868191796950999e+00
1.410676381448301431e+00
1.410695884260116051e+00
1.413827588978298078e+00
1.413945815357009250e+00
1.413536659378741067e+00
1.413450658037819885e+00
1.413338454941153843e+00
1.424703448391793303e+00
1.423834402175344183e+00
1.419786629250175736e+00
1.419736480069582862e+00
1.419780634953667686e+00
1.526022511357747469e+00
1.526020676692152245e+00
1.519979060415912020e+00
1.519910184502458073e+00
1.519887815389168617e+00
1.519768259584765246e+00
1.519353655098468314e+00
1.519642445720237101e+00
1.536635816126560528e+00
1.536644862270159173e+00
1.529434952740037934e+00
1.529422550083869403e+00
1.529403956963251376e+00
1.530955022594981285e+00
1.530591904633212597e+00
1.530829905080676623e+00
1.530913195431161888e+00
1.530894115290574842e+00
1.527067799753451638e+00
1.527777489365634844e+00
1.527800949791880303e+00
1.526876120634278911e+00
1.526789698678375773e+00
1.526683985478917815e+00
1.526704109299897860e+00
1.526649703162637373e+00
1.681226354355804586e+00
1.681248927662862824e+00
1.680551437601621512e+00
1.680561477265021919e+00
1.680614388472131626e+00
1.680476310645693694e+00
1.680497272972594214e+00
1.680708071805897319e+00
1.680674186290045613e+00
1.680661986882226122e+00
1.680582004337375368e+00
1.656997201619507809e+00
1.657119893984759118e+00
1.658060413988181825e+00
1.658082076061172749e+00
1.658105671145224891e+00
1.652957484793849741e+00
1.647402321197932507e+00
1.637585856612633117e+00
1.637545995729828618e+00
1.637565639400994533e+00
1.637589404578422725e+00
1.637634897960856817e+00
1.637638119290284466e+00
1.733807011899881845e+00
1.733875103578763621e+00
1.739386982060773246e+00
1.739449144427101412e+00
1.739494549381639832e+00
1.739587258552969029e+00
1.739565002173725228e+00
1.733148888251452968e+00
1.733009486814151678e+00
1.733161748880948982e+00
1.733326323059164675e+00
1.733303771221779810e+00
1.733404467091305801e+00
1.733422128179155974e+00
1.810496369643580739e+00
1.811226660327802440e+00
1.811224516964979880e+00
1.811247461074972698e+00
1.804357965114731677e+00
1.807100180694945823e+00
1.807153974996227097e+00
1.807998508822033168e+00
1.808015235049190483e+00
1.805247805031037878e+00
1.811197494234679573e+00
1.811159537625319560e+00
1.811478412057312415e+00
1.811380987102055418e+00
1.811377531872256474e+00
1.811384195045117940e+00
1.811392180796306706e+00
1.811309859240454179e+00
1.811261774117791212e+00
1.811297737416018627e+00
1.811248900794475647e+00
1.801917059195953685e+00
1.802234486898986132e+00
1.670044863370398591e+00
1.671354693602544739e+00
1.666400019834578972e+00
1.666400750563804767e+00
1.666468911868652647e+00
1.669671946355551828e+00
1.669813818115776227e+00
1.669975972284109877e+00
1.670138658077103599e+00
1.780724271747957888e+00
1.780737084921368396e+00
1.779270546804671671e+00
1.779383611812986654e+00
1.777917221193619390e+00
1.777776821336223056e+00
1.777867388820049133e+00
1.777870044568994778e+00
1.907710614234626068e+00
1.907688687661718951e+00
1.907662946970686058e+00
1.939140623657798157e+00
1.939109891085787352e+00
1.939173912505209874e+00
1.939739218468439885e+00
2.035826010331558855e+00
2.035837060485242933e+00
2.035795539060512915e+00
2.035494962849332179e+00
2.035626983100167653e+00
2.035696957692567199e+00
2.035641842436354043e+00
2.035655570900078981e+00
2.035065023419948549e+00
2.034978857640266980e+00
2.033884286698337540e+00
1.997574400535454320e+00
1.998893316402028164e+00
1.998685236217829786e+00
1.990861090291284441e+00
1.990407443268620957e+00
1.990335750505170864e+00
1.990337078105994140e+00
1.990447447785580470e+00
1.990311230930791098e+00
1.988842939153150136e+00
1.988626561593033193e+00
1.988631225906758448e+00
1.988636213563740762e+00
1.988712307406982349e+00
2.054727882110216175e+00
2.054724865754030461e+00
2.054824154673240866e+00
2.054856866661196158e+00
2.054702837025220497e+00
2.054677017534437766e+00
2.055255918186416508e+00
2.053370684746462782e+00
2.047766097748522363e+00
2.048696227574684503e+00
2.143160211446803132e+00
2.146775373868443637e+00
2.146804366458245905e+00
2.145219342672243901e+00
2.145260651036580590e+00
2.145161149450820037e+00
2.076124741925653439e+00
2.076222598222019933e+00
2.076283284037400367e+00
2.076277048235505074e+00
2.076305861277518261e+00
2.076232088561651867e+00
2.076257289199928913e+00
2.076249893829807736e+00
2.072192065930574589e+00
2.071953477555644518e+00
2.072061927307192519e+00
2.043999859361457894e+00
2.044022158352853058e+00
2.044011252097459597e+00
2.146598030276503088e+00
2.146635864812303840e+00
2.131096229159200828e+00
2.266215908508486976e+00
2.266211240084705203e+00
2.266165520113477605e+00
2.266377250726740566e+00
2.266271409585164598e+00
2.269879363279192930e+00
2.262273668757797562e+00
2.262269798429568546e+00
2.262251697951362051e+00
2.265041936875949347e+00
2.265043939134666839e+00
2.257492766453228494e+00
2.257444409154431675e+00
2.257437632840029629e+00
2.258973972984715139e+00
2.272163541155435507e+00
2.299161724838132415e+00
2.299176312870366612e+00
2.299203946549825073e+00
2.300274860296430024e+00
2.303231719207841977e+00
2.304665168714146173e+00
2.304630522859544506e+00
2.410867163436853478e+00
2.410872638232646636e+00
2.410876529107658151e+00
2.411311101120196199e+00
2.411035713565930827e+00
2.411024359907057768e+00
2.411054896521385160e+00
2.411135796551918897e+00
2.411454836948541125e+00
2.411429697503426173e+00
2.411014181372769016e+00
2.408733000442158989e+00
2.408626134844327193e+00
2.409456223947336717e+00
2.445215420471118950e+00
2.445204479754329085e+00
2.445172016990923680e+00
2.445574664997067327e+00
2.441652171876679489e+00
2.443044029778784321e+00
2.429976482399880844e+00
2.432051298384201754e+00
2.407161971999037586e+00
2.407253846964467758e+00
2.407115382939433612e+00
2.407464508226111910e+00
2.407976938567680580e+00
2.408957277911518702e+00
2.403318070122507866e+00
2.404520361387348704e+00
2.405306244783489866e+00
2.371610130465478861e+00
2.371662315769154539e+00
2.371063322575343246e+00
2.371193383257635290e+00
2.371471926712480638e+00
2.357137341605891834e+00
2.358124386825545482e+00
2.358039229497964850e+00
2.358030583085366949e+00
2.358102422618573168e+00
2.355865071979451386e+00
2.355853941290406262e+00
2.355842202103616057e+00
2.355786627113139353e+00
2.355782114379427306e+00
2.355809935432507718e+00
2.358404398785266753e+00
2.605197469721523440e+00
2.605220592015596637e+00
2.605241130886523315e+00
2.605250329504350759e+00
2.605257102058801788e+00
2.605217762496334633e+00
2.836798547572815021e+00
2.788411879552374906e+00
2.788371110311854917e+00
2.788361994117636300e+00
2.788357235298073444e+00
2.788311957695860599e+00
2.788272714959210585e+00
2.788070315261174770e+00
2.789415582393568904e+00
2.876736547461658411e+00
3.033201454876628400e+00
3.033273785671860345e+00
3.033452021883059402e+00
3.030479586702067518e+00
2.876617125352561199e+00
2.876603362780899342e+00
2.876423606868232064e+00
2.876453815897551003e+00
2.877045132683770490e+00
2.877115626157069617e+00
2.877107414694000997e+00
2.876768493770447410e+00
2.876746652703143337e+00
2.882984817752875184e+00
2.883007510598440515e+00
2.883007386380005865e+00
2.883003565600043672e+00
2.883006181516257538e+00
2.883190530778629856e+00
3.068982311206992275e+00
3.068608969095964145e+00
3.243689832716189603e+00
3.243702187250264490e+00
3.243702402133525009e+00
3.243702170057100709e+00
3.244114219560435775e+00
3.244105757168159965e+00
3.246108316222085843e+00
3.246117186255877751e+00
3.246122510981842346e+00
3.249528431337422418e+00
3.382908327980875818e+00
3.383573052203088682e+00
3.383543131108002644e+00
3.383543153160231132e+00
3.383533092190655900e+00
3.383626593479736488e+00
3.475950999383733642e+00
3.475957071549694799e+00
3.474353466654800826e+00
3.474324946214977228e+00
3.474358627875385963e+00
3.474359653516573943e+00
3.474365089329709111e+00
3.474416615510996564e+00
3.474405177761511698e+00
3.565626138947772361e+00
3.565599377710534590e+00
3.566276760145958402e+00
3.566631444383597138e+00
3.566636887150754553e+00
3.566530072368890636e+00
3.566478941735043318e+00
3.566453554415876415e+00
3.566834498315343716e+00
3.566848075941472018e+00
3.550844130095810680e+00
3.551045689282897211e+00
3.551052950843439415e+00
3.551007833579201023e+00
3.551025073998230752e+00
3.701382365879700931e+00
3.701378850570701484e+00
3.701028962238754438e+00
3.701034631803101327e+00
3.701017137116278555e+00
3.701080912185974459e+00
3.689681394610763832e+00
3.689725543234885663e+00
3.766298657596278687e+00
3.766327316369786793e+00
3.754356364461127527e+00
3.754350326228879098e+00
3.747778233418189053e+00
3.747786951025478874e+00
3.747656145745328349e+00
3.747656088098477056e+00
3.747622769513987873e+00
3.747623568254781823e+00
3.747620833204938329e+00
3.747610546229358963e+00
3.748382752862089884e+00
3.774566795054962842e+00
3.774568196292621636e+00
3.774579371922967219e+00
3.774361273735383993e+00
3.774440856148579826e+00
3.774442441858038233e+00
3.774440140782218123e+00
3.774449466808646569e+00
3.774438381001802956e+00
3.774479899780242231e+00
3.774476141794242068e+00
3.774469123673099613e+00
3.772135671416627645e+00
3.772987902350311007e+00
3.771002245523515484e+00
3.771041660180019406e+00
3.771045166466254095e+00
3.771042766967815041e+00
3.756237451175791886e+00
3.756317035555057693e+00
3.756316352217234034e+00
3.756288217913170246e+00
3.756425043640456263e+00
3.756420322799700173e+00
3.756408866893528042e+00
3.755622051731501099e+00
3.755602669534076732e+00
3.755487835472345548e+00
3.755453876907282496e+00
3.755230088456310344e+00
3.755198175442532094e+00
3.755116201636364170e+00
3.755555119871120784e+00
3.729947964311814967e+00
3.729938588439659863e+00
3.729925175489180234e+00
3.729772638093182380e+00
3.729611864421915168e+00
3.729607367543033902e+00
3.729612644431577362e+00
3.729630338687747404e+00
3.729604895248048280e+00
3.711324140893184076e+00
3.711290667526844889e+00
3.711334506388002552e+00
3.713267220611806696e+00
3.713269901790576366e+00
3.713252246009787871e+00
3.713243339268219589e+00
3.715168295054832814e+00
3.715150290117581022e+00
3.714804434330806870e+00
3.714800145399531850e+00
3.715039210098251221e+00
3.715002833707836682e+00
3.714978408234088647e+00
3.714963895361223845e+00
3.714945340224606873e+00
3.714955010837773575e+00
3.714925642131150507e+00
3.714927725064771646e+00
3.714934561140029956e+00
3.715005852340057757e+00
3.714907018825200247e+00
3.714911623375988903e+00
3.733074601998647601e+00
3.733536745885730479e+00
3.733535700620452591e+00
3.746836043019053264e+00
3.747445290037226151e+00
3.747457062141870576e+00
3.786858136520605100e+00
3.787396401667666890e+00
3.787370467802417373e+00
3.787474054741234220e+00
3.787440336804607899e+00
3.821033637749545075e+00
3.821072022145911795e+00
3.823211579783996950e+00
3.823293246782050403e+00
3.823181450364299128e+00
3.823254424082583647e+00
3.823241240299459331e+00
3.823222148277866772e+00
3.823330093012099695e+00
3.823877028269218492e+00
3.823861011290022205e+00
3.824213299444110259e+00
3.824393239133246247e+00
3.824469377945500792e+00
3.824500167752669100e+00
3.878905933408774764e+00
3.879508566230565059e+00
3.881673242899168930e+00
3.881675535235368457e+00
3.881671267779596590e+00
3.881569176051183678e+00
3.881578576186622609e+00
3.881519269391470850e+00
3.883537708710548042e+00
3.883658638655105300e+00
3.928972507932147362e+00
3.926521545836596516e+00
3.926568216742602146e+00
3.926564246618991838e+00
3.926553543190737017e+00
3.926533456944977463e+00
3.938995224185784849e+00
3.938996083914475754e+00
3.938611580188512207e+00
3.938650652756650050e+00
3.938448000733443255e+00
3.938440804598011713e+00
3.938422420009100033e+00
3.938472634320123511e+00
3.938416730268459620e+00
3.923730343925500463e+00
3.923681927677521220e+00
3.933449651236708977e+00
3.933405615937529465e+00
3.932586405176399236e+00
3.932608461410119993e+00
3.924939038968493943e+00
4.073116455295318517e+00
4.073074978383132816e+00
4.073069759396430456e+00
4.072473471184792082e+00
4.232747761771573636e+00
4.232718855127638236e+00
4.232762008198640125e+00
4.232778840034254308e+00
4.235205578588587372e+00
4.235194533818240181e+00
4.235188903660158211e+00
4.235308117063953937e+00
4.235253761408308115e+00
4.235290731577688206e+00
4.235287621545083425e+00
4.235291604861377124e+00
4.235284138297982892e+00
4.235299417278583611e+00
4.235229680802790497e+00
4.235235934063212859e+00
4.235074712184578871e+00
4.235344691689815200e+00
4.235329493607828510e+00
4.294415777082376096e+00
4.294407910674736151e+00
4.294270826449133160e+00
4.294270934555829200e+00
4.293521601741136173e+00
4.293548132174067611e+00
4.293563162406226930e+00
4.293567052730976386e+00
4.293531043578211914e+00
4.293533466165138535e+00
4.446696219825359009e+00
4.446677219108455148e+00
4.446678780143681564e+00
4.446765213166819386e+00
4.446749479980192099e+00
4.452271083969181475e+00
4.452262681579808756e+00
4.632094515298131654e+00
4.632091650690176365e+00
4.639574599731690618e+00
4.639634157235277279e+00
4.725817840442030793e+00
4.725915508169999946e+00
4.725638223053773679e+00
4.725632037487345727e+00
4.718379551523862681e+00
4.718382581466245007e+00
4.718392287562400256e+00
4.718366877123648884e+00
4.718395082130096618e+00
4.906029366218641385e+00
4.906078521907837775e+00
4.906415270697412900e+00
4.906409373199670299e+00
4.906406820690706105e+00
4.906427681488474413e+00
4.906466905791913469e+00
4.906460589262361616e+00
4.906349849841626032e+00
4.898724617635271450e+00
4.898689348341639160e+00
4.898625595556463708e+00
4.898622984448858908e+00
4.898588584361447396e+00
4.898595423717824637e+00
4.898581537678120768e+00
4.898556796155194348e+00
4.898559486567610755e+00
4.898558373374716446e+00
4.898551876015221573e+00
4.898503607023032558e+00
4.898473340540444809e+00
4.898483627860602319e+00
4.898597252151910553e+00
4.898567606182307799e+00
4.901192666925623165e+00
4.902701602031465100e+00
4.902846241658489923e+00
4.902853539064918387e+00
4.902729921585158301e+00
4.902732834166864784e+00
4.904906835184466907e+00
4.904940551939149351e+00
4.905075293113177359e+00
4.905094911500481381e+00
4.905111234786401653e+00
4.905165967950302353e+00
4.905162537674507384e+00
4.905153159443509381e+00
4.905136008549543902e+00
4.905014351897325042e+00
4.905082828664946604e+00
4.905053425468598682e+00
4.905076102997154130e+00
4.904069362001932220e+00
4.904066189446488089e+00
4.904074193138401760e+00
5.155342279350874968e+00
5.155323382792309950e+00
5.155453577232219864e+00
5.155401320043465851e+00
5.155253873977055257e+00
5.155256534072747421e+00
5.155246202449816906e+00
5.155244977336874257e+00
5.155249570933815306e+00
5.154387934219403000e+00
5.362173886894941788e+00
5.362176040496955842e+00
5.362171641755898222e+00
5.362169930286054154e+00
5.362169207303543850e+00
5.362531596716503479e+00
5.362548066630077770e+00
5.362552179776209904e+00
5.362555923152811488e+00
5.362568547300009314e+00
5.362563919596675888e+00
5.362561865794809535e+00
5.362560762044254581e+00
5.362540290837769064e+00
5.372177177198172338e+00
5.372317370257945868e+00
5.372273811628391904e+00
5.372053526374637400e+00
5.372063927897318791e+00
5.345617759654206047e+00
5.345631651890403901e+00
5.345627915136148545e+00
5.345232875190123245e+00
5.344933032352614077e+00
5.345211353716760705e+00
5.345646453323340097e+00
5.345673114425316896e+00
5.345633854373764038e+00
5.345605930197642408e+00
5.345531475451394066e+00
5.345525226999763291e+00
5.345510411175425247e+00
5.345515097664324422e+00
5.345516770778496962e+00
5.345463319915817024e+00
5.332621572854196579e+00
5.333062769449501417e+00
5.333071888207324029e+00
5.333075967301180498e+00
5.333440836821958797e+00
5.333445523795763421e+00
5.333444236421522433e+00
5.333438745774273571e+00
5.333506377435922374e+00
5.356050742420098487e+00
5.355594624194539577e+00
5.350685157045408147e+00
5.350659955072255336e+00
5.350868104186393026e+00
5.463710090760352855e+00
5.466534241400474947e+00
5.466534505315046921e+00
5.466510942995860489e+00
5.466507372606734805e+00
5.466507921292847350e+00
5.466500970853787500e+00
5.466498995175178344e+00
5.466488564196669842e+00
5.466490050694241987e+00
5.466486617388591540e+00
5.466482887184993089e+00
5.474542346921039915e+00
5.474522694365393960e+00
5.474565475057777242e+00
5.474558329390928790e+00
5.474614359293788368e+00
5.473653557051334495e+00
5.473752758295688636e+00
5.473763078362164691e+00
5.473745240042746651e+00
5.472672100672048678e+00
5.472789659469755819e+00
5.472787569958841303e+00
5.470150446581138581e+00
5.470151619851018054e+00
5.470154567022906811e+00
5.470154055375819446e+00
5.528504712745958116e+00
5.528507846640488665e+00
5.541323557661074872e+00
5.747965089933559923e+00
5.825444141092938288e+00
5.825927390206502743e+00
5.825928082383331486e+00
5.825915318206615012e+00
5.825915541313896107e+00
5.825918866416539110e+00
5.825928986990618341e+00
5.838504512718929895e+00
5.838464710407158087e+00
5.838489534398318526e+00
5.840671633411803398e+00
5.840674695254959303e+00
5.840689211812460258e+00
5.840690341199454849e+00
5.840691015817423448e+00
5.840690949949880029e+00
5.840688961749539665e+00
5.840694728742425568e+00
5.982543374299921446e+00
5.982539013909503822e+00
5.982552287340483055e+00
5.952465315176630689e+00
5.952471090838997725e+00
5.952478099995312633e+00
5.952557782315134993e+00
6.102226472510585253e+00
6.102220695646475512e+00
6.102221791146710039e+00
6.102200279624297785e+00
6.102580547152096635e+00
6.102584306601235298e+00
6.102588020295205418e+00
6.102586577744421703e+00
6.102618481229264980e+00
6.102617931841622045e+00
6.102635153280134617e+00
6.084759373979155228e+00
6.084755759325847002e+00
6.084760032240842165e+00
6.084761887618155285e+00
6.084741572384013253e+00
6.084737974801930349e+00
6.084740039172750414e+00
6.084762164355447034e+00
6.084765955206504096e+00
6.084748168123240930e+00
6.084750152247799804e+00
6.083495320679203289e+00
6.083499435319877691e+00
6.083500704551171090e+00
6.083173910279828789e+00
6.083152170467905684e+00
6.083152336720436537e+00
6.083152836530569374e+00
6.083152023243507678e+00
6.083152978824303503e+00
6.083152807754825808e+00
6.083152647049654860e+00
6.083237981073682299e+00
6.165680414416368826e+00
6.165725594229879647e+00
6.165725024816395283e+00
6.165729637970160937e+00
