# 2*np.log[MAD(r)] for 100 flights; 1000 steps per flight; run 35 of 50; mu: 1.50; seed: 34
-2.060947481150743243e+01
-1.813290135597437214e+01
-1.602288739876958701e+01
-1.488646753001316370e+01
-1.443417447406551624e+01
-1.396926120468020294e+01
-1.335417117359835437e+01
-1.299921048785586919e+01
-1.233194120992853371e+01
-1.203221817479239242e+01
-1.160987656111437616e+01
-1.131404334874835627e+01
-1.073777896297603185e+01
-1.044474446822763980e+01
-1.041951497239907276e+01
-1.023827669107914140e+01
-1.003095238781336107e+01
-9.785367262553743117e+00
-8.952642473487667729e+00
-8.839772984385826149e+00
-8.721408906140300843e+00
-8.471003517831164231e+00
-8.320599207207122205e+00
-8.135676383381463594e+00
-8.183538042941906454e+00
-8.223755917360465517e+00
-8.017270695997780194e+00
-8.022687654379771161e+00
-7.999360741439864420e+00
-7.847460904027048656e+00
-7.846743840806361447e+00
-7.807586649622884067e+00
-7.714322551000918793e+00
-7.616095306043475510e+00
-7.539038658021500083e+00
-7.551709310175492185e+00
-7.563732696688583168e+00
-7.293116952470149350e+00
-6.872723750623475958e+00
-6.874651242175819021e+00
-6.870200892305271978e+00
-6.902749591271247098e+00
-6.776647023023413041e+00
-6.708234471990047965e+00
-6.426959487563458140e+00
-6.424835879640939496e+00
-6.484252311704147509e+00
-6.505520826168121218e+00
-6.587454915788955034e+00
-6.432843155673042546e+00
-6.431254988946474072e+00
-6.427345533523539878e+00
-6.430482114572553698e+00
-6.323846397080965076e+00
-6.158742981557663754e+00
-5.695567137625871190e+00
-5.276802463049245162e+00
-5.152376202636122393e+00
-5.074509665315372509e+00
-5.084050557142334448e+00
-5.087157786654036506e+00
-5.089790330917190353e+00
-4.993191945895313566e+00
-4.935675840555727056e+00
-4.847838990948964089e+00
-4.852667406841055353e+00
-4.692796405025042361e+00
-4.608063331652378025e+00
-4.607702693063344235e+00
-4.607764054509429386e+00
-4.519936944674947554e+00
-4.519541549918716150e+00
-4.325506295264532675e+00
-4.351737594216126048e+00
-4.351097124337551136e+00
-4.090265274116537064e+00
-4.091056455290541294e+00
-4.108706102842095476e+00
-4.002383115391742407e+00
-3.895837954138306358e+00
-3.895843302919334228e+00
-3.836105123855830801e+00
-3.839639644528411555e+00
-3.851120033663594455e+00
-3.852975025911072660e+00
-3.755754289823295178e+00
-3.645905623034396470e+00
-3.668591380343639852e+00
-3.666617368405579391e+00
-3.676569399473060162e+00
-3.556290310358357409e+00
-3.555930227540536226e+00
-3.477645166734885329e+00
-3.590384966608327399e+00
-3.305555718994635406e+00
-3.326158515231500079e+00
-3.083253184966083804e+00
-2.970200925298275063e+00
-2.969929404409703988e+00
-2.970420752612457083e+00
-2.987973851269967618e+00
-2.995930677360711947e+00
-2.995452000793836778e+00
-2.998817151719675334e+00
-3.019132627492464138e+00
-2.987313136117605961e+00
-2.949657693332681241e+00
-2.953303562019861772e+00
-2.973899336794070702e+00
-2.991442981275617807e+00
-2.981961301113069673e+00
-2.925707483443750423e+00
-2.851406983076579138e+00
-2.787481389131296616e+00
-2.787735601372757888e+00
-2.775013038795622222e+00
-2.772667628005635709e+00
-2.788394530838567142e+00
-2.788988020159198111e+00
-2.774123708401176724e+00
-2.803399671976698482e+00
-2.728971767869941889e+00
-2.490605539499334053e+00
-2.384706301045076415e+00
-2.385155424412536806e+00
-2.385096445346856608e+00
-2.387706008531649715e+00
-2.386260586717716237e+00
-2.412705141750662641e+00
-2.412535836364224195e+00
-2.411105497824879595e+00
-2.410752542334094084e+00
-2.411379492519028833e+00
-2.364411034717832649e+00
-2.365327799544205245e+00
-2.369592770423982753e+00
-2.369790003892062291e+00
-2.333225613355299544e+00
-2.347778261010060596e+00
-2.347609830242909812e+00
-2.370125681171709076e+00
-2.371813103528137567e+00
-2.371441349225599904e+00
-2.370279958764777817e+00
-2.372062789624356238e+00
-2.384652902591704482e+00
-2.383751544788810683e+00
-2.383100138427231229e+00
-2.296594509310165844e+00
-2.296727561612673885e+00
-2.297249884904922101e+00
-2.288942147319895870e+00
-2.292739967375167609e+00
-2.175390759501827365e+00
-2.100087798509214121e+00
-2.116476844880187169e+00
-2.115905198166111667e+00
-2.132113801959202526e+00
-2.135793505872390696e+00
-2.127911767548196664e+00
-2.127644329356642938e+00
-2.127747741380834778e+00
-2.127572531958265678e+00
-2.127409905290575054e+00
-2.075236699909916549e+00
-2.074685594906832797e+00
-2.075162789910569572e+00
-2.083475508931638576e+00
-2.084762174059386908e+00
-2.081823269588189085e+00
-2.081716845793926129e+00
-2.111835964816479727e+00
-2.104689185168109322e+00
-2.101556080683007810e+00
-2.074656160561177742e+00
-2.100125230806713095e+00
-2.114562183863766265e+00
-2.041219972427060547e+00
-2.039830030977912045e+00
-1.473300777470056389e+00
-1.473445242052126014e+00
-1.473462015017637405e+00
-1.479550595446811112e+00
-1.489124550447676443e+00
-1.488852305041555635e+00
-1.496447760985871511e+00
-1.312971281042512928e+00
-1.224722208531180856e+00
-1.216467869826923343e+00
-1.106230810661997133e+00
-1.051583509419287576e+00
-1.051200788849562917e+00
-1.047174769578576470e+00
-1.040947909988926723e+00
-1.050342224561244597e+00
-1.046995256546439768e+00
-9.394674157899947087e-01
-9.515316706735349461e-01
-9.513872598003291214e-01
-9.504789306938115079e-01
-9.503979831298762226e-01
-9.503215285690880254e-01
-9.504165691975626773e-01
-9.476196525407214466e-01
-9.477422654410748715e-01
-9.478637776675487014e-01
-9.481401762295098568e-01
-8.421607970262531273e-01
-8.798148304470331249e-01
-8.797391815780325475e-01
-8.789536453828457052e-01
-8.789256007234154122e-01
-8.795117408581104579e-01
-7.569770583554532584e-01
-7.603411568464074621e-01
-7.603860738554416576e-01
-7.605008341479841949e-01
-7.615366528894388365e-01
-7.616780543702895701e-01
-7.993861413691322193e-01
-7.982353978136790262e-01
-6.280093871492592461e-01
-6.752651895737338261e-01
-5.600847308650331868e-01
-5.527908835137606003e-01
-4.415008145804383277e-01
-4.415900442369177226e-01
-4.416060916961608296e-01
-4.397759611015852887e-01
-2.792771779565897949e-01
-2.792652572471977512e-01
-1.718727222108154817e-01
-1.718952904568872564e-01
-1.717930743040443076e-01
-1.718456901177967677e-01
-1.713681627171808053e-01
-1.714069631663205640e-01
-1.241411534486641655e-01
-1.506372384047479085e-01
-1.514979561335786651e-01
-1.507615690924601071e-01
-1.508481636579566132e-01
-1.452835631316658493e-01
-1.452989061828368067e-01
-1.453973799290048385e-01
-1.453867802562029965e-01
-1.454161009997556042e-01
1.310827692870461525e-02
1.311009500969608464e-02
1.298501642749478116e-02
6.312821320798457647e-02
6.898640377319947836e-02
7.084270618187622770e-02
7.070174621416258631e-02
6.975594296015741325e-02
6.978106189176287721e-02
6.377178438709957264e-02
6.325238957116810501e-02
6.384003454149436707e-02
6.395350653222847681e-02
6.364736709043769536e-02
6.367556636214025123e-02
6.357288530914949332e-02
6.362204501894185016e-02
2.511663994081700380e-01
2.511463898870405220e-01
2.213425601149319466e-01
1.913214509160263144e-01
1.796287768084101066e-01
1.797725752907980978e-01
1.927364016154352322e-01
1.657255011739571793e-01
1.659923743463744827e-01
1.781505152289680483e-01
1.782393235863984626e-01
1.703176162375058811e-01
1.702107787535578898e-01
1.706466579756568680e-01
1.706513733101835961e-01
1.706500052827739367e-01
1.706594793970664103e-01
1.724661922890118881e-01
1.724670143856363025e-01
3.546925870552105065e-01
3.548741608752464805e-01
3.548347609522722879e-01
4.500722067667902726e-01
4.499971992297943091e-01
4.499725045639278442e-01
4.499617740263947563e-01
4.359799762510360721e-01
4.359453757591162382e-01
4.344036366683967643e-01
4.343640154728631297e-01
4.344317464528146822e-01
4.285490098620980404e-01
4.285824252499469411e-01
5.495622790856780071e-01
5.495575321183636675e-01
6.690912213871976766e-01
6.813032381316304065e-01
6.751205249224884186e-01
6.798342240731481967e-01
6.798816056556206133e-01
7.201737123693304765e-01
7.193778409221250891e-01
8.098665059005571987e-01
9.398831189606079439e-01
9.398871038356877428e-01
9.399995295914291837e-01
9.399226481735616368e-01
9.397853319942531813e-01
9.398124522633816147e-01
9.340585340291398531e-01
9.340511230777094331e-01
9.327229892026625002e-01
9.327365415101547264e-01
9.327256100675935802e-01
9.407382337674294881e-01
1.180116769685084943e+00
1.179894715135502148e+00
1.179903129012375596e+00
1.179783192253453628e+00
1.179717517217052203e+00
1.179534404088384836e+00
1.383592245694863720e+00
1.383568228981625126e+00
1.383549713048611407e+00
1.383034529733765172e+00
1.374294622479542483e+00
1.374784580720214144e+00
1.375357621944450992e+00
1.375303625738192093e+00
1.375956662968792044e+00
1.376574291425602725e+00
1.385162112957094571e+00
1.385146106737629834e+00
1.385142875230765069e+00
1.384487426776845220e+00
1.384456537986589630e+00
1.384417755484557810e+00
1.452585404891480803e+00
1.468230327304179017e+00
1.636989772680854216e+00
1.821974115620593082e+00
1.821967727757163980e+00
1.818350809360990583e+00
1.817489264994713416e+00
1.817248725918248153e+00
1.817195100306365330e+00
1.816421268990842108e+00
1.816414849165258305e+00
1.783682749527706557e+00
1.783684214025552439e+00
1.783695531806437806e+00
1.783629199495446738e+00
1.781987618071192880e+00
1.802245471698359358e+00
1.801747419216337853e+00
1.801758830011963353e+00
1.801804816339060755e+00
1.855504035478053204e+00
1.855021445934070146e+00
1.854018136966952390e+00
1.854285737675091861e+00
1.852571952445956072e+00
1.845029796396249866e+00
1.844981814977404877e+00
1.844830977835735908e+00
1.855520919545764258e+00
1.855841904013773913e+00
1.856002455732475465e+00
1.856880526519021801e+00
1.853026834470323125e+00
1.852977193354911289e+00
1.852958956986552330e+00
1.883079384826373381e+00
1.883231844567885283e+00
1.880583688735888659e+00
1.904055009002160403e+00
1.902415515087267694e+00
1.896694376593328180e+00
1.896759391131109806e+00
1.894147538208591719e+00
1.894163110015525620e+00
1.894124661137538856e+00
1.894002060274086352e+00
1.890088419223542981e+00
1.914379250400680910e+00
1.913865764924353119e+00
1.913797168071159627e+00
1.969939397531772274e+00
1.969947096308145351e+00
1.969775443545438209e+00
1.951613129791257339e+00
1.953017241171564278e+00
1.953014431385903915e+00
2.176718398304753332e+00
2.176798003133549653e+00
2.177192495674855621e+00
2.170400036474181338e+00
2.170403044881640930e+00
2.190706301241704068e+00
2.190362903278775697e+00
2.187970770406682419e+00
2.188050974601053245e+00
2.187669970333716574e+00
2.187341373880724582e+00
2.187310750250976543e+00
2.189652193690352355e+00
2.189669751534862208e+00
2.189669038468213369e+00
2.189472924605362802e+00
2.189490922933549300e+00
2.189445514644195345e+00
2.186441291984599467e+00
2.186472859867943708e+00
2.170002457985796163e+00
2.170032085053454463e+00
2.170349541517005321e+00
2.173213087649301212e+00
2.173254861385579328e+00
2.173213916153981629e+00
2.175993004982085033e+00
2.177369906744822448e+00
2.177368471208830147e+00
2.359886601028974518e+00
2.359910913559563728e+00
2.360096509134496756e+00
2.360101054237300211e+00
2.414389389672530584e+00
2.414814870833701832e+00
2.305143532925081118e+00
2.304954640089226459e+00
2.304982058843565884e+00
2.304947339974299236e+00
2.304963584954896838e+00
2.305045090192916923e+00
2.305142875860293650e+00
2.305794576490779235e+00
2.305795357129379664e+00
2.268110208403285810e+00
2.294874813403971814e+00
2.294938169300069664e+00
2.295130560805260789e+00
2.270504723435188943e+00
2.270528663208230213e+00
2.264729157783590185e+00
2.263829864491629706e+00
2.264304085478081152e+00
2.263712732561478091e+00
2.263756397356778471e+00
2.220995279997340699e+00
2.220701048603528349e+00
2.220697168830011670e+00
2.220721165091149363e+00
2.220701424850799466e+00
2.220626445167996899e+00
2.483524876790553115e+00
2.483454478399827359e+00
2.482587615134313808e+00
2.488274623773996996e+00
2.488241789501508983e+00
2.488309914572850889e+00
2.488204904655862304e+00
2.484654126515979389e+00
2.484650722239774012e+00
2.484588030141616777e+00
2.553932629731137993e+00
2.553312041840818392e+00
2.573881268466923888e+00
2.574850094393685396e+00
2.553688131251868665e+00
2.553841296599596689e+00
2.561055061276696687e+00
2.561006644647564556e+00
2.574350914889827813e+00
2.823021608331556020e+00
2.823085008597182810e+00
2.609053504272822899e+00
2.609078385512284548e+00
2.609090150488218462e+00
2.613494456965232526e+00
2.641004867928894217e+00
2.640665085687471603e+00
2.640665157275909003e+00
2.625672926111953576e+00
2.625612908353494479e+00
2.625607755224208528e+00
2.625645986998243586e+00
2.625659145689068996e+00
2.626923980344920917e+00
2.627010712674044068e+00
2.647576641039737222e+00
2.647627502932027088e+00
2.646826481619963811e+00
2.646834164601940653e+00
2.635157440421474817e+00
2.635142577703221356e+00
2.635161918772691347e+00
2.916642671834047018e+00
2.931645856750855650e+00
2.931570043677140358e+00
2.931245269471659309e+00
2.931318156813367271e+00
2.931292842592099213e+00
2.931287933280151137e+00
2.916909228531590514e+00
2.916758429833468114e+00
2.914944532530287624e+00
2.915288670824774719e+00
2.915939232712477569e+00
2.915941050105745891e+00
2.916026394550461198e+00
2.916205367607024090e+00
2.916330058242028844e+00
2.918076171660265228e+00
2.919061932296520112e+00
2.919062291315296154e+00
2.623891222803993450e+00
2.623904478505614701e+00
2.624211158137921718e+00
2.624185691424677724e+00
2.623418971069495065e+00
2.963038419834834958e+00
2.963123256835551445e+00
2.963138931106991780e+00
2.963131824335613285e+00
2.944867556898647099e+00
2.923258478026230289e+00
2.923851370857363019e+00
2.923937007104360220e+00
2.923221127050563695e+00
2.921034651808188443e+00
2.920886820257433403e+00
2.920870645587590353e+00
2.920918516830106171e+00
2.920894791735795692e+00
2.920890291311377673e+00
2.920652733357828712e+00
2.919544056488920791e+00
2.919559799898515884e+00
2.919585886260678720e+00
2.919966937936911755e+00
2.919987834944376637e+00
2.919911991688445951e+00
2.918016344951042118e+00
2.918016380672189491e+00
2.917674451431443661e+00
2.913985603915195011e+00
2.913974813277004028e+00
2.845704135830773307e+00
2.845721642913305427e+00
2.845689753879096617e+00
2.845710694099990334e+00
2.911437782786461703e+00
3.089931120257525254e+00
3.089945466945979824e+00
3.094021422468030469e+00
3.093968048684218264e+00
3.093940880547238148e+00
3.306095516624298458e+00
3.306119183945107842e+00
3.271285559177503188e+00
3.221009805467694775e+00
3.221009145272088592e+00
3.221044660054151354e+00
3.221049374950829325e+00
3.221027977246074148e+00
3.235306854220227457e+00
3.235246585128188634e+00
3.235242291182633956e+00
3.235205104796027520e+00
3.219445114207172054e+00
3.614400855522708067e+00
3.614396721858221806e+00
3.614396814436962035e+00
3.614385998193014427e+00
3.614395847560633701e+00
3.614350048653475422e+00
3.614361765985010244e+00
3.614296160778577516e+00
3.614296014336261464e+00
3.848171204267261558e+00
3.847665751061704498e+00
3.828529054569781209e+00
3.828544742633066544e+00
3.828540514710781384e+00
3.863893174706377387e+00
3.863901506263104135e+00
3.864931050735868290e+00
3.865331236913599700e+00
3.865351400470366183e+00
3.865313425137843151e+00
3.865327397040092539e+00
3.864725438638035193e+00
3.948118137783073855e+00
3.948133061569947699e+00
3.948077004437226201e+00
3.948079942999185299e+00
3.952106719216121444e+00
3.952131924059283818e+00
3.952130023536321701e+00
4.033562440805203764e+00
4.033554377341872943e+00
4.033534301359527063e+00
4.033527094392681533e+00
4.033651966501486719e+00
4.033419195883404029e+00
4.116686665785237231e+00
4.116690173923837293e+00
4.116690249009026914e+00
4.083814849315248630e+00
4.083807233129892467e+00
4.083829266403004254e+00
4.084812500951297665e+00
4.084747031484205593e+00
3.999432062595651871e+00
4.149169188798891739e+00
4.149146979476912911e+00
4.149138965485125397e+00
4.149312316688840596e+00
4.149312248750173460e+00
4.149351200214632662e+00
4.149362963398947279e+00
4.148737788947985727e+00
4.149249635803856862e+00
4.149172835902280809e+00
4.149178549395862170e+00
4.149171717139131133e+00
4.149164955225244533e+00
4.151898161680819932e+00
4.130430930755482954e+00
4.130431323685231249e+00
4.130436956529528025e+00
4.130108611623580117e+00
4.130109190435587330e+00
4.153099156055374941e+00
4.153058973239015295e+00
4.153053989945990843e+00
4.152944628029273666e+00
4.152965369784424432e+00
4.152861055937765222e+00
4.152855172030188946e+00
4.152859635646982461e+00
4.152866613811357688e+00
4.150549333268195973e+00
4.138372492542973902e+00
4.138896966815431178e+00
4.146768127077182342e+00
4.146762289024108483e+00
4.146934592894943705e+00
4.147326874781071204e+00
4.147841038875211161e+00
4.126220237763219778e+00
3.974242140943773816e+00
3.974238356052268273e+00
3.971529548088760020e+00
3.971534316831113909e+00
3.972112115098899388e+00
3.972111902415958351e+00
3.972112625445911149e+00
3.972082577541285353e+00
3.972082051822961368e+00
3.972082312772715618e+00
3.972074712105256644e+00
3.972108583293462392e+00
3.972108885340849938e+00
3.972105076352840491e+00
3.959282922730944509e+00
3.959284443675639142e+00
3.959253935064405372e+00
3.959269645393022952e+00
4.096095605282790153e+00
4.094472072691293540e+00
4.094425683905664748e+00
4.094415436294332800e+00
4.094526676359130590e+00
4.094244843010985235e+00
4.094266183620912436e+00
4.094266625672479343e+00
4.094271385538566399e+00
4.129688056660354434e+00
4.129692212839753296e+00
4.129710163354658015e+00
4.145277669439562551e+00
4.145263349293597521e+00
4.255733209647811321e+00
4.242796392050011356e+00
4.242799220487500911e+00
4.242811259706849469e+00
4.242813667629526719e+00
4.242801018561750404e+00
4.242802607890423516e+00
4.242804822549655519e+00
4.334137891721278280e+00
4.334142282770002907e+00
4.328111502096454011e+00
4.328217006005276701e+00
4.328221306983233596e+00
4.328301104827081858e+00
4.329083636367194288e+00
4.329093229655604169e+00
4.329010827259080152e+00
4.329013258814423004e+00
4.328992968979402001e+00
4.329020571932813866e+00
4.328851739152278277e+00
4.326210914125510065e+00
4.327542227865312618e+00
4.330435051081367170e+00
4.330525448671771471e+00
4.330519184005642508e+00
4.328633311631907787e+00
4.328638309871386092e+00
4.405227784433267679e+00
4.404659764435199243e+00
4.404465216715495401e+00
4.404467457248880891e+00
4.401901990949182775e+00
4.401905492518316976e+00
4.406595696343070578e+00
4.406630033776878008e+00
4.406627885463583638e+00
4.408076990720790178e+00
4.408137215461850111e+00
4.408132698145768913e+00
4.408203491611409675e+00
4.408201113056247067e+00
4.408223971443672617e+00
4.408226206788280699e+00
4.427966605943548295e+00
4.428377741099166265e+00
4.521253752071805465e+00
4.521246477295711941e+00
4.521248565728197555e+00
4.579370158546363534e+00
4.579204693100675350e+00
4.722667375515822386e+00
4.722679290954744147e+00
4.722683957890575712e+00
4.722923724821930236e+00
4.722853182830080598e+00
4.722857587438475946e+00
4.722867178991002390e+00
4.722835107003314548e+00
4.722830192080601286e+00
4.722798974305393749e+00
4.722788612690304255e+00
4.722787874594616575e+00
4.722787590327127027e+00
4.722744069315556459e+00
4.717280911177799574e+00
4.717297676895519487e+00
4.717246381914455000e+00
4.750421681652306383e+00
4.750436566454590448e+00
4.750425786926830263e+00
4.751657243204542524e+00
4.751730693870093170e+00
4.751712194820871815e+00
4.751750435133977213e+00
4.751797610851919096e+00
4.751794632076629554e+00
4.752485595368659332e+00
4.752801354024176916e+00
4.752802770848784775e+00
4.754102969786920596e+00
4.754109821271610414e+00
4.754058106255878435e+00
4.742069801541947349e+00
4.742163224340152361e+00
4.742162919560553469e+00
4.741958720391777682e+00
4.740716665601524049e+00
4.740766378398669545e+00
4.740376680328722614e+00
4.740482009771784355e+00
4.740511048192192156e+00
4.740558230169888532e+00
4.740552112907393756e+00
4.741550230918789133e+00
4.742744782269388004e+00
4.742986641024805827e+00
4.742996127366621906e+00
4.742991838960749718e+00
4.742965049594532800e+00
4.742948639259867427e+00
4.742893887088968086e+00
4.789242806129175634e+00
4.789245071753395422e+00
4.789251590562408900e+00
4.859018153899310910e+00
4.858989557019444128e+00
4.858990252029103729e+00
4.859010167376410116e+00
4.859005866084222802e+00
4.859008644967262036e+00
4.859005706647476330e+00
4.859003496157850321e+00
4.845205330733502791e+00
4.845186291435620518e+00
4.830609545016794293e+00
4.830588795624962906e+00
4.830728862979537297e+00
4.830737962708877120e+00
4.830726325979215474e+00
4.830740303018806081e+00
4.830742605223734110e+00
4.830738435364144934e+00
4.830786452071783366e+00
4.830744273828410762e+00
4.830847117042881500e+00
4.830832475690305827e+00
4.830825587387708175e+00
4.833611474717312007e+00
4.833612914770945679e+00
4.833571459486072364e+00
4.833551551180326200e+00
4.833562849310593990e+00
4.833492679218119648e+00
4.978510187348693883e+00
4.978502061627695596e+00
4.978493268805945782e+00
4.977154082315074390e+00
4.977151618857032389e+00
4.975856780473848495e+00
4.975859695978678054e+00
4.975853778267855354e+00
4.975870191018737287e+00
4.969606089238806312e+00
4.969711061659967122e+00
4.969715506455246512e+00
4.970295211718070760e+00
4.970243598370101878e+00
4.881599227559254572e+00
4.881591343688183038e+00
4.881586229055939974e+00
4.881578146211949409e+00
4.881586933327312749e+00
4.881694372381216951e+00
4.881408849291705820e+00
4.881403914476504013e+00
4.881370408512943904e+00
4.881370931108089728e+00
4.881377205679794606e+00
4.886035127029544789e+00
4.886186949322555151e+00
4.887132216562161346e+00
4.887137111174671311e+00
4.886964917646594131e+00
4.886831817190923744e+00
4.886834813706760983e+00
4.887121101077429586e+00
4.887119586129465176e+00
4.887445976265667902e+00
4.887538199579785747e+00
4.887339117525765886e+00
4.887352720160250463e+00
4.887351810320667234e+00
4.887344750178066022e+00
4.887314000950633286e+00
4.887311428704638416e+00
4.887257910198836264e+00
5.040156638341580120e+00
5.039990209839331214e+00
5.008493912145878468e+00
5.008489721020819019e+00
5.003697201575637798e+00
5.145150558115523687e+00
4.990732147007324926e+00
4.974562065498193242e+00
5.095129505167114381e+00
4.987616892314734152e+00
4.987625950312379430e+00
4.987625690286061619e+00
4.987624563418243895e+00
4.987577458798716279e+00
4.987550420384824434e+00
4.987549853424463109e+00
5.180835227876429805e+00
5.180830867926006889e+00
5.180814800095601136e+00
5.180809071047394632e+00
5.180632060493101321e+00
5.180645675338729994e+00
5.180688673358484486e+00
5.301778575129715954e+00
5.277055230411734854e+00
5.277047537836433655e+00
5.277148987232369137e+00
5.276949739871680478e+00
5.276954220512389604e+00
5.276945940776875510e+00
5.276955734400863740e+00
5.276922339572998055e+00
5.276931129681289967e+00
5.327616448866224097e+00
5.327609934217988119e+00
5.327609980912420440e+00
5.356412064033808207e+00
5.356413918630315685e+00
5.356428750123527927e+00
5.361027924404938361e+00
5.361027393646868866e+00
5.359705340072295598e+00
5.359693785587195336e+00
5.359695495448297820e+00
5.359699654620144749e+00
5.359755834069581226e+00
5.359540569402233778e+00
5.359414832275613882e+00
5.359403205854645691e+00
5.359407628192613515e+00
5.359411918317868562e+00
5.359419160206584820e+00
5.358699255258181360e+00
5.358685245273616005e+00
5.359050021290196142e+00
5.405511098848617912e+00
5.405583221407933792e+00
5.404966836114378559e+00
5.404969291211537019e+00
5.404967820398712597e+00
5.404995385708838640e+00
5.405018854149695073e+00
5.404982257017691083e+00
5.405013371937888778e+00
5.405024741513082098e+00
5.404966155517517912e+00
5.404963979107519023e+00
5.405041103553527293e+00
5.405114904223345285e+00
5.405119594148756867e+00
5.405131264678880498e+00
5.405626148384215846e+00
5.405626105966825357e+00
5.405497238516679737e+00
5.410846347995344807e+00
5.410848212292473036e+00
5.410845129194672865e+00
5.406142019434199142e+00
5.406149177280622276e+00
5.427179604079773512e+00
5.427143551249545617e+00
5.427147740880006843e+00
5.487804775043552574e+00
5.487801747576644296e+00
5.487800396125734892e+00
5.487823326900152843e+00
5.487873200835191589e+00
5.487875261126473170e+00
5.488937821331245637e+00
5.489034770404137120e+00
5.489046464000843173e+00
5.489052195299455761e+00
5.488927276618209561e+00
5.488929570298675564e+00
5.488929733802236477e+00
5.488935529042811012e+00
5.488946438881922241e+00
5.488955061965228310e+00
5.488963060522554116e+00
5.488942521154454468e+00
5.488949771001616185e+00
5.488951843841879175e+00
5.488846441046969282e+00
5.488855887619984664e+00
5.454778995722747936e+00
5.454823110641773276e+00
5.538348978035070758e+00
5.582857144403497784e+00
5.720133441908340721e+00
5.759875522355285327e+00
5.759877740757542774e+00
5.759919441687513242e+00
5.844057484985465400e+00
5.844061416833908673e+00
5.844063887406636404e+00
5.844077725120916611e+00
5.844062838840506480e+00
5.844061678623494238e+00
5.844071802135303528e+00
5.844105362837366258e+00
5.844107972988451749e+00
5.844314081582333564e+00
5.844312658902024893e+00
5.844318224366960912e+00
5.844360228625204989e+00
6.014621840242915241e+00
6.014622523066924131e+00
6.014629777806355548e+00
6.014639566434514251e+00
6.014639328242751937e+00
6.014637462085049791e+00
6.014627677120122584e+00
6.014626302968131277e+00
6.016304200189922291e+00
6.016306001185735219e+00
6.263881150846540180e+00
