# 2*np.log[MAD(r)] for 100 flights; 1000 steps per flight; run 29 of 50; mu: 1.50; seed: 28
-2.146994240785627284e+01
-1.887895886144747237e+01
-1.729768891643750095e+01
-1.586220434206993701e+01
-1.509392801759292091e+01
-1.441135199687093049e+01
-1.354685091507162653e+01
-1.326358503698733671e+01
-1.296782688450665155e+01
-1.220633942642164804e+01
-1.099058276256124067e+01
-1.056661123154646553e+01
-1.005710244020087352e+01
-9.704805748554159450e+00
-9.373932733564702247e+00
-9.090983655026596111e+00
-8.787054290121750100e+00
-8.792696556135119579e+00
-8.431041377848341511e+00
-8.405970116250676583e+00
-8.290411778146417277e+00
-7.994248678799969809e+00
-7.882345202972007137e+00
-7.919460317802484717e+00
-7.886494397667285661e+00
-7.783116082067714103e+00
-7.704790784680461080e+00
-7.343001691654425400e+00
-7.380595929003004763e+00
-7.173901687719943965e+00
-7.003030561355130246e+00
-7.079164243979722215e+00
-7.014309249050625361e+00
-6.867562073009580104e+00
-6.795593064453726129e+00
-6.795716029251516410e+00
-6.880176154686485468e+00
-6.624926413920847246e+00
-6.337994340727335363e+00
-6.117209625639296711e+00
-6.037215908805140252e+00
-5.683525112886511188e+00
-5.682527034996492254e+00
-5.572377434912739069e+00
-5.577541640699684500e+00
-5.334234617711796744e+00
-5.040330097642849339e+00
-5.040735656298556577e+00
-4.944542863572013225e+00
-4.960315897856482081e+00
-4.961161825843093176e+00
-4.992372271801307271e+00
-4.896286910160578820e+00
-4.902843650704073575e+00
-4.902837932848786551e+00
-4.907871393821866768e+00
-4.909564832748810836e+00
-4.702267367549692878e+00
-4.713969662490011814e+00
-4.503349577008175508e+00
-4.470979012499629590e+00
-4.316441604045762936e+00
-4.337300442756079732e+00
-4.210939897925168651e+00
-4.193777099695206623e+00
-3.962250867648617891e+00
-3.962002319269456230e+00
-3.808939477076645375e+00
-3.792184417334264257e+00
-3.787882744285046233e+00
-3.787779889210721951e+00
-3.791563931328485459e+00
-3.895803462470461387e+00
-3.715045253493982180e+00
-3.594651994869991540e+00
-3.621636358499217501e+00
-3.640339821070942783e+00
-3.640379409705583491e+00
-3.529977530939365504e+00
-3.530347613114351635e+00
-3.530961813062638566e+00
-3.393859716085497524e+00
-3.309652016907357996e+00
-3.300205088716685164e+00
-3.236351414134631455e+00
-3.233356157391336971e+00
-3.325565698051962560e+00
-3.326864599290171309e+00
-3.181870388467002098e+00
-3.177322961518915356e+00
-3.177225002406950161e+00
-3.040196993167812334e+00
-3.040827373127435784e+00
-3.040902145383399535e+00
-3.043509701529042211e+00
-3.043856732479317095e+00
-3.044746406776061232e+00
-3.046061166447682655e+00
-2.704457934763787375e+00
-2.711400596776262883e+00
-2.711232724133490812e+00
-2.714514998232930854e+00
-2.720040757212478066e+00
-2.719883459825852334e+00
-2.717370869404369227e+00
-2.478332508899447895e+00
-2.476830961923775387e+00
-2.477208800645011255e+00
-2.477244561568424874e+00
-2.477186332143310299e+00
-2.475479651615387855e+00
-2.396437484645655314e+00
-2.396590896228010248e+00
-2.391088030080326998e+00
-2.301140663429150024e+00
-2.300241916814839360e+00
-2.300035318718106847e+00
-2.300220421545808414e+00
-2.330206105037083475e+00
-2.362222390482864309e+00
-2.346856655235374678e+00
-2.272397252424389169e+00
-2.272425687765975422e+00
-2.281671203109678192e+00
-2.281644434584718883e+00
-2.281758129443642868e+00
-2.302248461598821017e+00
-2.301402440357064538e+00
-2.270970740612689553e+00
-2.272161068477072554e+00
-2.283535380746171572e+00
-2.245611314563086047e+00
-2.244340633366423532e+00
-2.177624435916411638e+00
-2.180481292097379953e+00
-2.180449726876518834e+00
-2.175720111254654476e+00
-2.176773730024270659e+00
-2.172136502832457072e+00
-2.034134526172847846e+00
-2.034142838570130785e+00
-2.034183511285816426e+00
-2.033875797989321832e+00
-2.034920500752041228e+00
-2.039399435680526729e+00
-1.763610959517519561e+00
-1.764294977406758225e+00
-1.663550214784796033e+00
-1.662532523049157884e+00
-1.365622884330477183e+00
-1.365085402688690053e+00
-1.094205921427751749e+00
-1.094325238557107838e+00
-1.093778370921248966e+00
-1.093415217766240843e+00
-8.430186774775009217e-01
-8.432277939816070766e-01
-8.432290831977421464e-01
-7.900772015431861695e-01
-7.897966341028102022e-01
-7.898987970696422778e-01
-8.707153604720401230e-01
-6.329234572869897324e-01
-6.330872174394767127e-01
-5.619245035102727881e-01
-4.563207630263055870e-01
-4.559665915381666546e-01
-4.837776773437429956e-01
-4.837075533888472445e-01
-4.837888702925620676e-01
-4.810902711230831685e-01
-4.813558212855165719e-01
-4.938136992617317422e-01
-4.937495662780335137e-01
-2.984647465712970127e-01
-3.223815955157616764e-01
-1.192173403786477293e-01
-1.190984371089265359e-01
-1.190877273379707113e-01
-1.191006944865939804e-01
-1.107746418947153921e-01
-3.172739872413285478e-01
-2.969922044064762789e-01
-2.972483649136091199e-01
-2.943200852389341593e-01
-2.993115056161143595e-01
-2.994826728161717466e-01
-2.960886988194847413e-01
-2.960776701288629909e-01
-2.993235935035059581e-01
-2.993272816288255478e-01
-3.270338209589927492e-01
-3.206230001987205314e-01
-3.302268101501666386e-01
-3.301399922007948184e-01
-3.302449084783983246e-01
-3.331685836237668341e-01
-3.334308918473801731e-01
-3.334668794431568939e-01
-3.273501365355416803e-01
-1.749754072093933355e-01
-2.012788103612314361e-01
-2.014902207418891589e-01
-2.013280934123509169e-01
-1.987935761402628287e-01
-1.955534619272720764e-01
-1.955841725774076501e-01
-1.963548392320783875e-01
-2.042988592312739993e-01
-2.042311801495112766e-01
-1.366203130618357242e-01
2.762325652796779676e-02
2.783419325709005770e-02
2.788435690075984422e-02
3.115492179705262044e-02
3.108080287404318964e-02
3.103173036932652118e-02
3.115104220855241871e-02
3.036648193651302757e-02
1.475742700758194692e-01
1.462475809203129806e-01
1.228479430984894955e-01
1.217220499716813731e-01
1.342458824322632638e-01
1.574936537266783398e-01
1.535194227685054702e-01
1.535997727293687831e-01
1.536336087898375335e-01
1.532070862922352839e-01
1.531456312090360983e-01
3.178953136686716308e-01
3.314748456859993864e-01
3.311736812140355091e-01
3.311359986952488454e-01
3.308987824735263872e-01
3.309217716538579990e-01
4.716734056669152353e-01
4.716792824594878142e-01
4.716951434042214175e-01
4.717559234064058193e-01
4.716640382273207255e-01
5.970899334223351840e-01
5.670042523076423979e-01
5.669735845379075823e-01
5.767640986533595360e-01
5.766733229860034893e-01
5.764946710218662451e-01
5.763190224443822673e-01
5.745695404967413600e-01
5.646326465015922835e-01
8.182499912247076512e-01
8.182147739403591302e-01
7.366067758495886686e-01
7.378671490182908688e-01
8.766781258040019509e-01
8.767334828558293047e-01
8.922020166607413927e-01
8.922935033776554503e-01
8.923238967931568233e-01
8.924669752462404126e-01
9.757402680456226385e-01
9.760008333809878645e-01
9.765597650782005257e-01
9.765266854537111296e-01
9.764928535378443186e-01
9.986246755052206048e-01
9.970529698042427391e-01
1.007941736263200383e+00
1.065618308048648766e+00
1.140711909121015166e+00
1.140741421748564077e+00
1.140702750875336458e+00
1.140435177883486917e+00
1.140438787637802154e+00
1.140439998544964029e+00
1.148739519372068640e+00
1.148763004412070465e+00
1.148800983918633278e+00
1.148789095281943728e+00
1.148774588470399483e+00
1.147904587688565403e+00
1.326486198976040365e+00
1.326527898804844341e+00
1.326529248786822102e+00
1.329159747677315151e+00
1.329193343778420688e+00
1.329406966901246490e+00
1.330473443073727502e+00
1.330452053714217264e+00
1.330482888893002924e+00
1.429081340076316042e+00
1.426877951095919750e+00
1.424845784879082755e+00
1.429590038419178866e+00
1.437083992616318362e+00
1.436381249725074527e+00
1.436181667186489319e+00
1.436052929173894155e+00
1.434615986735435555e+00
1.432550100325794995e+00
1.431578598423623561e+00
1.431580000150665555e+00
1.432932723193180324e+00
1.432871236060830888e+00
1.496705167230212741e+00
1.496706976422994551e+00
1.539862373895414915e+00
1.539869033114004804e+00
1.546638736075424569e+00
1.545833772692721375e+00
1.545794285092721987e+00
1.545596717658928032e+00
1.547963867227904355e+00
1.679766170544697790e+00
1.679759783880882651e+00
1.679746745700060773e+00
1.667697111774810947e+00
1.824680853124752922e+00
1.824612972651267651e+00
1.892111860813116220e+00
1.892138568561006151e+00
1.892136747061141877e+00
1.892110330958034936e+00
1.881834681007439336e+00
1.878422232094969502e+00
1.878738523144404260e+00
1.957717650780098628e+00
1.957708525422666712e+00
1.946972640679092148e+00
1.933924346544843687e+00
1.917210608093118163e+00
1.927704831899607507e+00
1.927684783837102067e+00
1.927172463356268572e+00
1.926881877040516500e+00
1.926825535305020765e+00
1.921027928459662748e+00
1.921282370492635838e+00
1.845187117038487923e+00
1.845227506689851804e+00
1.845220807588110246e+00
1.845221437870252057e+00
1.845248213058215958e+00
1.844501238388250863e+00
1.845225784418797144e+00
1.845223292514318825e+00
1.845237301007166542e+00
1.895229324291871409e+00
1.894851514116964175e+00
1.905616785829371773e+00
1.905470246955935476e+00
1.905367021609531308e+00
1.905347106074105845e+00
1.905897358666216679e+00
1.905233542104691313e+00
1.905651216575445561e+00
1.907158342608828772e+00
1.907143993446791974e+00
1.907994400138605107e+00
1.901618805685268310e+00
1.898611163586554795e+00
1.905419216337749688e+00
1.905258453096823734e+00
1.905234749939075822e+00
1.905291685923190315e+00
1.905277951226840960e+00
1.905320569237437311e+00
1.905409413983685241e+00
1.905489462296504399e+00
1.905131558347621823e+00
1.953664321126073578e+00
1.938993855843527125e+00
1.938927286308834930e+00
1.939006916538642544e+00
1.939261696935387969e+00
1.955312658469740228e+00
1.955055026335963397e+00
1.929940082867443563e+00
1.930088461484524620e+00
1.930071399994614190e+00
1.936384207311729222e+00
1.936463339212454837e+00
1.913182177153001762e+00
1.913175577240838754e+00
1.888963709960391979e+00
1.888957765091634045e+00
1.888944191972639075e+00
1.889175644198787696e+00
1.912614958942106425e+00
1.912637878396743485e+00
1.912607423979506338e+00
2.248682143956590274e+00
2.248563834524795357e+00
2.249183495808789068e+00
2.249197216661096732e+00
2.249055175579675048e+00
2.381502089573879211e+00
2.309438802362437482e+00
2.309453257015389838e+00
2.309470406699079437e+00
2.309437706039395799e+00
2.303665700709777386e+00
2.304260576834936014e+00
2.304268869726055158e+00
2.304262883270815632e+00
2.376184080482085736e+00
2.386430715259507007e+00
2.386990527879742086e+00
2.387003729374667316e+00
2.366811234883057224e+00
2.366127235320447664e+00
2.366118162186503504e+00
2.359280765866372587e+00
2.359286905095022480e+00
2.359283575042327108e+00
2.359286403444905478e+00
2.359291063953797618e+00
2.359322212515360562e+00
2.359321534879137872e+00
2.359313035373191259e+00
2.359308147042142423e+00
2.329476824754963094e+00
2.329705793404227787e+00
2.329730445255504989e+00
2.329834350491846173e+00
2.329819786188105812e+00
2.329826921211086255e+00
2.329811114683092210e+00
2.330038853255071540e+00
2.330056225175272111e+00
2.358265501508042039e+00
2.358260265357343233e+00
2.357929606842975812e+00
2.358541170211780003e+00
2.358892379843542830e+00
2.358968562903673405e+00
2.376802258199912199e+00
2.376725862281065194e+00
2.376732672001959035e+00
2.376741285359591949e+00
2.376802640485785378e+00
2.376668582540545138e+00
2.376691723455925498e+00
2.376109486159046380e+00
2.376127852083513847e+00
2.376121565968707827e+00
2.375510656483010852e+00
2.375517051521375489e+00
2.375241608053729081e+00
2.367366611922396391e+00
2.367331855629378090e+00
2.367318553659023106e+00
2.455237435277150659e+00
2.455190899064925159e+00
2.455253604239029386e+00
2.455136351192287236e+00
2.455119250531488273e+00
2.455365575523661192e+00
2.455362556653288841e+00
2.455344208811687245e+00
2.454891453570663629e+00
2.454901784458873859e+00
2.455049751689632576e+00
2.454612669130295632e+00
2.454682828671967521e+00
2.454560489771785647e+00
2.454559041117199136e+00
2.454563126596505107e+00
2.454516621364240869e+00
2.654016054804409830e+00
2.653463260431613957e+00
2.653216523239800395e+00
2.653216147454782625e+00
2.653878289864731066e+00
2.653889747265507193e+00
2.682149957163269427e+00
2.682234159648722027e+00
2.682257191420068576e+00
2.682253839636261183e+00
2.682387721079113607e+00
2.682348295937431182e+00
2.682371538177178660e+00
2.682273467586251847e+00
2.682203640055538241e+00
2.682262176000138609e+00
2.682184745351805066e+00
2.682198724678913848e+00
2.682167885309924227e+00
2.682002614364945359e+00
2.681917863289363435e+00
2.681900662887137798e+00
2.681882384375045003e+00
2.609715477856969112e+00
2.609691942055375247e+00
2.784902151752250088e+00
2.834271847007426182e+00
2.834269550052435971e+00
2.834132820506092720e+00
2.834128331185505445e+00
2.831087302508943360e+00
2.971517631912345081e+00
2.971257435433753535e+00
2.964034470277383981e+00
2.978968471189657130e+00
2.978961766569450997e+00
2.979175086232799696e+00
2.979142564900364665e+00
2.979108391579287751e+00
2.979109424583988641e+00
2.979997632607319424e+00
3.040729602168792400e+00
3.040709939328572364e+00
3.040790072773280617e+00
3.040784223190427848e+00
3.040730832206991252e+00
3.040722032794125340e+00
3.040635445849504404e+00
3.168294751714630930e+00
3.168294913110845989e+00
3.168228674311965865e+00
3.169490988040873258e+00
3.169320887532240505e+00
3.169315395866568519e+00
3.339664870940032948e+00
3.381049192400231718e+00
3.391856056648178352e+00
3.391724994835561446e+00
3.391719593370616792e+00
3.391738772884865583e+00
3.592947551991549027e+00
3.592789920223872446e+00
3.592758598164711881e+00
3.592745684902557635e+00
3.593825241338324705e+00
3.593769056096693504e+00
3.609614225888901906e+00
3.609020464407178608e+00
3.608839693418237626e+00
3.608841720971545985e+00
3.617379220892812608e+00
3.617681106777287603e+00
3.617916500740905317e+00
3.617880077182801468e+00
3.616867945944629792e+00
3.634792837930551190e+00
3.634788472196758491e+00
3.884487433500514619e+00
3.884493400932266027e+00
3.872025418521960027e+00
3.872032561846797005e+00
3.871999569519293694e+00
3.872003993310678460e+00
3.871967559151445304e+00
3.871856022648204387e+00
3.871877100174292874e+00
3.871912467484589282e+00
3.871917881104533610e+00
3.872657037500551791e+00
3.872657166422854402e+00
3.872718479712754291e+00
4.071521264019245301e+00
4.071527437126499116e+00
4.071536297465550902e+00
4.071554130274005701e+00
4.071552722540362268e+00
4.065544263157005567e+00
4.065528521080175928e+00
4.065416023763580355e+00
4.059280551810967808e+00
4.059056780800903041e+00
4.059089014827127251e+00
4.058041437183462996e+00
4.059126992600899264e+00
4.059145616019919522e+00
4.059134464393345354e+00
4.065103731768529904e+00
4.066821916752322075e+00
4.066791552139089383e+00
4.066800404942776836e+00
4.060391040816811348e+00
4.060329452275665219e+00
4.060343647877303397e+00
4.119752571843176447e+00
4.119704270575515359e+00
4.119706815436207314e+00
4.119616093933204937e+00
4.119608584430870302e+00
4.273602386711757184e+00
4.273612572395995457e+00
4.273638930118632828e+00
4.273669586016510813e+00
4.273518441178391747e+00
4.273408389216417191e+00
4.273487338384030387e+00
4.273576544416259893e+00
4.273571244663706636e+00
4.432713416476283363e+00
4.435161546933988674e+00
4.435171089892595120e+00
4.435222715087232537e+00
4.435201492832607784e+00
4.435212115586185000e+00
4.426404522523029073e+00
4.426402479083519026e+00
4.426409623743041699e+00
4.426668555022494012e+00
4.426615635593747378e+00
4.476927081586244306e+00
4.476944486632683962e+00
4.477176069801269698e+00
4.477167464477716408e+00
4.477181828059169533e+00
4.477136745983192334e+00
4.477139471691065964e+00
4.476956750688325215e+00
4.476955036374394403e+00
4.469397225544899044e+00
4.469391544100611569e+00
4.468750765412514703e+00
4.467698687038480720e+00
4.467699312037407999e+00
4.467705367589721810e+00
4.467051466049027475e+00
4.467050634662247610e+00
4.466879220813198437e+00
4.466905038927913019e+00
4.466895286335120119e+00
4.527467885937138448e+00
4.527467885403303249e+00
4.527454628560253269e+00
4.527467681564624868e+00
4.527640498699355476e+00
4.527660364424420436e+00
4.527660613934661349e+00
4.527679561411234843e+00
4.527096381432267336e+00
4.538050192225473900e+00
4.528486981326581784e+00
4.528374095477851746e+00
4.528366192577128579e+00
4.530681729977833250e+00
4.530692276460640322e+00
4.530659527599068426e+00
4.530603628284985973e+00
4.530615020252627190e+00
4.518891956450010738e+00
4.518914647400142037e+00
4.519064598917353237e+00
4.519033826870070492e+00
4.518097147913808342e+00
4.518070484928402131e+00
4.518070569096643396e+00
4.518038628972745663e+00
4.518036992957451758e+00
4.613531449008704932e+00
4.613559782464443870e+00
4.613673356995094288e+00
4.613674227152346319e+00
4.613975663323033771e+00
4.702271937069420815e+00
4.702267902359110074e+00
4.702248296289457841e+00
4.706649704694484626e+00
4.706664131704752840e+00
4.706609058745930163e+00
4.706609667256747898e+00
4.706775121250423410e+00
4.706639616915975211e+00
4.709329251729645449e+00
4.709316361771840320e+00
4.709305437283647144e+00
4.708840974864056506e+00
4.708868445963259930e+00
4.708923666189710922e+00
4.708961982048641914e+00
4.708966561470278478e+00
4.708164233566368928e+00
4.708236196270503271e+00
4.708102033943244003e+00
4.708103243881176070e+00
4.708110468624681744e+00
4.708108506029443419e+00
4.708153326667784633e+00
4.708156244778466615e+00
4.708184346149399069e+00
4.708211908418145519e+00
4.806910683508904825e+00
4.806854147970492264e+00
4.806869982149144960e+00
4.806851613684610669e+00
4.806846107168589732e+00
4.806847284245383989e+00
4.806857819541185073e+00
4.806859130531685231e+00
4.806864509965866006e+00
4.806868025514386744e+00
4.806038909140741389e+00
4.806043755862399181e+00
4.806053772065618013e+00
4.805979164298435968e+00
4.805977215215859744e+00
4.805961455143675565e+00
4.805951369268638196e+00
4.805956499243742464e+00
4.805964893623186462e+00
4.902009584745035120e+00
4.902058250958047481e+00
4.902055362823057649e+00
4.902052377650206516e+00
4.902084350122157375e+00
4.902035517109933238e+00
4.901906947802224579e+00
4.901136341816923370e+00
4.901141216347708607e+00
4.957112913185794056e+00
4.957959754947446562e+00
4.957958095866648485e+00
4.957954690187678537e+00
4.957957662146426081e+00
4.957962494838460188e+00
4.957956722447587339e+00
4.957967115621721099e+00
4.957999153982124874e+00
4.957985216186368227e+00
4.957973180026220561e+00
4.957962628947541361e+00
4.957994148199690088e+00
4.957976807178794409e+00
4.957977862830154514e+00
4.958523671220903317e+00
4.958547487339465043e+00
4.958557467372891381e+00
4.958538694803944047e+00
4.957169765702600372e+00
4.957254521816540027e+00
4.957343802650406417e+00
4.956988532684595938e+00
4.956983965120044466e+00
4.956983543749927890e+00
4.956980753852260335e+00
4.956993572346689803e+00
4.955827349538531656e+00
4.955823125749712510e+00
4.955839801397996069e+00
4.955841027575075053e+00
4.955971270726045930e+00
4.955970379798825931e+00
4.955966679151490695e+00
4.955966460871217727e+00
4.955964028307401570e+00
4.956062826879117367e+00
4.942392792591931538e+00
4.942475985444472641e+00
4.942547780583137040e+00
4.937777801443116843e+00
4.937786003601147833e+00
4.937777380547702322e+00
4.937507529721643529e+00
4.938328933165953671e+00
4.938342445985518303e+00
5.125325290511866250e+00
5.124722536450278199e+00
5.124723535770991489e+00
5.124719547514328788e+00
5.124766521498301586e+00
5.124745798218219406e+00
5.124722186328734885e+00
5.124709487459345958e+00
5.124750022393088855e+00
5.124787766753851059e+00
5.124792357152201383e+00
5.124818041727934315e+00
5.124799781075858540e+00
5.124808917296558519e+00
5.124812348166710052e+00
5.216343752600110406e+00
5.216323722368861660e+00
5.211615447991877481e+00
5.211660837986352490e+00
5.211660944386361294e+00
5.271906449065916433e+00
5.271903547224106923e+00
5.271892240276228492e+00
5.271884270517385396e+00
5.433316928107125854e+00
5.433049852798102819e+00
5.433048684310906928e+00
5.433056687346246250e+00
5.718649949484831296e+00
5.718572408704826415e+00
5.718577837466301439e+00
5.718576669987529115e+00
5.718646180909134458e+00
5.717903524643612734e+00
5.717919408873869180e+00
5.717918989676741504e+00
5.717352993696033892e+00
5.715676884172052219e+00
5.715876825016655616e+00
5.715811461323852427e+00
5.756748257194048257e+00
5.756774342667502431e+00
5.756780698566334564e+00
5.756798539059528430e+00
5.756778869986228564e+00
5.756743972510961704e+00
5.756755973162594131e+00
5.756719951459174034e+00
5.756718092431658107e+00
5.756731494204170296e+00
5.756740627037856939e+00
5.756750128170602387e+00
5.756712048341655397e+00
5.756709556328152289e+00
5.756632294871566913e+00
5.756629021963877157e+00
5.756683647107158741e+00
5.755607479923425807e+00
5.751104043341110916e+00
5.751112470830399559e+00
5.745713656598506525e+00
5.745513354848993615e+00
5.745511209024505739e+00
5.745530926087813128e+00
5.745722343126121956e+00
5.745720946558074083e+00
5.745697475069927229e+00
5.745698441964868231e+00
5.745831346877515955e+00
5.745830302029175662e+00
5.745497583763916616e+00
5.745484083309376544e+00
5.745488003941425781e+00
5.745429019334683751e+00
5.745426570287749612e+00
5.745434972016933983e+00
5.745574711837994286e+00
5.745860005515704749e+00
5.745853338101050589e+00
5.745852480116443672e+00
5.745879508634587296e+00
5.745721619692460536e+00
5.745705993841642822e+00
5.746098062681596730e+00
5.746085345345656847e+00
5.746054028955839499e+00
5.746558813820313638e+00
5.746533110621279583e+00
5.746312676527474572e+00
5.746270757110380600e+00
5.746233852667085529e+00
5.746237618493169386e+00
5.746179435797637680e+00
5.746120134549598468e+00
5.746371342989936792e+00
5.746506222632413952e+00
5.746502343249710876e+00
5.746529467816982262e+00
5.746770054893497459e+00
5.746719667721942315e+00
5.746732452969440352e+00
5.746727432246252931e+00
5.746757862479264567e+00
5.744997713559521380e+00
5.744991753935456025e+00
5.744989048014076616e+00
5.744995238889032407e+00
5.745000373503266644e+00
5.744724685702462530e+00
5.744722340553853002e+00
5.744811596653369712e+00
5.744787605551568532e+00
5.744802289789425309e+00
5.737803453519192409e+00
5.737809333390701205e+00
5.737862801814049618e+00
5.737956015947907495e+00
5.737953339225709826e+00
5.737928832882563057e+00
5.737937302446170840e+00
5.737808418225621487e+00
5.737808128003204722e+00
5.737827378292175595e+00
5.726918365753571827e+00
5.727014560208487204e+00
5.727021785672491205e+00
5.727048933488963378e+00
5.727061612137809732e+00
5.727160430403253955e+00
5.955430892702381129e+00
5.968199840515235444e+00
5.968189684967792452e+00
5.967262038335337415e+00
5.967925733464813476e+00
5.967915188338535515e+00
5.967940462321309703e+00
6.082332865967013724e+00
6.082326237926048762e+00
6.080942693004126376e+00
6.080935852427114874e+00
6.080923429512198553e+00
6.081046425796751365e+00
6.081073735042462403e+00
6.081073008410021963e+00
6.081239640602624341e+00
6.081244246327046632e+00
6.081251612855695043e+00
6.081250026528891794e+00
6.081247737255434771e+00
6.081002322249177361e+00
6.080971408111413901e+00
6.080966868728469699e+00
6.302067137229524718e+00
6.302069619882673557e+00
6.302062223243633632e+00
6.302060265116379512e+00
6.302062267978922883e+00
6.302045637816397594e+00
6.402619262925659527e+00
6.402618471117158983e+00
6.403050840699635593e+00
6.403049201301447724e+00
6.403054745152041427e+00
6.403048268158024747e+00
6.403038773555010721e+00
6.403033219301599743e+00
6.403029597304338516e+00
6.668061596623056531e+00
6.668064643961893800e+00
6.668024168399401042e+00
6.667783898935727649e+00
6.667789466370781959e+00
6.667789537038236070e+00
6.667684120211273324e+00
6.667678329686476779e+00
6.667673343923085305e+00
6.667709309285403840e+00
6.667710422502755030e+00
6.667706317346238087e+00
6.667705110571758631e+00
6.667623622949044204e+00
6.667628156421559815e+00
6.666004827995284820e+00
6.666002081776915666e+00
6.666002608716996569e+00
6.665997714013671249e+00
6.665991512261298269e+00
6.665998935582039486e+00
6.665994651508644786e+00
6.665965124989194912e+00
6.665963453989866672e+00
6.665965250275394105e+00
6.664234932318374938e+00
6.664234347116702928e+00
6.664239613534014062e+00
6.664239228098481682e+00
6.664238884925954842e+00
6.664285424871005503e+00
6.664285181122254542e+00
6.664290507258045615e+00
6.664376108903182327e+00
6.664377476876074624e+00
6.664377618748456911e+00
6.664089620669710001e+00
6.664038854103967680e+00
6.664060636866411258e+00
6.664045147422696047e+00
6.664035201759465288e+00
6.664037281041919947e+00
6.662676456891941434e+00
6.662678504662195245e+00
6.662676807514378297e+00
6.662556260513778028e+00
6.603131633238570330e+00
6.603097504526122208e+00
6.603092795435200557e+00
6.603084724982049458e+00
6.603089845092736887e+00
6.603090512313816163e+00
6.603088969318485546e+00
6.602886404547135157e+00
6.603026643936535933e+00
6.610251859752980685e+00
6.610258587667876107e+00
6.610496270274789588e+00
6.610455379287479616e+00
6.610434876870644239e+00
6.610448670732232301e+00
6.615055452366704891e+00
6.615056641818347849e+00
6.615045343556073654e+00
6.615097589813952794e+00
6.615096877530273645e+00
6.615066248349451783e+00
6.615094389928662721e+00
6.615100357633752814e+00
6.615096699127207991e+00
6.603159133798127911e+00
6.603152955571617078e+00
6.603141797188277984e+00
