# 2*np.log[MAD(r)] for 100 flights; 1000 steps per flight; run 8 of 50; mu: 1.50; seed: 7
-2.114301966302848612e+01
-1.819384331403490052e+01
-1.678666949912484796e+01
-1.603289851259583187e+01
-1.488098829191591754e+01
-1.467039912738811225e+01
-1.397145306348742366e+01
-1.350177674765981628e+01
-1.268513752643713488e+01
-1.183633055219834773e+01
-1.147204085848079735e+01
-1.132610237202015746e+01
-1.099462059104751788e+01
-1.081916236070283333e+01
-1.072256520586384809e+01
-1.064930309766743122e+01
-1.056294665560447577e+01
-9.923778650369657228e+00
-9.941952823990318322e+00
-9.060923452116737664e+00
-8.613896190629017013e+00
-8.622126797281083554e+00
-8.494103976232926456e+00
-8.473178823082962552e+00
-8.503967935739908057e+00
-8.500319622735712954e+00
-8.166961158398793330e+00
-8.067725718932720724e+00
-8.134448750859300858e+00
-8.130927492984836746e+00
-8.127936716770655323e+00
-8.016188363975766507e+00
-7.938173193727465993e+00
-7.877141436634249594e+00
-7.696824920573242856e+00
-7.661125752502552011e+00
-7.388009395132577595e+00
-7.017738954926478812e+00
-6.738682226473264869e+00
-6.732328166259470059e+00
-5.952980857504127421e+00
-5.858604800762864606e+00
-5.847186680198606545e+00
-5.850136177637100587e+00
-5.697049493881690019e+00
-5.699390634319751570e+00
-5.567598602841220767e+00
-5.138702773005648261e+00
-5.137824532041992853e+00
-5.034350430570045276e+00
-5.010641350886377410e+00
-5.011418145435628801e+00
-5.012458033530147183e+00
-5.002710957124080871e+00
-4.978238395300568442e+00
-4.943965118227244382e+00
-4.945059677433235379e+00
-4.889182232786144944e+00
-4.482151157110346951e+00
-4.482392901835154930e+00
-4.493806624005635797e+00
-4.221644071212626415e+00
-4.256117662552832748e+00
-4.220868434175501172e+00
-4.190075434234945995e+00
-4.189947675964374341e+00
-4.187881332748139229e+00
-4.172419460814960068e+00
-4.172546548951559409e+00
-4.020105783317260872e+00
-4.031085313157559469e+00
-4.031130549047806433e+00
-3.971613558230125296e+00
-3.843421355585032728e+00
-3.825983055464062588e+00
-3.830610916295895674e+00
-3.828214604348787908e+00
-3.827865571651035914e+00
-3.846680993091312839e+00
-3.860269299920550345e+00
-3.878299798909116358e+00
-3.881255955389795620e+00
-3.761151446440767376e+00
-3.760328743294136356e+00
-3.617106272006256784e+00
-3.291368339883997685e+00
-3.242013432685992846e+00
-3.146421730080482426e+00
-3.068506396789622670e+00
-3.065278108625565157e+00
-2.958500951869492468e+00
-2.956980573992298300e+00
-2.744914520498209054e+00
-2.745030788096699315e+00
-2.772889132698326264e+00
-2.773340795097454681e+00
-2.773443826334714757e+00
-2.773226503890068972e+00
-2.752338612617913682e+00
-2.753453968366621041e+00
-2.681108746904569795e+00
-2.681121441885431000e+00
-2.680803979231838774e+00
-2.680443519549162268e+00
-2.685088108120217143e+00
-2.640034533826649099e+00
-2.640482506758110581e+00
-2.666465097244674176e+00
-2.664018379712122631e+00
-2.590001405212678520e+00
-2.313652598253262305e+00
-2.312207784867419402e+00
-2.312448660889242724e+00
-2.157203464349445987e+00
-2.157526876166774077e+00
-2.159894481629441643e+00
-2.161092758647858325e+00
-2.161045435832387174e+00
-2.180023344254383932e+00
-2.180052148016061064e+00
-2.179984994757143024e+00
-2.181333582008585736e+00
-2.173708968132201491e+00
-2.160700428172079413e+00
-2.137296785550673039e+00
-1.988808123738511124e+00
-1.989772528537331331e+00
-1.982837507321295822e+00
-1.976822061906909678e+00
-1.986200410280885675e+00
-1.986290183960268241e+00
-1.990250450522462966e+00
-1.988348293183941351e+00
-1.988808707212589733e+00
-1.812273069482183141e+00
-1.812598857105528483e+00
-1.810928451297517006e+00
-1.914706520577434290e+00
-1.781025874722379498e+00
-1.360924576386975282e+00
-1.364511756772645024e+00
-1.784214403831143603e+00
-1.364589949334660712e+00
-1.057608408480972484e+00
-1.057513126738425457e+00
-1.057444549170849513e+00
-1.039399343475671422e+00
-1.024656661286652781e+00
-1.001596438432500236e+00
-9.999930107467709384e-01
-9.983355017862844960e-01
-9.537461055636220486e-01
-9.539034426796643151e-01
-9.044229803767822595e-01
-9.046675770548530116e-01
-9.043340673299200549e-01
-9.043437100493458836e-01
-9.244989021581686561e-01
-9.242088314462604259e-01
-9.243938083430612851e-01
-8.679355134511060887e-01
-8.894650549453549937e-01
-8.381600629890435528e-01
-7.739966980938268737e-01
-7.739123909182349381e-01
-7.725089080585052503e-01
-7.724744425735677877e-01
-7.739309934638792798e-01
-7.589151702419668633e-01
-7.605599505858540166e-01
-5.468060618387524663e-01
-5.471179102890275647e-01
-5.472918050290083158e-01
-5.513482803849143465e-01
-5.513069893819668721e-01
-5.497601889924819130e-01
-5.497192118294856877e-01
-5.497033198098361106e-01
-2.989058061827215562e-01
-2.749406035696788098e-01
-2.695985095106226970e-01
-2.792632188471261823e-01
-2.788131816955813358e-01
-4.866662538727278831e-01
-4.868797494121598901e-01
-4.792137277317971567e-01
-4.792760121208953783e-01
-4.789964849534998348e-01
-4.776661315462144008e-01
-4.983439009712710144e-01
-5.100009856638600958e-01
-5.105935477140514100e-01
-5.106404964150166315e-01
-5.228546820084885027e-01
-5.229946140853982683e-01
-2.954359494920197338e-01
-2.660297889540650940e-01
-2.660813428611096820e-01
-2.661975424194966133e-01
-2.663540497344544233e-01
-2.696131346336212986e-01
-2.653692114422233073e-01
-2.654119851628898852e-01
-2.635973738692434232e-01
-2.636526102679036532e-01
-2.623910064333309089e-01
-2.295475239398598877e-01
-2.297483802411686982e-01
-2.308925346626023167e-01
-2.308852177335382061e-01
-2.307813543976751924e-01
-2.378512469611048508e-01
-2.368103558613530724e-01
-8.183632347932515150e-02
-8.067555083082572631e-02
3.199234316122405615e-03
3.326662334552760256e-03
1.588871072830763675e-02
1.569519827435929271e-02
1.257305908088000510e-02
5.427846960614562261e-02
3.573808708889181229e-02
1.092673676248947096e-01
8.996199400586994688e-02
7.791534847819261977e-02
7.882334508454048871e-02
7.645235630846280994e-02
2.190667499029557430e-01
2.191264274573940518e-01
2.190790076642989692e-01
2.190818847427147276e-01
2.190819072549128887e-01
2.146804307271309720e-01
2.149049360269149334e-01
2.148858836276469342e-01
2.291160746917872970e-01
2.288338002708519003e-01
2.286162607928154678e-01
2.287585114256377172e-01
2.286059703457892500e-01
2.283897874475217249e-01
2.264798304847041033e-01
2.240561720514891164e-01
2.233988320175928355e-01
2.234453522629221700e-01
2.235888454339272913e-01
2.236696570316686616e-01
3.621936752354675826e-01
3.529005451669300908e-01
5.617546339167412972e-01
5.617279277234158430e-01
5.617149275731588842e-01
5.616567580991512765e-01
5.616820044249100086e-01
5.616231784071004096e-01
5.712897366860852921e-01
7.638826307419673833e-01
9.201862521162000874e-01
1.270854693130433199e+00
1.270896398307062469e+00
1.270997480204054675e+00
1.270826909057793941e+00
1.278953108745816580e+00
1.303066348130383689e+00
1.303002216180741302e+00
1.301571536988853417e+00
1.301590298211835695e+00
1.301276697411975825e+00
1.300921863256249145e+00
1.301508386872238132e+00
1.301565795420714045e+00
1.300964841726496291e+00
1.301080991576585966e+00
1.276042405382463274e+00
1.520216040901175347e+00
1.518853440815753464e+00
1.518170397505450575e+00
1.518196491326508912e+00
1.518240844550027724e+00
1.518247335798843967e+00
1.518133717730792087e+00
1.518592775287577634e+00
1.830884386658387264e+00
1.827785231116213049e+00
1.826623455471530821e+00
1.826624694751439071e+00
1.826658252562882723e+00
1.826882204040367164e+00
1.944252222431060551e+00
1.940132696617329788e+00
1.940767584256334999e+00
1.941287247159324325e+00
1.941250327439529189e+00
1.941186869176237506e+00
1.941173361483294668e+00
1.941653598581904339e+00
1.941770682577547813e+00
1.941845858646514378e+00
1.941856714099861714e+00
1.942567684487317203e+00
1.941034971745651427e+00
2.105881620550025257e+00
2.185048864363031473e+00
2.185048656684144941e+00
2.185709367390086033e+00
2.185431785936568172e+00
2.185402840044547101e+00
2.166497232341586976e+00
2.166505458183555444e+00
2.166553527488970232e+00
2.166546139362292678e+00
2.245782759573866194e+00
2.246011413763920661e+00
2.246551892453173327e+00
2.246411834751215864e+00
2.245613334253137694e+00
2.244760046028909439e+00
2.245644495304016885e+00
2.259489790655720309e+00
2.259405615719599858e+00
2.259291462783086235e+00
2.258984669029325598e+00
2.259197411938153266e+00
2.259538943596200333e+00
2.260048527084760561e+00
2.260065934132319487e+00
2.263387738687832940e+00
2.263378974250360720e+00
2.263809822236582114e+00
2.263839929542997620e+00
2.351806043994467021e+00
2.407174587209102601e+00
2.407151176132117154e+00
2.407136086587893686e+00
2.407298584384176099e+00
2.432955440745760978e+00
2.431888298808698057e+00
2.431895285207426927e+00
2.492014490670448001e+00
2.492012261651135319e+00
2.491991291771518124e+00
2.491935773471115834e+00
2.568993934469433693e+00
2.569037050229402652e+00
2.569032061554370028e+00
2.585149247210407619e+00
2.585129772782900570e+00
2.661053510241052855e+00
2.638786695114590852e+00
2.638824787522450865e+00
2.638838364152699345e+00
2.695585622486133648e+00
2.695559132824659976e+00
2.695608011018198802e+00
2.695599430831187693e+00
2.695839861985735553e+00
2.695876296921654536e+00
2.696114188352587426e+00
2.697332550625922476e+00
2.697333158849315016e+00
2.697342854499082510e+00
2.697288830418314465e+00
2.697316647809822943e+00
2.662949476815617000e+00
2.662902203074419383e+00
2.663022471165574778e+00
2.663016212043098019e+00
2.663012850998075720e+00
2.662992608774699566e+00
2.662986713950769246e+00
2.663033316834008346e+00
2.662520906205942062e+00
2.662493005246155064e+00
2.669728087258994353e+00
2.669923631749863357e+00
2.662668477153552704e+00
2.662794960680182399e+00
2.662842823519435687e+00
2.662806418519010787e+00
2.662716919768943313e+00
2.663418969779331569e+00
2.683770408971813293e+00
2.683749336575200761e+00
2.683746045524530111e+00
2.683737908465485766e+00
2.674474345007723297e+00
2.714685557292929818e+00
2.714612658532637557e+00
2.713421812696042767e+00
2.712921925760103825e+00
2.712922654678246115e+00
2.716787482965043132e+00
2.728287379965233850e+00
2.728329776702090648e+00
2.738905343381281554e+00
2.738890827780663173e+00
2.738817951319479249e+00
2.738702272464542897e+00
2.738689614023277485e+00
2.738275171427763777e+00
2.738302206815007356e+00
2.738535230876288917e+00
2.738506481344568755e+00
2.740758323377384897e+00
2.740758610543882590e+00
2.740752479103580441e+00
2.740749363773413716e+00
2.741130677850956765e+00
2.741122014557659803e+00
2.743184128702488955e+00
2.741442575288755901e+00
2.741414750158118974e+00
2.741409765918100039e+00
2.742449097215066800e+00
2.749399123152878044e+00
2.749382394983608702e+00
2.748500436051683149e+00
2.753393933265157134e+00
2.858597525565373498e+00
2.849389716405633433e+00
2.850743035766861500e+00
2.965320545471028524e+00
2.965262581838293610e+00
2.965284840396098076e+00
2.965324310913907802e+00
3.001354388004426887e+00
2.992124948700531473e+00
2.992125416673347971e+00
2.992139040295422880e+00
2.978954759810670705e+00
2.979407325854825928e+00
2.979328620774984504e+00
2.979391891148171378e+00
2.979334054223682138e+00
2.979340086071238236e+00
2.979350136175589636e+00
2.979350184054768036e+00
2.978886293349990666e+00
2.978878679256069972e+00
3.119940115825870386e+00
3.119935792507487538e+00
3.119940442607149755e+00
3.119964682285568003e+00
3.120035778851331987e+00
3.107303858744579816e+00
3.107333511501378709e+00
3.107233743286903049e+00
3.107231897970466061e+00
3.105277431018622636e+00
3.105303789496441702e+00
3.105157838036075368e+00
3.131455093369058584e+00
3.131495204962190027e+00
3.145252888520717161e+00
3.145307042050300428e+00
3.295159114400910472e+00
3.295189035529242361e+00
3.286235102961894583e+00
3.289015545510295180e+00
3.289031558428745061e+00
3.289018076029185167e+00
3.294898457328860442e+00
3.294878520242174869e+00
3.294846122716767578e+00
3.294834874862425433e+00
3.289014295544558930e+00
3.289000371332240213e+00
3.288987632976887454e+00
3.289128280129355986e+00
3.289129834893286031e+00
3.288467903815095905e+00
3.288660565247296663e+00
3.439838473434086552e+00
3.439791070173914722e+00
3.440223741006723124e+00
3.443769419666979470e+00
3.443783355212913566e+00
3.447688408116570180e+00
3.447578151710004590e+00
3.447613799990704386e+00
3.440779749389696107e+00
3.440717658237873788e+00
3.440761276023664550e+00
3.440764410865089662e+00
3.440767668668740953e+00
3.441026773825618612e+00
3.441018574497442195e+00
3.441020884957687542e+00
3.535457613066942173e+00
3.535499630000304094e+00
3.535499474850649637e+00
3.535525171461498584e+00
3.527868734501153014e+00
3.529670971419681003e+00
3.609555339197238144e+00
3.609542285124474059e+00
3.668475193159089986e+00
3.668486758044982032e+00
3.668497565425605345e+00
3.668503000010551407e+00
3.668515304097214713e+00
3.668366317985031877e+00
3.673515711931555572e+00
3.673894371037448536e+00
3.673891752432300706e+00
3.676983330189464105e+00
3.676977635473927641e+00
3.676970876133129451e+00
3.677004320853319186e+00
3.676733946040502410e+00
3.676739597313321894e+00
3.677341963528662827e+00
3.677457591594426312e+00
3.662141213253461647e+00
3.660901196525751633e+00
3.660901829417416486e+00
3.660875149504102755e+00
3.660862811668455841e+00
3.661302642857578338e+00
3.661305704319122167e+00
3.661046735743541891e+00
3.768752325612155563e+00
3.768752391356072096e+00
3.768759835037475359e+00
3.768742269338877904e+00
3.768792164763397068e+00
3.768791622162621202e+00
3.768787629968324282e+00
3.768754176982647586e+00
3.768827780160434404e+00
3.768877660436825039e+00
3.768915828382811029e+00
3.841521883027251505e+00
3.841558147943400670e+00
3.841567819789594829e+00
3.841573141705590277e+00
3.841591309063010051e+00
3.843468407737124171e+00
3.843461177765612913e+00
3.921821719765598679e+00
3.922167759694763944e+00
3.922171238474772448e+00
3.922184425408516972e+00
3.922306955648839466e+00
3.926364967322056643e+00
3.926348755582294903e+00
3.926369925909646064e+00
3.926311213292324798e+00
3.926315029508265386e+00
3.918060932215353898e+00
3.918061343061197910e+00
3.918065205507446080e+00
3.918063623093759773e+00
3.918086389664097613e+00
3.918103722198221117e+00
3.918126861398903760e+00
3.918133494486033541e+00
3.918571293697260316e+00
3.918499085712502605e+00
3.914571775667582187e+00
3.914591540122258184e+00
3.914573815933297229e+00
3.914583194027287494e+00
3.914490866115108325e+00
3.913327353181320856e+00
3.913325954103074267e+00
3.904519157232731352e+00
3.904554508970984994e+00
4.032022395404697868e+00
4.032028946646496692e+00
4.032041905658165781e+00
4.031990430498090028e+00
4.032506635347933965e+00
4.312866061309023280e+00
4.312831323635816894e+00
4.312831827602535917e+00
4.310482140761880743e+00
4.311005096128977421e+00
4.311007537524690569e+00
4.312488022135721799e+00
4.312486860318729853e+00
4.312558244429455456e+00
4.312553196499059993e+00
4.312709056269785179e+00
4.312888712055690910e+00
4.312946301217066569e+00
4.312872256210686928e+00
4.312846757145438303e+00
4.312975053517470236e+00
4.312970928027505479e+00
4.312991996814278473e+00
4.312997248265007855e+00
4.313001447234433350e+00
4.313008942275230240e+00
4.313012827073928968e+00
4.313054995370424471e+00
4.313051024937391453e+00
4.313038597332601753e+00
4.313022001499494884e+00
4.313042739177797458e+00
4.313227790907006920e+00
4.313214413342913112e+00
4.313198461418502383e+00
4.313212302478299343e+00
4.313175582474472414e+00
4.313186267488328340e+00
4.313182210291746088e+00
4.313163453412244053e+00
4.313171345468306939e+00
4.313293400512833387e+00
4.313258296003203540e+00
4.313403413720511281e+00
4.313402695441350687e+00
4.305636206421274537e+00
4.305531075205109026e+00
4.305555307452249458e+00
4.474332648708924332e+00
4.477361513397586812e+00
4.477358068063844065e+00
4.477416487309167081e+00
4.477410508717749593e+00
4.477414830688873693e+00
4.477409114727213257e+00
4.477395878936634155e+00
4.477388667626927443e+00
4.477391765022478154e+00
4.477417945844945457e+00
4.477695153893789026e+00
4.477710476712580601e+00
4.619091885194728242e+00
4.619158978903155521e+00
4.619155855715590953e+00
4.618972277741714372e+00
4.618979124581930940e+00
4.618983011055267873e+00
4.618612679231598683e+00
4.618625470506436237e+00
4.619056301368825501e+00
4.612726878086755633e+00
4.627554224675355599e+00
4.627524740553905502e+00
4.641515696042698202e+00
4.641570724071936382e+00
4.641581024959140933e+00
4.642020179643601807e+00
4.642270123501790913e+00
4.886978219827164516e+00
4.886974968030154187e+00
4.886973648834354478e+00
4.886932015046336453e+00
5.083333788241827911e+00
5.079031993261367006e+00
5.073885666768332747e+00
5.073893715825176010e+00
5.073864845652445332e+00
5.073859243977291378e+00
5.073872446842383255e+00
5.078079045992717866e+00
5.078076387712322060e+00
5.075172051137470497e+00
5.075184393766010160e+00
5.077885571406584475e+00
5.078141719376698227e+00
5.078166884339852416e+00
5.078190386721192162e+00
5.078068269824179026e+00
5.079233182310439965e+00
5.079235926138769841e+00
5.157394143054771618e+00
5.157390758928051433e+00
5.157373638556681961e+00
5.157347123550828805e+00
5.157343206572874372e+00
5.157344784451344033e+00
5.157352012885724868e+00
5.157354638857118090e+00
5.318578090926903812e+00
5.318500146495737546e+00
5.318634334947850206e+00
5.318645636974875579e+00
5.318644926801014527e+00
5.484103027568101751e+00
5.474062863945840185e+00
5.474060645127757141e+00
5.474020026502435243e+00
5.474042099916363924e+00
5.601316271728379981e+00
5.596478919224782800e+00
5.596489925478844718e+00
5.596501744614551299e+00
5.580703604208590463e+00
5.578473965544308300e+00
5.578703109481138789e+00
5.578679522484219611e+00
5.578674288640529610e+00
5.578672994512738903e+00
5.578658303086742265e+00
5.578626560838072734e+00
5.578525576006025943e+00
5.578525303727360551e+00
5.578583549009247022e+00
5.578861144888676904e+00
5.578860600198701114e+00
5.578863219132889739e+00
5.695836167997742727e+00
5.874690284996515466e+00
5.874542898565591642e+00
5.874547576518367897e+00
5.876737022490654994e+00
5.876748911673358222e+00
5.876811215286652512e+00
5.876802702895434827e+00
5.877130767947922330e+00
5.877124257530089046e+00
5.877125477260647379e+00
5.877142824788450959e+00
5.877141944905058146e+00
5.877158058919842887e+00
5.877160496175590332e+00
5.877160129564707347e+00
5.877143129416208644e+00
5.877145582867192353e+00
5.877078608840915486e+00
5.877075242831245383e+00
5.877092290614279513e+00
5.877092049136238394e+00
5.973464576725296737e+00
5.973422808387240934e+00
5.973425916251101420e+00
5.973428307710269003e+00
5.973430990374617444e+00
5.973433298664531321e+00
5.973424810580678646e+00
5.973407092539855689e+00
5.971269067265321695e+00
5.971300282523068326e+00
5.954700991236063778e+00
5.954648915705758050e+00
5.935129928782070685e+00
5.937417772611491174e+00
5.937422811121868982e+00
5.942164403908886783e+00
5.942180609079108500e+00
5.942187106681418030e+00
5.942196312685992687e+00
5.942189932210376391e+00
5.942125295043365618e+00
5.942122440260989791e+00
5.942127476135527608e+00
5.942134588474926815e+00
5.942133345323075133e+00
5.942128406844867428e+00
5.941963125785526323e+00
5.942671618774391540e+00
5.942673408843071492e+00
5.942675937298504074e+00
5.942663352078582761e+00
5.942667651737071566e+00
5.942663049755940285e+00
5.938348431926080195e+00
5.938337770506446844e+00
5.938343931662201314e+00
5.938115182834070360e+00
5.938124834291441445e+00
5.938112798824807470e+00
5.938126902363425330e+00
5.938109850957226321e+00
5.938102544457455778e+00
5.938077986137289876e+00
5.949990802290122005e+00
5.957012323115903563e+00
5.919301936025552102e+00
5.919301021521076400e+00
5.919271148060994747e+00
5.919234881987044616e+00
5.919235054581572619e+00
5.918949560467653193e+00
5.918944848879195142e+00
5.918894247833295985e+00
5.918897172243721805e+00
5.919258174771599990e+00
5.919492605106408512e+00
5.919504763040462691e+00
5.918516172440193124e+00
5.918521078064466145e+00
5.918545263750382368e+00
5.918547082482702670e+00
5.933482135703812332e+00
5.985623464248401859e+00
5.985618549936900123e+00
5.985616047203935253e+00
5.985614012591386590e+00
5.985580163360772588e+00
5.985617298706643830e+00
5.985670854088522397e+00
5.985669013801431682e+00
5.985700180245739688e+00
5.985702854695774455e+00
5.986337970915329265e+00
5.986265609414699540e+00
5.986264511198891469e+00
5.986265661107686320e+00
5.968855772945220295e+00
5.968854201108765523e+00
5.969141841754641575e+00
5.969143127676673544e+00
5.969521576865634671e+00
5.969528596082359861e+00
5.969536090171716936e+00
5.969533597382154611e+00
5.969484036421952133e+00
5.969440229731230119e+00
5.969443406708766275e+00
5.969441286571889549e+00
5.969020321720932110e+00
5.969011571869803134e+00
5.969009287509107864e+00
5.969003762148711090e+00
5.968867290526831404e+00
5.968860459883069680e+00
5.968858511045229243e+00
5.968814990330176151e+00
5.968806608765077293e+00
5.968813105657893914e+00
5.968832808824588554e+00
5.968840773901280095e+00
5.968828995378109070e+00
5.968938145318698041e+00
5.968933108751055983e+00
5.973282809721098374e+00
5.962155085476283922e+00
5.962046574401086652e+00
5.962033120324489843e+00
5.952958398582232746e+00
5.953919580836782188e+00
5.953789053212364735e+00
5.953733160430227045e+00
5.953734274506531143e+00
5.953733661316065628e+00
5.953714328274697820e+00
5.953716753633354841e+00
5.953713301904084432e+00
5.953718717050294984e+00
5.955527467369857497e+00
5.955529208058861101e+00
5.955517879331755360e+00
5.955523692099441213e+00
5.955524016596130288e+00
5.964828059615942202e+00
5.961683828931334084e+00
5.961684213584679704e+00
5.961684112944288572e+00
5.961671928502070728e+00
5.961665746095263785e+00
5.961681796315164483e+00
5.961679449603939140e+00
5.961676824579646983e+00
5.961634178757615032e+00
5.961628842066803102e+00
5.961634554039884293e+00
5.961621556072920214e+00
5.961916676552412753e+00
5.961873376120545132e+00
5.961874864628216919e+00
5.961876072604034960e+00
5.961879765425368127e+00
5.961881076867870277e+00
5.961976671899927638e+00
5.962198212600903879e+00
5.962182907391397002e+00
5.962176904165866098e+00
5.962182785931917195e+00
5.962198084619526384e+00
5.962196417433243134e+00
5.962232426366808724e+00
5.962258276745645347e+00
5.962264641144049193e+00
5.962254763324765783e+00
5.962247435125124007e+00
5.962206162901446227e+00
5.962193735270959749e+00
5.962215687132822239e+00
5.962215965695104813e+00
5.962214946068257859e+00
5.962207603736201733e+00
5.950379979596692515e+00
5.950396853625958826e+00
5.950392351024766491e+00
5.950398861307546028e+00
5.950401555623225924e+00
5.950424426185596083e+00
5.950308525529097281e+00
5.950210210451794879e+00
5.950211695642683374e+00
5.950194163698532712e+00
5.950192225096634147e+00
5.950174597246234320e+00
5.950169003231023268e+00
5.949872381501364771e+00
5.949881072339672450e+00
5.949888066005483367e+00
5.949493961252263929e+00
5.949488103382491566e+00
5.907022525458168083e+00
5.907023217814034055e+00
5.932329428112967484e+00
5.932340773016413493e+00
5.932334026379368019e+00
5.932334485154269643e+00
5.932326652613035378e+00
5.932324322096884650e+00
5.932373886975812027e+00
5.932390585000958616e+00
5.932394947261837359e+00
5.932369545566643865e+00
5.932355887142238160e+00
5.932319816597556361e+00
5.932381916820397727e+00
5.932374849740496003e+00
5.932372206285420724e+00
5.932363554301835151e+00
5.932361049095736583e+00
5.932487786463507717e+00
5.932412961635916027e+00
5.932441828115584848e+00
5.932505998235904521e+00
5.932398368866926397e+00
5.933118801168870249e+00
5.933126816251236058e+00
5.932477894942819852e+00
5.932478645564680519e+00
5.932478227282927286e+00
5.932479771571202321e+00
5.932399252051262728e+00
5.932400498481326778e+00
5.932400278929180537e+00
5.932392404114029461e+00
5.933198255061873816e+00
6.066904411236608397e+00
6.066906409741395834e+00
6.066933119748311398e+00
6.066934789381716264e+00
6.066938533544649736e+00
6.066936693902668765e+00
6.066936540213719198e+00
6.033473261366513185e+00
6.033470652521724098e+00
6.033475217120007450e+00
6.033494137513636169e+00
6.026318516965357475e+00
5.965131460581001299e+00
5.965127093389855695e+00
5.965191653216683321e+00
5.965199128177647303e+00
5.965178921602817042e+00
5.965183499180927384e+00
5.963421870230582122e+00
5.963369486152457100e+00
5.963391065437120275e+00
5.963409528416644179e+00
5.963433881531981839e+00
5.963036221756361499e+00
5.963008019881822719e+00
5.963048482919147020e+00
5.963050408727476714e+00
5.963236359445017065e+00
5.962807022976742033e+00
6.021053452525414684e+00
6.021058730430596917e+00
6.020927606297771462e+00
6.020924985491149961e+00
5.979207963721167474e+00
5.979232453042779838e+00
6.083579563136779278e+00
6.083571601033511911e+00
6.123403526892951199e+00
6.123402836968718788e+00
6.123405108061377611e+00
6.123410739129198532e+00
6.123427805656240785e+00
6.123412008048659594e+00
6.123413289275201343e+00
6.123413993018736790e+00
6.123454885857310792e+00
6.123498097802633211e+00
6.123497344403813436e+00
6.123496453320417032e+00
6.123491787095749039e+00
6.123498387585502023e+00
6.234293577339608206e+00
6.234294981228230448e+00
6.234294992180920758e+00
6.234298135780171890e+00
6.234245033291186289e+00
6.234259068302017148e+00
6.234247375276581238e+00
6.234253107755705514e+00
6.234250461527688358e+00
6.234174371053387453e+00
6.234186585365513622e+00
