# 2*np.log[MAD(r)] for 100 flights; 1000 steps per flight; run 23 of 50; mu: 1.50; seed: 22
-2.108244482577216772e+01
-1.905234338963125040e+01
-1.735858495005457058e+01
-1.644698600261191856e+01
-1.507282374965267557e+01
-1.458651119334676771e+01
-1.361386293528885183e+01
-1.315826568017745402e+01
-1.275843519321978725e+01
-1.217022996829684622e+01
-1.185339783552513104e+01
-1.081081998430356705e+01
-1.025810820115819411e+01
-1.014561921594413008e+01
-1.003995643203824351e+01
-9.943749805726159963e+00
-9.642174892338788439e+00
-9.507849965779286094e+00
-9.238725773380675577e+00
-8.952163859122178380e+00
-8.972660188827005001e+00
-8.966750486720211910e+00
-8.935411252893565859e+00
-8.838910284360249392e+00
-8.495717149339103713e+00
-7.905546628483237193e+00
-7.898726292927218395e+00
-7.713352024091164161e+00
-7.641365547386850032e+00
-7.456313442660475133e+00
-7.429435824973477764e+00
-7.503707130133348890e+00
-7.544906953603043753e+00
-7.203182690497703433e+00
-7.037307971778449911e+00
-6.994713740868387042e+00
-6.977938837357018365e+00
-6.830132589295565992e+00
-6.827327375983609059e+00
-6.834976297964213465e+00
-6.437628209002832058e+00
-6.402270884174657617e+00
-6.403653839028224048e+00
-6.213035498752979002e+00
-6.069577102640327126e+00
-5.771387881728356817e+00
-5.690281856508746294e+00
-5.603535681751280251e+00
-5.599667581109428305e+00
-5.597176068375411262e+00
-5.568581739326188718e+00
-5.587171763220915466e+00
-5.479853850276784399e+00
-5.278492348979344939e+00
-5.127192389550845775e+00
-5.080299739727106356e+00
-4.993497718427798659e+00
-4.928561362336886020e+00
-4.788336168959312467e+00
-4.766440979722797344e+00
-4.788611265032145958e+00
-4.789971621792624035e+00
-4.715136996359800214e+00
-4.715736301468387737e+00
-4.694519034502601329e+00
-4.641542842810522984e+00
-4.382674668992152078e+00
-4.382280371705824962e+00
-4.296035146851796327e+00
-3.989157528150723220e+00
-3.988551484254078350e+00
-4.008542824561813767e+00
-4.008329284336335618e+00
-4.022785525341535440e+00
-4.022898028139589854e+00
-4.022815545846373020e+00
-3.886651770919717030e+00
-3.883127806121389192e+00
-3.876441050839583013e+00
-3.743586905566976597e+00
-3.608563293816186679e+00
-3.705092312786437692e+00
-3.683097875311038383e+00
-3.482564375746239005e+00
-3.678208962074470012e+00
-3.819845877141332835e+00
-3.826667530454788135e+00
-3.783934656132207142e+00
-3.784868411914163566e+00
-3.666178340746267139e+00
-3.540804821537018920e+00
-3.542117546357719249e+00
-3.402688567589802204e+00
-3.327547627086267390e+00
-3.328493376287294581e+00
-3.326481233517723624e+00
-3.338746247427100577e+00
-3.088792495759745460e+00
-3.097385136447316611e+00
-3.098336124990913820e+00
-3.271777042212727249e+00
-3.274234289751326799e+00
-3.132422077087585688e+00
-3.136924146775101452e+00
-3.136430949446332050e+00
-3.136172280057618611e+00
-3.032215840495918524e+00
-2.915591405775773026e+00
-2.911493699926911649e+00
-2.894039710051125258e+00
-2.899316396628599080e+00
-2.882587937301423153e+00
-2.882995415553692542e+00
-2.882834191596563844e+00
-2.825996771322895285e+00
-2.826425174999312784e+00
-2.838261174022714606e+00
-2.843367747959074876e+00
-2.826971596484165961e+00
-2.767456182170508150e+00
-2.718779964053572584e+00
-2.712512224426364416e+00
-2.723999303384693871e+00
-2.727967067115682376e+00
-2.640213837881175696e+00
-2.584131196044194834e+00
-2.585533411797880987e+00
-2.585491241870138790e+00
-2.056480237526732591e+00
-2.052196327844147739e+00
-2.061185112889910354e+00
-2.062208978976213025e+00
-2.062184090059402841e+00
-2.063181678506153638e+00
-2.063849539096891839e+00
-2.064053944572844301e+00
-2.110847268008837929e+00
-2.111065487887068937e+00
-2.168398710944670071e+00
-2.171580705847775405e+00
-2.171471559584826405e+00
-2.012604399922175880e+00
-2.012719185917147158e+00
-2.012241587757660710e+00
-2.012560636033180916e+00
-2.012626339687399568e+00
-2.002448404150232175e+00
-2.004864001610395352e+00
-2.011255550359568378e+00
-2.011101943356615074e+00
-2.012376433629277095e+00
-2.011154013669277596e+00
-2.109862049658675076e+00
-2.173297994926148391e+00
-2.172965446072426143e+00
-2.126489790593951490e+00
-2.038841653197704495e+00
-2.038728985023658069e+00
-1.817019632100421500e+00
-1.815802689345699772e+00
-1.817137122359808288e+00
-1.758394500533807969e+00
-1.758011143061692927e+00
-1.756443967660755945e+00
-1.814407956102494390e+00
-1.773061594972930477e+00
-1.775053837648669974e+00
-1.622059712951417376e+00
-1.600564781567250794e+00
-1.600461159228238950e+00
-1.600293772868933706e+00
-1.598474253328575623e+00
-1.599033392662161823e+00
-1.598694129367531636e+00
-1.598734418486507547e+00
-1.598632433621908211e+00
-1.598655402986503216e+00
-1.599956359104734105e+00
-1.600008979941607956e+00
-1.559721802653371014e+00
-1.560061958791534309e+00
-1.558359374115386720e+00
-1.176554232969330593e+00
-1.201438028320879425e+00
-1.155462245267798504e+00
-1.155367398301237802e+00
-1.155408882641668855e+00
-1.172600411349928207e+00
-1.171210509504668096e+00
-1.162197597277821570e+00
-1.162250396690580168e+00
-1.162174214045358811e+00
-9.469817365161296019e-01
-9.475384978333160069e-01
-5.908011961663651723e-01
-5.913741005783118565e-01
-3.480273255892540329e-01
-2.791544950290948401e-01
-2.789542387454096994e-01
-2.788350630495670113e-01
-2.663753898318774738e-01
-2.665235547796192539e-01
-2.414321099032529228e-01
-2.378388117274266023e-01
-2.389380822577728825e-01
-2.389389596494100876e-01
-1.873559937716916535e-01
-5.729579229306622223e-02
-5.725635031337612812e-02
-5.622961243149254135e-02
-5.880042209100362627e-02
-4.904650902323469397e-02
5.339552448286406794e-02
5.352409588688152725e-02
1.249346021650791366e-01
1.249863481681814520e-01
3.244228612327165195e-01
3.241056631119739184e-01
7.485627447767543297e-01
7.485832817143606155e-01
7.504335822634428110e-01
9.504068923322402940e-01
9.507585878888736852e-01
9.502453912546485748e-01
1.071527415513082282e+00
1.071590727489765138e+00
1.293860904719876137e+00
1.293643004915358885e+00
1.293545676411599565e+00
1.293533798546265379e+00
1.493928618807895070e+00
1.493928439179410317e+00
1.525168696459345830e+00
1.525188197208809049e+00
1.622110231257807289e+00
1.728207916721432369e+00
1.725765237789390172e+00
1.726278751215041929e+00
1.750695513573960360e+00
1.749751409345022823e+00
1.749754051666023935e+00
1.749697984465860667e+00
1.749701716542817698e+00
1.749753602391222795e+00
1.725261739699989638e+00
1.725287344365405762e+00
1.702768006835417625e+00
1.702653064244793679e+00
1.702663890676163527e+00
1.702646778276066142e+00
1.899175439748090222e+00
1.902022318631822584e+00
1.901878212989870587e+00
1.901826774926273389e+00
1.901630980503873580e+00
1.901699568589115819e+00
1.901698669740917280e+00
1.901161341850568620e+00
1.883113957309998643e+00
1.882837142492818083e+00
1.860654453089800375e+00
1.883277902039782514e+00
1.892669655655258465e+00
1.892788584253073836e+00
1.892738258761805348e+00
1.892699075551012688e+00
1.894620226701266397e+00
1.943682337443402020e+00
1.942972423613106958e+00
1.943053959300977240e+00
1.948864928548747155e+00
1.948900566023153536e+00
1.948918349334221922e+00
1.939614645664278880e+00
1.939804973575437241e+00
1.939873624337156821e+00
2.003433922177645155e+00
2.003429899074077536e+00
2.003400550055235652e+00
2.003426195199777826e+00
2.003343984319068571e+00
2.004581512418107003e+00
2.004218833826942436e+00
2.005224379624082065e+00
2.005229109184754943e+00
2.005247189347253212e+00
2.005253283872354242e+00
2.005273342270278203e+00
2.005315115477169119e+00
2.008144913143438348e+00
2.010405381851795070e+00
2.010295842678005318e+00
2.010333093936511162e+00
2.010336562018628204e+00
2.016184618649673688e+00
2.015990855661817793e+00
2.016080821831588210e+00
2.016025539611550954e+00
2.016034961276071957e+00
1.972535030290326841e+00
1.972585874164586528e+00
1.980708450850242830e+00
1.980446105854108740e+00
1.980435950222352748e+00
2.021584767557945472e+00
2.015802780565659980e+00
2.018822746572150884e+00
2.018644833857375254e+00
2.017693645309023953e+00
2.018066778497794811e+00
2.018049219242406433e+00
2.018061621941906303e+00
2.018018752100348312e+00
2.015663694421930163e+00
2.011751469114881452e+00
2.012072355635522225e+00
2.001580041329364512e+00
2.001666984262318039e+00
2.001210016039440376e+00
2.001233338598055411e+00
2.001196656114458516e+00
1.991802208167331889e+00
1.992502199877721480e+00
2.019530276061730412e+00
2.019526450443061893e+00
2.017422435288466875e+00
2.017360006243054116e+00
2.030475639101688046e+00
2.034309789669451085e+00
2.033411384873183625e+00
2.033153065353110911e+00
2.033220446759456568e+00
2.032956644848373795e+00
2.032612889225737796e+00
2.101329246028169173e+00
2.101359607787169015e+00
2.101268584294983199e+00
2.101297438786929206e+00
2.090098736890464881e+00
2.157077186617715192e+00
2.157720656048533137e+00
2.170621924984464268e+00
2.173128110568520732e+00
2.176272703431479716e+00
2.176440810060758402e+00
2.176403154109292082e+00
2.176303504234465613e+00
2.176324012603291447e+00
2.175208176348820910e+00
2.175251687135371537e+00
2.175132497164228962e+00
2.175113355191833353e+00
2.175037438733446127e+00
2.174817587771816108e+00
2.175513800541450049e+00
2.175422298466589410e+00
2.175371906264810029e+00
2.157130459016276536e+00
2.157496168726318331e+00
2.157476535217166536e+00
2.157484705805653213e+00
2.157490402779663086e+00
2.302222867219639646e+00
2.302216450224397359e+00
2.305068700656965675e+00
2.305064730423676878e+00
2.501618205137250861e+00
2.487209337265867237e+00
2.544125313979527903e+00
2.543662915568950744e+00
2.544425784198867113e+00
2.544415955672983287e+00
2.544314425681816427e+00
2.544301596459671799e+00
2.543494693932018436e+00
2.540155266600434114e+00
2.540146095298196904e+00
2.540165400199017043e+00
2.540179157601747395e+00
2.615000070598183957e+00
2.615239111311894682e+00
2.600991301248386289e+00
2.526815788104264993e+00
2.657483476635498665e+00
2.657559139851429997e+00
2.657561118190946647e+00
2.658740277680208930e+00
2.658529873528565624e+00
2.658529139189420132e+00
2.661065999295066042e+00
2.659757121613393505e+00
2.659748295953627384e+00
2.659713657261526532e+00
2.659388919180999622e+00
2.659369361381549890e+00
2.659381444074650158e+00
2.659435147812304390e+00
2.657968672440904623e+00
2.658581739399990873e+00
2.659171631798750379e+00
2.658624832444558717e+00
2.658613587767669983e+00
2.799352706645751976e+00
2.799358677191539968e+00
2.799288238710385457e+00
2.799280606190173604e+00
2.799286503930801029e+00
2.799371432135594695e+00
2.799780175624875689e+00
2.799764367519790742e+00
2.799570304836924262e+00
2.799122987644841576e+00
2.799160059846680593e+00
2.799035124451155987e+00
2.799068929007303641e+00
2.798344261416389145e+00
2.809713622664300914e+00
2.810557277340092863e+00
3.005472109619076626e+00
3.005502524628962835e+00
3.003232746274727027e+00
3.003128290101102937e+00
3.003077987463415699e+00
3.003176137386474931e+00
3.002407704279317802e+00
3.002442502466122765e+00
3.002362470783553672e+00
3.002374060701031855e+00
3.002403882896920617e+00
3.002465798256403140e+00
3.102925425444913898e+00
3.103088324194606784e+00
3.103097561187103004e+00
3.103877092993091669e+00
3.111863280853513825e+00
3.111881208701218426e+00
3.065094680863567511e+00
3.069537850036856863e+00
3.077674547445644393e+00
3.092113098651435354e+00
3.092061935103143089e+00
3.092049099466355866e+00
3.092243633221424037e+00
3.092223358499091468e+00
3.092218113126059542e+00
3.092159051095467515e+00
3.092219082703242528e+00
3.087935588388545316e+00
3.087913846777767368e+00
3.088019536668511034e+00
3.087931239491234159e+00
3.087924179520515899e+00
3.105969212845462124e+00
3.105954024540892533e+00
3.105918930782381349e+00
3.088128722863133557e+00
3.088164269507656101e+00
3.151868343963664554e+00
3.158512797633986402e+00
3.158517620939914394e+00
3.158510174353677868e+00
3.158752490703063742e+00
3.149375841034424361e+00
3.146020139978264574e+00
3.145810131750204075e+00
3.145739214310236065e+00
3.145053647925421636e+00
3.145091874125592213e+00
3.145104112438788402e+00
3.132106937568539085e+00
3.131302299529112876e+00
3.131294372810287996e+00
3.131304088148169296e+00
3.131326216453607980e+00
3.131324016149798606e+00
3.131472159544927525e+00
3.144160137025224344e+00
3.144185511851342874e+00
3.113148091891372982e+00
3.123004060842112573e+00
3.115874492213341451e+00
3.112252796286723466e+00
3.112182539992860431e+00
3.112170126319715457e+00
3.094964303976481368e+00
3.094960209926236772e+00
3.094938504936652457e+00
3.094868375284040241e+00
3.094826764473210368e+00
3.094825006964682768e+00
3.094822669193712183e+00
3.094802317592918239e+00
3.094794180668699823e+00
3.094805019341717145e+00
3.047807101614611103e+00
3.033798138723676541e+00
3.036247272217566184e+00
3.036180236601593307e+00
3.036185536228386717e+00
3.036075367134773995e+00
3.036087479245146437e+00
3.035983195217963893e+00
3.035975408847277901e+00
3.035966165372999459e+00
3.035923178981661863e+00
3.035897897096248244e+00
3.036700381441134855e+00
3.036709259115236037e+00
3.036773999983852779e+00
3.180227924699446707e+00
3.180220798432709106e+00
3.161289429103092630e+00
3.161616135235190139e+00
3.162043238604574036e+00
3.162075057034311243e+00
3.162027031943729583e+00
3.162007041195266765e+00
3.162008452821420956e+00
3.161928333142356440e+00
3.161958485643034056e+00
3.161765275124186036e+00
3.161770799436746326e+00
3.161787009710868901e+00
3.161824352779464942e+00
3.161632876014002225e+00
3.161701549729926342e+00
3.185516094760128869e+00
3.185515059988179409e+00
3.184536415173716772e+00
3.458914462871625073e+00
3.458913343467769241e+00
3.458959793418264539e+00
3.458939430515577396e+00
3.222927967426576945e+00
3.466417396456181965e+00
3.466582697889541542e+00
3.466341508171435937e+00
3.466240118564345440e+00
3.466235789131635769e+00
3.466254687543815827e+00
3.466245391424601419e+00
3.466210558692362831e+00
3.475718616989364573e+00
3.475993706987171805e+00
3.478086452492393565e+00
3.478072466696018772e+00
3.478072124007721033e+00
3.478087035090870582e+00
3.479575692637301820e+00
3.472659807323700498e+00
3.472648529301602505e+00
3.472688837798941108e+00
3.472920996561959406e+00
3.472921355172603253e+00
3.472761461145850603e+00
3.472725391060502709e+00
3.472723680412257430e+00
3.472746810036731802e+00
3.472921089354777280e+00
3.472781894595125873e+00
3.472775111444867058e+00
3.472829220707799980e+00
3.473136861850900203e+00
3.483899915206901454e+00
3.483897109811707971e+00
3.483855881275418120e+00
3.483842928149557316e+00
3.483535744895918995e+00
3.483756716877550730e+00
3.633119704333370059e+00
3.633128393884215601e+00
3.811194500146545927e+00
3.811573854980350617e+00
3.809798896770661969e+00
3.809876113725810143e+00
3.809858572682594424e+00
3.783698291151921023e+00
3.783690678199121749e+00
3.775051267827761237e+00
3.775703272312332270e+00
3.775704578649377030e+00
3.775762822349622017e+00
3.783579563089929820e+00
3.783601769695030814e+00
3.783599742757258966e+00
3.785160714041089225e+00
3.776566028791404239e+00
3.776569148857272573e+00
3.778605820887521727e+00
3.778606339482430521e+00
3.778603958545399433e+00
3.778594574506523252e+00
3.778614004367310208e+00
3.778608220622430292e+00
3.778622015766566200e+00
3.778629150728936903e+00
3.786601337092178277e+00
3.786755228750014357e+00
3.786751009428370285e+00
3.786790796790371783e+00
3.786844243674239774e+00
3.786860974985418959e+00
3.786799220450184578e+00
3.786789166067092705e+00
3.787380640870108728e+00
3.787372036330532765e+00
3.787544860205942943e+00
3.776524143667550959e+00
3.776543138793026166e+00
3.776544641828914806e+00
3.776549887628963820e+00
3.776481747770431774e+00
3.961108109981940739e+00
3.961106471855424527e+00
3.961093960590323260e+00
3.961078773787874763e+00
3.961076133167159341e+00
3.957146462913408769e+00
3.957330922511582472e+00
3.957519231447180097e+00
4.096078512850002795e+00
4.095983907746727937e+00
4.096485322811703078e+00
4.096482302450704438e+00
4.096491732628798843e+00
4.096492579262978495e+00
4.096508633231380259e+00
4.225769170702710298e+00
4.234315704531774749e+00
4.235121531526136351e+00
4.232480836968519178e+00
4.232474193245423066e+00
4.232469086513958700e+00
4.252844729882264474e+00
4.252848005195780878e+00
4.252844935113681224e+00
4.252866396243484282e+00
4.252844072540977294e+00
4.252799528417114061e+00
4.240217626254278116e+00
4.240630211186686260e+00
4.247326193233335268e+00
4.247324061132077944e+00
4.247331039250036078e+00
4.247326163212002292e+00
4.247282563649939391e+00
4.247308609136389634e+00
4.229290212902993673e+00
4.229289113760143159e+00
4.229287698539224039e+00
4.229271971152254395e+00
4.229248965261215965e+00
4.229255710050501271e+00
4.230877631869809363e+00
4.230873683083997250e+00
4.230870285347092974e+00
4.231023882384320700e+00
4.227948197804687780e+00
4.227762990262364795e+00
4.228185826389602830e+00
4.228181693385239193e+00
4.228177379285248172e+00
4.228186522397130886e+00
4.216319085870086525e+00
4.216303368975955479e+00
4.216296805821716731e+00
4.216299780986234147e+00
4.216298625062272265e+00
4.216350587693676211e+00
4.219103005096543235e+00
4.219070400356002892e+00
4.218391714322191177e+00
4.218875147240805923e+00
4.218622860960760335e+00
4.270958133434326953e+00
4.270951170598444868e+00
4.270935649974300752e+00
4.270939058330533555e+00
4.274049339111358314e+00
4.277436831530337713e+00
4.275511485006098233e+00
4.275628840242543305e+00
4.274738314826337593e+00
4.273316535617363243e+00
4.273301896853730852e+00
4.307419760947419185e+00
4.307396439244705277e+00
4.307387930181035607e+00
4.307406170429017855e+00
4.307435198138746202e+00
4.307433485572809140e+00
4.307442874757862583e+00
4.308040900597038814e+00
4.308046109796403123e+00
4.308039016323096604e+00
4.308046381890959786e+00
4.396254307368098857e+00
4.394118983779272014e+00
4.394511774789992664e+00
4.394546263800190644e+00
4.394554564631586224e+00
4.394544489941193177e+00
4.394555305048248428e+00
4.394543189824643648e+00
4.394544625154482631e+00
4.394525280608475803e+00
4.394569785643539284e+00
4.394567222788558603e+00
4.394557173738807165e+00
4.393914214309701194e+00
4.402140337551490923e+00
4.402443821893927911e+00
4.402433757000620673e+00
4.403178403766190740e+00
4.403587743667382703e+00
4.403655486407234143e+00
4.404313527151434648e+00
4.404320371593751560e+00
4.405002658155864559e+00
4.405007030901907150e+00
4.405015601381690793e+00
4.405028600324794930e+00
4.400613445609227625e+00
4.400638178811588475e+00
4.400636493482970479e+00
4.420518134632484220e+00
4.420543643324741367e+00
4.420546938163410822e+00
4.420565359516095860e+00
4.420555349121178423e+00
4.420558059640158355e+00
4.420596222472044090e+00
4.420597322329170353e+00
4.420584086431813553e+00
4.420522649999115039e+00
4.420512759026788530e+00
4.420517401693312642e+00
4.528038284254609636e+00
4.528035120102356537e+00
4.528051840613741774e+00
4.528042481555474730e+00
4.529099220254024338e+00
4.529123121666230212e+00
4.529112287911233103e+00
4.529128791230562001e+00
4.529161451027687413e+00
4.499376529686117010e+00
4.486040741499147444e+00
4.616450388591497145e+00
4.616825361151450480e+00
4.616824170229222091e+00
4.616818860065145635e+00
4.774586686332214391e+00
4.774806012415370837e+00
4.774788568546315837e+00
4.774826820078568623e+00
4.774692123201655036e+00
4.774691283958741650e+00
4.774701915997929369e+00
4.776214044875807474e+00
4.775962171066536754e+00
4.775968298227256881e+00
4.776171470185633261e+00
4.776386249207367207e+00
4.776386796916099797e+00
4.776347374531905388e+00
4.776388821411544860e+00
4.776405518927261618e+00
4.776415465982773334e+00
4.776316912021581373e+00
4.776337820402702050e+00
4.776313205139152807e+00
4.776311051016758569e+00
4.776915453159035430e+00
4.776925757495209979e+00
4.776932402498323071e+00
4.858105776095090533e+00
4.858108537039242947e+00
4.858039847930005983e+00
4.858039639788405140e+00
4.858037682767248455e+00
4.858044608816208587e+00
4.858062569117618246e+00
4.858035034956576403e+00
4.858079664866904679e+00
4.833410744818972482e+00
4.833434140898351217e+00
4.757618593371891080e+00
4.757615221497483837e+00
4.757605137572086917e+00
4.861026938835498079e+00
4.860579505714985871e+00
4.860577927453514135e+00
4.860570822602776175e+00
4.860571732773071751e+00
4.860668947172748666e+00
4.860672614887858067e+00
4.860985780793177113e+00
4.860978500693259541e+00
4.861186944241453034e+00
4.861171497146914433e+00
4.861160683897808532e+00
4.861155321463648704e+00
4.861179426295010764e+00
4.862176487640406108e+00
4.862173981327681638e+00
4.862155815416192794e+00
4.862150235699059131e+00
4.862162751422293816e+00
4.860521568220034894e+00
4.959772573853818756e+00
4.960013808469891927e+00
4.962887068078874364e+00
4.962882469178003575e+00
4.962887792699675948e+00
4.963753019034222724e+00
4.963764228950085844e+00
4.963755244606363526e+00
4.963770725717123078e+00
4.963829515861334585e+00
4.963847943668289631e+00
4.962174930370612635e+00
4.962283623040051772e+00
4.962288740363068662e+00
4.962287146232628565e+00
4.962294553617747184e+00
4.964621423995472682e+00
4.964627755565102163e+00
4.964643351257899795e+00
4.964657399789778935e+00
4.964657529294655980e+00
4.963267795771137969e+00
4.963271866917816411e+00
4.961619088803002953e+00
4.961578165206232072e+00
4.962074303198753533e+00
4.961820203843100074e+00
4.961834356337686991e+00
4.961772549773247221e+00
4.961777099116760681e+00
4.962196275190353667e+00
4.986593390047281638e+00
4.986590452540903051e+00
4.986551400056687733e+00
4.986019137291355818e+00
4.986022189452071096e+00
4.987644788405746432e+00
4.987922967228656468e+00
4.987923664851693140e+00
4.987921293185008764e+00
4.987931067502062277e+00
4.987950598992798135e+00
4.988037316522105691e+00
4.988063781839612965e+00
4.988103682719744469e+00
4.988027953092724509e+00
5.138298700080013326e+00
5.138256268157915585e+00
5.138264351958742537e+00
5.138262917400977514e+00
5.138897378242525349e+00
5.141769524735884112e+00
5.141697058215377147e+00
5.141417095865419284e+00
5.141429340707899698e+00
5.141231274538990981e+00
5.141231855410974383e+00
5.141242457115640541e+00
5.141069155117288680e+00
5.141071231962106580e+00
5.141077078360011043e+00
5.141089337741018284e+00
5.141084448309893418e+00
5.141276007392280079e+00
5.269458441831718964e+00
5.269539992561161235e+00
5.269546803220332087e+00
5.269522406297983075e+00
5.269623075472347651e+00
5.269619910555743303e+00
5.318762166432260408e+00
5.318740134313376444e+00
5.318729102339465165e+00
5.318713768632436611e+00
5.508622898668591894e+00
5.508623805625222580e+00
5.508623302814780409e+00
5.508622830421431082e+00
5.508706574736915940e+00
5.508642950725698206e+00
5.676375639283743446e+00
5.676372531659481524e+00
5.675550328506866471e+00
5.673950965823720161e+00
5.671404768932324814e+00
5.671392251398933659e+00
5.671392088242320106e+00
5.671393319031281521e+00
5.671400176081279554e+00
5.671356602264346236e+00
5.671357212477766474e+00
5.671140659607530665e+00
5.671139973014645008e+00
5.671305166725497671e+00
5.671291901463544782e+00
5.671293197845370671e+00
5.671350829523407633e+00
5.671379155014990125e+00
5.671375571157953210e+00
5.671366605522019988e+00
5.671365667565979152e+00
5.675482564304330069e+00
5.675489330288733036e+00
5.675491732700883141e+00
5.675496300839926178e+00
5.675498913129302103e+00
5.675495018751699483e+00
5.675496366601541887e+00
5.707437186620986758e+00
5.711379369350352952e+00
5.711383396743315188e+00
5.711008425744935835e+00
5.710997210475679431e+00
5.710995058905124822e+00
5.711017487729966646e+00
5.711019426939499155e+00
5.710956629092795112e+00
5.716009709054062249e+00
5.715987710813501543e+00
5.715766352845768949e+00
5.715606852419647055e+00
5.715705882906041424e+00
5.715655059251581349e+00
5.715611032355747412e+00
5.715622020693695404e+00
5.715554950779536014e+00
5.715510052760031989e+00
5.715472792365365429e+00
5.712132391807368315e+00
5.712126443688291921e+00
5.712121318509542967e+00
5.712122724489751668e+00
5.712098600771673418e+00
5.712091474039212358e+00
5.712091467924382826e+00
5.711631368457561031e+00
5.711625297488359898e+00
5.723140973668202847e+00
5.723129307509008612e+00
5.723129064923288212e+00
5.723112027443313821e+00
5.723085161995932424e+00
5.723088499990513611e+00
5.723667013233145973e+00
5.723902178416694575e+00
5.723899807178914223e+00
5.722950773581594319e+00
5.722935713179545303e+00
5.721128270232742175e+00
5.721114853594190031e+00
5.721281903332650742e+00
5.721268096591902719e+00
5.721293589281427394e+00
5.721251858551492653e+00
5.721243257519551761e+00
5.721422664118321677e+00
5.733199672543822345e+00
5.733190034637949850e+00
5.733186667779589740e+00
5.733186706500550400e+00
5.733181234510821511e+00
5.733185590919072538e+00
5.733194791558108072e+00
5.733213899811146597e+00
5.733213031239782431e+00
5.855579507786088378e+00
5.740087998825146975e+00
5.740086808883361869e+00
5.740100966379523939e+00
5.740046965011836200e+00
5.740021879302366514e+00
5.740011881078091349e+00
5.740043738096518133e+00
5.740055054093135212e+00
5.740071985843361979e+00
5.740219687750523825e+00
5.740215619395978131e+00
5.740274212728011527e+00
5.740273030174219748e+00
5.740277523958503991e+00
5.740275866605012212e+00
5.740273417257047761e+00
5.740297440874466695e+00
5.740295548124226599e+00
5.740183675260117191e+00
5.740171804691851065e+00
5.740313936573535614e+00
5.740311566837863921e+00
5.740544822246967271e+00
5.740536277355760220e+00
