# 2*np.log[MAD(r)] for 100 flights; 1000 steps per flight; run 33 of 50; mu: 1.50; seed: 32
-2.047349845892463449e+01
-1.897162665957118577e+01
-1.750525404438052135e+01
-1.587183188723949279e+01
-1.477103326873680800e+01
-1.425842940843811490e+01
-1.407912401975205263e+01
-1.362216952496724254e+01
-1.314412528741043218e+01
-1.277183581343627239e+01
-1.257144146178464084e+01
-1.202773898164287480e+01
-1.126355404811390848e+01
-1.051308241806917820e+01
-1.004394373333892432e+01
-9.929366222135341147e+00
-9.177107594146916014e+00
-9.178695601208081811e+00
-9.220527598182371776e+00
-9.267741863018169823e+00
-8.593224587711352669e+00
-8.598899371591823382e+00
-8.411175118837922682e+00
-8.255668631672140378e+00
-8.318916011858421555e+00
-8.339152952953794440e+00
-8.335733042787779823e+00
-8.331188047843413713e+00
-8.297758629769797167e+00
-8.024867918523490573e+00
-8.307414604164399918e+00
-8.051692467119352159e+00
-8.052306521078639534e+00
-7.852560078493371343e+00
-7.641857821912407367e+00
-7.664189776857674552e+00
-7.571892542385209701e+00
-7.458875624744806032e+00
-7.455973005591475911e+00
-7.434545221275247862e+00
-7.361615663700044720e+00
-7.189874072965733554e+00
-7.227000985864086680e+00
-7.304565278214490753e+00
-7.046281515134081630e+00
-7.027580032014968836e+00
-6.865394280877987754e+00
-6.653361263031858819e+00
-6.651844615153115647e+00
-6.619728491191540165e+00
-6.677252153321330930e+00
-6.726065128877785071e+00
-6.624363967244402573e+00
-6.531605537090662494e+00
-6.546853085160933894e+00
-6.446670399010928421e+00
-6.439081325219327745e+00
-6.399383150321406255e+00
-6.212334066575841085e+00
-6.250375481688698720e+00
-6.030511281442101357e+00
-6.027456105254098695e+00
-6.016567205396514240e+00
-5.798766044512576379e+00
-5.802105609449578871e+00
-5.647727829896268759e+00
-5.692274493733638252e+00
-5.683875917290389879e+00
-5.647643501382457742e+00
-5.486389867987549351e+00
-5.453466046802292411e+00
-5.445810971547479618e+00
-5.411930278617114176e+00
-5.410247491932983266e+00
-5.401851243828476257e+00
-5.296987858836923024e+00
-4.873582365108680925e+00
-4.489591677433251604e+00
-4.447119845187612164e+00
-4.450277146909815684e+00
-4.495516398405980496e+00
-4.188045475011125340e+00
-4.190703664667806194e+00
-4.190191253935739546e+00
-4.021044238902858226e+00
-3.939237122104580990e+00
-3.931192846778432948e+00
-3.929280263824345365e+00
-3.946163502974964210e+00
-3.909455752371606252e+00
-3.909770965355394257e+00
-3.909372710399980022e+00
-3.909793429329528891e+00
-3.908800786581485109e+00
-3.909388997488129291e+00
-3.931774849448113507e+00
-3.932474493769975599e+00
-3.848989028556894620e+00
-3.848896852620886211e+00
-3.686694540335623493e+00
-3.687311499802550241e+00
-3.510943834995235768e+00
-3.308707986715107019e+00
-3.308468249678712780e+00
-3.357360202043274455e+00
-3.359655762013905811e+00
-3.019663265070568592e+00
-3.020470636301640699e+00
-3.013063739719541445e+00
-2.714958336278230355e+00
-2.719948199552027379e+00
-2.738762252124877339e+00
-2.730258077283548079e+00
-2.686569353517922920e+00
-2.594676915060742939e+00
-2.601515110154422494e+00
-2.283496898939193720e+00
-2.284673253154303030e+00
-2.289378805664274985e+00
-2.289314875220933132e+00
-2.046561994955983010e+00
-1.931955884329395579e+00
-1.944116177256715039e+00
-1.797867364707375515e+00
-1.797820067606635375e+00
-1.785775523058058534e+00
-1.786206210428471941e+00
-1.786313576008370818e+00
-1.787517164238445755e+00
-1.788019054945294117e+00
-1.787966806749247128e+00
-1.788890813606989871e+00
-1.787659890390704165e+00
-1.709271867164606773e+00
-1.707911062239876765e+00
-1.703521877849375254e+00
-1.703608712576542006e+00
-1.703452705160022340e+00
-1.715110389448058825e+00
-1.714567417202366606e+00
-1.717182308852884143e+00
-1.717226703753232275e+00
-1.711210070243889714e+00
-1.700891564164738634e+00
-1.495619797611130508e+00
-1.495289771305162496e+00
-1.495430686435796463e+00
-1.484449819246846936e+00
-1.484373553046807404e+00
-1.485743874472641002e+00
-1.316791511184462360e+00
-1.314696879652890393e+00
-1.267586105586460343e+00
-1.118776044614170351e+00
-1.104466632327543163e+00
-1.105028172679018983e+00
-1.105231316579145417e+00
-1.114585004236071208e+00
-8.195749022024766406e-01
-6.246926914876235193e-01
-6.250929305540932068e-01
-5.684862554812784019e-01
-5.243592637150171765e-01
-5.315801244943950676e-01
-5.677213942441300398e-01
-5.243033843510461756e-01
-5.244666171576408686e-01
-4.152214018536292128e-01
-2.466284680804313179e-01
-2.527939953492551739e-01
-2.521430754756299186e-01
-1.490518479333146906e-01
-1.491644270575338271e-01
-1.494736878206363861e-01
-1.492786322884439576e-01
-1.491115301501157453e-01
-1.087699054523386250e-01
-1.134321987789104619e-01
-9.969779976093608165e-02
-9.975973559529373313e-02
-9.976416105394825262e-02
-9.995986271983313409e-02
-1.000328865119642502e-01
-9.832188776288876275e-02
-9.107427912323139141e-02
-9.115797164821265453e-02
-1.211587315357839575e-02
-1.104565517275256717e-02
-1.104630893701217913e-02
-1.107665421205459091e-02
-1.491519852366137398e-02
-1.382403030099467814e-02
-1.396583715851328067e-02
-1.729221217852394687e-02
-1.731277343847151609e-02
-1.736231613389758663e-02
-1.916083657552459033e-02
-2.231485334253651212e-02
-2.238551282483958876e-02
-2.565086783258182374e-02
-2.909270476589310636e-02
1.106157318791869265e-02
9.572372021099205541e-02
1.038265860742944718e-01
1.408708138741580351e-01
1.404499830170704844e-01
1.404316953402772739e-01
1.684280626809051828e-01
1.684097668352127486e-01
3.838754070798910956e-01
3.838792871256518913e-01
3.841457245428716027e-01
3.839581072658055927e-01
3.838958647326981000e-01
3.851690734155936990e-01
4.454171266385642536e-01
4.433872292648928792e-01
4.432394240465736823e-01
3.955758656887964353e-01
5.958870862369262111e-01
5.958964338014656192e-01
5.959621641808990899e-01
5.963083479296328315e-01
5.963096824144329400e-01
5.817227644747376969e-01
5.817153268559772661e-01
5.816772503565112995e-01
5.818658457831651365e-01
5.716360532359600066e-01
5.717971595564709242e-01
5.719561250594381585e-01
5.709192611519635641e-01
5.708885264445597851e-01
7.457598911251940299e-01
8.068187457968175602e-01
8.318659068663620815e-01
8.276721827707302914e-01
8.276497312810812135e-01
8.278025363645237222e-01
8.866905500906472337e-01
8.867354908468345620e-01
8.868034022432290664e-01
8.868575126810357423e-01
1.042338906333666548e+00
1.042511145418614671e+00
1.042670468273749096e+00
1.038825192928142682e+00
1.038775639839894849e+00
1.028387981573935628e+00
1.028384494803445293e+00
1.028310469150504725e+00
1.028398270450214813e+00
1.028750234367295846e+00
1.028769082304514360e+00
1.028580850655091750e+00
1.039448378134895767e+00
1.039418724968349084e+00
1.040619944143723163e+00
1.040606020936085896e+00
1.040467505727442399e+00
1.062711592379786962e+00
1.062731751089705412e+00
1.044233524613287223e+00
1.043787895227715978e+00
1.152452028372881188e+00
1.152696574911663996e+00
1.145681372634368866e+00
1.145761338221882530e+00
1.145676036653857643e+00
1.151098068515069128e+00
1.151283547567713894e+00
1.151231772110960394e+00
1.150666048775460748e+00
1.150649396002766833e+00
1.150791295874426634e+00
1.150821329721809949e+00
1.150885476247682560e+00
1.180852760197137030e+00
1.180792001057638929e+00
1.180805457265581504e+00
1.180269624788133909e+00
1.180099898044013385e+00
1.179674706323892375e+00
1.179507579390067340e+00
1.202514127797975396e+00
1.203085060922986393e+00
1.253395173627631420e+00
1.271967526570099816e+00
1.271972685098626377e+00
1.278477336999537028e+00
1.279662915634354414e+00
1.277685853937612581e+00
1.277616786809677496e+00
1.277668302850252458e+00
1.277679607861256672e+00
1.277672294205592474e+00
1.278843057634749369e+00
1.279617676925432157e+00
1.278259325309470285e+00
1.278243452688313742e+00
1.274556505735335188e+00
1.274635651754684407e+00
1.274710061501511893e+00
1.274728375526404278e+00
1.283502854202363430e+00
1.283394171524477878e+00
1.283383383099087949e+00
1.283331002755329520e+00
1.282029822141921516e+00
1.328699527074718167e+00
1.405567709912685537e+00
1.405250332910832123e+00
1.406327100534134678e+00
1.405200402007753313e+00
1.405210124288182483e+00
1.405272122022315440e+00
1.405223077340354010e+00
1.405367710406760562e+00
1.403061122037970065e+00
1.403069307147953415e+00
1.405603136765686267e+00
1.405639526724418387e+00
1.405529570535726691e+00
1.405559870749944595e+00
1.405609675859719854e+00
1.459595546656818899e+00
1.459281741716808245e+00
1.459407077336745351e+00
1.459408476798994103e+00
1.459812326835299157e+00
1.459844650493272056e+00
1.459872936795636456e+00
1.459813705466945111e+00
1.459707121433202692e+00
1.459704569293734044e+00
1.458665084153706548e+00
1.458674206217360325e+00
1.458643209872535484e+00
1.518919634348282921e+00
1.518969662452686720e+00
1.518949503246068256e+00
1.518985597575191360e+00
1.518990275333030215e+00
1.519045457091908524e+00
1.519091306833646016e+00
1.519066854134601963e+00
1.520207676737832081e+00
1.508396803009883547e+00
1.507310661618645131e+00
1.495734617074254480e+00
1.495557857739274521e+00
1.484361800359054628e+00
1.570701128793525525e+00
1.572134511113102873e+00
1.572539238336379652e+00
1.572584918629679196e+00
1.572928557936904115e+00
1.572939146279858980e+00
1.572807608315164529e+00
1.572802375741155112e+00
1.573664694774125739e+00
1.573419076729695387e+00
1.573339809395887245e+00
1.573402685330438810e+00
1.573646368568624165e+00
1.552327958681179787e+00
1.552343591514375287e+00
1.552476293892839143e+00
1.553097080976764577e+00
1.552999900094960806e+00
1.553080647993736019e+00
1.552407112708400927e+00
1.544454974545454329e+00
1.544677917356265917e+00
1.544631337570655072e+00
1.521524561729178160e+00
1.521520995885209171e+00
1.521508977512979532e+00
1.521504050831273824e+00
1.521559155066379843e+00
1.521675427741933317e+00
1.521879354672514228e+00
1.521940094713358116e+00
1.521826095913940469e+00
1.527950733244282766e+00
1.527966984965459352e+00
1.527946905736406569e+00
1.528006377471050614e+00
1.528155067777116738e+00
1.528093602030587972e+00
1.528289274680394438e+00
1.528238577803402221e+00
1.528183333319541592e+00
1.528212616225851361e+00
1.528172929240336542e+00
1.529915759504427930e+00
1.529848890736101197e+00
1.529641855242586113e+00
1.529317702619718444e+00
1.529292331615922595e+00
1.553125235985711283e+00
1.484417059765557489e+00
1.727240377596705123e+00
1.727337412024985142e+00
1.727412749223587785e+00
1.727348706883126583e+00
1.819608465295121436e+00
1.819656895639132355e+00
1.819873689521843252e+00
1.819789872998748503e+00
1.819247699382872785e+00
1.828629465254931974e+00
1.828841463846725190e+00
1.828704990297254751e+00
1.827677078700951530e+00
1.858799241518126255e+00
1.858838004673617705e+00
1.956892060812240208e+00
1.956893135377584692e+00
2.118802956873712784e+00
2.118778875170748144e+00
2.118780585791735671e+00
2.118493683334449873e+00
2.118486903634861918e+00
2.157194043731244903e+00
2.157296837242312026e+00
2.145918972158560312e+00
2.310648377411320453e+00
2.421989916352819794e+00
2.423425995065054295e+00
2.423369783906133890e+00
2.423366081047931164e+00
2.423358111435158779e+00
2.423433614187467722e+00
2.422819253745160051e+00
2.422834311660810869e+00
2.422735399807572243e+00
2.422751105684571638e+00
2.422840667549746030e+00
2.422856501931180961e+00
2.422859738020136433e+00
2.422942981106848581e+00
2.422940932940288672e+00
2.422899205519391419e+00
2.424299214138813330e+00
2.424274984522723830e+00
2.424309064905642686e+00
2.404295893839345499e+00
2.404311651104798830e+00
2.403627430928962028e+00
2.403618914483916846e+00
2.403624929555877809e+00
2.403652824447279013e+00
2.515531326264047518e+00
2.618848916610659217e+00
2.515793492149451804e+00
2.515443146606714642e+00
2.515563031159870899e+00
2.517773721239543239e+00
2.517811638169572763e+00
2.517843740845786549e+00
2.517863893357324745e+00
2.517620799099120177e+00
2.517630892741014037e+00
2.521290370501560574e+00
2.521418930148352278e+00
2.521273226641078669e+00
2.515449630920218116e+00
2.515469654333653438e+00
2.515483366779601937e+00
2.513953828204349872e+00
2.513960923080503118e+00
2.515419810576061010e+00
2.515441002476416443e+00
2.515415880339160193e+00
2.702533680995082399e+00
2.701543204210203442e+00
2.806266422997117704e+00
2.806261168037408993e+00
2.806021947135703520e+00
2.806038320142480558e+00
2.806085539519770577e+00
2.797514422512446863e+00
2.797366505757613808e+00
2.797366822470011893e+00
2.796851593748952869e+00
2.796918867450330914e+00
2.796413206573492793e+00
2.796429626371226274e+00
2.795031396700277782e+00
2.795081469801251384e+00
2.794544441817654157e+00
2.793782913140179236e+00
2.783575776770756072e+00
2.782462688886029767e+00
2.782524766015097573e+00
2.782484256753949392e+00
2.782482641021878589e+00
2.782756556158155092e+00
2.782530228323648380e+00
2.782569016154878394e+00
2.768643881569885945e+00
2.768560582780839496e+00
2.778526022397894923e+00
2.778396736761801211e+00
2.778400843890452609e+00
2.778395063111513075e+00
2.778659363390695081e+00
2.778563621395003569e+00
2.757141203418591591e+00
2.804960577096589081e+00
2.804919502211004723e+00
2.804910795684530278e+00
2.805013493980002881e+00
3.038462878460493677e+00
3.038469978668854932e+00
3.370879157266165382e+00
3.386541951343781776e+00
3.386609260514549469e+00
3.386589521933792479e+00
3.386634347292360570e+00
3.385084795582204542e+00
3.385091803525649645e+00
3.384579157213373435e+00
3.424973937950415603e+00
3.425141236808509237e+00
3.399572682555832781e+00
3.399566961603503135e+00
3.399527624971748541e+00
3.399450387669664675e+00
3.400581828532518003e+00
3.400586546231718188e+00
3.400239584045816610e+00
3.400188491461757945e+00
3.400195520533650484e+00
3.400154776430932113e+00
3.410865201875330488e+00
3.407742239681142760e+00
3.406735017614687333e+00
3.406753720943213271e+00
3.406729829313860591e+00
3.406770012187340324e+00
3.406774618730333604e+00
3.406699551788691327e+00
3.404845501670330954e+00
3.404841381682849999e+00
3.404817050640124965e+00
3.404820068045151693e+00
3.404507181401757787e+00
3.404488547858730119e+00
3.404493685404417214e+00
3.365515730225136171e+00
3.365751652695441187e+00
3.349204313353554063e+00
3.349189699914051133e+00
3.350474682547405880e+00
3.350795372903719649e+00
3.350782870936228175e+00
3.351062399918454116e+00
3.350974639960839330e+00
3.350529076370776682e+00
3.350510262119496208e+00
3.350427201972150826e+00
3.350786615849720818e+00
3.366255434887642117e+00
3.484674208412203988e+00
3.510556780990537806e+00
3.511723601349542534e+00
3.511729966515670043e+00
3.511896057378140590e+00
3.511737232429846589e+00
3.511705459410724650e+00
3.511834730120834358e+00
3.511827024393892493e+00
3.485784491253651307e+00
3.485548190759321319e+00
3.485561718056730651e+00
3.485583647826204778e+00
3.485586868070458255e+00
3.485347609056384410e+00
3.485413874010955482e+00
3.485404080600593257e+00
3.485413154565403460e+00
3.596688366652553537e+00
3.596684510782012900e+00
3.596593531571703029e+00
3.596551957579096737e+00
3.596846229332733458e+00
3.596847416091843108e+00
3.596864849978915313e+00
3.596870713856189727e+00
3.596873360547135245e+00
3.596886393268878823e+00
3.596776776690927768e+00
3.596765916876216718e+00
3.603344649348720452e+00
3.603344566833787788e+00
3.603308417978236200e+00
3.603309633203892748e+00
3.603322861432679325e+00
3.603324885673444111e+00
3.603336780694879948e+00
3.603344040113190427e+00
3.603344761260511397e+00
3.603343689883944378e+00
3.603374967857032818e+00
3.603440536795363247e+00
3.603177585043329412e+00
3.603156002259421342e+00
3.603125698193637039e+00
3.603064528837776503e+00
3.601199409986689304e+00
3.601083244537522265e+00
3.601795594226893105e+00
3.601750908444622645e+00
3.575160013298384953e+00
3.567695176402970070e+00
3.567706999913039745e+00
3.570018697805505958e+00
3.570022613494696184e+00
3.580603155308008212e+00
3.580762560086321766e+00
3.580803573604545154e+00
3.580795949887802809e+00
3.580729578722914752e+00
3.580726726012739114e+00
3.580702820308867551e+00
3.538803166728347271e+00
3.538498684885795331e+00
3.537674219152120880e+00
3.537753560910708917e+00
3.537747101677005901e+00
3.537616397227695053e+00
3.732354179094109270e+00
3.744774342334220574e+00
3.746773473843075575e+00
3.746763440045667082e+00
3.746732398562374833e+00
3.746114230022751013e+00
3.746313304380279430e+00
3.746298431725407330e+00
3.968373325258728102e+00
3.968389599392671663e+00
3.968293771310498652e+00
3.968291050937222675e+00
4.065331516224846453e+00
4.065435341759276788e+00
4.065439447007131335e+00
4.177843461104871814e+00
4.177826322109778445e+00
4.178598902415362915e+00
4.171645962466764779e+00
4.171664466206216559e+00
4.171633768455332181e+00
4.171661457714919585e+00
4.171725476137051913e+00
4.432929291038124830e+00
4.432932649388166446e+00
4.432877555089286048e+00
4.432854106856866316e+00
4.432879354006390216e+00
4.432890501745021083e+00
4.432903736996529176e+00
4.664074903957663665e+00
4.664115905672702844e+00
4.664097993551531651e+00
4.664047078926069290e+00
4.663998997372534205e+00
4.664067331630258550e+00
4.649361361496185729e+00
4.649373143390713281e+00
4.649361920728861897e+00
4.649357992273888129e+00
4.649385835953674828e+00
4.649405500298811944e+00
4.649415492634632052e+00
4.649861203427658296e+00
4.639052856821983539e+00
4.639713005895680809e+00
4.638575040093638080e+00
4.638574520305398963e+00
4.638564262759612866e+00
4.638534543682640177e+00
4.638567363114938225e+00
4.638555756355549953e+00
4.638596564690189439e+00
4.638515989751385682e+00
4.638475767555703122e+00
4.637628623626536495e+00
4.637659614108975425e+00
4.637649710749895071e+00
4.637850427206510417e+00
4.637842131257344569e+00
4.637849791156292589e+00
4.637865726669520683e+00
4.637890414783608861e+00
4.637906026948359184e+00
4.637736190833698480e+00
4.637728590947334695e+00
4.637633467190766190e+00
4.637637067629081677e+00
4.637643062008872441e+00
4.637623157165885246e+00
4.671888384075051803e+00
4.671801484278738315e+00
4.668309933360117014e+00
4.668332071970159092e+00
4.668317967662952483e+00
4.668336014565083403e+00
4.747299213056182410e+00
4.747262499366135202e+00
4.747867576828916469e+00
4.747851870519757433e+00
4.747147574209272136e+00
4.822719601822674562e+00
4.822726375637438778e+00
4.822726873940577086e+00
4.822703507200525763e+00
4.822702543138227327e+00
4.822161867797970736e+00
4.822089014215715785e+00
4.947530717039747117e+00
4.947528307913559686e+00
4.947524980234941694e+00
4.947530318707347163e+00
4.947532211377122735e+00
4.947453002512019360e+00
4.947456263517095110e+00
4.947459448024341455e+00
4.947461990254946151e+00
4.947119117572659874e+00
4.947138687137243807e+00
4.947133700463258954e+00
4.947355260993425041e+00
4.950659600454728526e+00
4.950582142290949506e+00
4.950626335282922952e+00
4.950624981259196034e+00
4.950493769631041374e+00
4.950506423329535721e+00
4.950498916201985899e+00
4.950507668229014335e+00
4.950361627280839727e+00
4.950338460820072228e+00
4.950336000465994424e+00
4.950361232887076746e+00
4.950361284871306999e+00
5.118338892604908708e+00
5.096413009066023569e+00
5.096403897709171460e+00
5.096400204330507222e+00
5.096423819909835728e+00
5.096451461050355292e+00
5.096442798120613737e+00
5.095151543220171497e+00
5.095132421743262974e+00
5.095151757358562072e+00
5.095152665119796254e+00
5.098240587501031484e+00
5.098208879739950738e+00
5.098195406639576710e+00
5.098218398870151269e+00
5.098154927474408460e+00
5.097918892035416150e+00
5.097139783115654410e+00
5.097182041791570306e+00
5.097195511788057409e+00
5.097218772322645641e+00
5.097264007359976645e+00
5.092832970793165437e+00
5.092904412521632729e+00
5.092907222195164785e+00
5.092935294122538536e+00
5.092984875102819942e+00
5.092988529223265282e+00
5.092981703274744198e+00
5.092997154666962345e+00
5.093002497928386774e+00
5.107977358639458565e+00
5.313093698942051191e+00
5.313102448556273671e+00
5.312936247334433482e+00
5.485981045689076296e+00
5.485934829634220300e+00
5.485903609012312998e+00
5.485901964120693641e+00
5.486716095091479950e+00
5.486313867719983861e+00
5.486289754270340602e+00
5.486224089253685321e+00
5.486246190536820500e+00
5.486282318445283579e+00
5.473036983408234413e+00
5.473028169764529771e+00
5.484239400083810168e+00
5.484246433614540450e+00
5.484328787897799984e+00
5.560716657441655997e+00
5.560585050020439013e+00
5.560584558579064307e+00
5.560075358337115858e+00
5.561792175092186596e+00
5.561813763474250827e+00
5.561808635000959455e+00
5.562069297881898855e+00
5.562416701274325526e+00
5.562220344428961738e+00
5.562023750714311987e+00
5.546786716688664853e+00
5.546720765645457796e+00
5.546713248742292102e+00
5.546701738814181937e+00
5.546705592053818634e+00
5.557720903045439087e+00
5.558125420951896878e+00
5.558080417533188822e+00
5.558088695893999898e+00
5.556765044743323223e+00
5.556587562474913256e+00
5.556583554153526450e+00
5.571313897070590215e+00
5.579843533798374722e+00
5.579740200094646774e+00
5.579756696243610925e+00
5.579661002283585525e+00
5.592810793728858698e+00
5.592914799314149477e+00
5.592907316268965090e+00
5.592896692436605477e+00
5.592830477521963495e+00
5.592855758469267968e+00
5.773058072874515112e+00
5.773063736790732925e+00
5.773027678548124264e+00
5.753847028220847371e+00
5.753849818197982913e+00
5.753846510407315762e+00
5.753934251163072666e+00
5.753932500961521868e+00
5.972414538020835550e+00
5.972404709726609973e+00
5.972400513295055724e+00
5.972412118958431826e+00
5.972537981377461058e+00
5.972536913519525648e+00
5.972533767615348488e+00
5.972535938243058062e+00
5.972537592135162221e+00
5.972695149559649863e+00
5.972697393963843915e+00
5.972552352489731931e+00
5.972549678655164840e+00
5.972553929881550872e+00
5.972550468459885131e+00
5.976006572371059811e+00
5.971757111400325613e+00
5.972187436206367828e+00
5.972169838484526316e+00
5.972164499842556928e+00
5.972165055768084763e+00
5.793985499898753666e+00
5.793992031041810264e+00
5.794802755661117466e+00
5.794811003971872765e+00
5.795792946281998148e+00
5.795808082219684465e+00
5.790827118141015362e+00
5.790541100358702842e+00
5.790525484404382972e+00
5.791779830638001059e+00
5.791809767120216002e+00
5.791809022187372591e+00
5.786603701221377349e+00
5.786602249703864942e+00
5.782763177759982831e+00
5.782596279799121497e+00
5.782593187560656212e+00
5.782592522726116790e+00
5.782603174273729607e+00
5.782569264584206614e+00
5.782711106014643221e+00
5.782714443550450945e+00
5.782682140984586106e+00
5.781629533011947153e+00
5.781634168588459133e+00
5.781614091829673008e+00
5.781662313207308834e+00
5.781566822139667217e+00
5.781568746791039715e+00
5.781565935919667609e+00
5.781415482516881532e+00
5.781418125413305020e+00
5.781424633320922268e+00
5.781428653393482442e+00
5.781443384009902431e+00
5.781567396032212258e+00
5.781503781550393128e+00
5.781509783435338612e+00
5.781526955407311874e+00
5.781524599389918251e+00
5.781521252950965639e+00
5.781525631450808334e+00
5.781526758996553106e+00
5.781645599190479601e+00
5.781637446276081782e+00
5.781637105291609124e+00
5.781633573824670691e+00
5.781149373834863603e+00
5.781228327422575752e+00
5.781230459127389310e+00
5.778517943103444132e+00
5.778511604415827563e+00
5.778470705997428958e+00
5.778469619500842924e+00
5.972142840580504597e+00
5.972141767231073040e+00
5.972141534319453271e+00
5.972140203156125260e+00
5.972144336131866460e+00
6.109538891168233121e+00
6.117061516995441650e+00
6.117060750901353927e+00
6.117062174804054564e+00
6.117060181675082475e+00
6.117198684117724383e+00
6.117195937371747050e+00
6.117182330799913359e+00
6.117174782664959842e+00
6.117365887211307474e+00
6.117446177043601274e+00
6.117442503307190194e+00
6.114971742712456582e+00
6.246920315421027325e+00
6.246940056482634951e+00
6.255482277120633761e+00
6.255481328645326577e+00
6.255500422557360274e+00
6.255493740457883867e+00
6.255495204003282517e+00
6.255498596625295171e+00
6.255497700845742415e+00
6.255497784751510970e+00
6.255503428327986448e+00
6.255473946700070620e+00
6.255439108591146713e+00
6.255333629187727951e+00
6.255348530922009154e+00
6.255391193374302716e+00
6.255407674040835531e+00
6.255456293486299835e+00
6.255450223159334300e+00
6.255449209493583851e+00
6.255293072637343244e+00
6.255295366884910280e+00
6.255421476392649005e+00
6.372240146334096522e+00
6.372217390519200109e+00
6.372220948310528321e+00
6.372235524189199474e+00
6.372237370527257028e+00
6.372238329482060593e+00
6.372234962922902923e+00
6.372234784739532643e+00
6.372230544591776180e+00
6.372227326532853731e+00
6.372229419735712774e+00
6.372227883617739508e+00
6.372237730549883850e+00
6.372236014291435602e+00
6.371813274387401194e+00
6.371820033192366672e+00
6.371825947138181512e+00
6.371820749505340054e+00
6.372018698288330008e+00
6.372015391303303744e+00
6.372015106254369954e+00
6.372014450697013999e+00
6.372016802860010820e+00
6.372017836331346885e+00
6.372002033617595984e+00
6.497880069295637107e+00
6.497994246699822618e+00
6.498024599810420909e+00
6.498031673594625524e+00
6.498028562522435436e+00
6.498027486412428999e+00
6.498027153266614064e+00
6.479355579826458822e+00
6.479348264649534173e+00
6.479346626284321786e+00
6.479349571237589700e+00
6.479331709612705659e+00
6.479333441334103938e+00
6.479331862071730619e+00
6.479257998333454616e+00
6.479255410891795464e+00
6.479257037626255489e+00
6.479269471840106931e+00
6.479277346120655423e+00
6.478771389720520801e+00
