# 2*np.log[MAD(r)] for 100 flights; 1000 steps per flight; run 26 of 50; mu: 1.50; seed: 25
-2.008738961403396672e+01
-1.911829774366424672e+01
-1.774275670180159992e+01
-1.647531104766689580e+01
-1.584681121082787847e+01
-1.493034401526304755e+01
-1.479120584720456399e+01
-1.461256626835326067e+01
-1.363923436240436970e+01
-1.320775575030299898e+01
-1.260092055702333980e+01
-1.203127413095189979e+01
-1.160619669446283986e+01
-1.152125896359607715e+01
-1.131759486449954188e+01
-1.130350754107447742e+01
-1.119288949487312834e+01
-1.049244675196960408e+01
-1.045029429466875825e+01
-1.043267577981933059e+01
-9.596522951651735411e+00
-9.274628069276175779e+00
-8.943646807295971612e+00
-8.763834405242878489e+00
-8.419979932950075963e+00
-8.270374102125957805e+00
-8.275031836335106306e+00
-8.170515475433205665e+00
-8.195116368914904470e+00
-7.802892476705205915e+00
-7.603063435196677489e+00
-7.574710080157128544e+00
-7.586618631162610704e+00
-7.500456076282481455e+00
-7.169892485896387946e+00
-7.178687793884178880e+00
-6.965513698609521853e+00
-6.671881251708851046e+00
-6.620338602069252509e+00
-6.389809999423381903e+00
-6.395026863347814228e+00
-6.384306691487016572e+00
-6.337578144143530601e+00
-6.219430658404605516e+00
-6.216681329822110413e+00
-5.982494319051558485e+00
-5.998729723599278252e+00
-5.778080446217647825e+00
-5.751075120436482280e+00
-5.651159046384037765e+00
-5.660676224454886274e+00
-5.692664170557919512e+00
-5.757239575872894477e+00
-5.712614375631803298e+00
-5.663885470923487375e+00
-5.646733051986586815e+00
-5.642182336242803409e+00
-5.658547729529129988e+00
-5.659833225038143567e+00
-5.592534508008863980e+00
-5.615502408647557786e+00
-5.571996486010085015e+00
-5.569973269995250220e+00
-5.400843471992162748e+00
-5.446890979036093761e+00
-5.234233122020008011e+00
-5.233944857949841101e+00
-5.233488682175548412e+00
-5.071195011576405953e+00
-4.988439949112508209e+00
-4.994526015804376939e+00
-5.140309766491722776e+00
-5.092928589638747283e+00
-5.160319283372633237e+00
-4.975292450827320856e+00
-4.973373504404901446e+00
-4.885704829789706771e+00
-4.885509568769894173e+00
-4.720606404695077529e+00
-4.406217319955738176e+00
-4.410376081384532299e+00
-4.409103673030826620e+00
-4.120252119311869521e+00
-3.919354966659925221e+00
-3.921446389197135840e+00
-3.783165716144868629e+00
-3.786274150122015847e+00
-3.783006671836372625e+00
-3.796219815070299042e+00
-3.795065382525013575e+00
-3.794946068980717957e+00
-3.677200309942507239e+00
-3.663500593156791219e+00
-3.534718100373586136e+00
-3.554273380549518357e+00
-3.744200738891120928e+00
-3.441145659216667596e+00
-3.437068275673448969e+00
-3.433636469095290522e+00
-3.429035917394861688e+00
-3.152687881082977928e+00
-3.157246212573119326e+00
-2.908249182491468243e+00
-2.910392204726752308e+00
-2.676042066071510295e+00
-2.675916955363401684e+00
-2.669770044305751711e+00
-2.670815633103318376e+00
-2.671093248572370626e+00
-1.979740155131541224e+00
-1.999309788422064083e+00
-1.994453264702326756e+00
-1.990985003549381016e+00
-1.991243295828235560e+00
-1.990406301592748228e+00
-1.765950110798607753e+00
-1.765889588592898907e+00
-1.766016093013463850e+00
-1.774580070599938164e+00
-1.784063385827102222e+00
-1.641168399094281583e+00
-1.641216548379213602e+00
-1.505602521467800825e+00
-1.505642870518696830e+00
-1.505603385437201958e+00
-1.505926669920458760e+00
-1.506060299810289882e+00
-1.505496622857252831e+00
-1.505128249731836121e+00
-1.505763285447230038e+00
-1.505703086267543345e+00
-1.512650182150798495e+00
-1.310582998055111803e+00
-1.357995676765515025e+00
-1.148151425684809990e+00
-1.140476218122842944e+00
-1.281984776030839379e+00
-1.281957404103347908e+00
-1.282002138689474213e+00
-1.283814333310250078e+00
-1.295584872540723520e+00
-1.078923395239822280e+00
-1.083087701501548539e+00
-1.083066881448354613e+00
-1.074161958100895431e+00
-1.074044214343514936e+00
-1.074196957963289956e+00
-1.032858219174980885e+00
-1.032755014612948941e+00
-1.031395036645375907e+00
-1.030373007384737027e+00
-9.483344115457515988e-01
-9.490949266963272235e-01
-9.490778816538566476e-01
-9.501410811416972635e-01
-9.501932399791758188e-01
-8.228383174761756402e-01
-8.164406096106888722e-01
-8.164345966218835571e-01
-8.163637862308715798e-01
-7.326050481237369461e-01
-7.326154431094406005e-01
-7.327017713516441599e-01
-7.311960602876749205e-01
-5.842580959012382280e-01
-5.854615191581763467e-01
-5.853308023670860116e-01
-5.852388479552431688e-01
-5.852796656465644176e-01
-4.526080502111290982e-01
-4.816182647790050453e-01
-4.912221414940201591e-01
-4.820036497332291225e-01
-4.848276593131777834e-01
-4.781834252428747711e-01
-4.783066184624510941e-01
-3.521599001822409702e-01
-3.157068782468393509e-01
-3.154878106685679029e-01
-2.799823628212694815e-01
-2.799519212429085746e-01
-1.447959198276858594e-01
-1.450096209546747894e-01
-1.459235752028759658e-01
-1.485624489884877497e-01
-1.519491098317763411e-01
2.996059361745879654e-02
9.168150508316975922e-02
8.335014761047401799e-02
8.300614948115299374e-02
8.250592722224101006e-02
8.271838363933714522e-02
8.810754044630066117e-02
1.199631496624844196e-01
1.199006965474039149e-01
1.066093903608933968e-01
9.654555819987153953e-02
9.663027311848491896e-02
9.648781606112685760e-02
9.668507865090378295e-02
9.666784056359220556e-02
9.486106684578192449e-02
1.378964896979976706e-01
1.385717294572648417e-01
1.265658857393973658e-01
1.272494546722740261e-01
1.269293787302851195e-01
1.379375119559010099e-01
1.380163369684532515e-01
1.380416453830814738e-01
1.378908679049161701e-01
1.379106929476917598e-01
1.376200512554463795e-01
2.221460337314060951e-01
3.325202136184610135e-01
3.325912524989105834e-01
3.325738636073469756e-01
3.325636626020997966e-01
3.325787654429222528e-01
3.322477952479253038e-01
3.322391730463364889e-01
3.321104962614043199e-01
3.325643915268071127e-01
4.033415320654695213e-01
4.038518043660705437e-01
4.041188886083179055e-01
4.040622605561932645e-01
4.040451508205642472e-01
4.020665997173229478e-01
4.027474600145571348e-01
4.026406669397685212e-01
3.264832288135189886e-01
5.235292430111451178e-01
5.117242164941881999e-01
5.118145890721519375e-01
5.711468232422961533e-01
5.716904438724048632e-01
6.161120430057529518e-01
6.162958396829426588e-01
6.163312743126615478e-01
6.591525567546977493e-01
7.142990465817762313e-01
7.141050446194769918e-01
7.137455642224148633e-01
7.136572794651768747e-01
7.132477026568790901e-01
7.133889996614830586e-01
7.133690084309366464e-01
7.312595571740930778e-01
7.136204257043964327e-01
7.033750649046598413e-01
6.962332406632688597e-01
6.961444224853861051e-01
6.957962779040635093e-01
6.553180513996548218e-01
6.545222045005282263e-01
6.489517617916170655e-01
6.576775460864457967e-01
6.533375982121495396e-01
6.514561435951721213e-01
6.182953393846180035e-01
6.586859545295631335e-01
7.253285036670192865e-01
7.253928321039604388e-01
7.587505662421784036e-01
7.590842594859151804e-01
7.589675212351909561e-01
7.589366869991849285e-01
7.576200254163864001e-01
7.575240721196596638e-01
7.575442603440579736e-01
7.625381338286325583e-01
7.625274870378397907e-01
7.200624578453240776e-01
7.201866412159844133e-01
7.202414434898657403e-01
7.202871147139031649e-01
7.204049626828951114e-01
6.878796679341487863e-01
6.879710476507312489e-01
6.881223615739725519e-01
6.975618738637930916e-01
6.974055780329454501e-01
6.973690281610370745e-01
6.974082711186606609e-01
6.971611094465175462e-01
6.972521698442919469e-01
6.971639053770415373e-01
6.967019131047648139e-01
6.971571237084210892e-01
6.848293288112283772e-01
6.844083905726108252e-01
6.844009169945285409e-01
6.851188971204468237e-01
7.178574185527599738e-01
7.928644050147207745e-01
7.929109518534033230e-01
7.927314444589118603e-01
7.833132211761887342e-01
7.834398181662705074e-01
7.851892495915385739e-01
7.850969422267977116e-01
7.851301888314929922e-01
7.855791763246527948e-01
7.845598879633509659e-01
7.846464588227651804e-01
7.845374687436958983e-01
7.844049515616107193e-01
7.846410910614328715e-01
7.857671728924140453e-01
7.768923662103860428e-01
7.763869343818857738e-01
7.541825127879242530e-01
7.633333463242840677e-01
7.632692539329574144e-01
7.772933326699918988e-01
8.190661167763555461e-01
8.160585768690993280e-01
1.069746715014596061e+00
1.069750000043454330e+00
1.387501265618403368e+00
1.565241054671269172e+00
1.565229327490961664e+00
1.565029397889765361e+00
1.564163971200860148e+00
1.564101931443676818e+00
1.566172162313455019e+00
1.575926171515211305e+00
1.575851741692185115e+00
1.575688633379650483e+00
1.575719395391453226e+00
1.575487092322689575e+00
1.574242283417656152e+00
1.574579040728944834e+00
1.573071222809116820e+00
1.572665411649664335e+00
1.572591235991815273e+00
1.572598907547559266e+00
1.572523807105141280e+00
1.572441918892022672e+00
1.572355884715549434e+00
1.573900287617245208e+00
1.573920066543091911e+00
1.575566782921383080e+00
1.638439478500893109e+00
1.630146984888598327e+00
1.624431598394643128e+00
1.621913075490059475e+00
1.621889208143582728e+00
1.621872107935280694e+00
1.621936888024169132e+00
1.618270966252876031e+00
1.594281938873036930e+00
1.594256746619219456e+00
1.594301583571137382e+00
1.588349446989238745e+00
1.588342763479545949e+00
1.580853508774434646e+00
1.571930529879514982e+00
1.571954803968224512e+00
1.571771233417603941e+00
1.571550943569721026e+00
1.571282380837563331e+00
1.594130405662483208e+00
1.595054114745024787e+00
1.595022695768656407e+00
1.595084468178549431e+00
1.594628817028158174e+00
1.594615562384741114e+00
1.595100483151978388e+00
1.595007883843444052e+00
1.585593385120250609e+00
1.585600482840241465e+00
1.669917268769221641e+00
1.798171261714329727e+00
1.798566877916437878e+00
1.799393867386681389e+00
1.799353189549059984e+00
1.799296117869835454e+00
1.799160181096664202e+00
1.799429631747344382e+00
2.003422946527470661e+00
1.997909779602661473e+00
2.153727136968280664e+00
2.153944084961557870e+00
2.130217096171481472e+00
2.129905691552726577e+00
2.126283495175193217e+00
2.126414533298836229e+00
2.126435359737073316e+00
2.126406134565717476e+00
2.126351002655034517e+00
2.126402100975344212e+00
2.126431175737095725e+00
2.125893479480284398e+00
2.126072482828636812e+00
2.143481351670715185e+00
2.144781789789508508e+00
2.149478079486062843e+00
2.149386790252031609e+00
2.149348475124587932e+00
2.138973706592480539e+00
2.138993851069105112e+00
2.139038487949466827e+00
2.024337305843713075e+00
2.024369283880199877e+00
2.149775818453036003e+00
2.149832170311183788e+00
2.149889747278930674e+00
2.318416890002275466e+00
2.318767339172702613e+00
2.318720869615123803e+00
2.725287186673554629e+00
2.725015119634958793e+00
2.726871843111772886e+00
2.726852122793927080e+00
2.726827333784815899e+00
2.661285181774581954e+00
2.661277892938723522e+00
2.661237174704356612e+00
2.661489121029300797e+00
3.133253993064747611e+00
3.133250401618903780e+00
3.132770283013111445e+00
3.132775627858428003e+00
3.132764552422118154e+00
3.132841085451113283e+00
3.133067131674784012e+00
3.133057382728609230e+00
3.133072987392647502e+00
3.133061158579658390e+00
3.132301720989544958e+00
3.132474034293558418e+00
3.132530629698205171e+00
3.132495904487190508e+00
3.163054703829887071e+00
3.162532915083390961e+00
3.162536511014597540e+00
3.363914032619722327e+00
3.416312742890529108e+00
3.416313793711408753e+00
3.416345014465163921e+00
3.416335521922590601e+00
3.416336597621791871e+00
3.511160313763661556e+00
3.511152461064857011e+00
3.511149050212007516e+00
3.511164402413612162e+00
3.511154592010894859e+00
3.511154291401017424e+00
3.506099045198905362e+00
3.506181804928846457e+00
3.506200714172168276e+00
3.581006507261494498e+00
3.580983382482027189e+00
3.633332139655056636e+00
3.647861913285087354e+00
3.647877790177218582e+00
3.643578320404551096e+00
3.643591434791806360e+00
3.643683586901045768e+00
3.643569683933626457e+00
3.642370909054036598e+00
3.642283989930882981e+00
3.642289769856862591e+00
3.642382615069712060e+00
3.642384293077125523e+00
3.642638595827027537e+00
3.642654253800098552e+00
3.642599963862448220e+00
3.642591155259601976e+00
3.642622258986811357e+00
3.642636847833040203e+00
3.642654760233367206e+00
3.644671213353982253e+00
3.648686987121327885e+00
3.648692606695342011e+00
3.648693007688995404e+00
3.648974524101207262e+00
3.648923308839322921e+00
3.648909779778873208e+00
3.648915799887180178e+00
3.648582690162603726e+00
3.644470970099578544e+00
3.644845717643151239e+00
3.638879008039366703e+00
3.644786078969639131e+00
3.643108862849372631e+00
3.703720060140533565e+00
3.703842118717675991e+00
3.703745958487462353e+00
3.703717905761538809e+00
3.703698642918306749e+00
3.864707614169201388e+00
3.862904474807818733e+00
3.862869204335302786e+00
3.862774711711192133e+00
3.862830546073299232e+00
3.863406846961809915e+00
3.874925110291620012e+00
3.874812028361906524e+00
3.874784992440759801e+00
3.874836534160062129e+00
3.874842994990153944e+00
3.874835949150912118e+00
3.874920886681453069e+00
4.005297381079810037e+00
4.157409801025469420e+00
4.156034584335229098e+00
4.156035553753573808e+00
4.155814325181101054e+00
4.164613427608320428e+00
4.152845276225795246e+00
4.152469541246012419e+00
4.237929518639531601e+00
4.237910151711886009e+00
4.238506621734719815e+00
4.238502144224798762e+00
4.238481294304088820e+00
4.238516810784279443e+00
4.238437259926404188e+00
4.238424392966047449e+00
4.328108590323646254e+00
4.317581084620796261e+00
4.317582338762485428e+00
4.317587728990742058e+00
4.317614165516955538e+00
4.315985350277504295e+00
4.315982175930053621e+00
4.287749536524970040e+00
4.287148510878710184e+00
4.322983770927173452e+00
4.322986961233760361e+00
4.322973071344114793e+00
4.322969540930182042e+00
4.322973249864810796e+00
4.323005111618073215e+00
4.322933548051945074e+00
4.322927222335506414e+00
4.323537657378748733e+00
4.308936758810083312e+00
4.309027726794375290e+00
4.309028302863754156e+00
4.309030021903211605e+00
4.309057244037883372e+00
4.308885777385025762e+00
4.308809535458978601e+00
4.309820370708601800e+00
4.309827166033936230e+00
4.309797519087182671e+00
4.308188395044162178e+00
4.308185977122413135e+00
4.308187061775919702e+00
4.308331442026825719e+00
4.308332700072415200e+00
4.293773418055060631e+00
4.293861003402858145e+00
4.293878011844996401e+00
4.294505013714799979e+00
4.294390417344732036e+00
4.297703015631723744e+00
4.297704665392592993e+00
4.297706855222953592e+00
4.298447699272133882e+00
4.348804389367453282e+00
4.348804569180582114e+00
4.338437954250404793e+00
4.308652955906981497e+00
4.296614760283520518e+00
4.296595796804455247e+00
4.295081615912208051e+00
4.307395317774453503e+00
4.307390511096002683e+00
4.307392128719373936e+00
4.317078032321561842e+00
4.317077386883104495e+00
4.317071425407029928e+00
4.317483531263894392e+00
4.319672333916830809e+00
4.421487486149088042e+00
4.424865826158428384e+00
4.422970899499043540e+00
4.422967718790713931e+00
4.422811518300272304e+00
4.422864425835514091e+00
4.551750391664403317e+00
4.551813256070762925e+00
4.625817229712393619e+00
4.625821495576883713e+00
4.625828709301404551e+00
4.625931842054471943e+00
4.625937008030910569e+00
4.635635765866003233e+00
4.635197887572295450e+00
4.635175212914418807e+00
4.635197067070815358e+00
4.635228093609754296e+00
4.635234142464326190e+00
4.639112956333452331e+00
4.629651485984179082e+00
4.629409684567610483e+00
4.629415038990587483e+00
4.629478394078637038e+00
4.628892166011556952e+00
4.628893439967928458e+00
4.628860396632689778e+00
4.628903718543039503e+00
4.628730659554959104e+00
4.628724863377691179e+00
4.628804807630102047e+00
4.623406152806516900e+00
4.623405712024744929e+00
4.623401993835734025e+00
4.623391314337071734e+00
4.623389581861123254e+00
4.623409722938748523e+00
4.623683876157739903e+00
4.623685834763201719e+00
4.623582917013909110e+00
4.623593602528342394e+00
4.623643899830984338e+00
4.623331162596683974e+00
4.623320075838600829e+00
4.623318863273586210e+00
4.623475887125266581e+00
4.623477593945494846e+00
4.583937304477586849e+00
4.583938131133270311e+00
4.583937296233418834e+00
4.583574818519530858e+00
4.583558137031149116e+00
4.583507192900825977e+00
4.583586735171637727e+00
4.583583609061252950e+00
4.583081399768902386e+00
4.581025942181755184e+00
4.581027036392542939e+00
4.581044325387417793e+00
4.581138183842683453e+00
4.581090858450448167e+00
4.581208270987612963e+00
4.581180881961593343e+00
4.581202112310144514e+00
4.577515491151042504e+00
4.577510521496581219e+00
4.577518346028767837e+00
4.619115204565753530e+00
4.619142024716576422e+00
4.619174708350486824e+00
4.624206860560865273e+00
4.625266365892694687e+00
4.625255380562200536e+00
4.625152808942538663e+00
4.620826582322834497e+00
4.620833800557592852e+00
4.620837950216161616e+00
4.620896900603828072e+00
4.621455377836070078e+00
4.622053466236575758e+00
4.622052217288317166e+00
4.622053753714505220e+00
4.622125669055106911e+00
4.622212311506054050e+00
4.622238003225108471e+00
4.622212921576617006e+00
4.622210522352766304e+00
4.622215929632346842e+00
4.622196276731498799e+00
4.630818780673231494e+00
4.632138358167689596e+00
4.632136741092784504e+00
4.632135842167466322e+00
4.632141095088742944e+00
4.632128953853293929e+00
4.633780717974400609e+00
4.633779758155227135e+00
4.633901086285053594e+00
4.633756642277822912e+00
4.660282913206767574e+00
4.660143270332356202e+00
4.660166440844679236e+00
4.657465968271182533e+00
4.657465760627739648e+00
4.657451240153509531e+00
4.657459599822128204e+00
4.657459092834921321e+00
4.657929826064146184e+00
4.657894702572686008e+00
4.671344172299217057e+00
4.671270877480365513e+00
4.671231135698265646e+00
4.671228658933430644e+00
4.671226744520837748e+00
4.671226834281154261e+00
4.671225405359797911e+00
4.671224362963303456e+00
4.671230469989037459e+00
4.670879936181163039e+00
4.670873522838890679e+00
4.670866087848588144e+00
4.670869870326255224e+00
4.670898403073364236e+00
4.670893338800251371e+00
4.670883888674230100e+00
4.736949038236808462e+00
4.736941170557963154e+00
4.736926420627967538e+00
4.736907696626803776e+00
4.732706943203615957e+00
4.721293442148984276e+00
4.721306909167157784e+00
4.721082093838195881e+00
4.720781943194421792e+00
4.720786955726468115e+00
4.804089871129535005e+00
4.804072255741659525e+00
4.804057976200290625e+00
4.804249967831747625e+00
4.804225299404417449e+00
4.822776471630536577e+00
4.821941994679658450e+00
4.821930113796917716e+00
4.822018803323961045e+00
4.822026649458846848e+00
4.822038022201388330e+00
4.822024240016702379e+00
4.822036664505755965e+00
4.822000457355860803e+00
4.822256461565594954e+00
4.880061983808409387e+00
4.880064689040979786e+00
4.880063224767996033e+00
4.882865493373290455e+00
4.887134052480640811e+00
4.887105381469582177e+00
4.887077014382840368e+00
4.887038590431650675e+00
4.887017907829660501e+00
4.886985701162589457e+00
4.886644890996542756e+00
4.886649498711089556e+00
4.922879524267622209e+00
4.922611372511060956e+00
4.925218932174669106e+00
4.925170835167413941e+00
4.925171845101689705e+00
4.925179652657590168e+00
4.925452242966088079e+00
4.925414034764695081e+00
4.925406174420573713e+00
4.925405647384703656e+00
4.925479865160385273e+00
4.925454085826692641e+00
4.929855625484294457e+00
4.929862980777672377e+00
4.929815576837672353e+00
4.929693329580542738e+00
4.929697549624320274e+00
4.926624806903248555e+00
4.926628720554773189e+00
4.926623359977662098e+00
4.926781369520113252e+00
4.926744988841502249e+00
4.946013280204947016e+00
4.942150110840024091e+00
4.942146848874678255e+00
4.942122461259301325e+00
4.942133702971648113e+00
4.942134438922909823e+00
4.942198387189091768e+00
4.942186108446454007e+00
4.942174184517991620e+00
4.942170040507936513e+00
4.947414548934850664e+00
4.947430577148621111e+00
4.947921175667807425e+00
4.947920299328263383e+00
4.947915386413832550e+00
4.947914715445898892e+00
4.947921653450681134e+00
4.947931182041831910e+00
5.095393342293545125e+00
5.095398644533017496e+00
5.095325526173245301e+00
5.095306550875495333e+00
5.095780761863292874e+00
5.095777730499322367e+00
5.094741522709305137e+00
5.094755505614774194e+00
5.094757624427987963e+00
5.132374521147226254e+00
5.132369123302748193e+00
5.131623781776556648e+00
5.131807821385131696e+00
5.131808024116233824e+00
5.131037471762889268e+00
5.131069335769168127e+00
5.134962345981798570e+00
5.134930019743838336e+00
5.134934608106755505e+00
5.134908158391616517e+00
5.132693286688724932e+00
5.132692852037327391e+00
5.132625642500012297e+00
5.132614959803797561e+00
5.131510738731043908e+00
5.124277855253873248e+00
5.220136373093231974e+00
5.220148031700413860e+00
5.220158608812818457e+00
5.222546165346726887e+00
5.330023635473977173e+00
5.330024006467330544e+00
5.330027357486224915e+00
5.330031955509176633e+00
5.330027377988018955e+00
5.330038893908190190e+00
5.330040166065830753e+00
5.304274938033060494e+00
5.304269545383772488e+00
5.304268024141557625e+00
5.304271726646707208e+00
5.304303196509686735e+00
5.304374908870549632e+00
5.304410929205286784e+00
5.304444958460839743e+00
5.321154372061268845e+00
5.346498164916785534e+00
5.346498520427982903e+00
5.367184967238110005e+00
5.367128761423213490e+00
5.367132007684813466e+00
5.368599036865306928e+00
5.368601671704567480e+00
5.378579016803820778e+00
5.378577571515622324e+00
5.378575464499749437e+00
5.378580808071512287e+00
5.378587338251959338e+00
5.378519414891163031e+00
5.378531709153533846e+00
5.378535104428420865e+00
5.378539172070360586e+00
5.378535702642828653e+00
5.378535423136042048e+00
5.378527143164621549e+00
5.378519086039768915e+00
5.378493774929289373e+00
5.381065689636256977e+00
5.380903296644378386e+00
5.380916230745235396e+00
5.380916372399958902e+00
5.380945479819289723e+00
5.380957012281572638e+00
5.380964542831071284e+00
5.380971692294548525e+00
5.380963559730820300e+00
5.377364583762988204e+00
5.377357127992446806e+00
5.377380765819182784e+00
5.377349296229203546e+00
5.377094017640337675e+00
5.375623521580159547e+00
5.375621551656982966e+00
5.375660021800625188e+00
5.375637775716355371e+00
5.376028358252259665e+00
5.376029368253306018e+00
5.531999395164479694e+00
5.531999398907106347e+00
5.500895283066887131e+00
5.500915208258237321e+00
5.500933816016020828e+00
5.500947615924081546e+00
5.490048580346067908e+00
5.443777484721645799e+00
5.506630521590272664e+00
5.507910739755083718e+00
5.507784798550863670e+00
5.507847987697381598e+00
5.507846959636203188e+00
5.507847868897209231e+00
5.505625995174755261e+00
5.505625483329332326e+00
5.505627993827551414e+00
5.509226904234304278e+00
5.508549486747903678e+00
5.508568705673185129e+00
5.508548832299645426e+00
5.508563395598080170e+00
5.508546518891424881e+00
5.508538307591100747e+00
5.508500767876345350e+00
5.508427758405765040e+00
5.508428913959908968e+00
5.508389592556355296e+00
5.508352112020058478e+00
5.508358007047980287e+00
5.508248512724880364e+00
5.508347606763153159e+00
5.508352130201443764e+00
5.508366723028184531e+00
5.531391448144983514e+00
5.531375955793576438e+00
5.531368494909732370e+00
5.611147149235115705e+00
5.611159784724547350e+00
5.611156204516467128e+00
5.611146518021128848e+00
5.611124186704058658e+00
5.597727715449314800e+00
5.601382741287916467e+00
5.601382477241332758e+00
5.601429295662875063e+00
5.601396074519144008e+00
5.601375598311502557e+00
5.680954825527577690e+00
5.681041628877541605e+00
5.681024130570807351e+00
5.681017343709503287e+00
5.680428010596491717e+00
5.774395773605853321e+00
5.774510493006695278e+00
5.819379872247687935e+00
5.819180092550261030e+00
5.846775106135388533e+00
5.846797667970873746e+00
5.846869707004994865e+00
5.847001057499884524e+00
5.884858450904951077e+00
5.884771142151250523e+00
5.884779491214803926e+00
5.884773278623393722e+00
5.884891074649821086e+00
5.885016176016709011e+00
5.885018485364509999e+00
5.885016384282136137e+00
5.885034622136018356e+00
5.885033614286991899e+00
5.885034282231870861e+00
5.885026644401506246e+00
5.885025824309769504e+00
5.885010445170068216e+00
5.885009290289088923e+00
5.885016068303211334e+00
5.885016199607196796e+00
5.888106473221805359e+00
5.888105397922044126e+00
5.860525843923212186e+00
5.860530075197869948e+00
5.845599605746628846e+00
5.810289315627000128e+00
5.810609541494976327e+00
6.017807184961099232e+00
6.017808495239558297e+00
6.017835500045626951e+00
6.017836954329957244e+00
6.018146364769706658e+00
6.011509799384505470e+00
6.011507830767387262e+00
6.011545097332620102e+00
6.011532807234875264e+00
6.011485592048960491e+00
6.011485248627610467e+00
6.012354546480676021e+00
6.012349640277432350e+00
6.012352389911770345e+00
6.012353542640963333e+00
6.012354861732942091e+00
6.014941937413579964e+00
6.014953393768437628e+00
6.014930163982691980e+00
6.014890567158146517e+00
6.014752772508153988e+00
6.015063883467911765e+00
6.015060937687190190e+00
6.015098488636910545e+00
6.015054669632379003e+00
6.015170599773708382e+00
6.015180269283960435e+00
6.015234806301111625e+00
6.015262868530016682e+00
6.015174222124413106e+00
6.015378508594821483e+00
6.015353206699574962e+00
6.270313152748415497e+00
6.270322185945022220e+00
6.262027427532167678e+00
6.262028824488139023e+00
6.262054391184546986e+00
6.262050009209185752e+00
6.257013344255348386e+00
6.257012767018085064e+00
6.257094655509325420e+00
6.173660392112680029e+00
6.173649433090820260e+00
6.173650194868811170e+00
6.173670355659919728e+00
6.173767548972731944e+00
6.176137620161596509e+00
