# Mirror displacement [um] Raw intensity  Apodized intensity
-10.0	-0.79	-0.107
-9.95	-0.946	-0.131
-9.9	-0.244	-0.0344
-9.85	0.677	0.0973
-9.8	0.989	0.145
-9.75	0.401	0.0599
-9.7	-0.55	-0.0838
-9.65	-1.0	-0.156
-9.6	-0.544	-0.0861
-9.55	0.41	0.0661
-9.5	0.99	0.163
-9.45	0.675	0.113
-9.4	-0.25	-0.0426
-9.35	-0.953	-0.166
-9.3	-0.782	-0.139
-9.25	0.0899	0.0162
-9.2	0.887	0.163
-9.15	0.875	0.164
-9.1	0.0716	0.0137
-9.05	-0.799	-0.155
-9.0	-0.943	-0.187
-8.95	-0.232	-0.0468
-8.9	0.69	0.142
-8.85	0.98	0.205
-8.8	0.384	0.0816
-8.75	-0.563	-0.122
-8.7	-1.0	-0.221
-8.65	-0.526	-0.118
-8.6	0.423	0.0965
-8.55	0.984	0.228
-8.5	0.662	0.156
-8.45	-0.264	-0.0632
-8.4	-0.954	-0.233
-8.35	-0.766	-0.19
-8.3	0.114	0.0288
-8.25	0.886	0.227
-8.2	0.869	0.227
-8.15	0.0524	0.0139
-8.1	-0.809	-0.218
-8.05	-0.936	-0.256
-8.0	-0.215	-0.0597
-7.95	0.695	0.196
-7.9	0.976	0.28
-7.85	0.371	0.108
-7.8	-0.575	-0.17
-7.75	-1.0	-0.301
-7.7	-0.516	-0.158
-7.65	0.431	0.134
-7.6	0.995	0.313
-7.55	0.653	0.209
-7.5	-0.28	-0.0909
-7.45	-0.954	-0.314
-7.4	-0.763	-0.255
-7.35	0.126	0.0427
-7.3	0.901	0.31
-7.25	0.857	0.3
-7.2	0.0401	0.0142
-7.15	-0.817	-0.294
-7.1	-0.932	-0.34
-7.05	-0.198	-0.0733
-7.0	0.713	0.267
-6.95	0.979	0.373
-6.9	0.353	0.136
-6.85	-0.586	-0.229
-6.8	-1.0	-0.397
-6.75	-0.502	-0.202
-6.7	0.449	0.183
-6.65	0.991	0.409
-6.6	0.633	0.265
-6.55	-0.298	-0.126
-6.5	-0.963	-0.413
-6.45	-0.754	-0.328
-6.4	0.14	0.0616
-6.35	0.907	0.405
-6.3	0.848	0.383
-6.25	0.0279	0.0128
-6.2	-0.824	-0.382
-6.15	-0.927	-0.435
-6.1	-0.183	-0.087
-6.05	0.726	0.349
-6.0	0.971	0.473
-5.95	0.338	0.167
-5.9	-0.604	-0.301
-5.85	-0.995	-0.502
-5.8	-0.49	-0.25
-5.75	0.464	0.239
-5.7	0.996	0.52
-5.65	0.622	0.328
-5.6	-0.321	-0.171
-5.55	-0.965	-0.521
-5.5	-0.741	-0.405
-5.45	0.158	0.087
-5.4	0.915	0.51
-5.35	0.838	0.472
-5.3	0.00392	0.00223
-5.25	-0.84	-0.484
-5.2	-0.92	-0.535
-5.15	-0.173	-0.102
-5.1	0.731	0.435
-5.05	0.975	0.585
-5.0	0.324	0.196
-4.95	-0.615	-0.377
-4.9	-1.0	-0.619
-4.85	-0.474	-0.296
-4.8	0.48	0.303
-4.75	0.995	0.633
-4.7	0.607	0.39
-4.65	-0.327	-0.212
-4.6	-0.973	-0.637
-4.55	-0.73	-0.483
-4.5	0.175	0.117
-4.45	0.921	0.62
-4.4	0.834	0.566
-4.35	-0.0108	-0.0074
-4.3	-0.844	-0.583
-4.25	-0.907	-0.632
-4.2	-0.153	-0.108
-4.15	0.748	0.53
-4.1	0.967	0.691
-4.05	0.308	0.222
-4.0	-0.622	-0.452
-3.95	-0.995	-0.728
-3.9	-0.458	-0.338
-3.85	0.491	0.365
-3.8	0.998	0.747
-3.75	0.598	0.452
-3.7	-0.337	-0.256
-3.65	-0.97	-0.743
-3.6	-0.729	-0.562
-3.55	0.184	0.143
-3.5	0.924	0.723
-3.45	0.821	0.647
-3.4	-0.0262	-0.0208
-3.35	-0.852	-0.681
-3.3	-0.9	-0.724
-3.25	-0.139	-0.112
-3.2	0.753	0.613
-3.15	0.958	0.786
-3.1	0.295	0.243
-3.05	-0.641	-0.532
-3.0	-0.995	-0.831
-2.95	-0.454	-0.381
-2.9	0.5	0.423
-2.85	1.0	0.85
-2.8	0.586	0.501
-2.75	-0.359	-0.308
-2.7	-0.976	-0.844
-2.65	-0.711	-0.618
-2.6	0.2	0.175
-2.55	0.932	0.818
-2.5	0.814	0.718
-2.45	-0.041	-0.0364
-2.4	-0.863	-0.769
-2.35	-0.903	-0.808
-2.3	-0.118	-0.106
-2.25	0.768	0.694
-2.2	0.961	0.872
-2.15	0.285	0.26
-2.1	-0.65	-0.595
-2.05	-0.993	-0.913
-2.0	-0.429	-0.396
-1.95	0.518	0.48
-1.9	0.992	0.923
-1.85	0.574	0.536
-1.8	-0.375	-0.351
-1.75	-0.979	-0.92
-1.7	-0.696	-0.657
-1.65	0.214	0.203
-1.6	0.938	0.891
-1.55	0.805	0.768
-1.5	-0.0617	-0.059
-1.45	-0.869	-0.833
-1.4	-0.888	-0.854
-1.35	-0.103	-0.0997
-1.3	0.775	0.749
-1.25	0.954	0.924
-1.2	0.263	0.256
-1.15	-0.663	-0.646
-1.1	-0.991	-0.967
-1.05	-0.418	-0.409
-1.0	0.535	0.525
-0.95	0.995	0.978
-0.9	0.559	0.55
-0.85	-0.388	-0.382
-0.8	-0.978	-0.966
-0.75	-0.685	-0.677
-0.7	0.234	0.232
-0.65	0.945	0.937
-0.6	0.802	0.796
-0.55	-0.078	-0.0775
-0.5	-0.878	-0.874
-0.45	-0.882	-0.879
-0.4	-0.0909	-0.0906
-0.35	0.785	0.783
-0.3	0.95	0.948
-0.25	0.248	0.248
-0.2	-0.676	-0.676
-0.15	-0.987	-0.986
-0.1	-0.404	-0.404
-0.05	0.549	0.549
1.42e-13	0.998	0.998
0.05	0.543	0.543
0.1	-0.401	-0.4
0.15	-0.983	-0.982
0.2	-0.674	-0.673
0.25	0.249	0.248
0.3	0.943	0.941
0.35	0.785	0.783
0.4	-0.0901	-0.0899
0.45	-0.882	-0.878
0.5	-0.88	-0.876
0.55	-0.0757	-0.0753
0.6	0.794	0.788
0.65	0.942	0.934
0.7	0.233	0.231
0.75	-0.685	-0.678
0.8	-0.984	-0.971
0.85	-0.391	-0.385
0.9	0.554	0.545
0.95	0.999	0.981
1.0	0.529	0.518
1.05	-0.415	-0.406
1.1	-0.989	-0.966
1.15	-0.666	-0.649
1.2	0.261	0.254
1.25	0.952	0.923
1.3	0.778	0.752
1.35	-0.102	-0.0987
1.4	-0.89	-0.856
1.45	-0.87	-0.835
1.5	-0.0661	-0.0632
1.55	0.808	0.77
1.6	0.934	0.887
1.65	0.221	0.21
1.7	-0.693	-0.655
1.75	-0.974	-0.916
1.8	-0.377	-0.354
1.85	0.572	0.534
1.9	0.996	0.927
1.95	0.516	0.478
2.0	-0.435	-0.401
2.05	-0.996	-0.916
2.1	-0.646	-0.592
2.15	0.283	0.258
2.2	0.964	0.875
2.25	0.77	0.695
2.3	-0.118	-0.106
2.35	-0.9	-0.806
2.4	-0.861	-0.767
2.45	-0.0414	-0.0367
2.5	0.817	0.721
2.55	0.932	0.818
2.6	0.201	0.176
2.65	-0.71	-0.617
2.7	-0.981	-0.848
2.75	-0.36	-0.31
2.8	0.577	0.493
2.85	0.993	0.844
2.9	0.502	0.424
2.95	-0.442	-0.371
3.0	-0.992	-0.828
3.05	-0.639	-0.531
3.1	0.295	0.243
3.15	0.964	0.791
3.2	0.758	0.617
3.25	-0.134	-0.109
3.3	-0.9	-0.724
3.35	-0.849	-0.678
3.4	-0.0263	-0.0209
3.45	0.82	0.647
3.5	0.924	0.723
3.55	0.189	0.147
3.6	-0.721	-0.556
3.65	-0.977	-0.749
3.7	-0.343	-0.261
3.75	0.599	0.452
3.8	1.0	0.749
3.85	0.496	0.369
3.9	-0.458	-0.338
3.95	-0.994	-0.728
4.0	-0.629	-0.457
4.05	0.308	0.222
4.1	0.965	0.69
4.15	0.747	0.529
4.2	-0.156	-0.11
4.25	-0.915	-0.638
4.3	-0.842	-0.582
4.35	-0.012	-0.00824
4.4	0.828	0.562
4.45	0.916	0.616
4.5	0.178	0.119
4.55	-0.73	-0.483
4.6	-0.969	-0.634
4.65	-0.327	-0.212
4.7	0.613	0.394
4.75	0.997	0.635
4.8	0.474	0.299
4.85	-0.471	-0.294
4.9	-0.997	-0.617
4.95	-0.613	-0.376
5.0	0.322	0.195
5.05	0.968	0.582
5.1	0.736	0.437
5.15	-0.166	-0.0975
5.2	-0.919	-0.535
5.25	-0.838	-0.483
5.3	0.00695	0.00396
5.35	0.842	0.475
5.4	0.92	0.513
5.45	0.157	0.0869
5.5	-0.738	-0.403
5.55	-0.969	-0.523
5.6	-0.313	-0.167
5.65	0.626	0.331
5.7	0.991	0.518
5.75	0.466	0.241
5.8	-0.484	-0.247
5.85	-1.0	-0.504
5.9	-0.598	-0.298
5.95	0.345	0.17
6.0	0.976	0.475
6.05	0.72	0.346
6.1	-0.183	-0.087
6.15	-0.919	-0.432
6.2	-0.827	-0.384
6.25	0.0266	0.0122
6.3	0.853	0.386
6.35	0.906	0.404
6.4	0.139	0.0612
6.45	-0.751	-0.327
6.5	-0.968	-0.416
6.55	-0.3	-0.127
6.6	0.631	0.264
6.65	0.993	0.41
6.7	0.446	0.182
6.75	-0.503	-0.202
6.8	-0.997	-0.396
6.85	-0.595	-0.233
6.9	0.354	0.137
6.95	0.974	0.371
7.0	0.717	0.269
7.05	-0.2	-0.0738
7.1	-0.931	-0.34
7.15	-0.818	-0.294
7.2	0.0365	0.0129
7.25	0.855	0.299
7.3	0.898	0.309
7.35	0.126	0.0426
7.4	-0.766	-0.256
7.45	-0.964	-0.318
7.5	-0.286	-0.0928
7.55	0.651	0.208
7.6	0.991	0.312
7.65	0.433	0.134
7.7	-0.509	-0.156
7.75	-1.0	-0.301
7.8	-0.579	-0.172
7.85	0.362	0.106
7.9	0.978	0.281
7.95	0.695	0.196
8.0	-0.215	-0.0598
8.05	-0.938	-0.257
8.1	-0.805	-0.217
8.15	0.0599	0.0159
8.2	0.865	0.225
8.25	0.892	0.229
8.3	0.111	0.028
8.35	-0.772	-0.192
8.4	-0.949	-0.232
8.45	-0.268	-0.0642
8.5	0.665	0.157
8.55	0.99	0.229
8.6	0.417	0.0951
8.65	-0.524	-0.117
8.7	-0.999	-0.22
8.75	-0.563	-0.122
8.8	0.386	0.0821
8.85	0.98	0.205
8.9	0.691	0.142
8.95	-0.234	-0.0472
9.0	-0.944	-0.187
9.05	-0.797	-0.155
9.1	0.0745	0.0142
9.15	0.874	0.164
9.2	0.886	0.163
9.25	0.0982	0.0177
9.3	-0.791	-0.14
9.35	-0.952	-0.166
9.4	-0.252	-0.043
9.45	0.67	0.112
9.5	0.985	0.162
9.55	0.409	0.0659
9.6	-0.539	-0.0853
9.65	-0.999	-0.155
9.7	-0.546	-0.0831
9.75	0.403	0.0601
9.8	0.985	0.144
9.85	0.674	0.0968
9.9	-0.238	-0.0335
9.95	-0.946	-0.131
