# Mirror displacement [um] Raw intensity  Apodized intensity
-10.0	0.0627	0.0
-9.95	-0.462	-0.00231
-9.9	-0.33	-0.0033
-9.85	0.397	0.00596
-9.8	0.631	0.0126
-9.75	-0.105	-0.00261
-9.7	-0.81	-0.0243
-9.65	-0.334	-0.0117
-9.6	0.749	0.03
-9.55	0.771	0.0347
-9.5	-0.42	-0.021
-9.45	-0.998	-0.0549
-9.4	-0.0244	-0.00146
-9.35	0.947	0.0615
-9.3	0.358	0.0251
-9.25	-0.709	-0.0532
-9.2	-0.463	-0.037
-9.15	0.487	0.0414
-9.1	0.362	0.0326
-9.05	-0.472	-0.0448
-9.0	-0.24	-0.024
-8.95	0.667	0.0701
-8.9	0.339	0.0373
-8.85	-0.912	-0.105
-8.8	-0.712	-0.0854
-8.75	0.954	0.119
-8.7	1.23	0.16
-8.65	-0.632	-0.0854
-8.6	-1.61	-0.225
-8.55	0.0258	0.00374
-8.5	1.62	0.243
-8.45	0.581	0.09
-8.4	-1.25	-0.2
-8.35	-0.911	-0.15
-8.3	0.722	0.123
-8.25	0.852	0.149
-8.2	-0.36	-0.0648
-8.15	-0.554	-0.103
-8.1	0.332	0.0631
-8.05	0.34	0.0663
-8.0	-0.57	-0.114
-7.95	-0.429	-0.088
-7.9	0.77	0.162
-7.85	0.827	0.178
-7.8	-0.655	-0.144
-7.75	-1.26	-0.283
-7.7	0.145	0.0333
-7.65	1.39	0.327
-7.6	0.532	0.128
-7.55	-1.05	-0.257
-7.5	-1.02	-0.255
-7.45	0.389	0.0993
-7.4	1.04	0.27
-7.35	0.252	0.0668
-7.3	-0.656	-0.177
-7.25	-0.543	-0.149
-7.2	0.134	0.0375
-7.15	0.411	0.117
-7.1	0.153	0.0444
-7.05	-0.0835	-0.0246
-7.0	-0.0612	-0.0183
-6.95	-0.0961	-0.0293
-6.9	-0.266	-0.0825
-6.85	-0.101	-0.0319
-6.8	0.483	0.155
-6.75	0.597	0.194
-6.7	-0.314	-0.103
-6.65	-1.08	-0.363
-6.6	-0.265	-0.0902
-6.55	1.19	0.412
-6.5	0.977	0.342
-6.45	-0.837	-0.297
-6.4	-1.46	-0.526
-6.35	0.172	0.0628
-6.3	1.49	0.551
-6.25	0.425	0.159
-6.2	-1.14	-0.432
-6.15	-0.679	-0.261
-6.1	0.714	0.278
-6.05	0.569	0.225
-6.0	-0.537	-0.215
-5.95	-0.332	-0.135
-5.9	0.688	0.282
-5.85	0.295	0.122
-5.8	-0.998	-0.419
-5.75	-0.589	-0.251
-5.7	1.16	0.498
-5.65	1.13	0.493
-5.6	-0.942	-0.415
-5.55	-1.62	-0.723
-5.5	0.376	0.169
-5.45	1.77	0.805
-5.4	0.294	0.135
-5.35	-1.51	-0.702
-5.3	-0.763	-0.359
-5.25	1.02	0.482
-5.2	0.868	0.417
-5.15	-0.57	-0.276
-5.1	-0.695	-0.341
-5.05	0.36	0.178
-5.0	0.481	0.24
-4.95	-0.4	-0.202
-4.9	-0.429	-0.219
-4.85	0.508	0.262
-4.8	0.599	0.311
-4.75	-0.473	-0.248
-4.7	-0.864	-0.458
-4.65	0.199	0.107
-4.6	1.01	0.543
-4.55	0.253	0.138
-4.5	-0.875	-0.481
-4.45	-0.678	-0.376
-4.4	0.495	0.277
-4.35	0.896	0.506
-4.3	-0.00038	-0.000217
-4.25	-0.828	-0.476
-4.2	-0.426	-0.247
-4.15	0.555	0.325
-4.1	0.658	0.388
-4.05	-0.231	-0.138
-4.0	-0.683	-0.41
-3.95	-0.0195	-0.0118
-3.9	0.608	0.371
-3.85	0.124	0.0763
-3.8	-0.562	-0.348
-3.75	-0.149	-0.093
-3.7	0.601	0.379
-3.65	0.185	0.117
-3.6	-0.746	-0.477
-3.55	-0.332	-0.214
-3.5	0.888	0.577
-3.45	0.635	0.416
-3.4	-0.916	-0.605
-3.35	-1.04	-0.689
-3.3	0.741	0.497
-3.25	1.41	0.951
-3.2	-0.359	-0.244
-3.15	-1.61	-1.1
-3.1	-0.138	-0.095
-3.05	1.57	1.09
-3.0	0.601	0.421
-2.95	-1.29	-0.907
-2.9	-0.865	-0.614
-2.85	0.944	0.675
-2.8	0.899	0.647
-2.75	-0.676	-0.49
-2.7	-0.804	-0.587
-2.65	0.603	0.443
-2.6	0.743	0.55
-2.55	-0.666	-0.497
-2.5	-0.859	-0.644
-2.45	0.701	0.529
-2.4	1.16	0.883
-2.35	-0.515	-0.394
-2.3	-1.46	-1.13
-2.25	0.0509	0.0394
-2.2	1.55	1.21
-2.15	0.551	0.433
-2.1	-1.27	-1.0
-2.05	-1.02	-0.811
-2.0	0.699	0.559
-1.95	1.14	0.915
-1.9	-0.0846	-0.0685
-1.85	-0.862	-0.702
-1.8	-0.279	-0.229
-1.75	0.419	0.345
-1.7	0.27	0.224
-1.65	-0.114	-0.0952
-1.6	-0.0329	-0.0276
-1.55	0.123	0.104
-1.5	-0.137	-0.116
-1.45	-0.389	-0.333
-1.4	-0.0118	-0.0101
-1.35	0.619	0.536
-1.3	0.478	0.416
-1.25	-0.51	-0.446
-1.2	-0.998	-0.878
-1.15	-0.0252	-0.0223
-1.1	1.21	1.08
-1.05	0.789	0.706
-1.0	-0.928	-0.835
-0.95	-1.38	-1.25
-0.9	0.26	0.237
-0.85	1.51	1.39
-0.8	0.441	0.405
-0.75	-1.18	-1.09
-0.7	-0.81	-0.753
-0.65	0.669	0.625
-0.6	0.726	0.682
-0.55	-0.391	-0.37
-0.5	-0.416	-0.395
-0.45	0.513	0.49
-0.4	0.258	0.248
-0.35	-0.912	-0.88
-0.3	-0.512	-0.497
-0.25	1.22	1.19
-0.2	1.15	1.13
-0.15	-1.07	-1.06
-0.1	-1.82	-1.8
-0.05	0.428	0.426
1.42e-13	2.1	2.1
0.05	0.427	0.425
0.1	-1.82	-1.8
0.15	-1.07	-1.06
0.2	1.16	1.14
0.25	1.22	1.19
0.3	-0.521	-0.505
0.35	-0.91	-0.878
0.4	0.252	0.242
0.45	0.511	0.488
0.5	-0.407	-0.387
0.55	-0.389	-0.368
0.6	0.724	0.68
0.65	0.678	0.634
0.7	-0.808	-0.752
0.75	-1.18	-1.09
0.8	0.446	0.411
0.85	1.51	1.39
0.9	0.262	0.238
0.95	-1.38	-1.25
1.0	-0.936	-0.843
1.05	0.785	0.702
1.1	1.22	1.08
1.15	-0.0234	-0.0207
1.2	-0.997	-0.877
1.25	-0.51	-0.446
1.3	0.474	0.412
1.35	0.622	0.538
1.4	-0.0116	-0.00996
1.45	-0.394	-0.337
1.5	-0.138	-0.117
1.55	0.122	0.103
1.6	-0.0272	-0.0229
1.65	-0.115	-0.0964
1.7	0.269	0.223
1.75	0.419	0.346
1.8	-0.273	-0.224
1.85	-0.871	-0.71
1.9	-0.08	-0.0648
1.95	1.13	0.911
2.0	0.692	0.554
2.05	-1.02	-0.812
2.1	-1.28	-1.01
2.15	0.556	0.436
2.2	1.55	1.21
2.25	0.0472	0.0366
2.3	-1.47	-1.13
2.35	-0.515	-0.394
2.4	1.16	0.882
2.45	0.699	0.528
2.5	-0.861	-0.645
2.55	-0.666	-0.496
2.6	0.74	0.547
2.65	0.598	0.439
2.7	-0.801	-0.585
2.75	-0.673	-0.488
2.8	0.901	0.649
2.85	0.938	0.671
2.9	-0.866	-0.615
2.95	-1.29	-0.91
3.0	0.597	0.418
3.05	1.56	1.09
3.1	-0.145	-0.1
3.15	-1.61	-1.1
3.2	-0.355	-0.241
3.25	1.41	0.952
3.3	0.739	0.495
3.35	-1.04	-0.692
3.4	-0.916	-0.604
3.45	0.639	0.419
3.5	0.885	0.576
3.55	-0.336	-0.217
3.6	-0.74	-0.474
3.65	0.185	0.118
3.7	0.597	0.376
3.75	-0.148	-0.0923
3.8	-0.551	-0.342
3.85	0.127	0.0783
3.9	0.609	0.371
3.95	-0.0206	-0.0124
4.0	-0.683	-0.41
4.05	-0.229	-0.136
4.1	0.655	0.387
4.15	0.558	0.327
4.2	-0.423	-0.245
4.25	-0.828	-0.476
4.3	0.00519	0.00296
4.35	0.891	0.503
4.4	0.494	0.277
4.45	-0.674	-0.374
4.5	-0.88	-0.484
4.55	0.259	0.141
4.6	1.0	0.542
4.65	0.192	0.103
4.7	-0.862	-0.457
4.75	-0.472	-0.248
4.8	0.604	0.314
4.85	0.513	0.264
4.9	-0.438	-0.223
4.95	-0.409	-0.206
5.0	0.477	0.239
5.05	0.36	0.178
5.1	-0.704	-0.345
5.15	-0.568	-0.276
5.2	0.871	0.418
5.25	1.02	0.483
5.3	-0.757	-0.356
5.35	-1.52	-0.705
5.4	0.291	0.134
5.45	1.77	0.805
5.5	0.376	0.169
5.55	-1.62	-0.723
5.6	-0.941	-0.414
5.65	1.13	0.493
5.7	1.16	0.498
5.75	-0.59	-0.251
5.8	-0.999	-0.419
5.85	0.293	0.121
5.9	0.686	0.281
5.95	-0.336	-0.136
6.0	-0.53	-0.212
6.05	0.571	0.226
6.1	0.715	0.279
6.15	-0.677	-0.261
6.2	-1.13	-0.431
6.25	0.427	0.16
6.3	1.48	0.549
6.35	0.176	0.0642
6.4	-1.46	-0.524
6.45	-0.835	-0.296
6.5	0.984	0.344
6.55	1.2	0.414
6.6	-0.264	-0.0899
6.65	-1.08	-0.362
6.7	-0.318	-0.105
6.75	0.601	0.195
6.8	0.489	0.156
6.85	-0.102	-0.0321
6.9	-0.263	-0.0814
6.95	-0.0997	-0.0304
7.0	-0.0671	-0.0201
7.05	-0.0821	-0.0242
7.1	0.154	0.0446
7.15	0.412	0.118
7.2	0.141	0.0394
7.25	-0.543	-0.149
7.3	-0.653	-0.176
7.35	0.253	0.0669
7.4	1.05	0.272
7.45	0.396	0.101
7.5	-1.02	-0.256
7.55	-1.05	-0.258
7.6	0.531	0.127
7.65	1.39	0.326
7.7	0.141	0.0323
7.75	-1.26	-0.284
7.8	-0.653	-0.144
7.85	0.824	0.177
7.9	0.771	0.162
7.95	-0.427	-0.0875
8.0	-0.569	-0.114
8.05	0.34	0.0663
8.1	0.34	0.0645
8.15	-0.554	-0.102
8.2	-0.356	-0.0641
8.25	0.852	0.149
8.3	0.724	0.123
8.35	-0.912	-0.151
8.4	-1.25	-0.2
8.45	0.577	0.0894
8.5	1.62	0.243
8.55	0.0287	0.00417
8.6	-1.61	-0.226
8.65	-0.63	-0.085
8.7	1.23	0.16
8.75	0.95	0.119
8.8	-0.712	-0.0855
8.85	-0.91	-0.105
8.9	0.336	0.0369
8.95	0.662	0.0695
9.0	-0.244	-0.0244
9.05	-0.466	-0.0442
9.1	0.36	0.0324
9.15	0.484	0.0412
9.2	-0.465	-0.0372
9.25	-0.704	-0.0528
9.3	0.362	0.0254
9.35	0.948	0.0616
9.4	-0.0258	-0.00155
9.45	-0.998	-0.0549
9.5	-0.418	-0.0209
9.55	0.766	0.0344
9.6	0.742	0.0297
9.65	-0.337	-0.0118
9.7	-0.814	-0.0244
9.75	-0.106	-0.00264
9.8	0.631	0.0126
9.85	0.397	0.00596
9.9	-0.325	-0.00325
9.95	-0.466	-0.00233
