3.100000000000000000e+02 1.049359341717033711e+00
3.110000000000000000e+02 8.497237392046355087e-01
3.120000000000000000e+02 9.946360688721290755e-01
3.130000000000000000e+02 1.289720740077595407e+00
3.140000000000000000e+02 1.570678953418161772e+00
3.150000000000000000e+02 1.940753059741495479e+00
3.160000000000000000e+02 2.022075670569662975e+00
3.170000000000000000e+02 2.631180049677418697e+00
3.180000000000000000e+02 2.515464818711388162e+00
3.190000000000000000e+02 3.457652923286414826e+00
3.200000000000000000e+02 4.140544592804056734e+00
3.210000000000000000e+02 4.510554208693311473e+00
3.220000000000000000e+02 5.062466535106120880e+00
3.230000000000000000e+02 5.677904089924177278e+00
3.240000000000000000e+02 6.712943502474072233e+00
3.250000000000000000e+02 7.236860874893400464e+00
3.260000000000000000e+02 7.483619939398342247e+00
3.270000000000000000e+02 8.797019804570604506e+00
3.280000000000000000e+02 9.844919039843340158e+00
3.290000000000000000e+02 1.072991509172342006e+01
3.300000000000000000e+02 1.246691019135593947e+01
3.310000000000000000e+02 1.247324336706624059e+01
3.320000000000000000e+02 1.451412509346456581e+01
3.330000000000000000e+02 1.566874413284075196e+01
3.340000000000000000e+02 1.607447749444401097e+01
3.350000000000000000e+02 1.651181224416468751e+01
3.360000000000000000e+02 1.804917174128480895e+01
3.370000000000000000e+02 1.916819601581515187e+01
3.380000000000000000e+02 1.929790872377792255e+01
3.390000000000000000e+02 1.794112081160522010e+01
3.400000000000000000e+02 1.987262048274781634e+01
3.410000000000000000e+02 1.923938554550683833e+01
3.420000000000000000e+02 1.920885732122923883e+01
3.430000000000000000e+02 1.820434613295694604e+01
3.440000000000000000e+02 1.863534770696732323e+01
3.450000000000000000e+02 1.641262776047951988e+01
3.460000000000000000e+02 1.661226336299191786e+01
3.470000000000000000e+02 1.500111657546191246e+01
3.480000000000000000e+02 1.390502071435681231e+01
3.490000000000000000e+02 1.305048839632025448e+01
3.500000000000000000e+02 1.194932599464691236e+01
3.510000000000000000e+02 1.094095041051435935e+01
3.520000000000000000e+02 1.041196649752679093e+01
3.530000000000000000e+02 8.652171965337190684e+00
3.540000000000000000e+02 7.892895244691461976e+00
3.550000000000000000e+02 6.588297335079541739e+00
3.560000000000000000e+02 5.248040170187699083e+00
3.570000000000000000e+02 5.317963064737325496e+00
3.580000000000000000e+02 4.477428223697509146e+00
3.590000000000000000e+02 3.952244216136120869e+00
3.600000000000000000e+02 2.974396856281170898e+00
3.610000000000000000e+02 2.956599473858249283e+00
3.620000000000000000e+02 2.380556589312217142e+00
3.630000000000000000e+02 1.868103423605509850e+00
3.640000000000000000e+02 1.795582768337683488e+00
3.650000000000000000e+02 1.167478862099025738e+00
