6.340000000000000000e+02 1.878630741865761511e+00
6.350000000000000000e+02 1.839272467080163231e+00
6.360000000000000000e+02 2.189835912796964656e+00
6.370000000000000000e+02 2.018377241710178183e+00
6.380000000000000000e+02 2.400699151360216277e+00
6.390000000000000000e+02 2.516286998123756558e+00
6.400000000000000000e+02 3.147563785980584061e+00
6.410000000000000000e+02 3.081513587829989742e+00
6.420000000000000000e+02 3.095492867083518007e+00
6.430000000000000000e+02 3.239039272354114818e+00
6.440000000000000000e+02 3.362226929970016265e+00
6.450000000000000000e+02 3.642940272110042788e+00
6.460000000000000000e+02 4.567643046218364589e+00
6.470000000000000000e+02 4.598134875009541211e+00
6.480000000000000000e+02 4.632426609226898861e+00
6.490000000000000000e+02 5.009681978308696770e+00
6.500000000000000000e+02 5.888647009230253637e+00
6.510000000000000000e+02 5.197653198933132934e+00
6.520000000000000000e+02 5.787038441720241622e+00
6.530000000000000000e+02 6.082997698255856456e+00
6.540000000000000000e+02 7.618664805257177264e+00
6.550000000000000000e+02 7.293480355072446741e+00
6.560000000000000000e+02 7.423047481089514399e+00
6.570000000000000000e+02 8.018765899586924206e+00
6.580000000000000000e+02 8.910443574619948848e+00
6.590000000000000000e+02 7.804102755597492447e+00
6.600000000000000000e+02 8.695780430630517088e+00
6.610000000000000000e+02 9.225448650977334353e+00
6.620000000000000000e+02 9.038744065494960012e+00
6.630000000000000000e+02 9.785608700115325576e+00
6.640000000000000000e+02 8.812634912536118748e+00
6.650000000000000000e+02 9.515074731802647179e+00
6.660000000000000000e+02 9.539187092192657147e+00
6.670000000000000000e+02 1.039023985729802391e+01
6.680000000000000000e+02 1.043851087076891027e+01
6.690000000000000000e+02 1.001805102878446796e+01
6.700000000000000000e+02 9.751316965897968814e+00
6.710000000000000000e+02 9.565879015557653631e+00
6.720000000000000000e+02 9.074302434854375932e+00
6.730000000000000000e+02 9.225448650977334353e+00
6.740000000000000000e+02 8.873618570118473770e+00
6.750000000000000000e+02 8.234695678718416900e+00
6.760000000000000000e+02 8.542100944223440351e+00
6.770000000000000000e+02 8.459538196535197230e+00
6.780000000000000000e+02 7.720273372767189279e+00
6.790000000000000000e+02 7.548814701680402806e+00
6.800000000000000000e+02 8.126753935498104653e+00
6.810000000000000000e+02 7.599618985435409257e+00
6.820000000000000000e+02 7.473851764844519963e+00
6.830000000000000000e+02 5.567308757162569677e+00
6.840000000000000000e+02 6.568194810557967500e+00
6.850000000000000000e+02 5.855621910154956034e+00
6.860000000000000000e+02 5.738767428249356151e+00
6.870000000000000000e+02 4.943631780158102451e+00
6.880000000000000000e+02 4.430476109348935765e+00
6.890000000000000000e+02 4.896627401829277026e+00
6.900000000000000000e+02 3.560377524421799666e+00
6.910000000000000000e+02 4.237392055465392104e+00
6.920000000000000000e+02 3.613761371151792190e+00
6.930000000000000000e+02 3.143763880554403478e+00
6.940000000000000000e+02 2.816046160085551975e+00
6.950000000000000000e+02 2.898608907773795096e+00
6.960000000000000000e+02 3.152676619239691558e+00
6.970000000000000000e+02 2.629341574603176745e+00
6.980000000000000000e+02 2.051402340785475342e+00
6.990000000000000000e+02 2.197482016340192246e+00
7.000000000000000000e+02 1.789734818467217492e+00
