5.530000000000000000e+02 3.139963975128222895e+00
5.540000000000000000e+02 2.807179714091130762e+00
5.550000000000000000e+02 2.873229912241725081e+00
5.560000000000000000e+02 3.247952011039402898e+00
5.570000000000000000e+02 3.141230610270283385e+00
5.580000000000000000e+02 3.470261258572062246e+00
5.590000000000000000e+02 3.627740650405320899e+00
5.600000000000000000e+02 3.414344141557948742e+00
5.610000000000000000e+02 3.660765749480618059e+00
5.620000000000000000e+02 3.922433271798875243e+00
5.630000000000000000e+02 4.303488546306853735e+00
5.640000000000000000e+02 3.485460880276784135e+00
5.650000000000000000e+02 4.600714437984528615e+00
5.660000000000000000e+02 4.204413249080961812e+00
5.670000000000000000e+02 5.600333856237866392e+00
5.680000000000000000e+02 4.958877694553691207e+00
5.690000000000000000e+02 5.591467410243445180e+00
5.700000000000000000e+02 5.808663824516997920e+00
5.710000000000000000e+02 5.780705266009941390e+00
5.720000000000000000e+02 6.147781261264390729e+00
5.730000000000000000e+02 6.709207945544443774e+00
5.740000000000000000e+02 7.697427647519240246e+00
5.750000000000000000e+02 7.898111512255144184e+00
5.760000000000000000e+02 8.521788489259609634e+00
5.770000000000000000e+02 8.175024948968989236e+00
5.780000000000000000e+02 8.987939781739951783e+00
5.790000000000000000e+02 9.399486885039106454e+00
5.800000000000000000e+02 9.934267938645030327e+00
5.810000000000000000e+02 1.094913327129395597e+01
5.820000000000000000e+02 1.122984661343398294e+01
5.830000000000000000e+02 1.129209690615839712e+01
5.840000000000000000e+02 1.155249779333459514e+01
5.850000000000000000e+02 1.168455189694491558e+01
5.860000000000000000e+02 1.298144349956679733e+01
5.870000000000000000e+02 1.261816740973852724e+01
5.880000000000000000e+02 1.296493095002914764e+01
5.890000000000000000e+02 1.255718375215617222e+01
5.900000000000000000e+02 1.247968754503616928e+01
5.910000000000000000e+02 1.237047916667379788e+01
5.920000000000000000e+02 1.311861043643622615e+01
5.930000000000000000e+02 1.255845038729823315e+01
5.940000000000000000e+02 1.196273196880082246e+01
5.950000000000000000e+02 1.227267050458996600e+01
5.960000000000000000e+02 1.172902300498962269e+01
5.970000000000000000e+02 1.125269233868193197e+01
5.980000000000000000e+02 1.159185606812019209e+01
5.990000000000000000e+02 1.126793825307752250e+01
6.000000000000000000e+02 1.035974802850684817e+01
6.010000000000000000e+02 1.096311255054748557e+01
6.020000000000000000e+02 9.313124231924684082e+00
6.030000000000000000e+02 8.970160597060242935e+00
6.040000000000000000e+02 8.740251538675222420e+00
6.050000000000000000e+02 7.697427647519240246e+00
6.060000000000000000e+02 7.829528043820429772e+00
6.070000000000000000e+02 7.271901264966556866e+00
6.080000000000000000e+02 5.968676486634376666e+00
6.090000000000000000e+02 6.246856558490282652e+00
6.100000000000000000e+02 5.624446216627875472e+00
6.110000000000000000e+02 5.673983865240821878e+00
6.120000000000000000e+02 4.650205793906607710e+00
6.130000000000000000e+02 4.829310568536621773e+00
6.140000000000000000e+02 4.666718343444256512e+00
6.150000000000000000e+02 3.964324816868593615e+00
6.160000000000000000e+02 3.655652916221510562e+00
6.170000000000000000e+02 3.603581997324444952e+00
6.180000000000000000e+02 3.084046858114109835e+00
