# t, x, y, z for 10-step 3D Levy flight with mu = 2.0
1.000000000000000000e+00 -1.662502040730232139e-06 7.071233077447398755e-07 2.213195127871986757e-05
2.000000000000000000e+00 -1.495216453973640788e-05 6.426140365588616718e-06 2.582888142365893848e-05
3.000000000000000000e+00 -1.121677552991385493e-05 1.917828405863837509e-05 2.060297238551317070e-05
4.000000000000000000e+00 -1.329770441678244213e-05 3.878663511487201438e-05 1.271451798248993423e-05
5.000000000000000000e+00 -5.172173111864208003e-06 4.795435037125062348e-05 1.219163819864440419e-05
6.000000000000000000e+00 -3.244200945062514141e-06 3.941361918246853225e-05 -5.536158787287406892e-06
7.000000000000000000e+00 -3.906503878325284031e-07 3.530210263561111889e-05 1.404649682230985716e-05
8.000000000000000000e+00 9.501855791842741736e-06 3.960413172229096818e-05 1.652468046144686971e-05
9.000000000000000000e+00 1.809990941453489598e-05 4.843878793581224472e-05 1.265799854920657726e-05
1.000000000000000000e+01 2.578139451166790440e-05 5.454901477970324083e-05 2.449944462453444613e-05
