# t, x, y, z for 100-step 3D Levy flight with mu = 2.5
1.000000000000000000e+00 -1.147208627578343783e-05 2.354151967549902454e-06 1.593475068002994443e-05
2.000000000000000000e+00 -2.524804138582113409e-05 3.825126727038308004e-06 1.570680469055865463e-05
3.000000000000000000e+00 -2.229687664792536530e-05 -6.667309190724254017e-06 1.290811872833646381e-05
4.000000000000000000e+00 -2.283410504940113240e-05 -8.347715542080975056e-06 -2.867731441523771826e-06
5.000000000000000000e+00 -1.103116030958991298e-05 -1.817206130026120448e-05 5.473571285150086098e-06
6.000000000000000000e+00 -3.494289847731516310e-05 -6.466383372809928531e-06 1.083473282432460786e-05
7.000000000000000000e+00 -3.732705537059023048e-05 -7.008816476955264036e-06 -5.871819993071356855e-06
8.000000000000000000e+00 -9.083723780760366470e-06 9.005761848953981779e-06 8.623387512750561726e-06
9.000000000000000000e+00 -9.941402575579594086e-06 9.578649309761440382e-06 2.066312549936437818e-05
1.000000000000000000e+01 -8.092511446991142301e-06 1.040848710700413891e-05 -8.424930784323889598e-05
1.100000000000000000e+01 -3.518572274254950648e-07 -1.328386692227409823e-05 -9.250546715589804054e-05
1.200000000000000000e+01 5.994106198904643639e-06 -1.872505247064501076e-06 -8.257445006409135460e-05
1.300000000000000000e+01 -7.518819824523503453e-06 1.518589477561785796e-05 6.803029664468056466e-05
1.400000000000000000e+01 -1.962375364557186449e-05 1.985976857028428640e-05 6.786720991776050763e-05
1.500000000000000000e+01 -2.150806351937533160e-05 5.059655434264015189e-05 7.929500279796984218e-05
1.600000000000000000e+01 -2.228741689521790371e-05 4.125892197850595535e-05 8.303179564680860877e-05
1.700000000000000000e+01 -1.835213636862632476e-05 2.843985390368256836e-05 9.489970711831332618e-05
1.800000000000000000e+01 -6.403719327282468235e-06 3.037471973047909719e-05 8.813598232314273249e-05
1.900000000000000000e+01 -1.926643207630142238e-05 3.061123847954245813e-05 9.165950802803509725e-05
2.000000000000000000e+01 -2.014020426312527088e-05 3.032138516996519723e-05 8.086830328415652242e-05
2.100000000000000000e+01 -2.137928064135421731e-05 3.327291393043267870e-05 1.051057144344711954e-04
2.200000000000000000e+01 -2.628909434033182326e-05 2.579716895997353208e-05 1.162957228615489630e-04
2.300000000000000000e+01 -3.241388796538161298e-05 1.801866780604040205e-05 1.107927717440478234e-04
2.400000000000000000e+01 -2.721116219858407995e-05 1.323364551338336717e-05 1.023563757923697773e-04
2.500000000000000000e+01 -1.317270278704403994e-05 -1.921212749034878172e-06 8.185651636917777368e-05
2.600000000000000000e+01 -4.592526078959287446e-05 -1.106853051175906627e-05 1.227430094760321284e-04
2.700000000000000000e+01 -5.501888265284139462e-05 -1.700800394452329394e-05 1.284398851365550287e-04
2.800000000000000000e+01 -4.108404401047358479e-05 -2.537773162937083060e-05 1.326279183378932134e-04
2.900000000000000000e+01 -4.881839701698109814e-05 -3.164964844644930857e-05 1.162341762347531351e-04
3.000000000000000000e+01 -4.214737221915040762e-05 -1.820130501150105914e-05 1.118084053120082101e-04
3.100000000000000000e+01 -5.148275210374444273e-05 -2.109944601791722605e-05 1.047289969909897427e-04
3.200000000000000000e+01 -4.984839999419813804e-05 -1.721417695563341274e-05 1.163697177993776316e-04
3.300000000000000000e+01 -3.827448454901603668e-05 -1.646775099449648245e-05 1.113785062582267632e-04
3.400000000000000000e+01 -3.686015221998704527e-05 -1.306616156746818345e-05 1.233147774010249207e-04
3.500000000000000000e+01 -3.424652315647781168e-05 -1.399496697465515849e-06 1.328560371810458024e-04
3.600000000000000000e+01 -1.216747376602996385e-04 -2.950136668717764579e-05 -4.073657106359865527e-05
3.700000000000000000e+01 -1.090467468749973129e-04 -2.549734863239008751e-05 -2.591021837283615181e-05
3.800000000000000000e+01 -1.065800264285290559e-04 -2.153008203872113863e-05 -3.671925532031827837e-05
3.900000000000000000e+01 -1.079175506752529730e-04 -4.732561064701380820e-05 -5.019064186890721975e-05
4.000000000000000000e+01 -9.331569374955680824e-05 -4.442135321898600219e-05 -3.325803231704824712e-05
4.100000000000000000e+01 -9.221761199957448688e-05 -4.374785448100097703e-05 -1.989479645955479859e-05
4.200000000000000000e+01 -9.366176101609681589e-05 -4.466156685113773644e-05 -9.572097771745443070e-06
4.300000000000000000e+01 -7.464283116566324027e-05 -3.932975788182592312e-05 -2.819871353074618992e-06
4.400000000000000000e+01 -7.286937274463640892e-05 -3.409338241752288067e-05 -1.631861126294104969e-05
4.500000000000000000e+01 -8.379231990620451343e-05 -4.430450445005291814e-05 -4.752323709205368791e-06
4.600000000000000000e+01 -7.275975073772473871e-05 -4.761074300919300342e-05 -2.854449739762793244e-06
4.700000000000000000e+01 -8.684953486704467883e-05 -4.047254891968215726e-05 -7.604124836197393041e-08
4.800000000000000000e+01 -8.832807719295597830e-05 -4.071371490478089004e-05 1.109614043904080009e-05
4.900000000000000000e+01 -1.089097353870513267e-04 -3.405879381029012246e-05 -5.462708632577962123e-06
5.000000000000000000e+01 -9.515646275449143204e-05 -1.140389118123421371e-04 -6.171177394365530548e-06
5.100000000000000000e+01 -1.074806018757406200e-04 -9.223346408968066223e-05 -4.710503266800075806e-06
5.200000000000000000e+01 -8.619564453226481000e-05 -1.186855921453349285e-04 4.639750415277859254e-06
5.300000000000000000e+01 -9.355912837830492458e-05 -1.160121291422335009e-04 -1.666544664737527122e-06
5.400000000000000000e+01 -9.158571590803593556e-05 -1.156970106303974551e-04 -1.222374821221181704e-05
5.500000000000000000e+01 -9.632571197174585181e-05 -1.233742369886868550e-04 -4.913886900008596532e-06
5.600000000000000000e+01 -9.941990664119277688e-05 -1.207594680486215078e-04 -2.200081740461312177e-05
5.700000000000000000e+01 -8.833596147871179260e-05 -1.271543355071851945e-04 -3.143775390502318490e-05
5.800000000000000000e+01 -9.469676424183190368e-05 -1.273977211938834351e-04 -2.368493794190280107e-05
5.900000000000000000e+01 -1.290836263017205792e-04 -1.078799699877675043e-04 -3.166309791481521075e-05
6.000000000000000000e+01 -1.409517260077527219e-04 -1.321384983968813701e-04 -8.165137621862214113e-05
6.100000000000000000e+01 -1.353564316573523823e-04 -1.343085774264470727e-04 -9.085166347193224842e-05
6.200000000000000000e+01 -1.487209306074077024e-04 -1.150701312486036409e-04 -6.035726071892709091e-05
6.300000000000000000e+01 -1.446221151681630773e-04 -1.301159195795498604e-04 -5.234996203720418200e-05
6.400000000000000000e+01 -1.426408297007260143e-04 -1.356049132398275895e-04 -6.244495673837985924e-05
6.500000000000000000e+01 -1.433629573444977713e-04 -1.415244938667645637e-04 -7.084088022566578592e-05
6.600000000000000000e+01 -1.343226010433670194e-04 -1.343109097657500730e-04 -6.844892258524061795e-05
6.700000000000000000e+01 -1.213553327270161790e-04 -1.463929557615385605e-04 -8.308187593347168354e-05
6.800000000000000000e+01 -1.200799253758747502e-04 -1.565609435198656767e-04 -7.705383998746018562e-05
6.900000000000000000e+01 -1.626745568759090685e-04 -1.998810862333882206e-04 -6.032679896707975661e-05
7.000000000000000000e+01 -1.839327501529790818e-04 -2.263993978364018278e-04 -4.771545602718691201e-05
7.100000000000000000e+01 -1.946646349385874571e-04 -2.164215933482039375e-04 -2.435167803367246239e-05
7.200000000000000000e+01 -2.103946325674029504e-04 -2.136465808514627471e-04 -9.302985506988656282e-06
7.300000000000000000e+01 -1.907506276163617150e-04 -2.160673917011003914e-04 1.096109745807286925e-05
7.400000000000000000e+01 -1.897876143830193037e-04 -2.284677380607968793e-04 4.236363151152438970e-05
7.500000000000000000e+01 -1.960288123142268164e-04 -2.269377561739962482e-04 5.777027265642572780e-05
7.600000000000000000e+01 -1.976252326906591326e-04 -2.216316166566086087e-04 6.676650250706210198e-05
7.700000000000000000e+01 -1.915204976071242435e-04 -2.032761772776060707e-04 7.111665324197363107e-05
7.800000000000000000e+01 -1.843826345751572028e-04 -1.989095392118726238e-04 6.438135660004298442e-05
7.900000000000000000e+01 -1.694254985363854711e-04 -1.692793152096259957e-04 3.807621067430590103e-05
8.000000000000000000e+01 -1.558276968557772491e-04 -1.707253458990292978e-04 3.095067603634130078e-05
8.100000000000000000e+01 -1.462633140317775703e-04 -1.648404883681114680e-04 2.884681085123081920e-05
8.200000000000000000e+01 -1.772257006358463624e-04 -1.676499727174999654e-04 1.777176484903058266e-05
8.300000000000000000e+01 -1.825383204683969835e-04 -1.570178487352727546e-04 -3.217659855923214133e-04
8.400000000000000000e+01 -1.734213289561042644e-04 -1.745955731261504790e-04 -3.356040397471552546e-04
8.500000000000000000e+01 -1.695753166587530539e-04 -1.784286156272572681e-04 -3.709724002521019273e-04
8.600000000000000000e+01 -1.723525348217347429e-04 -1.818262974030674273e-04 -3.523063264259294566e-04
8.700000000000000000e+01 -1.856277864288024540e-04 -1.643095175156077754e-04 -3.137109539416567091e-04
8.800000000000000000e+01 -1.787855727829885369e-04 -1.777609927665033422e-04 -3.149768872089251021e-04
8.900000000000000000e+01 -1.890615274944819303e-04 -1.770691802822194321e-04 -3.053490278219405047e-04
9.000000000000000000e+01 -1.909943610748539029e-04 -1.762567377742645471e-04 -2.610558422028116683e-04
9.100000000000000000e+01 -1.813055893411050646e-04 -1.744621224640156647e-04 -2.568977275123152733e-04
9.200000000000000000e+01 -1.805037561927709338e-04 -1.721456309249035619e-04 -2.703010746475656618e-04
9.300000000000000000e+01 -1.811197144740960008e-04 -1.767869162752200968e-04 -2.591132794041194672e-04
9.400000000000000000e+01 -1.783658635579767179e-04 -1.793330217080976122e-04 -2.710762835906134808e-04
9.500000000000000000e+01 -1.648920418964587478e-04 -1.821574896167454602e-04 -2.791073119368571052e-04
9.600000000000000000e+01 -2.124721075876020299e-04 -1.363395572360581558e-04 -2.420793213183337000e-04
9.700000000000000000e+01 -2.160420842172888257e-04 -1.459390265391993726e-04 -2.431807804115643506e-04
9.800000000000000000e+01 -2.159950704086348360e-04 -1.428841023043653333e-04 -2.601117144551256394e-04
9.900000000000000000e+01 -2.162206559585758278e-04 -1.426025916063021698e-04 -2.479645732389623605e-04
1.000000000000000000e+02 -2.164005252168498851e-04 -1.358312527552410476e-04 -2.365669198496517548e-04
