# t, x, y, z for 100-step 3D Levy flight with mu = 2.0
1.000000000000000000e+00 -1.613263163718905248e-05 3.310528320434272660e-06 2.240825746699812320e-05
2.000000000000000000e+00 -3.234859962551670236e-05 5.042043806726872905e-06 2.213993742393695005e-05
3.000000000000000000e+00 -2.921797950312588128e-05 -6.088419564309733102e-06 1.917106805616566640e-05
4.000000000000000000e+00 -2.989484864771302516e-05 -8.205610700290535801e-06 -7.053684469590464339e-07
5.000000000000000000e+00 -1.429180694628359648e-05 -2.119302019286427237e-05 1.032151485696302721e-05
6.000000000000000000e+00 -5.369731921058123743e-05 -1.902568286080936273e-06 1.915647763971750910e-05
7.000000000000000000e+00 -5.679530425056756438e-05 -2.607408494615700113e-06 -2.552098185985409514e-06
8.000000000000000000e+00 -3.538472318906749450e-06 2.759036416002685915e-05 2.478068397878173420e-05
9.000000000000000000e+00 -4.481288640803636125e-06 2.822011932235797118e-05 3.801554713933588041e-05
1.000000000000000000e+01 1.507863210531943204e-06 3.090823032187298619e-05 -3.018295008823293057e-04
1.100000000000000000e+01 1.405073516919581029e-05 -7.482602617987500456e-06 -3.152076916904474513e-04
1.200000000000000000e+01 2.217870820076392550e-05 7.133182837809157076e-06 -3.024879462908231452e-04
1.300000000000000000e+01 -3.053364051125771430e-05 7.367601219288853504e-05 2.850036090121987257e-04
1.400000000000000000e+01 -4.432314501401056765e-05 7.900032083345155784e-05 2.848178264884402753e-04
1.500000000000000000e+01 -4.773819548369462334e-05 1.347064847440537154e-04 3.055291171235820680e-04
1.600000000000000000e+01 -4.852096020885813394e-05 1.253279801301648562e-04 3.092822664881459196e-04
1.700000000000000000e+01 -4.325487769937875538e-05 1.081738612000154442e-04 3.251635742124190992e-04
1.800000000000000000e+01 -2.918531675358181169e-05 1.104522142720464685e-04 3.171991185111350383e-04
1.900000000000000000e+01 -4.404087927487073252e-05 1.107253774167677005e-04 3.212685521854887817e-04
2.000000000000000000e+01 -4.495020712228492806e-05 1.104237293555930207e-04 3.100382302220189138e-04
2.100000000000000000e+01 -4.688760445518845083e-05 1.150386861484027358e-04 3.479354063317141067e-04
2.200000000000000000e+01 -5.276404416331384624e-05 1.060911440855801213e-04 3.613284623388759585e-04
2.300000000000000000e+01 -5.928255920960386109e-05 9.781261587491160724e-05 3.554717638353181285e-04
2.400000000000000000e+01 -5.382434406905719284e-05 9.279261630232020128e-05 3.466210832153707655e-04
2.500000000000000000e+01 -2.987523745973811245e-05 6.693897342485298670e-05 3.116490606871365741e-04
2.600000000000000000e+01 -1.054051970908228674e-04 4.584454344788764664e-05 4.059365106498848694e-04
2.700000000000000000e+01 -1.154760765588455569e-04 3.926677697107446718e-05 4.122456082772347824e-04
2.800000000000000000e+01 -9.742195825268563057e-05 2.842287287640148905e-05 4.176716665781321481e-04
2.900000000000000000e+01 -1.081336966986430208e-04 1.973654417601506278e-05 3.949670554217024664e-04
3.000000000000000000e+01 -9.978803046059803389e-05 3.656085365829710897e-05 3.894302738796394706e-04
3.100000000000000000e+01 -1.100438875903979931e-04 3.337695322025816555e-05 3.816528292334176744e-04
3.200000000000000000e+01 -1.082253934618146311e-04 3.769997451809283564e-05 3.946051069701949298e-04
3.300000000000000000e+01 -9.522012509422724002e-05 3.853871141634459239e-05 3.889966293655751860e-04
3.400000000000000000e+01 -9.363937057978063668e-05 4.234056034018305790e-05 4.023374221250753530e-04
3.500000000000000000e+01 -9.040687754656482158e-05 5.676969775668857377e-05 4.141378938131308452e-04
3.600000000000000000e+01 -4.778498872813840789e-04 -6.776530675852668762e-05 -3.551474334433507032e-04
3.700000000000000000e+01 -4.600436895822199255e-04 -6.211940961726875325e-05 -3.342414182539413421e-04
3.800000000000000000e+01 -4.573669439585823187e-04 -5.781435611693740416e-05 -3.459707742846724254e-04
3.900000000000000000e+01 -4.596498456547031268e-04 -1.018424596495979433e-04 -3.689638910645739447e-04
4.000000000000000000e+01 -4.377242499331755136e-04 -9.748153661342421163e-05 -3.435385254118532967e-04
4.100000000000000000e+01 -4.364519346866662535e-04 -9.670117329998519659e-05 -3.280549343910005950e-04
4.200000000000000000e+01 -4.379291515710184734e-04 -9.763580769378053348e-05 -3.174958683810169373e-04
4.300000000000000000e+01 -4.104506501752902092e-04 -8.993242367810989435e-05 -3.077402688531344485e-04
4.400000000000000000e+01 -4.083087259598897718e-04 -8.360810320070875118e-05 -3.240435988593686574e-04
4.500000000000000000e+01 -4.233268381429199415e-04 -9.764751709979892919e-05 -3.081409490109507572e-04
4.600000000000000000e+01 -4.114072469238439747e-04 -1.012195782848118221e-04 -3.060904853740934752e-04
4.700000000000000000e+01 -4.292503396479018158e-04 -9.217987562844392481e-05 -3.025719502508894911e-04
4.800000000000000000e+01 -4.308201153084546234e-04 -9.243592274114859140e-05 -2.907103899960288658e-04
4.900000000000000000e+01 -4.647900123022003557e-04 -8.145201746250524291e-05 -3.180406659141882231e-04
5.000000000000000000e+01 -4.256095737471851485e-04 -3.093000491799569106e-04 -3.200589576714279083e-04
5.100000000000000000e+01 -4.451306947689415042e-04 -2.747607779383880026e-04 -3.177452872286470366e-04
5.200000000000000000e+01 -4.051872982077738992e-04 -3.244008981304845047e-04 -3.001985811326992010e-04
5.300000000000000000e+01 -4.125716360823944158e-04 -3.217198636469478356e-04 -3.065227361904893652e-04
5.400000000000000000e+01 -4.105260645893491476e-04 -3.213932226357785779e-04 -3.174659702828765162e-04
5.500000000000000000e+01 -4.156338639119574302e-04 -3.296661686604824421e-04 -3.095888952480064420e-04
5.600000000000000000e+01 -4.197341783329343605e-04 -3.262011718073953262e-04 -3.322318750999444918e-04
5.700000000000000000e+01 -4.057579390227389316e-04 -3.342647445378347289e-04 -3.441313279528244182e-04
5.800000000000000000e+01 -4.121286605555805524e-04 -3.345085097499906615e-04 -3.363664225728339816e-04
5.900000000000000000e+01 -4.811912355090040166e-04 -2.953090575508615927e-04 -3.523897593390689894e-04
6.000000000000000000e+01 -5.094803799615103693e-04 -3.531323849047641821e-04 -4.715432599748728415e-04
6.100000000000000000e+01 -5.036160900688179884e-04 -3.554067911687555149e-04 -4.811858539423542421e-04
6.200000000000000000e+01 -5.298231328681166953e-04 -3.176812629421502544e-04 -4.213880178189317936e-04
6.300000000000000000e+01 -5.243962995443163244e-04 -3.376018928674326403e-04 -4.107863510779660222e-04
6.400000000000000000e+01 -5.222568472487543580e-04 -3.435290751335992360e-04 -4.216872333294545156e-04
6.500000000000000000e+01 -5.229896653335897256e-04 -3.495362897520605159e-04 -4.302074508054691765e-04
6.600000000000000000e+01 -5.131650024604657474e-04 -3.416968828151314931e-04 -4.276079761120844857e-04
6.700000000000000000e+01 -4.935061478564503916e-04 -3.600137078977694392e-04 -4.497920703470657572e-04
6.800000000000000000e+01 -4.921154771875244126e-04 -3.711006146220009933e-04 -4.432192583165819508e-04
6.900000000000000000e+01 -5.990388107026496309e-04 -4.798451653825131424e-04 -4.012301408443043511e-04
7.000000000000000000e+01 -6.395140911497128756e-04 -5.303356320522432769e-04 -3.772183334600501194e-04
7.100000000000000000e+01 -6.573364227064015753e-04 -5.137655939509257804e-04 -3.384183457472042479e-04
7.200000000000000000e+01 -6.806387621982058203e-04 -5.096547043742735445e-04 -3.161252882122063249e-04
7.300000000000000000e+01 -6.475770682606135078e-04 -5.137290317627565828e-04 -2.820199766636399884e-04
7.400000000000000000e+01 -6.458072198381192581e-04 -5.365186806307364930e-04 -2.243076592908808194e-04
7.500000000000000000e+01 -6.538709470939523894e-04 -5.345419196342881315e-04 -2.044020332411484260e-04
7.600000000000000000e+01 -6.555119077182226415e-04 -5.290877384277212301e-04 -1.951548079051938713e-04
7.700000000000000000e+01 -6.469159081930431991e-04 -5.032416786024679215e-04 -1.890294161985801662e-04
7.800000000000000000e+01 -6.395181244460520402e-04 -4.987160322056395905e-04 -1.960099743580307819e-04
7.900000000000000000e+01 -6.087372137778831278e-04 -4.377387651856168163e-04 -2.501444252819493008e-04
8.000000000000000000e+01 -5.918520437909032201e-04 -4.395343844019041846e-04 -2.589926101897882809e-04
8.100000000000000000e+01 -5.816287963227572419e-04 -4.332441348415884169e-04 -2.612414049968124008e-04
8.200000000000000000e+01 -6.378775953375957547e-04 -4.383480734534563419e-04 -2.813612376383952817e-04
8.300000000000000000e+01 -6.688436397505262291e-04 -3.763758575195782141e-04 -2.260449030748088849e-03
8.400000000000000000e+01 -6.546733713054328366e-04 -4.036963911557847292e-04 -2.281957106286751358e-03
8.500000000000000000e+01 -6.473981282901483452e-04 -4.109471000790690495e-04 -2.348861057140702157e-03
8.600000000000000000e+01 -6.512438455312282836e-04 -4.156519963522907739e-04 -2.323013450750459601e-03
8.700000000000000000e+01 -6.792211917622441395e-04 -3.787357080385506396e-04 -2.241674419983416024e-03
8.800000000000000000e+01 -6.708009150523213922e-04 -3.952895822132504867e-04 -2.243232323457128655e-03
8.900000000000000000e+01 -6.830023141324813567e-04 -3.944681422160555332e-04 -2.231800455765373288e-03
9.000000000000000000e+01 -6.870724220473234650e-04 -3.927573230769628408e-04 -2.138529080933768926e-03
9.100000000000000000e+01 -6.770526241545627051e-04 -3.909013930170861912e-04 -2.134228900275309763e-03
9.200000000000000000e+01 -6.761166521010498510e-04 -3.881973749214108222e-04 -2.149874497327750131e-03
9.300000000000000000e+01 -6.767949889120125932e-04 -3.933086865130481060e-04 -2.137553706168294348e-03
9.400000000000000000e+01 -6.737115196745132890e-04 -3.961595444631839965e-04 -2.150948605355179795e-03
9.500000000000000000e+01 -6.567014025165872132e-04 -3.997253130507347750e-04 -2.161087431331954432e-03
9.600000000000000000e+01 -7.876327329620391770e-04 -2.736430397767863117e-04 -2.059193413217821466e-03
9.700000000000000000e+01 -7.912560151228807594e-04 -2.833858446989208205e-04 -2.060311318878663058e-03
9.800000000000000000e+01 -7.911943492090193954e-04 -2.793788369683891746e-04 -2.082518869175358639e-03
9.900000000000000000e+01 -7.914430310270099186e-04 -2.790685041824619394e-04 -2.069128059516616401e-03
1.000000000000000000e+02 -7.916501430995561556e-04 -2.712715852602786207e-04 -2.056004129178131464e-03
