# t, x, y, z for 100-step 3D Levy flight with mu = 3.5
1.000000000000000000e+00 -8.733577008538365819e-06 1.792190801580692917e-06 1.213095585496690985e-05
2.000000000000000000e+00 -2.082464856527314477e-05 3.083256352612121744e-06 1.193088905395360788e-05
3.000000000000000000e+00 -1.800961279588115339e-05 -6.925192866530754605e-06 9.261298641129636064e-06
4.000000000000000000e+00 -1.845617541069838116e-05 -8.322004077844166137e-06 -3.852127386729699361e-06
5.000000000000000000e+00 -9.015234977852712968e-06 -1.618030259057134425e-05 2.819914541013885423e-06
6.000000000000000000e+00 -2.504970026220070060e-05 -8.330840328943895927e-06 6.414942137113282237e-06
7.000000000000000000e+00 -2.698317830133223789e-05 -8.770736921958067255e-06 -7.133559252681552965e-06
8.000000000000000000e+00 -9.979283781476084859e-06 8.708381085100611654e-07 1.593278751131574028e-06
9.000000000000000000e+00 -1.077442219887819272e-05 1.401951657880213934e-06 1.275510094661900480e-05
1.000000000000000000e+01 -1.005240399077160801e-05 1.726015087099932165e-06 -2.821469222230531916e-05
1.100000000000000000e+01 -4.791235497446448499e-06 -1.437720603812151561e-05 -3.382623925948492299e-05
1.200000000000000000e+01 4.148322274422417728e-07 -5.015613837976081805e-06 -2.567908427550613198e-05
1.300000000000000000e+01 -4.133152782028232993e-06 7.256554810598457030e-07 2.500928101259343439e-05
1.400000000000000000e+01 -1.503985425467993967e-05 4.936876042269133948e-06 2.486233776854396938e-05
1.500000000000000000e+01 -1.621085314047545985e-05 2.403816208484193951e-05 3.196410638731990726e-05
1.600000000000000000e+01 -1.698748814416108086e-05 1.473309923361073838e-05 3.568786536224289479e-05
1.700000000000000000e+01 -1.387027767480127126e-05 4.578871869066171725e-06 4.508866351079363679e-05
1.800000000000000000e+01 -3.386103324246378439e-06 6.276625688913073755e-06 3.915381291373378717e-05
1.900000000000000000e+01 -1.484881442167269550e-05 6.487401296091644273e-06 4.229383150760443921e-05
2.000000000000000000e+01 -1.569514570995514694e-05 6.206650857239655418e-06 3.184152557394387200e-05
2.100000000000000000e+01 -1.656171158307906752e-05 8.270844915252985083e-06 4.879230740206380183e-05
2.200000000000000000e+01 -2.081402822591727432e-05 1.796213349880743046e-06 5.848380732147441768e-05
2.300000000000000000e+01 -2.664103723643544306e-05 -5.604100699382567033e-06 5.324840712529890974e-05
2.400000000000000000e+01 -2.163406523059437697e-05 -1.020908542095986987e-05 4.512943252359823712e-05
2.500000000000000000e+01 -1.247726883877636731e-05 -2.009406976203020247e-05 3.175809074767978679e-05
2.600000000000000000e+01 -2.926322180483653603e-05 -2.478214468181954509e-05 5.271275176027582176e-05
2.700000000000000000e+01 -3.764377110962244938e-05 -3.025587678727627086e-05 5.796290929642740450e-05
2.800000000000000000e+01 -2.631657362412042584e-05 -3.705936844005312369e-05 6.136723139623006856e-05
2.900000000000000000e+01 -3.227697099097908909e-05 -4.189275482029951742e-05 4.873356738033858304e-05
3.000000000000000000e+01 -2.670026447969760827e-05 -3.065048445368157026e-05 4.503380216130689568e-05
3.100000000000000000e+01 -3.535911060427832477e-05 -3.333859756017743822e-05 3.846743763596642963e-05
3.200000000000000000e+01 -3.385855322211589745e-05 -2.977139246462693893e-05 4.915520157660665656e-05
3.300000000000000000e+01 -2.331543455522275154e-05 -2.909144473893378365e-05 4.460851762862381255e-05
3.400000000000000000e+01 -2.202153340492212796e-05 -2.597950252977557407e-05 5.552840869310227015e-05
3.500000000000000000e+01 -1.981653117261232512e-05 -1.613685789395792911e-05 6.357794388068013596e-05
3.600000000000000000e+01 -4.638745367046336683e-05 -2.467749450399284937e-05 1.082019552626722306e-05
3.700000000000000000e+01 -3.679466872089576983e-05 -2.163586382918526792e-05 2.208295421583357591e-05
3.800000000000000000e+01 -3.448403982823295327e-05 -1.791964181896428030e-05 1.195790210120453834e-05
3.900000000000000000e+01 -3.535611360208987123e-05 -3.473848008463883703e-05 3.174477849054760958e-06
4.000000000000000000e+01 -2.480803303966923692e-05 -3.264050436273349562e-05 1.540624608195068242e-05
4.100000000000000000e+01 -2.383199526199177089e-05 -3.204186021670150030e-05 2.728425336978488482e-05
4.200000000000000000e+01 -2.525022375238721419e-05 -3.293917268274828614e-05 3.742167354549048587e-05
4.300000000000000000e+01 -1.108118125677827640e-05 -2.896699188925712398e-05 4.245206083954421742e-05
4.400000000000000000e+01 -9.556305222455589355e-06 -2.446458948863709448e-05 3.084541433570773194e-05
4.500000000000000000e+01 -1.802310761333117279e-05 -3.237962845749136568e-05 3.981089495783178773e-05
4.600000000000000000e+01 -7.652387901313660368e-06 -3.548752407765824485e-05 4.159491449899684209e-05
4.700000000000000000e+01 -1.931650053836204273e-05 -2.957822844040945554e-05 4.389499726094580343e-05
4.800000000000000000e+01 -2.072588895507247543e-05 -2.980811468711748571e-05 5.454463723652437640e-05
4.900000000000000000e+01 -3.451033337629811124e-05 -2.535102045838485570e-05 4.345444554474532488e-05
5.000000000000000000e+01 -2.855816155377093740e-05 -5.996499325255351214e-05 4.314783286326111055e-05
5.100000000000000000e+01 -3.708833894788049945e-05 -4.487230926040532977e-05 4.415884136458810716e-05
5.200000000000000000e+01 -2.422436897015490241e-05 -6.085915742100033587e-05 4.980984553196253739e-05
5.300000000000000000e+01 -3.157121200473889154e-05 -5.819173620392027404e-05 4.351780211184176021e-05
5.400000000000000000e+01 -2.965368966362932158e-05 -5.788554234143776967e-05 3.325959508877385945e-05
5.500000000000000000e+01 -3.411860578821479230e-05 -6.511723015266982417e-05 4.014523744008722075e-05
5.600000000000000000e+01 -3.658880518871848470e-05 -6.302977239444169596e-05 2.650416763097050490e-05
5.700000000000000000e+01 -2.738139268408516688e-05 -6.834197682529368227e-05 1.866492213980487332e-05
5.800000000000000000e+01 -3.373427155142290124e-05 -6.858505931711414926e-05 2.640808012295016698e-05
5.900000000000000000e+01 -5.341822686108985954e-05 -5.741257891406721566e-05 2.184116895534565162e-05
6.000000000000000000e+01 -5.934188905997745268e-05 -6.952061063751751864e-05 -3.109217535360130877e-06
6.100000000000000000e+01 -5.395287962154464412e-05 -7.161068412429268451e-05 -1.197031254474667241e-05
6.200000000000000000e+01 -6.175082900443769817e-05 -6.038539015248131148e-05 5.822633529636795906e-06
6.300000000000000000e+01 -5.847630734344431492e-05 -7.240538971740059868e-05 1.221962148091120740e-05
6.400000000000000000e+01 -5.661309388966595453e-05 -7.756727426337833625e-05 2.726224263708127877e-06
6.500000000000000000e+01 -5.732678157677631399e-05 -8.341766905540658108e-05 -5.571570823458660594e-06
6.600000000000000000e+01 -4.886854438410255519e-05 -7.666857606578078956e-05 -3.333634131183191181e-06
6.700000000000000000e+01 -3.957287376595811941e-05 -8.532966930686876697e-05 -1.382336189630654157e-05
6.800000000000000000e+01 -3.838275963310122630e-05 -9.481767008016766011e-05 -8.198452516336915465e-06
6.900000000000000000e+01 -5.878043922368059540e-05 -1.155627818412094794e-04 -1.882218554161171442e-07
7.000000000000000000e+01 -7.148019996373396634e-05 -1.314049659910598248e-04 7.345863278721635895e-06
7.100000000000000000e+01 -7.863249115852875360e-05 -1.247552334780885547e-04 2.291671098706113508e-05
7.200000000000000000e+01 -9.011910345472403110e-05 -1.227288191441937542e-04 3.390580969499813058e-05
7.300000000000000000e+01 -7.716659209289980102e-05 -1.243250099470828165e-04 4.726717696689936607e-05
7.400000000000000000e+01 -7.657477268840273872e-05 -1.319456379343865069e-04 6.656559194164425792e-05
7.500000000000000000e+01 -8.165933596691812987e-05 -1.306991961768639958e-04 7.911703521809128261e-05
7.600000000000000000e+01 -8.322099617465434208e-05 -1.255085915821523295e-04 8.791738278618258515e-05
7.700000000000000000e+01 -7.857837578939925137e-05 -1.115493720787358219e-04 9.122565058232392934e-05
7.800000000000000000e+01 -7.164185850737432213e-05 -1.073059086959758906e-04 8.468034404630855503e-05
7.900000000000000000e+01 -6.324528630128332159e-05 -9.067222196125624800e-05 6.991327523148551748e-05
8.000000000000000000e+01 -5.181020345432489383e-05 -9.188826269496929149e-05 6.392105083905324993e-05
8.100000000000000000e+01 -4.274220551740680882e-05 -8.630882522039276647e-05 6.192637480932930113e-05
8.200000000000000000e+01 -6.194707539621606657e-05 -8.805144868306430926e-05 5.505691671186688723e-05
8.300000000000000000e+01 -6.324379818928332246e-05 -8.545632274877515064e-05 -2.781864261320143823e-05
8.400000000000000000e+01 -5.683715807467936825e-05 -9.780844066554720683e-05 -3.754284085742306523e-05
8.500000000000000000e+01 -5.452753452221768810e-05 -1.001102755411766829e-04 -5.878239812312375650e-05
8.600000000000000000e+01 -5.666803887315411943e-05 -1.027289940564015883e-04 -4.439576736707024794e-05
8.700000000000000000e+01 -6.397996434191336238e-05 -9.308086136703127363e-05 -2.313767784854410908e-05
8.800000000000000000e+01 -5.818443852972334846e-05 -1.044745967959586562e-04 -2.420995493703468831e-05
8.900000000000000000e+01 -6.714122500689806883e-05 -1.038715952376660504e-04 -1.581806501706144023e-05
9.000000000000000000e+01 -6.820650873341936788e-05 -1.034238164991096049e-04 8.594181497594103751e-06
9.100000000000000000e+01 -5.877466636007766174e-05 -1.016767912628670028e-04 1.264203022484077315e-05
9.200000000000000000e+01 -5.806616464473882437e-05 -9.962993371845313233e-05 7.988001758758695277e-07
9.300000000000000000e+01 -5.863637621980061904e-05 -1.039265146885506977e-04 1.115568722593854079e-05
9.400000000000000000e+01 -5.612066336077998059e-05 -1.062524467644012700e-04 2.271786097599722904e-07
9.500000000000000000e+01 -4.493871231235205602e-05 -1.085964782267263823e-04 -6.437787581140029115e-06
9.600000000000000000e+01 -6.610916781599443146e-05 -8.821007302437305843e-05 1.003758748175431508e-05
9.700000000000000000e+01 -6.963706522124406598e-05 -9.769639362510386014e-05 8.949111259057602346e-06
9.800000000000000000e+01 -6.959922360769902998e-05 -9.523747218024161221e-05 -4.678669203236826150e-06
9.900000000000000000e+01 -6.980788642746958445e-05 -9.497707954397213964e-05 6.557231052691283988e-06
1.000000000000000000e+02 -6.996856507483705206e-05 -8.892818837771446867e-05 1.673884600641106251e-05
