4
0
-3
-2
-5
-8
-5
-7
-4
-5
-8
-7
-6
-4
5
9
7
10
5
0
0
-2
-6
-9
-9
-1
2
2
-1
-2
-6
-3
-4
-6
-5
-4
2
2
2
0
-3
-2
1
2
2
-1
0
3
6
4
5
4
3
2
-3
-7
-4
-3
-5
-11
-10
-5
-4
-5
-6
-9
-7
3
9
16
16
15
12
10
6
5
-2
2
3
2
1
2
4
5
8
5
5
4
8
10
4
-2
-4
-7
-10
-14
-19
-18
-15
-10
-6
-6
-4
-8
-11
-9
0
6
8
0
-3
-1
-3
6
10
3
1
-1
-6
3
2
-4
-7
-6
-3
-2
-4
-1
4
5
9
8
5
6
2
3
2
-3
6
7
4
4
4
8
16
14
7
5
1
-1
-1
-2
1
3
-1
-5
-6
-12
-14
-7
0
7
6
-1
-4
-6
-8
-5
-4
-2
-2
-9
-15
-14
-13
-10
-7
-9
-7
0
4
8
7
4
3
2
9
9
8
1
-3
-6
-13
-16
-16
-13
-9
-8
-9
-15
-18
-18
-13
-11
-3
0
-2
-3
1
5
4
7
2
2
-1
0
-3
-6
-10
-9
-12
-14
-14
-15
-11
-6
-4
3
5
8
13
11
14
14
11
10
6
1
0
-3
-1
1
1
-2
1
-1
-2
-5
-3
1
7
11
11
11
14
16
9
4
5
8
9
8
1
-6
-14
-16
-19
-21
-18
-17
-17
-16
-13
-8
-3
4
10
6
7
8
11
10
5
-3
-5
-5
-3
-1
-6
-4
-2
-2
0
0
1
-2
1
3
3
5
12
12
8
12
16
15
13
4
-3
-5
-6
2
2
1
6
9
14
15
9
5
1
2
6
-1
-12
-16
-13
-11
-10
-10
-2
3
3
10
8
4
5
1
-8
-3
-7
-7
-1
-10
-12
-9
-6
-3
-14
-26
-13
-3
0
12
13
-6
-8
-18
-8
-15
-27
0
13
3
8
3
-5
-1
-16
8
23
13
27
55
16
2
-6
26
12
-8
-16
-21
-6
-5
-11
-6
-38
-30
9
-2
4
-9
19
104
23
-313
-459
486
441
228
85
-711
-403
-75
139
267
-130
-86
479
280
-132
-451
-249
-331
106
254
-103
455
168
147
-205
-949
-387
374
611
572
-311
-823
-17
559
672
-7
-898
-884
466
842
476
-55
-854
117
494
98
-119
-578
-386
928
255
3
-177
-507
322
594
-355
-556
-163
-126
1252
295
-652
-318
-535
313
1093
-380
-563
-295
-178
1082
524
-540
-612
-457
17
1214
-53
-710
-151
-461
676
993
-473
-571
-362
-558
1328
285
-594
41
-560
230
1102
-401
-752
-213
-338
1035
941
-759
-472
-166
-261
1456
-171
-1040
241
-302
601
1161
-992
-815
-98
-16
1356
470
-1273
-551
-160
486
1637
-382
-1388
-271
-52
1078
1230
-1139
-1044
-179
38
1914
113
-1581
-356
-327
1027
1562
-767
-1142
-477
-19
1668
757
-1384
-687
-185
447
1807
-385
-1703
-166
-152
1356
1261
-1421
-968
-205
58
2121
177
-2036
-171
-186
976
1653
-1017
-1671
-7
129
1767
783
-2162
-905
48
565
2088
-270
-2508
-22
191
1400
1327
-1630
-1605
148
489
2097
430
-2649
-308
163
865
1761
-782
-2099
159
551
1512
992
-2101
-981
282
591
1779
13
-2467
325
483
818
1189
-1338
-1439
382
562
1315
520
-2254
-208
475
429
1264
-499
-2134
457
750
735
949
-1770
-969
565
497
1112
132
-2363
204
773
477
1013
-930
-1691
525
808
470
733
-2163
-473
998
509
834
-155
-2223
311
879
305
785
-1189
-1152
852
770
-73
572
-2056
20
1149
120
308
-198
-1487
751
989
-292
419
-1357
-575
1261
675
-520
421
-1796
373
1372
38
-334
-456
-1083
819
1216
-415
387
-1383
-414
1247
548
-689
118
-1223
260
1301
308
-391
-384
-774
426
876
-288
341
-742
-8
653
97
-538
312
-589
313
591
-234
-334
-47
133
581
116
-895
-238
-280
1016
609
-671
-871
-88
298
1289
175
-1297
-723
-130
1230
1439
-841
-1381
-204
-66
1756
548
-1591
-628
30
766
1423
-855
-1295
55
127
1190
465
-1729
-542
863
94
1198
-644
-1875
557
883
497
605
-1825
-827
1153
415
1120
-435
-2189
171
1376
469
1111
-1591
-1688
894
955
1148
-102
-2169
-612
1414
747
1266
-1242
-2379
552
1512
799
631
-2169
-1083
1425
768
982
-1238
-1975
287
1750
731
599
-2464
-1211
1521
1087
829
-1051
-2121
115
1900
922
547
-2794
-1216
1449
1611
952
-1055
-2618
-304
2206
1214
526
-2751
-1475
1151
1935
1157
-750
-3379
-206
2352
1361
728
-2485
-1875
747
2372
1147
-478
-3510
-137
2200
1183
828
-2260
-2522
885
2883
764
-194
-3495
-366
2016
1492
850
-2320
-2781
1031
3223
616
-196
-3463
-978
2065
2366
643
-2272
-2989
901
3164
885
-228
-3416
-1478
1945
3150
497
-1878
-3302
564
2967
1571
-123
-3416
-1970
1741
3481
534
-1312
-3662
-96
2646
2002
208
-3157
-2363
1473
3232
921
-928
-3743
-684
2360
2370
388
-2442
-2826
1083
2962
957
-688
-3117
-1403
2214
2604
186
-1658
-3180
656
2861
1120
-479
-2466
-2010
1988
2676
327
-1413
-2603
-404
2706
1877
-750
-1679
-2487
1235
3045
449
-1144
-1942
-1616
2425
2217
-424
-1370
-2173
-57
2948
1217
-1336
-1113
-2039
1427
2776
-358
-1310
-1226
-1277
2746
1613
-1407
-844
-1335
-69
3149
199
-1927
-375
-1588
1704
2599
-1170
-1277
-490
-1374
3148
1102
-1944
-499
-576
-593
3199
-67
-1853
-88
-1423
1488
2178
-1347
-767
76
-2045
3075
976
-1921
39
-56
-1379
2730
-14
-1388
213
-1205
1212
1558
-1281
-514
622
-2263
2628
932
-1892
49
528
-1494
2169
-89
-1282
362
-980
876
1493
-1331
-459
946
-2203
2008
1008
-1800
5
746
-1515
2027
-17
-1203
543
-760
267
1534
-1222
-332
1030
-1916
1567
1017
-1704
213
608
-1792
1939
199
-1032
612
-902
-264
1654
-936
92
843
-2262
1347
974
-1270
617
208
-2083
1870
317
-469
772
-1416
-318
1376
-694
645
601
-2487
1481
667
-894
938
-472
-1798
1587
217
36
795
-1919
153
1135
-751
951
-16
-2503
1752
527
-431
1033
-1355
-1147
1519
-36
494
406
-2363
950
982
-530
1145
-826
-2193
1752
466
-79
917
-1906
-388
1390
-176
653
-217
-2254
1325
951
-390
960
-1431
-1260
1855
233
-127
100
-1922
310
1457
-56
568
-1068
-1535
1654
652
-421
167
-1341
-432
2076
385
-434
-806
-1184
1007
1028
31
-363
-1052
-628
2030
593
-926
-829
-643
158
1647
583
-1364
-929
-325
1615
711
-532
-1448
-343
-16
2009
840
-1730
-1166
305
1025
974
235
-2367
-364
359
1964
798
-1205
-2077
584
717
1114
707
-2622
-720
792
1604
645
-519
-2788
580
1008
1201
655
-2130
-1611
1081
1554
607
-49
-2843
335
1224
1173
488
-1595
-2163
1224
1831
654
-170
-2631
-510
1526
1643
676
-1458
-2508
873
1769
865
-13
-2313
-1172
1532
1962
636
-1537
-2365
138
1942
1265
224
-2265
-1578
1284
2020
827
-1222
-2162
-378
1933
1616
370
-2266
-1540
494
2183
1110
-726
-2339
-792
1496
1651
774
-1962
-1597
-192
2020
1283
-156
-2334
-726
644
1758
1177
-1457
-1831
-425
1440
1463
408
-2053
-754
64
1657
1242
-913
-1973
-208
765
1576
571
-1612
-1155
-23
1375
1344
-358
-2064
-208
345
1488
697
-1057
-1612
159
755
1495
-4
-1616
-516
160
1183
904
-502
-1772
133
371
1486
178
-983
-1151
229
730
1062
-116
-1555
-228
192
1396
392
-363
-1618
265
301
1334
77
-1039
-812
99
1127
426
83
-1659
-27
-24
1389
161
-421
-1336
41
606
670
367
-1211
-354
-200
1154
135
100
-1333
151
16
945
363
-607
-657
-187
629
287
491
-1194
130
-181
774
246
-227
-882
133
31
502
610
-882
-30
-169
271
345
230
-974
295
-169
367
618
-579
-214
163
-156
331
445
-895
363
-145
8
726
-266
-535
352
-369
242
807
-1082
-200
277
-170
808
95
-1019
108
-21
147
571
-881
-318
1062
-410
-257
344
-621
638
703
-1019
-90
-152
254
857
-271
-838
42
-60
525
828
-1198
-393
465
452
530
70
-1247
50
229
500
441
-822
-685
476
662
58
45
-1183
-88
618
564
-26
-460
-645
579
569
-79
-271
-721
-77
490
1072
76
-671
-1014
-85
880
823
548
-871
-1478
-83
1247
930
309
-670
-1690
-271
1153
866
-133
-187
-579
-111
-24
489
5
-123
254
-53
-135
-145
-64
53
1547
-207
-1525
-1119
449
997
1958
-109
-2411
-1109
285
1455
1625
346
-2374
-2127
453
2389
1450
15
-1717
-2453
333
1927
1131
129
-599
-2141
-636
1620
1048
708
-545
-1357
-1137
898
254
1219
642
-258
-1659
-920
138
1256
2054
18
-1774
-2279
512
731
2905
615
-2095
-3034
109
1044
3183
1364
-2500
-3313
-503
2080
2694
1779
-2559
-3037
-1102
2390
2281
1955
-2043
-3061
-1306
2114
2094
1625
-1103
-3028
-1394
1467
1632
1320
290
-2413
-1600
385
1179
1259
1236
-1494
-1812
-709
694
1192
2422
-365
-2435
-2290
233
1902
3213
728
-3062
-3209
-116
2013
3218
1769
-3089
-3802
-1025
2500
3842
1845
-2974
-4173
-1462
2613
4204
1632
-2224
-4286
-1898
2254
4105
2069
-1687
-4517
-2172
2104
3338
2312
-1207
-3500
-2546
1576
2087
2466
-402
-2283
-2162
230
1173
2277
636
-1071
-1736
-1731
642
1832
2406
-42
-1979
-3014
24
1553
3456
1213
-2320
-3907
-814
1836
3906
2064
-2751
-3934
-1738
2114
3830
2612
-2342
-4219
-2234
1989
3933
2641
-1571
-4351
-2822
1872
3981
2200
-828
-3553
-3304
1117
3839
1710
-321
-2312
-2979
327
2858
1137
699
-939
-2425
-911
1122
1279
1337
281
-1316
-1668
-1064
1475
1397
1182
-112
-2181
-2255
1731
1564
960
305
-2698
-1661
1742
2005
945
223
-3340
-1753
792
2580
1442
-174
-2291
-1080
520
1336
1536
-1141
-1222
-1259
277
2211
1769
-1545
-931
-1476
-146
2236
702
-715
-406
-901
-785
2261
54
-463
-21
-820
-893
1362
559
-477
1
-509
264
85
820
-668
-805
-318
1115
13
801
313
-1595
-701
70
904
1415
554
-1889
-682
-1049
731
2363
1465
-1924
-1178
-1341
-989
2063
2329
1582
-2058
-1844
-1760
-338
2212
2920
331
-2418
-2150
-909
1302
2633
1260
-818
-2332
-2305
1624
1345
566
591
-684
-1004
-142
684
-606
-799
663
1398
173
-77
-403
-1951
-1331
2209
1584
1268
-680
-2879
-1104
-410
2426
2492
800
-2247
-2266
-1005
-186
2951
2050
819
-2274
-2504
-416
-42
2326
2831
427
-2914
-2047
-813
376
3198
1417
-9
-2374
-2465
594
1020
1254
860
-247
-1925
-25
859
-787
66
27
1055
476
36
-464
-2261
-1040
1919
2358
481
5
-2358
-2980
339
2360
2636
1477
-2056
-2928
-2198
515
3053
3367
-105
-2312
-2656
-1730
844
3075
2646
-359
-2380
-2426
-835
504
3090
1957
-652
-2005
-1732
-987
1388
2251
578
-290
-1570
-1387
689
391
399
576
-11
-497
119
171
-1626
-585
644
2015
992
-282
-1218
-3195
-381
2268
2815
1055
-1140
-2783
-2757
1067
2636
3439
-242
-2708
-1970
-1599
977
3118
2242
-1045
-1751
-1405
-1786
1295
2381
1738
-518
-1595
-1374
-1649
1322
2312
1655
-1074
-1667
-1497
-531
2385
1273
-72
-1236
-1435
577
766
254
-199
-66
-923
455
1345
-961
-564
-424
-14
1443
905
-355
-1883
-1120
456
1871
1172
-278
-1154
-2177
704
1004
757
934
-1223
-1045
561
248
-222
305
-179
294
676
-633
-550
-6
-552
1386
676
-972
-292
-441
103
928
104
-122
-79
-811
766
-128
-655
625
18
-357
1539
-408
-1483
-185
-224
933
1422
142
-1614
-899
-744
2061
1108
-317
-537
-1748
-334
1439
1149
2
-312
-1351
-175
408
16
1145
146
-1069
1020
-975
-475
754
-93
-364
190
271
37
725
-531
-476
10
396
203
-1519
-653
1425
1056
1417
-111
-2178
-1883
211
901
939
378
-16
905
-335
-1698
-1129
495
877
1185
445
-1249
-745
-775
763
2064
-226
-798
-743
-936
-288
152
1980
397
217
-366
-722
-731
-1825
1507
745
624
1575
-749
-730
-1532
-1234
1492
1040
1189
-175
-1009
-1533
-585
1946
914
482
-624
-1294
-115
-1050
704
1621
134
895
-674
-1769
-852
-1425
2002
1939
853
-604
-1557
-770
-1682
2101
1314
76
31
-1250
145
-796
-632
2290
-103
345
-20
-1202
-902
-1729
2400
1675
881
84
-2203
-1048
-2002
2269
2585
-275
676
-2330
-865
-224
-364
2412
12
82
-402
-604
-380
-1872
2153
619
656
853
-1737
-818
-1410
883
1720
413
934
-652
-1815
-412
-1190
1408
1236
1018
653
-1205
-1174
-2855
1344
1884
1386
2128
-2171
-2607
-1205
-197
3103
1907
182
-1629
-2342
-187
-198
2182
734
-160
-85
-1189
213
-1062
92
1207
345
1318
-328
-1847
-260
-1261
1571
1621
274
-566
-1429
141
-1139
1559
593
-215
579
-1063
-178
73
-539
124
484
886
496
-1043
-783
-628
114
991
890
-367
-936
-499
-161
1139
686
-338
132
-691
-1155
1141
131
-529
197
358
1107
-268
-860
-1410
205
919
1341
-39
-1252
-794
477
1002
265
-897
-320
387
12
575
-318
-812
90
914
775
30
-1079
-1249
-411
960
1338
1569
-359
-2236
-1355
-195
1269
1218
631
116
-670
-1126
20
-637
-448
1030
1154
1487
-1040
-1889
-857
20
994
1271
1065
-739
-1992
141
-173
695
260
356
1328
-866
-1170
-480
-722
674
889
1122
607
-1186
-1528
81
727
146
-56
-311
8
709
277
391
-305
-2393
170
1564
358
468
-615
-791
189
-290
383
481
58
-418
260
-67
-268
-475
-1097
914
1694
526
-97
-1985
-488
-275
-527
1885
1504
55
-368
-1598
-389
-553
115
700
1440
989
-1345
-856
-333
146
-222
112
222
617
-5
389
-65
-138
-1687
-322
221
1590
1164
-62
-963
-492
-1097
-196
1231
1002
777
-807
-1271
386
-439
-874
583
1073
1102
-46
-1473
-410
-484
-1258
1211
1666
832
159
-1653
-1285
387
-779
1267
1457
532
-827
-839
-1639
1235
441
-166
817
-68
-373
-8
-950
1146
440
-1869
371
905
636
42
-717
114
284
-1597
-146
1154
593
33
3
-233
9
-1383
-870
1126
1300
290
370
-1331
-194
-1204
-969
1524
2231
720
-277
-2280
-1095
-397
69
2009
1924
841
-1813
-2313
-381
948
-217
773
664
800
-464
-1083
-284
293
-1008
-185
1179
1246
205
-562
-709
25
-993
-446
837
908
1232
78
-1519
108
-312
-1457
621
624
1350
457
-867
297
-32
-2454
-431
1048
2400
838
-1278
-1120
241
-1536
-386
1991
1555
780
-1574
-2934
-113
767
1605
1984
-797
-1398
-942
-330
672
477
-835
338
1847
872
-1507
-2439
-363
2310
325
-19
-86
187
13
-503
-851
657
-410
94
919
87
-847
-1503
1367
1771
787
-2008
-1204
275
1116
516
-311
-589
-220
214
311
809
-6
-249
-1959
-347
320
871
1461
537
631
-1744
-2250
-654
1563
1317
138
-13
697
-345
-1426
-1298
410
882
519
1110
-169
-748
-1119
-655
1278
1173
46
-658
-291
27
-665
-896
1150
1537
-233
-875
-295
-269
455
-51
-566
1524
324
-1544
-1314
434
1971
1284
-199
-1288
-2097
-133
609
310
708
322
558
884
-154
-2838
-1186
1431
577
-331
-46
937
2435
-74
-2339
-1481
-178
163
-1458
640
2561
2988
459
-2487
-2593
-971
-417
-698
1403
2365
2350
1227
-1203
-3822
-1447
-579
-61
950
1429
1797
2546
-481
-3194
-1709
-125
-17
-2089
434
2598
5146
1586
-3974
-3680
-729
163
-1620
511
2336
4203
2218
-2343
-3492
-1103
-1103
-1475
624
2066
3871
2360
-1279
-3693
-1273
-595
-609
-554
845
2452
3433
663
-3423
-1559
-490
-401
-1917
-252
2251
5124
1947
-3238
-2678
-722
-613
-1858
-38
2506
4720
1450
-2698
-3036
-20
456
-2285
-857
723
4084
3495
-634
-3945
-849
-715
-910
-461
12
2601
3745
857
-2909
-1661
-796
-473
-1740
-170
2082
4602
1508
-2915
-3016
166
612
-2139
-587
1273
3405
2416
-1966
-2988
388
714
-1510
-680
-345
1988
2259
384
-2114
-537
818
-609
-1450
-1005
770
2375
1800
-853
-1553
624
924
-2196
-2279
-301
2296
3479
297
-2054
-809
709
-770
-1732
-936
852
2086
1623
183
-800
-797
-1053
-525
-1314
170
1558
1192
857
-388
-1004
158
211
-977
-1497
-720
1788
1076
908
814
-479
-989
-1304
-1187
-325
879
705
1042
1725
-13
-1269
-946
-1068
-269
296
-374
868
1973
965
-117
-1059
-1593
-1052
-822
523
1038
1244
1278
566
145
-1548
-2566
-1526
564
1909
1900
1337
-293
-1086
-603
-1171
-547
-144
87
1010
1852
1242
-815
-1840
-469
-1084
24
1289
848
1083
-596
-1489
-200
1359
30
-118
-969
-759
1059
1213
-1148
167
1213
-1126
-778
137
-549
250
1759
372
-1490
-824
312
99
815
-183
-1790
304
2232
1749
-1535
-2107
-902
-575
2050
1483
-832
-481
1656
758
-1759
-1592
-1617
-476
3610
666
-1526
389
2988
847
-4238
-3906
-1658
2529
5522
448
-2631
814
2124
-1435
-3711
-2221
-1298
4075
4919
-1184
-1976
1050
2044
-1960
-4414
-1899
-355
5633
3417
-3114
-1402
2596
2371
-3004
-4079
-2934
-149
5077
2356
-592
755
2294
140
-5338
-3417
-2724
1299
6467
2086
-656
213
2240
-1291
-5301
-3006
-2815
3288
6492
1650
-767
-10
1822
-2877
-4386
-2253
-2166
4377
5128
437
-520
1259
2108
-3616
-4698
-4162
-1204
6144
5415
446
-1464
1703
1277
-4522
-4155
-4505
726
6930
4060
-259
-870
2562
250
-4949
-4602
-4401
2362
6908
3068
-27
13
3679
-1756
-6232
-6075
-3627
4696
7675
3039
-850
-160
2752
-3726
-6318
-4720
-1724
6066
6540
1475
-1315
1376
2228
-4135
-6016
-4703
-1165
5703
6336
2133
-870
1669
491
-5312
-4986
-4629
-704
6425
5957
2523
-80
667
-1608
-5697
-4047
-3324
779
5856
5210
2171
-182
149
-2258
-4580
-3887
-4091
1315
6702
5975
2571
-1873
-1575
-2618
-3813
-2505
-2559
1666
5535
5218
1871
-1667
-2721
-2484
-2149
-2008
-2247
1844
4120
4703
1840
-1716
-2578
-2518
-2152
-1126
-934
1855
3225
2992
1370
-718
-2321
-2785
-1435
-710
103
1183
1739
2416
1568
134
-1956
-2770
-950
-1089
37
1339
1506
2054
1996
-26
-2503
-2695
-1011
-299
1053
172
503
2176
2082
-168
-2145
-1883
-1089
-465
48
-92
1784
2829
1156
-201
-1674
-1881
-1573
-444
184
424
2203
2649
50
-1283
-1016
-897
-1543
-153
-88
779
1978
1546
135
-865
-2165
-1553
742
168
310
1013
1343
576
-397
-429
-1763
-2883
-295
3152
3289
449
-451
-1355
-1612
-849
-660
-306
-265
1865
2873
1530
-684
-2283
-2139
-866
-451
-159
1126
795
1013
3139
1338
-3010
-3241
-2371
-818
1531
3118
1566
-1136
-114
1505
617
-1899
-2740
-1993
796
2925
2094
58
-2199
-1517
1383
2745
-1431
-2366
-1305
1017
2311
1025
-839
-3400
-1123
3573
3137
-415
-1823
-1155
-394
278
-237
-998
-990
606
3426
3901
-646
-2987
-2882
-1490
52
679
1263
-645
331
4359
3319
-2281
-4098
-3465
-1594
1770
3018
1148
-803
117
2783
2545
-2241
-4591
-3108
-347
2456
3453
1732
-1398
-1563
1180
2598
-1742
-4007
-2159
594
3421
3175
426
-2405
-2367
1811
1809
-2181
-2110
-28
1663
2381
1347
-1788
-2858
-1409
1085
2444
921
-1405
-531
855
727
94
-820
-2706
-2710
2164
4924
1593
-1565
-1335
-1112
297
1171
-2489
-3150
-105
3552
4708
1813
-2084
-3442
-1147
-130
-663
-770
-418
736
3484
3783
704
-3024
-3514
-2375
-738
1489
897
1127
1159
2510
1561
-1418
-3716
-4168
-392
2000
2819
1582
-64
597
479
-899
-1777
-2744
-2253
1459
3578
3393
551
-1740
-2463
-798
155
-1308
-1177
218
2794
2803
1421
-992
-3548
-2048
536
217
-282
960
1634
1267
1368
-241
-3058
-1581
-753
-641
1139
1574
1894
933
-53
-1616
-1540
-856
-985
-231
1395
2629
1613
-252
-655
-1994
-1378
-138
181
-135
1055
2240
1694
-1281
-1904
-1788
-252
832
357
-373
-167
3017
1198
-1056
-1789
-722
-1053
-1003
668
433
1854
3701
252
-3414
-2168
-746
190
829
-568
-300
2844
2381
-168
-931
-1907
-1987
-707
-736
-919
2531
4463
2203
-1086
-1551
-2879
-2797
-1018
-908
2373
4257
2220
484
34
-2795
-3578
-2604
-1818
1797
4791
2649
1291
28
-1689
-2565
-2728
-2973
412
3407
2931
1567
2018
47
-2583
-3579
-3961
-1683
3374
4511
1265
1167
1672
-587
-3310
-5993
-3326
3463
4874
2016
978
1932
112
-2976
-5647
-3473
1318
4281
2279
1346
1894
1615
-1392
-5054
-5573
-745
4302
2793
1311
2339
2219
-209
-3210
-6949
-3688
3013
4843
2539
1037
1493
515
-1696
-5867
-3746
1554
2982
1435
1910
2905
750
-2107
-4672
-3344
360
3080
832
451
2244
2236
-258
-3691
-4123
-577
2376
1051
515
1364
2341
396
-2059
-3880
-2059
1482
1544
838
1108
2033
928
-1590
-4161
-1662
1886
1219
-708
144
3092
1901
-838
-3446
-2117
125
1660
-552
-352
2611
2184
545
-2460
-2754
-672
1352
-668
-926
1973
3392
580
-1840
-2355
-1222
1119
21
-1409
-547
3237
2774
-91
-2533
-2479
1277
744
-2442
-1951
2496
3714
1620
-945
-2311
-1674
655
-647
-2036
70
2674
3278
667
-1147
-1667
-403
-546
-2764
-1430
1495
3761
2685
613
-1652
-2003
-744
-1170
-2399
-861
2405
3571
2384
-196
-727
-1974
-2328
-1660
-576
322
2345
3086
1210
-220
-1368
-2318
-1309
-412
-205
1202
1768
1666
985
-363
-2144
-2786
-215
549
894
1850
1451
194
-699
-1168
-1894
-1140
211
837
1442
1768
850
523
-1075
-3092
-2148
-186
1156
1582
1718
1561
677
-814
-1953
-1945
-1349
-384
846
1229
1245
2249
1735
-1495
-2338
-1433
-2124
-1107
1487
2396
1069
1043
441
-377
-475
-1569
-2422
-948
422
1598
2006
305
-345
940
712
-1712
-2616
-607
366
1841
1359
-1656
-447
2068
2196
-657
-1882
-3008
-735
2336
1473
-1121
-1149
1564
2276
1724
-1510
-4545
-2162
1741
3076
406
-2352
268
2736
2864
-1087
-5146
-2904
1673
3681
-219
-2682
1500
3415
3236
-2313
-6658
-2738
3151
3638
-1610
-1751
2791
3735
1930
-4236
-6416
-364
3766
1984
-3011
-542
4014
4226
1375
-6095
-6052
662
3953
1072
-3699
669
4455
4713
1395
-7039
-6455
103
3387
1190
-2138
2214
3769
3755
126
-6937
-5673
234
3892
471
-1780
3139
2764
3671
379
-7489
-5129
640
3359
-368
-1288
3793
2871
4000
-942
-7656
-4322
1546
2951
-1928
-960
4333
4172
4671
-3207
-8496
-3288
2570
3089
-2622
-1661
4401
5065
5008
-3494
-8521
-3493
2540
2012
-2913
-346
4705
5393
4316
-4196
-7714
-3551
1789
1653
-3004
629
5098
5356
3865
-4577
-7331
-3567
1369
1202
-2096
1365
4334
5190
3472
-4143
-6648
-3798
306
763
-1333
1870
4567
5390
3094
-4346
-6941
-4431
-774
2353
1203
1371
3163
5330
2177
-3852
-6421
-5487
-1306
3722
3641
1297
1377
3038
2273
-3029
-6266
-5094
-251
3718
3664
1438
977
1932
1957
-2405
-6649
-5292
-23
5144
4636
1423
-788
565
661
-2263
-3447
-3141
-264
3373
3399
1211
-372
158
-39
-1328
-2459
-2545
-143
2419
2754
1594
-453
-850
-439
-618
-1123
-1642
-120
1043
1802
1829
39
-1187
-401
-108
-713
-1382
-462
1477
901
679
-624
351
1124
219
-1973
-3105
-573
1691
2569
2025
-563
-2255
288
79
-1333
-1205
891
691
65
998
75
197
1441
-389
-2512
-2583
231
762
861
3247
1838
-474
-2037
-3019
-938
439
1424
1003
-272
466
1689
1489
-1535
-3120
-1870
-1071
3091
3289
-45
-763
-770
376
325
-1532
-2514
-1085
2360
3322
2750
-1458
-3437
-1568
897
732
-609
-1414
2067
1856
1874
-321
-2918
-2719
141
1562
1156
53
-282
591
1286
-411
-363
-1705
-2882
375
2382
2338
1311
-1578
-1672
-1026
-70
1516
39
-1330
-565
2255
2116
-473
-2291
-2785
-561
2291
3648
1265
-3147
-1582
256
727
221
-1959
-1489
2132
3827
2385
-1587
-4581
-2650
1124
1754
187
-797
589
3076
2427
-453
-2873
-5212
-2241
1917
3609
2430
719
-385
25
-406
-500
-2155
-4051
-1117
3279
4158
3103
508
-2853
-2005
-827
-961
-906
-1426
233
3722
4392
1303
-1653
-3906
-3348
-724
1661
1519
-585
485
2834
2281
-207
-2727
-4310
-2094
2236
2631
711
-521
588
2418
717
-2971
-3217
-2031
974
2309
2365
1721
-319
-1498
-712
-451
-1523
-1550
177
705
1574
4082
2047
-2361
-4545
-2146
337
771
1145
-521
1048
3754
1996
-763
-3581
-4347
-1835
1808
2683
572
1628
1953
764
-554
-2011
-4120
-2940
551
3676
2975
1512
147
-1306
-928
140
-2319
-3359
-581
2535
3354
3079
981
-2296
-2652
-1470
-747
-648
-279
1490
3162
2389
928
-2438
-3844
-1980
-68
1771
1973
513
600
925
705
-1031
-3039
-2428
-269
1846
2817
1810
180
-382
-1091
-2139
-1580
-452
714
2041
1320
902
552
-843
-1309
-1728
-1222
41
1040
1355
1358
474
65
-127
-1723
-2472
-492
644
1713
1847
-175
296
-404
-202
-827
-1902
-901
606
1876
2527
422
-1267
-1701
-715
333
-553
-889
324
1918
1421
680
753
-2080
-1636
-1836
-1116
2096
1742
346
377
659
281
-198
-990
-2425
-1845
434
2053
2698
-126
-408
811
563
-1668
-2522
-682
-17
1607
979
961
720
-605
-620
756
-1219
-2441
527
1418
373
800
232
498
-440
-2608
-373
1962
277
-519
1420
77
-1193
-551
180
940
-1449
-1684
1825
1836
780
237
-279
-2071
-1013
-1097
114
1441
200
224
2740
287
-2153
-712
417
-1070
-1920
-1007
2023
2624
458
-103
682
-788
-1828
-236
-432
-636
-462
162
2824
1637
-1177
-385
182
-1976
-1289
1496
491
-469
-118
502
1722
-360
-1770
842
769
-1567
-478
1492
250
-314
-1302
64
1576
-816
-284
1831
-44
-2081
1194
880
-1461
-1310
-605
1993
1819
-1381
-354
1099
-180
-1137
692
76
-1255
-409
263
2053
114
-1707
402
196
-338
174
1507
-398
-852
-1366
-557
1857
467
-1212
93
1315
296
646
1009
-2128
-2406
-1859
470
3056
821
163
1579
720
-1908
-1926
-657
-1169
-239
-391
1740
3028
982
1074
-627
-2819
-3534
-721
929
1044
1168
1364
2702
922
-2057
-1939
-2009
-2021
-863
2071
2908
2576
1123
-737
-1765
-2281
-2340
650
373
1053
1424
1802
820
-389
-1654
-2838
-945
102
1295
1427
1382
971
577
-585
-1874
-3266
-1411
1186
3173
1902
-22
-67
-86
-1162
-1484
-1787
-839
460
2032
3092
1772
-1345
-2382
-1500
-730
-65
189
-151
949
2745
1122
155
-2533
-3128
-489
1029
1344
468
173
1368
1619
-290
-3579
-2329
-233
1252
2707
1491
-50
-212
-343
-688
-2646
-1768
363
2214
2896
1093
47
-320
-1065
-1520
-2972
-1399
866
2413
3360
1660
-963
-674
-551
-1408
-4082
-1667
792
4029
5356
-431
-2419
-631
145
-328
-3298
-2920
-285
4337
5832
132
-2974
-1920
1184
81
-3499
-2607
7
5043
5373
-927
-3993
-1565
1828
73
-2259
-2789
-844
4609
5799
-5
-4379
-2417
533
-142
-1040
-1528
-101
4324
4029
71
-3613
-2310
-188
-943
-764
-673
349
4751
4133
-1158
-4133
-1329
89
-968
-1460
-1915
951
6695
4471
-1517
-5242
-2398
519
183
-1003
-2519
246
6384
5514
-1306
-5625
-2071
190
-1129
-42
-1246
703
5561
3835
-1695
-4102
-858
-619
-1612
-344
-1330
2358
5892
2521
-3012
-2938
-239
-1412
-2570
-58
218
2983
5140
1757
-3505
-3313
472
-1177
-2477
-66
-356
3626
6109
779
-3875
-2624
-273
-1566
-1518
-547
135
3999
4857
1135
-3222
-3494
89
-459
-1766
-1016
-253
3873
5177
449
-3795
-1857
480
-1454
-1369
-670
-543
4146
4492
-903
-3163
-1593
640
-315
-1032
-1532
145
4273
3137
-1227
-3044
-1503
346
256
-245
-1016
-451
3176
2865
-612
-2231
-1783
-274
-256
275
-313
-58
2681
2282
-303
-2141
-2479
-439
433
542
-233
-346
1989
2473
589
-1919
-2217
-918
-808
675
810
272
1536
1802
212
-1931
-1696
-845
-639
805
262
335
1942
1423
-176
-1396
-1990
-1082
-334
1513
1369
17
12
999
237
-951
-869
-1771
-1562
2107
1722
604
1053
-778
-709
-628
-1427
-1160
156
1554
1793
955
114
-547
-604
-2105
-1534
-29
1034
2598
1278
-754
-366
226
348
-1128
-2885
-2578
1732
4614
2696
-205
-2025
-2168
-241
51
-1000
-920
874
1749
1965
327
-561
-1261
-772
-527
-628
-738
463
1866
649
312
996
-1309
-1586
-328
-385
474
1569
-200
-394
842
149
-1246
265
-24
320
209
-956
-1017
1120
1011
-38
-1288
-334
864
1417
-96
-2116
-916
1084
1420
-140
-581
-18
519
430
-1622
-1448
1036
1592
601
-1004
-163
924
719
-389
-3475
-1275
1548
1800
641
930
133
143
213
-3097
-2432
1029
747
800
951
1115
1266
1504
-2419
-4285
-521
726
977
780
939
1295
1188
898
-2651
-2827
-860
7
591
1879
2297
623
373
-1688
-2720
112
506
-443
-483
1969
2215
501
-975
-2817
-1064
33
40
-41
2175
1934
852
-301
-2881
-1490
292
-902
-874
1273
3037
2733
1015
-3796
-3680
838
480
-1510
-31
2473
2789
2098
-1198
-4350
-564
276
-1062
-1274
2244
3016
2454
334
-4300
-2655
401
585
-661
-211
2658
2969
1616
-2631
-4245
-410
-221
-226
473
2762
3653
1394
-1884
-4253
-1391
-551
-966
185
1791
3615
3858
717
-4392
-3792
-1129
-854
-563
919
3441
3486
2646
-1547
-4067
-1724
-1781
-2304
-230
3346
4033
2645
520
-2610
-2545
-1216
-2213
-1708
597
3844
3661
1729
-708
-2624
-1821
-1331
-1616
-1370
2113
3458
1895
382
129
-2404
-2308
-958
-980
119
2714
1419
287
1968
-288
-2152
-1817
-965
-1158
999
1325
699
1971
1786
-437
-2282
-2236
-1160
45
1063
967
469
2531
1005
-590
-1855
-2464
-1326
-90
928
1100
1932
1352
243
-333
-1972
-2897
-74
835
763
1144
869
313
397
-58
-2521
-1502
613
211
671
1912
-422
365
512
-1115
-2231
-380
442
54
1839
1543
-715
65
197
-1438
-1491
-262
-626
513
3066
1303
646
-458
-3278
-1622
224
338
784
1308
1365
532
-61
-991
-2215
-1738
222
1247
1781
1525
550
-1621
-594
-1910
-1093
1701
1256
894
126
-1515
353
-129
-1215
-254
620
1205
486
-1
-1027
-957
-772
596
1029
1691
159
-1573
-1430
120
-778
944
1514
147
743
-43
-1732
-710
-987
-722
1542
2067
1651
-808
-1550
-475
-1417
-1176
1657
1172
1419
794
-1486
-1202
140
-607
-36
753
1018
-48
-670
-751
388
-330
742
339
453
-133
-1230
-1306
320
-441
1539
2424
862
-1308
-1804
-2177
-102
276
292
2173
2653
1351
-1910
-3580
-1293
-966
-270
2569
2494
2901
443
-4120
-2900
-278
-574
1436
1234
1229
1165
643
-736
-2176
-2926
-185
1877
2801
444
-1689
-969
1188
-316
-392
797
98
-488
-609
-1641
1469
1266
-630
633
995
635
-1298
-2776
-934
244
1323
2898
824
678
-1683
-3354
-392
889
-993
1561
1787
1324
373
-1365
-2905
-625
-281
1081
2226
1902
-990
-1178
-972
-153
-903
374
1459
964
783
-550
-2607
540
878
-938
768
590
399
-122
-1248
-920
501
640
782
84
316
-481
-1243
209
85
-658
1274
1365
4
-1459
-1528
-404
1628
1191
-830
-97
1373
-1483
-638
-1208
-35
2085
2017
-55
-1350
-1358
-168
-884
597
1032
328
1491
-122
-983
-859
-1055
-680
864
1517
976
-628
340
-1051
-1213
84
733
746
-74
-747
248
435
-107
-717
168
546
-256
-122
271
-89
-238
-737
205
1515
318
-1276
-490
-80
242
-111
-100
488
856
526
-1008
-785
-451
-344
424
1206
-89
350
354
-12
-420
-599
-1255
-574
977
1378
-4
1029
1297
-1101
-2112
-1296
232
697
956
223
590
1209
-417
-1927
388
247
-1444
-271
502
451
765
459
1023
409
-1300
-1982
-850
-209
-435
796
3031
1789
-6
-1527
-2125
-2067
-1714
1446
2379
2428
1052
-829
-1186
-2156
-1282
572
-689
1822
1817
364
-644
-860
1061
-638
-1522
-297
-675
328
-32
2606
2932
303
-2471
-2948
-1106
-2097
-205
4451
2845
1463
-553
-2554
-2197
-3074
890
1393
2042
2279
-762
-745
-1281
-598
789
-197
297
-770
-548
104
-327
3106
874
-604
-1005
-2461
-703
-2148
2742
3642
616
288
-1406
-1661
-2429
-2410
3290
2616
1631
-34
-2088
-1004
-2382
2067
803
497
1245
-1579
-345
-1246
-425
2469
1088
1003
-1664
-2430
-441
-1666
3501
1912
-470
430
-1271
-1244
-2927
1932
3082
200
226
-1907
-1544
346
-438
2149
925
1118
-549
-3077
-311
-2000
2520
2596
606
770
-2113
-1650
-1401
314
2807
494
533
-802
-2176
234
-920
3204
1190
-1111
-709
-1579
-826
-1434
2194
2880
554
1054
-1620
-3029
-883
-1710
1755
2945
1955
-108
-1937
122
-1788
-173
277
-323
1052
630
237
54
-339
1007
-524
-536
-1324
-1872
1397
1160
1537
156
-316
172
-1430
-1066
-977
42
1423
1565
585
-1046
-708
1045
-169
-1472
-1086
152
796
314
1572
709
184
-50
-1559
-1928
-936
-593
1580
2646
1033
103
310
-397
-3209
-2428
-491
1356
2848
2293
562
-654
-1372
-1404
-1622
-562
-67
742
2047
1499
1217
15
-2357
-2272
-914
-7
384
1960
2710
60
-1419
-1146
-905
187
710
-251
-1064
200
99
775
2474
1146
-1688
-2361
-2318
-1279
800
3213
3493
-35
-1329
-2783
-921
273
888
591
-1044
-125
89
677
2860
1522
-2020
-3244
-2751
-647
1653
4751
2596
-1371
-1971
-3031
-1275
2026
2473
-599
-1336
-245
103
-41
2800
941
-2183
-1699
-1929
-325
2859
2656
-175
-1427
-1252
-1768
566
3409
736
-3022
-1958
-497
702
4539
3888
-1381
-4828
-4210
-2367
1509
5899
5054
-201
-2813
-4040
-2817
495
3005
2268
-1583
-487
-732
56
3822
1176
-2663
-2718
-2351
-877
2182
5004
3428
-2935
-2034
-3476
-2385
3315
3869
321
-2471
-1590
-862
1567
3844
819
-3328
-2356
-2746
334
3860
4084
1043
-2404
-2632
-3644
-733
3803
2361
-494
-81
-1301
-984
1810
2249
-766
-4052
-2066
-581
2088
5359
3351
-1867
-3241
-4155
-2493
2220
4219
2367
-728
-989
-2651
-1231
3147
1641
-1796
-1302
-1141
-632
1619
3574
959
-2288
-585
-2220
-2278
2309
2233
855
165
-1064
-1147
-303
1780
68
-2136
230
-1014
40
3633
1826
-723
-2443
-1766
-2184
83
3818
1639
-550
593
-1137
-1719
358
333
-413
-1017
595
319
728
2279
19
-1660
-999
-2290
-695
2045
2193
1139
-1118
56
-1688
-1698
1683
508
71
137
-285
-513
104
1447
194
-1454
167
-994
-784
1255
438
1096
728
-167
-1242
-1652
-332
52
1419
2208
-443
-1096
-209
-582
-289
133
595
-585
-2
896
-528
-232
577
529
30
-555
-1556
-324
889
1109
804
-132
-715
-955
-102
736
-178
63
542
-435
175
-244
-82
194
11
803
-191
-707
-831
-323
1047
-160
245
763
84
249
-1256
-1502
754
395
1542
385
-1568
-1106
129
1806
1095
143
-1605
-2429
-102
808
1360
2061
49
-1185
-1131
-1108
48
513
896
-467
829
210
100
180
-688
-989
-869
-520
1637
1744
-742
-409
-51
-454
556
377
-1986
209
170
-581
2197
1301
-454
460
-1550
-2633
-706
494
1534
2594
1136
-1571
-1053
-1575
-1333
1742
324
447
674
-1355
-386
1404
433
380
-487
-2415
-1321
1301
441
2199
2229
-2162
-1065
-1524
-1170
1876
1763
-963
861
-1464
-424
1847
769
-1413
451
-1992
-1131
2099
601
540
1512
-1753
-1322
921
-1002
-77
887
-514
278
1786
-708
75
587
-1837
-305
227
-1260
1802
1664
-26
238
-511
-2638
791
150
167
1708
227
-2485
830
-588
831
2868
-1433
-3022
-398
-1278
1707
4197
26
-1310
-1335
-2679
-336
3248
543
10
-148
-2087
20
2439
431
-200
-1598
-2010
273
2085
414
1334
-227
-1255
-402
-451
-1247
1177
118
-68
2039
578
-1476
220
-1581
-1482
2501
466
-813
376
-337
-17
1710
-621
-1330
-493
-584
630
1558
-152
-812
23
24
497
863
-1115
-876
-902
-504
1870
2484
-484
-561
-1283
-2114
-560
2322
817
644
99
-1821
-659
1647
-522
229
-329
-594
220
1011
-451
578
-861
91
353
-458
-718
513
23
257
1160
-903
-819
715
103
-1059
1535
-35
-975
-218
235
-300
1619
527
-962
-826
-4
-845
507
936
263
66
303
-247
-201
-903
343
-460
-99
1047
787
-786
813
-454
-1261
229
350
-468
450
915
-383
186
34
-759
-510
747
-262
619
227
-600
-684
-184
555
764
-242
-469
151
261
-571
-128
-1004
391
1974
1244
-1191
-1491
-1458
-293
1885
2551
-796
-1491
-976
-98
1031
1089
-1172
-624
-72
764
1082
86
-1434
-944
-112
874
1781
-1193
-358
97
-556
1033
761
-2575
983
366
-421
950
2
-916
559
423
-17
-691
-1815
297
2338
1395
798
-2279
-3371
78
2129
1424
1570
-1940
-1474
103
488
1518
-394
-1728
146
360
34
1023
-1235
574
1626
-403
-1295
-1077
-1744
1619
2617
635
-13
-2649
-1619
1860
1266
355
-1436
-2819
1499
3747
309
206
-2956
-4095
1133
4134
1406
593
-3270
-1653
1473
1270
619
-1388
-1631
683
1941
455
639
-2359
-1280
1393
1542
209
-1632
-2409
1361
3746
924
-1300
-3388
-2376
2096
3080
1714
-1343
-3897
-529
3116
1530
1051
-2913
-3272
965
2667
743
1309
-2217
-1484
822
465
875
-359
-1930
532
2252
-601
-212
-1009
-762
1811
1151
-1603
-933
-929
1244
2958
206
-1942
-2422
-1703
1662
4125
668
-1919
-2624
-1245
1688
2046
775
-1637
-1804
-182
1859
1089
-387
-2067
283
969
710
-580
-1536
-195
1760
1234
-1119
-1144
-926
313
2169
1059
-1795
-1320
-1685
1965
2984
-159
-1371
-2055
-1226
1548
2548
64
-1107
-1527
-468
1404
1526
-898
-1285
-682
185
2520
-429
-937
-628
100
400
1007
-1019
-1511
220
2074
1243
25
-2519
-2455
1469
2122
1978
-977
-2931
-1367
1687
2507
886
-1720
-2645
-451
2149
2217
-224
-1746
-1673
731
1233
349
-188
-342
5
103
739
-982
-714
357
619
171
578
-1057
-321
683
527
18
-572
-791
-411
579
430
1375
-71
-1326
-132
-294
-419
1123
300
-597
-82
227
-137
231
587
-632
-287
-537
-886
802
848
797
485
-826
-1475
-514
462
1468
191
-724
-633
740
770
459
-640
-2377
-143
1805
416
1225
-130
-1982
-80
21
463
603
7
-254
-774
87
476
1097
212
-1822
-1009
327
1388
1518
-1843
-1158
379
1360
1381
-1719
-1912
-670
2495
2832
-2284
-1713
-715
673
3094
-711
-1966
-559
798
1579
-1400
-640
427
1919
360
-2767
49
-541
2413
1245
-3979
468
1603
1284
1034
-4505
-1862
1792
4312
1062
-4109
-1229
-410
3549
764
-3632
659
240
2803
-319
-4941
1208
1968
3647
-755
-5810
-465
1635
5560
-619
-5192
-144
844
4961
-1022
-4884
-255
1188
4944
-1737
-4070
1194
909
3944
-3217
-3979
1574
2110
4277
-3845
-3659
1411
2754
3246
-5027
-3176
1836
3865
3549
-6874
-2566
2414
3837
3331
-7265
-3084
1976
5152
3696
-6862
-2925
796
4339
2749
-5636
-877
127
4425
1348
-7062
924
1786
4493
52
-8021
278
2195
5754
213
-7579
-112
1808
5226
-553
-6540
211
1206
5908
-1130
-6341
1073
1416
5167
-2010
-6156
927
2266
5412
-1768
-5704
113
1503
4486
-2123
-3402
359
1766
4207
-3175
-3746
536
2432
3814
-3223
-2646
-221
2084
3944
-3239
-2362
-224
2086
2415
-2614
-774
-582
1565
2265
-3247
-363
278
1954
949
-3420
169
-240
2504
2201
-3761
-1239
112
1958
1713
-1212
-1171
-1684
1946
1635
-1727
232
-936
909
1504
-1024
-550
-1806
1111
2491
-827
-545
-994
-1161
1926
1518
-603
-1826
-228
665
718
596
-1064
-1055
695
1018
528
-1038
-1272
315
-105
1739
102
-1592
652
-398
-246
-136
279
835
565
194
-1409
-1668
824
1793
1242
-2204
-687
205
1127
2216
-2745
-2129
972
2645
842
-1821
-2299
-52
3191
1920
-2532
-2470
441
2037
737
-1682
18
389
1425
159
-2812
-680
2392
1021
-980
-1583
438
1776
59
-357
-2741
1525
1756
-462
-1402
-783
2118
711
-1253
-1213
-387
2163
538
-2518
-932
1179
3271
-474
-2344
-1384
202
2015
4
-929
150
1105
-81
-1190
-703
1528
111
-336
-1396
112
2750
-199
-1886
-2022
1648
2524
-53
-2492
-1477
1341
2548
-146
-1917
-1369
2127
935
-1713
-429
-304
2205
-278
-1679
-332
1855
1544
-2249
-2878
733
3767
1928
-2377
-3397
-174
2731
2324
-1817
-2277
789
1362
386
-1295
-805
1650
917
-1435
-1355
-80
2475
458
-1240
-1146
245
1447
-407
-695
-240
1267
547
-1600
-819
1153
777
51
-1332
-598
1641
603
-1202
-1181
589
1822
186
-2050
-849
1422
1724
-621
-2006
-749
1950
1695
-1622
-1229
393
1399
-64
-1692
-559
1771
1737
-1401
-2726
-376
3122
2007
-1342
-2931
-936
2466
1830
-1303
-1345
335
1200
73
-1427
-358
1467
668
-1102
-1503
253
2143
688
-1515
-1174
669
864
-51
-619
-727
1347
1175
-882
-1066
-230
741
840
-347
-694
209
-185
101
537
311
118
-654
-1361
16
1610
492
-121
-793
-196
418
-7
-847
784
649
-266
-1168
-603
1206
2079
-378
-2693
-1093
1495
2164
-421
-1922
-494
932
1406
-402
-1585
6
784
476
-614
-641
138
1328
-69
-581
-539
-25
527
-606
-101
858
688
-259
-1785
44
408
1925
-31
-2679
101
-266
1990
1235
-1533
-735
-919
925
704
68
241
-846
-182
-102
836
762
-770
-321
-943
125
1226
-203
304
-420
140
760
-1169
-433
340
11
1400
-534
-92
-636
-291
830
-32
460
-1584
632
-8
63
1225
-1024
301
-346
-914
759
-258
708
-232
-299
226
122
428
-959
132
-241
-977
1681
284
325
-468
-1562
310
548
244
9
-267
21
7
-198
579
-831
704
-670
1200
-352
-1220
-558
805
1602
673
-2336
-306
-12
1622
-938
-360
852
320
91
-1276
-15
805
334
-137
-595
229
-220
132
1249
-734
-580
-472
1323
143
-751
-1306
1402
925
568
-1975
-145
754
983
-1528
-561
472
1743
-515
292
-1507
-55
14
351
963
196
-1093
-290
358
362
-549
144
1008
