0
-5
-5
-6
1
8
0
-8
1
-3
-4
-1
1
0
0
4
4
-3
-5
-8
-6
-1
15
9
1
2
4
6
7
-3
-14
-15
-6
-9
5
-3
5
-1
1
-5
-2
6
6
1
4
5
12
2
0
-1
-11
2
-2
-6
-4
-14
-9
0
6
5
4
-10
-13
-10
-16
-4
-1
5
1
-5
-11
-14
-2
10
13
8
-1
0
0
-2
9
14
6
7
-9
-19
-17
-8
6
9
2
-4
-4
-1
0
3
10
15
3
-2
4
13
2
-2
-13
-6
6
5
-4
-5
-10
-14
-5
5
-11
-10
5
-5
12
32
7
-4
-11
-23
0
16
-207
358
-347
138
98
-175
-41
198
-292
150
-184
412
-575
583
-157
-82
167
-207
160
-192
174
101
-212
412
-494
343
-434
346
-295
169
212
-295
452
-448
283
-311
107
16
-154
540
-542
683
-770
562
-575
297
31
-166
602
-689
785
-865
559
-472
-32
377
-552
866
-914
936
-920
545
-440
-139
594
-577
877
-707
803
-674
256
-142
-375
614
-569
749
-644
683
-504
-16
114
-496
504
-484
565
-370
415
-135
-269
348
-618
526
-534
429
-160
240
13
-114
180
-266
213
-165
39
185
-264
427
-529
487
-559
255
116
-317
648
-625
533
-383
-112
120
-502
841
-765
984
-689
428
-145
-306
384
-703
1023
-907
914
-501
-183
469
-874
1125
-1249
1301
-851
290
151
-866
1098
-1160
1408
-1279
1005
-243
-660
1001
-1490
1627
-1360
1278
-781
72
781
-1480
1624
-1688
1739
-1354
919
-252
-638
1099
-1633
1633
-1442
1198
-678
221
462
-981
1218
-1578
1394
-1208
869
-215
-23
526
-814
965
-1287
938
-975
580
72
-83
551
-515
666
-629
335
-870
517
-150
168
325
-331
515
-283
139
-568
189
-354
302
166
-87
311
-40
76
-257
-21
-543
496
-244
442
-96
284
-187
-65
-73
-557
540
-376
655
-295
353
-223
-133
58
-603
621
-436
671
-300
90
62
-412
571
-792
557
-398
357
112
-458
553
-699
900
-892
515
-179
-368
651
-857
999
-845
850
-620
15
372
-892
1060
-1024
1204
-878
534
-73
-499
798
-1131
1318
-1171
1116
-662
75
324
-686
860
-964
1120
-1116
830
-452
-63
409
-609
867
-849
795
-747
485
-242
-141
479
-577
639
-565
610
-585
474
-239
-173
370
-510
428
-363
416
-530
438
-236
-86
241
-228
186
-146
306
-323
156
-112
-40
107
-44
227
-226
304
-358
-67
69
-92
26
97
-175
449
-348
341
-284
-93
281
-473
422
-221
156
-113
103
86
-104
248
-437
419
-244
98
53
-91
503
-852
1038
-1223
1275
-1366
1147
-981
948
-960
908
-827
776
-903
1183
-1462
1578
-1689
1951
-2058
2148
-2198
2086
-1939
1784
-1626
1474
-1358
1305
-1321
1397
-1754
1985
-2088
2310
-2540
2700
-2787
2653
-2533
2456
-2393
2204
-1866
1576
-1421
1293
-1452
1579
-1701
1932
-2111
2475
-2661
2710
-2768
2601
-2578
2375
-2203
1890
-1601
1529
-1375
1223
-1167
1078
-1248
1260
-1269
1561
-1673
1714
-1317
1081
-1080
925
-886
696
-547
537
-394
282
-117
-123
207
-226
227
-146
54
189
-545
912
-1348
1730
-1745
1497
-1424
1185
-602
-220
711
-892
1085
-1125
947
-595
97
507
-1042
1657
-1788
1640
-1504
1095
-614
10
521
-974
1278
-1127
640
-406
-122
765
-1237
1613
-1815
1964
-1648
1186
-1007
432
49
-453
741
-659
523
-96
-314
496
-971
1336
-1490
1731
-1506
1357
-1123
917
-876
494
-413
217
-7
104
-87
150
-190
53
-13
-78
-36
131
52
138
-37
-87
-26
147
-431
368
-187
349
-259
192
-255
215
-164
20
68
-64
198
-198
574
-1078
677
-96
-233
247
-306
328
-619
873
-424
-88
629
-1245
1220
-942
840
-522
254
352
-1375
1494
-914
502
-421
-61
722
-1340
1448
-861
852
-721
-168
586
-746
648
-379
343
271
-1062
1244
-1036
724
-459
74
542
-967
905
-349
87
12
-371
706
-842
591
-177
-96
408
-642
582
-554
465
-559
201
633
-895
863
-691
303
-71
-146
577
-826
881
-842
405
350
-640
527
-507
194
146
-346
664
-584
179
187
-202
-147
414
-857
839
-337
129
20
-298
585
-717
43
746
-814
590
-316
-147
303
156
-734
1014
-801
511
-363
-307
884
-599
192
245
-788
986
-1044
505
125
172
-371
338
-416
386
-73
-650
847
-507
171
114
-760
1581
-1466
527
223
-348
225
-75
-534
954
-388
-349
719
-356
23
-56
-750
1500
-1462
1415
-1073
221
754
-1433
881
110
-241
222
-687
1005
-533
90
-33
266
-671
958
-1215
882
238
-963
830
-543
505
-276
-443
635
-312
155
-525
1110
-1140
280
583
-1034
443
788
-959
-470
1937
-1549
-584
2170
-1738
-267
1918
-1591
-716
2766
-2183
-671
2842
-1894
-880
2732
-1958
-552
2301
-1612
-856
2870
-1970
-921
2806
-1843
-887
2832
-2040
-512
2422
-1819
-773
2590
-1753
-713
2134
-1169
-732
1519
-652
-965
1581
-428
-1482
2173
-839
-1067
1442
-470
-913
1060
-324
-505
488
481
-1135
398
818
-1052
-8
1185
-1124
95
1029
-1350
550
633
-864
50
1009
-1167
662
-367
396
-517
219
-85
-120
350
-193
-380
1320
-1499
868
567
-1474
1145
516
-2451
2408
-411
-1585
1707
-474
-1069
954
-283
199
-1428
1695
61
-2614
2893
313
-3555
3675
136
-3408
3016
881
-3774
3137
334
-2791
2030
472
-1834
457
1433
-1303
-1271
2710
-1067
-2514
3482
175
-4384
4624
290
-4919
4439
503
-4281
3085
1018
-3422
1499
1756
-2770
156
2903
-2454
-1128
3571
-2271
-1223
2877
-1378
-1095
1570
261
-1675
981
1087
-1893
374
1528
-1662
-241
1861
-1282
-553
1934
-1018
-696
1217
-723
-312
889
-174
-1275
1965
-1275
-514
2023
-1630
-458
1131
-201
-1424
1648
468
-2108
1829
-1183
674
-435
83
929
-755
-165
-445
2041
-2301
619
1979
-2396
522
283
1036
-2512
2354
-183
-1883
1868
-1079
521
-267
504
-748
313
657
-1871
2576
-1314
-349
263
883
-1160
-498
2865
-2777
260
1574
-1293
-443
1236
-312
-1625
2660
-1643
-737
1942
-1355
-186
984
23
-1419
1432
-159
-1112
1452
-173
-925
738
6
-568
-37
924
-1115
215
1133
-1583
169
1695
-1582
-717
2856
-2054
-951
2692
-1690
-1238
2925
-1477
-1376
2561
-935
-1917
2678
-395
-2056
2600
-749
-1678
2293
-356
-1837
2333
-260
-2241
2588
-604
-1457
2098
-1205
-429
1212
-745
-354
1101
-810
-438
1294
-1252
327
940
-1104
91
1002
-960
-184
1274
-1101
-64
734
-537
-79
397
128
-695
153
818
-901
-348
1726
-1392
-812
2175
-1636
-530
2043
-1538
-177
1540
-1447
211
1160
-1272
143
1269
-1715
387
1494
-1447
-355
1625
-947
-1235
1615
91
-1550
1209
321
-1211
720
-222
726
-1116
92
1731
-2606
1624
530
-1877
1453
82
-946
751
-107
166
-370
-397
1950
-2127
-450
3723
-4369
747
3303
-4288
1193
2473
-3250
1025
1629
-1741
385
904
-164
-738
-141
2846
-3350
-241
4429
-4830
-137
4713
-4629
147
3425
-2567
-751
2290
-302
-2310
1803
1663
-4439
2839
1962
-4755
2772
1683
-4195
2688
527
-1765
467
1062
-765
-824
1597
-664
-924
1549
-593
-800
869
229
-1144
809
-150
-372
173
347
-1
-969
1947
-1623
190
430
218
-1453
1636
-81
-1679
2670
-2023
247
1022
-1000
366
71
348
-1466
2012
-1378
367
492
-1037
1021
-675
334
-424
1312
-1613
105
2057
-3371
2265
318
-1000
-420
2188
-1813
-991
3121
-2562
477
905
-360
-921
690
751
-2148
2215
-721
-1164
929
692
-1576
342
2149
-3298
1579
1405
-2295
872
1010
-817
-1199
2751
-2051
-593
2369
-2043
371
813
-488
-835
1751
-1170
-372
1387
-698
-632
1114
-331
-988
1141
-133
-1108
1767
-1171
-300
948
9
-1572
1360
391
-1433
968
236
-723
32
912
-158
-801
688
-283
115
338
-612
-644
1422
-785
-379
868
-357
-670
925
405
-888
-578
1424
-517
-157
-207
21
-15
415
-372
249
-258
-181
893
-179
-202
-548
717
-175
384
-1099
460
504
-166
-1098
1276
-193
-1044
1037
875
-2349
1019
1556
-2059
277
1718
-2069
409
1356
-1543
210
1209
-1063
-187
1070
-755
-873
2259
-1690
-137
1304
-1175
-48
697
-415
-564
1315
-541
-888
1774
-777
-1470
2533
-685
-2343
3454
-1245
-1660
2239
-963
-589
617
30
120
-1503
2408
-1348
-1008
2891
-2058
-776
3086
-2189
-1104
3246
-2528
-145
1288
-629
-839
464
1151
-1435
-357
2303
-1623
-727
2981
-1888
-1349
3575
-2302
-1147
2826
-1809
-664
1562
-655
-830
507
716
-552
-663
1654
-1046
-504
1870
-1537
-89
1552
-1629
247
732
-396
-747
847
284
-1123
519
922
-1438
867
385
-992
527
326
-944
400
693
-1301
633
378
-88
-1265
2194
-1334
-571
1609
-844
-645
894
45
-742
537
65
-141
-425
713
-373
-199
534
-248
-452
750
-213
-518
307
591
-1041
-16
981
-728
-374
997
78
-1342
1600
-526
-512
739
-253
-736
1221
-674
-740
1393
-744
-506
1112
-405
-736
1213
-674
-386
1053
-458
-1031
1971
-1040
-1131
1989
-524
-1633
1985
118
-2319
2039
332
-2018
1327
921
-1950
813
1275
-1995
614
1196
-1500
-66
1566
-1298
-274
1252
-365
-1218
1370
86
-1220
939
259
-1104
901
164
-1176
993
95
-1016
683
737
-1528
849
515
-1683
1453
-301
-610
892
-440
-231
433
-717
1068
-974
508
357
-1156
1030
-434
-728
1395
-756
-93
287
-279
517
-815
716
44
-906
1403
-1012
-936
2591
-2191
490
1132
-1570
903
-521
178
104
-125
344
-328
-520
1615
-1762
516
1151
-1577
1186
-580
-423
1158
-889
289
257
-445
503
-620
57
427
-336
182
-287
548
-212
-482
794
-399
-370
655
-629
516
-193
-175
211
-12
198
-397
17
460
-554
131
351
-190
-394
818
-696
90
662
-615
-407
538
739
-1352
159
1333
-2050
1378
259
-1127
924
-312
-358
-201
1825
-1997
107
1849
-2545
1305
241
-306
-293
321
355
-1644
2051
-880
-346
1035
-1458
1286
-688
615
-839
415
600
-1828
1744
-831
742
-575
-312
1443
-1753
1290
-727
991
-724
-584
1717
-1744
1050
-172
-430
371
-87
90
-652
999
-566
-499
1004
-129
-955
804
432
-1428
1262
395
-2123
1797
7
-1283
741
947
-1777
1021
85
-417
-288
914
-618
-992
2064
-1606
504
-200
1268
-2470
2913
-2047
1103
-805
1091
-1478
1127
-398
400
-1253
1754
-1256
-756
2308
-2617
1511
-577
847
-1892
3250
-2883
2167
-1754
2011
-2705
2605
-1444
207
237
493
-1688
1429
-21
-1520
1861
-1347
436
-679
1506
-1739
1624
-692
450
-930
1917
-2106
1255
-36
-380
-301
1122
-1027
187
460
-879
338
-159
125
-527
900
-437
-215
702
-498
-6
106
316
-852
730
-211
39
84
-102
302
-563
202
363
-788
1023
-1028
1130
-1345
1364
-842
129
299
-7
-937
887
-310
-376
47
894
-1362
1140
-74
-545
524
-57
-23
-738
1368
-1617
887
-428
401
-836
1193
-481
-3
380
220
-698
713
-187
-477
294
-239
-53
-505
1213
-1421
1269
-532
517
-588
894
-709
-54
809
-998
452
-196
140
-473
350
161
-339
286
249
-888
990
-376
-139
210
-244
-29
-54
9
-66
187
-235
469
-600
534
110
-414
470
43
-314
229
-29
-153
104
-353
272
-156
-364
803
-1084
1054
-727
190
373
-474
571
-344
383
-391
31
95
-935
1734
-1818
1679
-1062
457
-288
-158
311
-838
1419
-908
175
855
-1274
926
-952
891
-777
1052
-704
-90
1168
-1887
1531
-1536
1996
-1775
1551
-814
70
460
-918
568
-456
685
-914
800
-261
-160
455
-777
527
-70
-268
577
-926
1351
-1592
1292
-1048
710
-603
342
104
-735
1312
-1503
1481
-1054
609
-185
-215
384
-194
165
-146
-31
258
-477
318
-133
-27
-13
130
-71
-209
669
-871
551
99
-420
262
-162
74
99
26
-432
757
-757
575
-405
-180
1045
-1122
160
950
-1066
141
658
-1630
2195
-1570
52
1545
-1188
-443
1641
-1726
1310
-592
-546
1570
-1441
-584
2427
-2040
-169
1995
-2565
2599
-1511
-513
2070
-1533
-1260
3113
-2466
623
766
-1540
1858
-1173
-664
2014
-1740
-222
1805
-1643
1183
-440
-326
952
-889
-385
1527
-1508
902
-362
1
528
-1074
895
-665
177
198
-395
710
-724
469
-373
331
7
13
-424
1150
-1087
89
952
-1381
516
486
-1012
722
375
-1108
639
498
-1023
226
1058
-1372
700
284
-438
-206
813
-1009
158
855
-1103
348
559
-428
-850
1980
-1916
935
179
-540
43
771
-822
187
465
-356
-225
539
-214
-570
851
-480
-262
488
90
-1117
1698
-1223
222
430
-160
-677
949
-380
-272
635
-438
20
36
307
-545
526
-131
102
-693
1101
-815
-145
678
-610
116
469
-543
-93
462
-377
-363
916
-775
277
-105
475
-646
366
121
-293
435
-459
347
-211
42
-283
390
-105
-189
22
359
-369
32
-46
49
-85
179
-490
453
89
-342
335
-189
194
111
-364
187
338
-512
497
-507
468
-254
244
