# t, x, y for 1000-step Levy walk with mu = 2.5
2.338424111552569982e-05 2.196538666863928047e-05 8.021503664912611018e-06
3.890035354725214012e-05 3.718488931033028008e-05 1.104085530616547456e-05
5.437469895593205748e-05 3.348080482656282802e-05 -3.983628843523207152e-06
7.137545299583986818e-05 3.883744299803182018e-05 -2.011843796620584957e-05
9.721733985956716641e-05 1.821152847428059130e-05 -3.568682795157653096e-05
1.554283835232825122e-04 7.626903543182045277e-05 -3.146172555113865577e-05
1.847597572034194837e-04 5.470029537340540991e-05 -5.133932435623467190e-05
2.021348840417697742e-04 7.202644584281098455e-05 -5.003565930712213969e-05
2.144776432736655630e-04 7.541246378978339526e-05 -3.816643069194543936e-05
1.330081870208931491e-03 -7.432000580916266284e-04 7.197559467153922608e-04
1.356256460069363810e-03 -7.170758271719662996e-04 7.181330748109869717e-04
1.470280255356613483e-03 -6.144701627488295941e-04 7.678674042022162792e-04
1.482289940497142971e-03 -6.025100680202924181e-04 7.667771421882609018e-04
1.504390635070537371e-03 -6.246103116514397334e-04 7.666359612037138395e-04
1.598640675126144573e-03 -6.335905446692664594e-04 8.604572032836879701e-04
1.615078068840957283e-03 -6.203781870701140537e-04 8.506785776743352361e-04
1.629773045256077257e-03 -6.350567628581657966e-04 8.499844993823874647e-04
1.665538140437400469e-03 -5.993631493614808665e-04 8.522445854157896777e-04
1.744747378983580680e-03 -6.325349048790282870e-04 7.803158838638378720e-04
1.755793449079366209e-03 -6.322865737318915554e-04 7.913591621906014952e-04
1.775391113584898943e-03 -6.409210960002824017e-04 7.737661670144502886e-04
1.831491723439806520e-03 -6.833475058596461113e-04 7.370608789412333743e-04
1.854957372512823933e-03 -6.615187091528909689e-04 7.456713563236527093e-04
1.865415191528761209e-03 -6.512028848939142509e-04 7.439538731569207870e-04
1.876632802897751579e-03 -6.605216401119327115e-04 7.377092269689965696e-04
1.913932157968463747e-03 -6.232431857063710666e-04 7.364607375523330975e-04
2.258708781801035265e-03 -8.512856732994873634e-04 9.950483323702783312e-04
2.273091579575851808e-03 -8.576998736410797967e-04 1.007921673265678615e-03
2.286661074333346498e-03 -8.447501350059016551e-04 1.011975740020710319e-03
2.297894079846538214e-03 -8.391091942046814082e-04 1.021689657857326227e-03
2.309759160651183533e-03 -8.475634435216554538e-04 1.030014669027721780e-03
2.324114700960950696e-03 -8.513561374293114733e-04 1.043860137979988516e-03
2.334188677462088225e-03 -8.478930030863217338e-04 1.034400132532428164e-03
2.462612670905706298e-03 -7.721531919244400228e-04 1.138112248975826218e-03
2.472614129209975333e-03 -7.624809766189333520e-04 1.140657326439471373e-03
2.483395590558182004e-03 -7.551845937132932625e-04 1.132719902090404459e-03
2.503634041065170603e-03 -7.399989215452811237e-04 1.119341178693551752e-03
2.513743695816329608e-03 -7.351626229041530961e-04 1.128218978795010380e-03
2.525071894593610387e-03 -7.281766465545438200e-04 1.137136614242834076e-03
2.536676092975085825e-03 -7.191040051332510613e-04 1.129901657593532357e-03
2.547863655535190404e-03 -7.300542569148443794e-04 1.132193718228849096e-03
2.561233000150774791e-03 -7.252209283764170277e-04 1.144658801890416702e-03
2.575333405024103628e-03 -7.154476582634810731e-04 1.154822689379531551e-03
2.587765786061774383e-03 -7.080860953966605382e-04 1.144804132077021112e-03
2.611268763190521553e-03 -7.290209230170600647e-04 1.155486965335037223e-03
2.624191477216760576e-03 -7.361964896138216505e-04 1.144739510668029217e-03
2.634417964990071366e-03 -7.276936764084028812e-04 1.150421343098806740e-03
2.645547997851189527e-03 -7.370418765961098476e-04 1.144380748364832306e-03
2.793770064747344746e-03 -7.568321104720218640e-04 1.291275703207076702e-03
2.997096227127806021e-03 -6.604776587507272785e-04 1.112230044388287393e-03
3.014457349342041306e-03 -6.431330198627533117e-04 1.111473693686961797e-03
3.028940389791064808e-03 -6.387449858101270066e-04 1.125275998487285491e-03
3.078568102144366159e-03 -6.649958889358939008e-04 1.167392502597949973e-03
3.088616176407149062e-03 -6.734324688424383554e-04 1.172850333290715360e-03
3.099487092184451641e-03 -6.838216847548094250e-04 1.169650176644027690e-03
3.109531295846912954e-03 -6.869030217002006569e-04 1.160090292238765645e-03
3.124566047766772804e-03 -6.979949513356083386e-04 1.149940767015638406e-03
3.145907985379790221e-03 -6.878153326861632727e-04 1.168698529814805225e-03
3.159783515378441088e-03 -6.754607763722325761e-04 1.175014800156499702e-03
3.172114669273664450e-03 -6.774270380650238748e-04 1.187188179775288234e-03
3.199433410535191570e-03 -6.521114836376386498e-04 1.176919960448240699e-03
3.210260267268336305e-03 -6.501170323313017760e-04 1.166278391451767678e-03
3.224491674098683026e-03 -6.361005914502276728e-04 1.168742600330534807e-03
3.243459848493511748e-03 -6.235784002167543347e-04 1.154495271928867401e-03
3.257307715910655928e-03 -6.213745914653745657e-04 1.140823890909008686e-03
3.279242139109426156e-03 -6.363347812892869654e-04 1.156864827337261703e-03
3.300886372892564754e-03 -6.155015304008889685e-04 1.162734112939463674e-03
3.311425232467889342e-03 -6.049995298003340823e-04 1.161853462875958283e-03
3.329197518668156486e-03 -6.057326149383065409e-04 1.144096302546539299e-03
3.355771932519360356e-03 -6.104410750915005958e-04 1.170250267341973929e-03
3.423810502069872443e-03 -6.616592873885242081e-04 1.125462527104528678e-03
3.446356085979042274e-03 -6.841285887877896757e-04 1.123609462498426081e-03
3.456898115042262524e-03 -6.854403508722576232e-04 1.113149364171759498e-03
3.472615213876496017e-03 -6.753231623989237615e-04 1.125177235685876406e-03
3.484954048265717988e-03 -6.698573349934582597e-04 1.136239403866586267e-03
3.497855074137589965e-03 -6.736410578368881618e-04 1.148573093906100949e-03
3.507905144021043753e-03 -6.765157529850086924e-04 1.138942931266369567e-03
3.575225537282474605e-03 -6.887094750584059387e-04 1.072736069908422065e-03
3.598221239461255050e-03 -7.028604584275100669e-04 1.090862073008457955e-03
3.767292117844503463e-03 -7.949719769143189733e-04 1.232638058560798448e-03
3.778602083487741289e-03 -7.930799502596442207e-04 1.243788644105477950e-03
3.803801043376824152e-03 -8.177201849375599196e-04 1.249065614307103824e-03
3.820093927023679708e-03 -8.335227619577104206e-04 1.253032554822436319e-03
3.835102376882766270e-03 -8.452138183999197054e-04 1.243621244263444416e-03
3.847862634946254499e-03 -8.401713157361284483e-04 1.231899582575250252e-03
3.861354303257877579e-03 -8.423990236528554679e-04 1.245206063374793264e-03
3.920440907427702286e-03 -8.177699503485987356e-04 1.191497260181135229e-03
3.980488883946857459e-03 -8.439419189075692473e-04 1.137452949233605948e-03
3.996556398774281024e-03 -8.534562561377459370e-04 1.124505269140247884e-03
4.007031552865436032e-03 -8.632122537805253775e-04 1.128319631895351388e-03
4.017219426297589067e-03 -8.601315570636335929e-04 1.118608706460146778e-03
4.037229437250176856e-03 -8.707217342786222536e-04 1.101630818344193985e-03
4.049092697715063471e-03 -8.671244998716916069e-04 1.090326091302848280e-03
4.066668285900831500e-03 -8.569385970067058041e-04 1.104649103657125717e-03
4.111185711103242102e-03 -8.944920183171720931e-04 1.128556041866166093e-03
4.122174298996614077e-03 -8.903081911804377200e-04 1.138716979538461748e-03
4.139720242427336397e-03 -8.979497825496297967e-04 1.154511478967706201e-03
4.150529821190712676e-03 -8.882685976275402290e-04 1.149702981120567661e-03
4.170223095724797692e-03 -8.705913729185473741e-04 1.158382888289576345e-03
4.182130986418967390e-03 -8.796433400652705877e-04 1.166119796687569614e-03
4.192201590524981779e-03 -8.886819904742305175e-04 1.170560502244649042e-03
4.203229949487533902e-03 -8.989393659746784801e-04 1.166509459261699235e-03
4.217973075372221346e-03 -8.950360929293463882e-04 1.180726499051519508e-03
4.228848937623279694e-03 -8.890742832249734278e-04 1.171630279795541013e-03
4.269379486336043715e-03 -8.536690850099866142e-04 1.151902195288542720e-03
4.282432226991105678e-03 -8.409933190945428384e-04 1.148787874003708021e-03
4.295701829409470651e-03 -8.461530170278035255e-04 1.136562496071759007e-03
4.312266484156445333e-03 -8.620556887167261451e-04 1.141198531019944114e-03
4.322758561744440356e-03 -8.585173999215030792e-04 1.151075990435912423e-03
4.337954688359702340e-03 -8.502953856114063482e-04 1.163855690932858117e-03
4.350542108896285863e-03 -8.595025957680745747e-04 1.155272542507265396e-03
4.362584653142357119e-03 -8.500892707872161622e-04 1.162783347039626769e-03
4.374470856340829938e-03 -8.382055645441231079e-04 1.162539723552958410e-03
4.413340982121788381e-03 -8.326223110310203681e-04 1.201006773848450936e-03
4.425455041940810214e-03 -8.432440208609757537e-04 1.206831696645111612e-03
4.459548594521773636e-03 -8.772715891365952994e-04 1.208951820424278636e-03
4.515390715912510899e-03 -9.153076435378848432e-04 1.249837038865666064e-03
4.536724795514549859e-03 -8.939854264704846050e-04 1.249125693803958097e-03
4.550547095741173942e-03 -9.052341488026213615e-04 1.257158266831912225e-03
4.583955204852449908e-03 -8.996677788979513899e-04 1.224217148446598213e-03
4.597365076853258091e-03 -8.862750525464706004e-04 1.224895048109098670e-03
4.617245898163848707e-03 -9.036078543705900737e-04 1.215157438704864883e-03
4.632515380275999302e-03 -8.944114701184504744e-04 1.202967951403903892e-03
4.646383998019783593e-03 -9.078564146450847231e-04 1.206369719297065157e-03
4.661640991083532831e-03 -9.194653194018894381e-04 1.216269677261355578e-03
4.677773921615124147e-03 -9.093078171673873999e-04 1.228803495350558415e-03
4.692557852629715073e-03 -8.967640271230503148e-04 1.220979305452060204e-03
4.704004532388922355e-03 -8.854017705806240110e-04 1.222366966712574478e-03
4.715383654725184732e-03 -8.909947958934890137e-04 1.232276683812132600e-03
4.735176180514525865e-03 -8.893858926426848359e-04 1.252003708611916120e-03
4.768147195201022370e-03 -9.222120902435395826e-04 1.255090545265643339e-03
4.780431196699972199e-03 -9.339545956833959165e-04 1.258697518903077218e-03
4.803000794523963959e-03 -9.436557857509719413e-04 1.279075783235681567e-03
4.830886136331274776e-03 -9.463497830946233013e-04 1.306830686694763263e-03
4.841068756718565000e-03 -9.389686314727199116e-04 1.299816104833659627e-03
4.851138109047422632e-03 -9.290470850097275668e-04 1.301535049889604532e-03
4.861453348413895779e-03 -9.197834079925454277e-04 1.296997600021123753e-03
4.872307849569912884e-03 -9.304423857877432971e-04 1.294946652018991043e-03
4.895895089374211959e-03 -9.389084530155856730e-04 1.316962182611715109e-03
4.908323928308007747e-03 -9.505364094724083265e-04 1.312572801575568856e-03
4.952708222702250848e-03 -9.686528001492584507e-04 1.272054139483656072e-03
5.008958886267441367e-03 -1.017478721539925510e-03 1.299985601168942130e-03
5.019854578657506269e-03 -1.020569214034659170e-03 1.310433805263374815e-03
5.046411781600162842e-03 -1.046020477328348441e-03 1.318017882326059324e-03
5.066008032983070584e-03 -1.027884819931968200e-03 1.310594204055603356e-03
5.077647184699969098e-03 -1.016291452030871397e-03 1.309562858624236173e-03
5.102351601425512452e-03 -1.022388860425341595e-03 1.333502988461401787e-03
5.115454399283552583e-03 -1.013235357385370780e-03 1.342878312125463320e-03
5.142110113901069215e-03 -1.039726771416064855e-03 1.345833325564490786e-03
5.207635320442881820e-03 -1.005745926556189792e-03 1.401858809720866279e-03
5.221125887561269344e-03 -1.000381652427890415e-03 1.389480604509601459e-03
5.232833434274812394e-03 -9.922636316388158597e-04 1.381044705712321154e-03
5.252430133254963260e-03 -1.007730623806045531e-03 1.369011303690553013e-03
5.263569232121264978e-03 -9.980745107713198238e-04 1.363458015960401955e-03
5.285672034670717626e-03 -1.017578005348042424e-03 1.373857418819981763e-03
5.295882010037336433e-03 -1.022272199074595635e-03 1.382924289407155578e-03
5.306371894379908506e-03 -1.027770848358472563e-03 1.373991063250079841e-03
5.324433244408232312e-03 -1.024073861560160581e-03 1.391669995725168009e-03
5.361260251303141128e-03 -9.941311380034015526e-04 1.413109719203822648e-03
5.376728454696133933e-03 -9.919096100267580773e-04 1.397801873840873090e-03
5.394590673293754406e-03 -9.755519932026796709e-04 1.404977333761032662e-03
5.408929196449360072e-03 -9.718367406084593360e-04 1.418826165641194322e-03
5.420732875496986694e-03 -9.608961356812712688e-04 1.414395589732063245e-03
5.430773468300498924e-03 -9.509451579955371416e-04 1.415734076543339248e-03
5.456217139104689758e-03 -9.626516159155020002e-04 1.393143387599437037e-03
5.469073139352786765e-03 -9.739830197918618229e-04 1.387070824008176809e-03
5.514973232261072625e-03 -9.292351595878682461e-04 1.376850866270832620e-03
5.535899360509398751e-03 -9.309689178105565134e-04 1.355996683815251539e-03
5.549702479356226695e-03 -9.424140579635617186e-04 1.348280800406482724e-03
5.583485330664378701e-03 -9.759262661184304674e-04 1.344013137451951752e-03
5.597168644820814387e-03 -9.655957769249404795e-04 1.352986101250323696e-03
5.610617343975474007e-03 -9.779047172134541343e-04 1.347567845264645422e-03
5.625192579116308940e-03 -9.924773703010986679e-04 1.347842183373178975e-03
5.691189544171338342e-03 -1.057818862934433845e-03 1.338563781736984036e-03
5.747453795885991250e-03 -1.110651808330895968e-03 1.357911802352651390e-03
5.759106463042078586e-03 -1.111822515545250311e-03 1.369505511701639205e-03
5.770402626401940731e-03 -1.121562188835226528e-03 1.375227580458409770e-03
5.783005155263103506e-03 -1.123049526913985196e-03 1.362713126449708115e-03
5.997373265026043933e-03 -1.244302834500867361e-03 1.539493560555343530e-03
6.008635048774523500e-03 -1.255154219775506466e-03 1.542506069612401042e-03
6.053078937490878261e-03 -1.251025805304699671e-03 1.498254341531015136e-03
6.071952713346210478e-03 -1.259554885837695483e-03 1.515091033614051957e-03
6.084539723047295567e-03 -1.265025055174457151e-03 1.526427261410032848e-03
6.131375164927148000e-03 -1.310661084811480179e-03 1.536958710268084309e-03
6.144467221793021260e-03 -1.301476523537871237e-03 1.527628877086801033e-03
6.161585264760495451e-03 -1.301675453640574725e-03 1.544745764124184212e-03
6.175185078936785629e-03 -1.288249417518198174e-03 1.542578623226533493e-03
6.199620483489998342e-03 -1.309430598306096389e-03 1.530394757825540193e-03
6.239169619980229620e-03 -1.297324849487432310e-03 1.492743927254856382e-03
6.253063997258709317e-03 -1.304247193951184889e-03 1.504791120582843087e-03
6.266498094309212036e-03 -1.308975271548489623e-03 1.492216533281615900e-03
6.278688847978577264e-03 -1.297899307752086112e-03 1.497309420577432743e-03
6.293182417473476391e-03 -1.312366433140402808e-03 1.498184543255797179e-03
6.307065504793822781e-03 -1.307891486538100001e-03 1.511326649877298145e-03
6.393414843235562146e-03 -1.318879573172540261e-03 1.425679290306555713e-03
6.405103024019801437e-03 -1.320602182081174938e-03 1.414118745830063957e-03
6.419813631515191611e-03 -1.317429581835946563e-03 1.428483166478576073e-03
6.430329716064281907e-03 -1.321561920508725627e-03 1.438153317011896509e-03
6.440710236785798966e-03 -1.331281570848703291e-03 1.434508648615673678e-03
6.450724650252532069e-03 -1.336850452895354136e-03 1.426185426292968760e-03
6.482487883661908722e-03 -1.358238124844382772e-03 1.402702017570654379e-03
6.496481388551787230e-03 -1.371127637961968605e-03 1.408149827286001455e-03
6.507981489746779945e-03 -1.366147088700163381e-03 1.397784189025585121e-03
6.545311766776746101e-03 -1.396225222456623071e-03 1.375674113203405107e-03
6.573562625969973580e-03 -1.370668742680332614e-03 1.387714768775243730e-03
6.587010669143118433e-03 -1.363426550818961020e-03 1.376383373352355662e-03
6.606288097131965756e-03 -1.379604553879946668e-03 1.386866285487059610e-03
6.616640982801139971e-03 -1.386245152254664964e-03 1.378923698068296741e-03
6.634500538448879874e-03 -1.368497151769244510e-03 1.376930658504158271e-03
6.661729693780983098e-03 -1.341584263752767722e-03 1.372792620477220451e-03
6.703411419295344370e-03 -1.383229288295300318e-03 1.371043857283874056e-03
6.716053359176965554e-03 -1.384274049350022124e-03 1.358445162180449634e-03
6.735548800193552101e-03 -1.368108470194293264e-03 1.347548085921605179e-03
6.748808520359527406e-03 -1.380617672989109318e-03 1.351945815371916699e-03
6.766123985385511658e-03 -1.397511774330091302e-03 1.355742480875582901e-03
6.778546371530374919e-03 -1.409934041521135112e-03 1.355796844157434317e-03
6.798711540228633346e-03 -1.415776661378503063e-03 1.375097046794492364e-03
6.809343073823292784e-03 -1.415170925876592508e-03 1.364482783227193366e-03
6.954400967007651375e-03 -1.466116089102569020e-03 1.500300244251037132e-03
6.970372183705912314e-03 -1.451367251607461276e-03 1.494172311861909118e-03
7.380050912565750375e-03 -1.042094802599193189e-03 1.475931605653342353e-03
7.401433201648569167e-03 -1.063083084306187505e-03 1.471845737641637496e-03
7.417158142965681912e-03 -1.063710442794007453e-03 1.456133315780116545e-03
7.445919465360511039e-03 -1.086848889618256516e-03 1.473216229596579011e-03
7.464451731485049167e-03 -1.068899448730957448e-03 1.468605106138670549e-03
7.475257625313069462e-03 -1.058575709082130653e-03 1.471796930238724850e-03
7.497836469342253340e-03 -1.073946488677050099e-03 1.455257784785025108e-03
7.511742846158768125e-03 -1.060662141236571460e-03 1.451145190805119790e-03
7.522610746206654514e-03 -1.068998141169498007e-03 1.458118164099855667e-03
7.565895927057530133e-03 -1.108266458293585919e-03 1.476328220429672187e-03
7.585496460919360570e-03 -1.099277528665960251e-03 1.458910411387821923e-03
7.600104824378073505e-03 -1.103243030613442616e-03 1.444850572226353451e-03
7.613500700890406085e-03 -1.115673330471892441e-03 1.449844283567898375e-03
7.636085844213972955e-03 -1.123241282763824591e-03 1.428564838155644287e-03
7.650429883947606341e-03 -1.127957684898431550e-03 1.442111314700662058e-03
7.697974860331799514e-03 -1.150815138612069650e-03 1.400421248868351709e-03
7.708720892532446023e-03 -1.159514688161362907e-03 1.394112917417269192e-03
7.729534072893399360e-03 -1.160602364605934581e-03 1.414897657894106844e-03
7.741389287284945395e-03 -1.171565499051797129e-03 1.410385918607372138e-03
7.752025492132555255e-03 -1.168741356680820130e-03 1.400131501343150143e-03
7.817449629392941163e-03 -1.117851240629267814e-03 1.359015642790452252e-03
7.833809244187008025e-03 -1.132111582422624333e-03 1.350998183832223922e-03
7.848309677582437568e-03 -1.131524971161201008e-03 1.336509620898542264e-03
7.880674097902393496e-03 -1.117346429510060078e-03 1.307416242626268949e-03
7.903522109204258114e-03 -1.109528291512679263e-03 1.285947466724880490e-03
7.924300159438540936e-03 -1.088899678718416482e-03 1.288434976669129229e-03
7.934677616563476713e-03 -1.093999788528287817e-03 1.279397250389409770e-03
7.950958315922886099e-03 -1.094465248264044066e-03 1.295671294719750099e-03
7.976016546664712464e-03 -1.118296781230108342e-03 1.287927073364571054e-03
7.987582162117238052e-03 -1.126395611394163682e-03 1.279670414792880061e-03
8.050947091970996061e-03 -1.091426109064855612e-03 1.226828686564025803e-03
8.063425389189972717e-03 -1.101170271468976695e-03 1.234623505389837849e-03
8.078454718541044910e-03 -1.089241377792258972e-03 1.225481173280767175e-03
8.121906590375859228e-03 -1.129166868971915498e-03 1.208334152547931462e-03
8.157931050617168653e-03 -1.110724208156830314e-03 1.239279749936532827e-03
8.190065070288504029e-03 -1.135329530996824878e-03 1.218611578556910800e-03
8.302782628092975070e-03 -1.222367935586996142e-03 1.290232552885677009e-03
8.316662940765528686e-03 -1.212159710528224995e-03 1.280827489300706513e-03
8.327881522204174519e-03 -1.202557554224322183e-03 1.275026182222905886e-03
8.391816268355114031e-03 -1.223788985434294237e-03 1.335332716646311143e-03
8.403588069587693277e-03 -1.234065428918771279e-03 1.329590764576701282e-03
8.425112074472967949e-03 -1.236680766977171645e-03 1.350955286409441123e-03
8.437185376725820501e-03 -1.224607495838349498e-03 1.350927876607976559e-03
8.450753119270794714e-03 -1.238081642968224486e-03 1.349336965897356263e-03
8.463311688858879064e-03 -1.226090502574604755e-03 1.345604644614392057e-03
8.514980151986614385e-03 -1.193668434515126947e-03 1.385834479124724338e-03
8.533950682318157052e-03 -1.189704418752659480e-03 1.367282724488169806e-03
8.545495926552378399e-03 -1.193786249903458236e-03 1.378082322577182505e-03
8.557343517697603777e-03 -1.204376544914876083e-03 1.372770913393588131e-03
8.570492059241145710e-03 -1.192683586483386749e-03 1.378784137806637715e-03
8.586542134304962076e-03 -1.197996692059808115e-03 1.393929296065563907e-03
8.612722194015289684e-03 -1.179259119911684308e-03 1.375645453022313665e-03
8.631350996440551038e-03 -1.189160838085822182e-03 1.359866091279855358e-03
8.805934977261488383e-03 -1.063251806100293803e-03 1.480806084763204794e-03
8.832104125116745433e-03 -1.055532633740099546e-03 1.505810857858434900e-03
9.146290654843902690e-03 -1.241649137658734289e-03 1.758938933012295933e-03
9.160228787976438733e-03 -1.238777961438982398e-03 1.745299728404421918e-03
9.173457450768276317e-03 -1.251505746340713602e-03 1.741694036965127585e-03
9.213324246923091515e-03 -1.233445649634952066e-03 1.777235482386326469e-03
9.228213594962356159e-03 -1.247031794971858098e-03 1.783327225972428619e-03
9.245188876642305292e-03 -1.262314627385167747e-03 1.775938368040358081e-03
9.267424754402044107e-03 -1.248738513988809301e-03 1.758328047066700555e-03
9.278768816368920119e-03 -1.255213119880737097e-03 1.767642939468254534e-03
9.414877920787156906e-03 -1.343064481164536533e-03 1.871603636975138979e-03
9.427989934091033156e-03 -1.337952562200606706e-03 1.883678121535038068e-03
9.440686601351232915e-03 -1.342522753244130337e-03 1.871832501528389271e-03
9.463968270434428010e-03 -1.339937321520590346e-03 1.848694834011927780e-03
9.728422534261822741e-03 -1.121075627515411184e-03 1.700250849446461460e-03
9.748685760538819411e-03 -1.126134978205763342e-03 1.680629399200752423e-03
9.761629817919325117e-03 -1.122766140008145353e-03 1.668131417336942996e-03
9.771687294652241229e-03 -1.112787630182762591e-03 1.666873570009997241e-03
9.782130820572759039e-03 -1.122922947358267077e-03 1.664355122193491177e-03
9.809321459929737710e-03 -1.140060793699985324e-03 1.643245288195827004e-03
9.824079110072355195e-03 -1.130505500730422368e-03 1.631998750328654633e-03
9.866882185342635767e-03 -1.099810653948081560e-03 1.602167061915124547e-03
9.878176645292011462e-03 -1.091446244311286302e-03 1.594577498227011314e-03
9.898955731705365649e-03 -1.091543387279848756e-03 1.615356357565706294e-03
9.914510671627737443e-03 -1.096965354829835312e-03 1.629935741087497900e-03
9.926209240053586458e-03 -1.107569749501611687e-03 1.634875712429466159e-03
9.938807447693483871e-03 -1.108829991012463042e-03 1.622340696391491458e-03
9.968635910175854820e-03 -1.124719655215558828e-03 1.647584621315619727e-03
9.984391120007171314e-03 -1.121676735325996110e-03 1.632126054908138602e-03
1.001307217228721534e-02 -1.150276587556758445e-03 1.634282721843293177e-03
1.006022289066253392e-02 -1.177347420856305130e-03 1.595677537893766627e-03
1.007795549183248748e-02 -1.193925962674406314e-03 1.589384915591571419e-03
1.011308681990530887e-02 -1.158822769394234195e-03 1.590790630247915834e-03
1.012974445165242855e-02 -1.142372532490470343e-03 1.588170248361114954e-03
1.014945055671477754e-02 -1.122669029094422585e-03 1.588490452437103318e-03
1.017809982573282188e-02 -1.099489356122018962e-03 1.571653487860293942e-03
1.019102365646817714e-02 -1.098207488562829648e-03 1.584513589587606018e-03
1.020313258877195844e-02 -1.089757272447325776e-03 1.575840638005886630e-03
1.021574377829972610e-02 -1.097950447005542922e-03 1.585427816525339026e-03
1.023028522148838014e-02 -1.093589060321678704e-03 1.599299798222367100e-03
1.025800552739178535e-02 -1.108257379364896563e-03 1.575778408471232434e-03
1.031895532688929286e-02 -1.060329308590782530e-03 1.613431802616486967e-03
1.034451575599891135e-02 -1.056919230916603027e-03 1.638763737136453118e-03
1.035630173060298441e-02 -1.062027323665600291e-03 1.649385252369011930e-03
1.038230966606026526e-02 -1.038061048117535192e-03 1.659486259403179873e-03
1.040307691672491021e-02 -1.023181437692201453e-03 1.673973353444377756e-03
1.042818950586166596e-02 -9.982234770689144433e-04 1.676755858552716810e-03
1.047752388007628342e-02 -1.034874563091665390e-03 1.643731952476952616e-03
1.052798790873823824e-02 -1.080500281268246621e-03 1.665293771270035666e-03
1.055252924686837790e-02 -1.078108221717563944e-03 1.640869289119459805e-03
1.057483411949358861e-02 -1.088957327170031724e-03 1.660357856375882860e-03
1.065323641344186403e-02 -1.089663959662664485e-03 1.738756965853427558e-03
1.066397715299100685e-02 -1.081251854316864951e-03 1.732078644978110159e-03
1.067646198656144359e-02 -1.090485225894032625e-03 1.740481972806979822e-03
1.091210304244604433e-02 -8.728047629718497895e-04 1.830714579332524440e-03
1.094427694415984163e-02 -9.029097644082904883e-04 1.842065739625685502e-03
1.097897495682958330e-02 -9.323615135947701605e-04 1.823720534445959305e-03
1.099988143027150027e-02 -9.333882328249556602e-04 1.802839287371132840e-03
1.104359309595618656e-02 -8.941186320014474394e-04 1.822038458397302538e-03
1.105416666342471863e-02 -9.012011072248598707e-04 1.829889501240222630e-03
1.110556638226120434e-02 -8.853748441701156163e-04 1.878792062463453252e-03
1.113450075997980682e-02 -8.822466668455057311e-04 1.850027279818896534e-03
1.132124555133241783e-02 -1.010167682028570522e-03 1.986078119477696028e-03
1.133376849546447428e-02 -1.015938101260885178e-03 1.974963876740650718e-03
1.134604440264564557e-02 -1.028180804739170767e-03 1.975866156444237940e-03
1.136093850217258922e-02 -1.016828705621305746e-03 1.966224369974050017e-03
1.137159382890485550e-02 -1.007208523326982332e-03 1.970805644948914973e-03
1.141219948631386726e-02 -1.038283842200914565e-03 1.944668621964238233e-03
1.142357787903568525e-02 -1.028394719413450436e-03 1.950296505352010906e-03
1.145547838975254085e-02 -1.057437329125389099e-03 1.937099179671546156e-03
1.146745755500843018e-02 -1.064681135373908094e-03 1.946640021943685283e-03
1.149878834623638268e-02 -1.077111627825139487e-03 1.917880652402796779e-03
1.151969691058172575e-02 -1.068383679627909946e-03 1.898880889687176721e-03
1.153150623335970175e-02 -1.058142420593180272e-03 1.893000692593711700e-03
1.154207272164496992e-02 -1.050515498486196894e-03 1.900313744887845244e-03
1.156322912686721764e-02 -1.029458015284763495e-03 1.898270247114589937e-03
1.162714774157974466e-02 -9.655399848298941348e-04 1.897996953245575024e-03
1.164474789114005454e-02 -9.592055511600656960e-04 1.914417678400933808e-03
1.166187822522811272e-02 -9.726313186527320818e-04 1.903778265202764981e-03
1.168644540988294199e-02 -9.856067507207062848e-04 1.924639346778605304e-03
1.170000162060905180e-02 -9.859797850315340281e-04 1.938190424029276326e-03
1.171144652848491591e-02 -9.750899922583656978e-04 1.941711550219073256e-03
1.173070515051678059e-02 -9.558806340647721389e-04 1.943088169395341654e-03
1.177772382873796403e-02 -9.682225444833951391e-04 1.897718208530405895e-03
1.178910271243103179e-02 -9.709842919629834519e-04 1.886679560743681570e-03
1.179999706020524314e-02 -9.718440798765882278e-04 1.875819193430873890e-03
1.181985393471155638e-02 -9.754455526671067635e-04 1.895346734466515177e-03
1.183680349733075808e-02 -9.921555531194376117e-04 1.898186374913008465e-03
1.185051222668790857e-02 -9.826595998366082114e-04 1.888299204850854996e-03
1.186235275708821292e-02 -9.850689251078748217e-04 1.899892017792404516e-03
1.189883752832880670e-02 -1.010654770175450695e-03 1.873882345271273920e-03
1.191043696500933106e-02 -1.009491754677750144e-03 1.885423329902474699e-03
1.192794176828875299e-02 -1.023204152652246526e-03 1.874542692070053918e-03
1.194602387701960630e-02 -1.037991932177977430e-03 1.884948663089271214e-03
1.198580238304331955e-02 -9.983296242165550210e-04 1.881910428626323330e-03
1.200099094610122125e-02 -1.006949028519606203e-03 1.894416359908094325e-03
1.201263350657311504e-02 -9.955470310135075725e-04 1.892061860553107943e-03
1.202362304199890153e-02 -1.002629284037534051e-03 1.900464930288524746e-03
1.204167822193592807e-02 -1.006025337788108483e-03 1.882732013397003150e-03
1.205356859516139995e-02 -1.010606301931582431e-03 1.893704512791271211e-03
1.206892685295246452e-02 -1.006925616585447507e-03 1.878793824082845712e-03
1.208142519445595461e-02 -1.014551245400117799e-03 1.888696264464830065e-03
1.209772639094706254e-02 -1.023856564923346889e-03 1.875311943951172818e-03
1.210972398248533720e-02 -1.025443487382873874e-03 1.863419766697754602e-03
1.212232046047277169e-02 -1.024502357310269098e-03 1.850858495588731441e-03
1.273782070937981570e-02 -1.440989067487428998e-03 1.397670480907804410e-03
1.274827847882932172e-02 -1.439446811230908662e-03 1.408013903334556522e-03
1.275866688058594628e-02 -1.449643811144243379e-03 1.409998867773658033e-03
1.277120553487708435e-02 -1.442337551535489504e-03 1.399808851975723476e-03
1.278652635440901894e-02 -1.438463680026611478e-03 1.384985875531606885e-03
1.279770229649820727e-02 -1.427458234147521840e-03 1.383041179518520927e-03
1.281816972674081762e-02 -1.415671524073515127e-03 1.399774056329382028e-03
1.283697741031119589e-02 -1.419483375423150279e-03 1.418191405502696161e-03
1.284755187680348097e-02 -1.429025335772088085e-03 1.422748853724647988e-03
1.285806368650714050e-02 -1.418709372213360813e-03 1.424768516840355971e-03
1.287113050635118987e-02 -1.431422955550202018e-03 1.421750805857836895e-03
1.288193971525413047e-02 -1.441119443608732250e-03 1.426527532397862258e-03
1.289525434981337627e-02 -1.448338442470654920e-03 1.415339791389158249e-03
1.290825155942430108e-02 -1.449536043151641949e-03 1.428281708182246347e-03
1.291967408530137439e-02 -1.438132309401673938e-03 1.427626762404136983e-03
1.296638690389891220e-02 -1.401172969895472104e-03 1.399059392126287193e-03
1.299445568694351794e-02 -1.408271680273248758e-03 1.426215696966555858e-03
1.300643885750883168e-02 -1.419173176665127541e-03 1.431191011350117087e-03
1.304588058205722809e-02 -1.452071743832946283e-03 1.452947249849824863e-03
1.305678929991746853e-02 -1.455762354733447462e-03 1.463212702423161930e-03
1.307053444374169267e-02 -1.455591714962822672e-03 1.476956786998617505e-03
1.309786042058845058e-02 -1.481266147238604301e-03 1.486312669530255506e-03
1.312484751079971007e-02 -1.485717743450044696e-03 1.459695263021714004e-03
1.313571829280826830e-02 -1.474907493620588326e-03 1.460840863345698242e-03
1.314663027162246006e-02 -1.485819442917596248e-03 1.460866244064525652e-03
1.315879677124170630e-02 -1.476353087945736324e-03 1.468509007735597973e-03
1.323268893323008288e-02 -1.433450546372406478e-03 1.408347362729287910e-03
1.325051464610127808e-02 -1.419938892203597390e-03 1.419974539557253106e-03
1.326387917701207786e-02 -1.432463242394052668e-03 1.415310706501432579e-03
1.327612088857527649e-02 -1.423112821169789533e-03 1.423211916847030335e-03
1.328800348892813718e-02 -1.430428847538661946e-03 1.432575246880504706e-03
1.330943039678254489e-02 -1.438872075670033718e-03 1.452268501535916795e-03
1.333755708520063289e-02 -1.445534135857648320e-03 1.424942185365880637e-03
1.335661020818632722e-02 -1.464586887721042868e-03 1.424823265477192938e-03
1.336688067769976722e-02 -1.454317668309866975e-03 1.424983505021719214e-03
1.349474413424861172e-02 -1.350780525673157340e-03 1.349956019289864223e-03
1.351153414186765517e-02 -1.357727796634247480e-03 1.365241299203583027e-03
1.353132343017306172e-02 -1.343974687692035428e-03 1.351012176740895750e-03
1.355127195578742678e-02 -1.353867642161962195e-03 1.333689557826801559e-03
1.356898151562571306e-02 -1.336954349830305356e-03 1.328438933847714146e-03
1.358190469135415156e-02 -1.343829583500378818e-03 1.339381494466234616e-03
1.362572682568906866e-02 -1.317655879107595572e-03 1.304234422667480261e-03
1.369900134507045369e-02 -1.376489047586033476e-03 1.260555898455223206e-03
1.372170649462863337e-02 -1.353975850259711696e-03 1.257609754771453481e-03
1.374745106096621552e-02 -1.338908207597251654e-03 1.236735156799119570e-03
1.376258067696454687e-02 -1.349137622200769892e-03 1.247882549190450999e-03
1.378450923519213868e-02 -1.351569509247662866e-03 1.269675841537686598e-03
1.380381176254403403e-02 -1.336311604411118343e-03 1.257852817298111409e-03
1.381673677581970149e-02 -1.323411907287063436e-03 1.258661385343381664e-03
1.385916618899835605e-02 -1.289355833078703953e-03 1.283968279901973692e-03
1.387117936508716967e-02 -1.291854792251769879e-03 1.295718667248447640e-03
1.388125755100249464e-02 -1.281954705786802996e-03 1.293832369464415410e-03
1.390092524989774113e-02 -1.262638456285786670e-03 1.297533840124646736e-03
1.391849021070943118e-02 -1.279427786596338927e-03 1.292371840895727890e-03
1.400326252057062376e-02 -1.294485261989522257e-03 1.375796159616264744e-03
1.401667978585775971e-02 -1.300419082224368514e-03 1.363762341219515884e-03
1.403150269830233388e-02 -1.286141245661647902e-03 1.359779613959491516e-03
1.404443532081735974e-02 -1.277138035992685756e-03 1.350495490911360341e-03
1.406152782097293795e-02 -1.294220036055158214e-03 1.351094519653685483e-03
1.407539126299988536e-02 -1.308015394848806474e-03 1.349722258530929551e-03
1.408683353466306208e-02 -1.306081557740773006e-03 1.338444587900275819e-03
1.413810968755603928e-02 -1.312421165055242724e-03 1.389327327946407974e-03
1.415425704306905175e-02 -1.322333836456801364e-03 1.376580719152366208e-03
1.417052441485494758e-02 -1.314882890184241931e-03 1.391041382500359707e-03
1.420480268793765724e-02 -1.306453268740239652e-03 1.424266997435882139e-03
1.426867199409363567e-02 -1.244057103786731181e-03 1.410628563950300013e-03
1.427896458305272578e-02 -1.245615189242583673e-03 1.420802538453562859e-03
1.429404830410812947e-02 -1.233732040981689367e-03 1.430092825224531065e-03
1.432129908915196100e-02 -1.254338828694880970e-03 1.412261235681012408e-03
1.433546446566602572e-02 -1.262896390285775817e-03 1.423549549611944579e-03
1.436457165187885257e-02 -1.245204260715726758e-03 1.446662680955507294e-03
1.453895885291785380e-02 -1.079091021675904248e-03 1.393584552673552768e-03
1.455448149220439809e-02 -1.063590809293159288e-03 1.394418666880346217e-03
1.456642621409197889e-02 -1.071252649489022428e-03 1.385255011180534747e-03
1.457771090375025065e-02 -1.064634898008889104e-03 1.394395557445976628e-03
1.460314408685770352e-02 -1.069394525392894542e-03 1.369411707659711278e-03
1.461596116451277516e-02 -1.075188293182288051e-03 1.357978871860194203e-03
1.462601976408374124e-02 -1.074382625682356214e-03 1.368005153584172769e-03
1.464509007172761640e-02 -1.092715292316776866e-03 1.373257768904492067e-03
1.466219062658585988e-02 -1.102649616121455971e-03 1.359338782339244251e-03
1.467529397190449510e-02 -1.114905740333870833e-03 1.363973982208640037e-03
1.473209020450216150e-02 -1.075528341337000406e-03 1.404903586232248607e-03
1.474316694540759795e-02 -1.069581045377910201e-03 1.395558862594753306e-03
1.475643041674476290e-02 -1.061873839991533865e-03 1.384764481786017899e-03
1.476999704918162577e-02 -1.056279805321157228e-03 1.372404858337725794e-03
1.478319874583953683e-02 -1.069426230327957502e-03 1.371198084047290299e-03
1.479964965230480198e-02 -1.060009449839308159e-03 1.357708956249041978e-03
1.481026279587939476e-02 -1.056392091973876396e-03 1.367686608207710442e-03
1.482360754469375964e-02 -1.051156496388661651e-03 1.355411802311625715e-03
1.484957446849433441e-02 -1.045903433877877790e-03 1.329981771522760221e-03
1.486373161503749818e-02 -1.050100358290197849e-03 1.316461023624736605e-03
1.487957069351126399e-02 -1.065925554244300097e-03 1.315798015395243858e-03
1.489317155305359096e-02 -1.075206738801523856e-03 1.325739996762398572e-03
1.491278700943327561e-02 -1.067278455916092486e-03 1.307798189175872657e-03
1.494929097116666147e-02 -1.094427456191261446e-03 1.283395914562809707e-03
1.496352455152751872e-02 -1.083351976860732254e-03 1.292336192382207436e-03
1.498454908466687920e-02 -1.091490501445094297e-03 1.272950749098190936e-03
1.500098025893938786e-02 -1.075060604433389052e-03 1.273155620175419689e-03
1.501430314378041954e-02 -1.061968055557655638e-03 1.270688957566971531e-03
1.504465687610187855e-02 -1.085050327233892057e-03 1.290400827090362702e-03
1.505846431246258069e-02 -1.074926700336539765e-03 1.299790048426451537e-03
1.509622906256917821e-02 -1.109878821931896365e-03 1.314091291260457896e-03
1.511232291175855155e-02 -1.121114259930018359e-03 1.302568404698460115e-03
1.513413426695138335e-02 -1.103541665231985366e-03 1.289647912024939613e-03
1.514419231836523251e-02 -1.111415155716228252e-03 1.283389114549532200e-03
1.517583958221199736e-02 -1.142814018817667719e-03 1.287346475402907772e-03
1.519770613508192487e-02 -1.121021688771625495e-03 1.285546340525259941e-03
1.521695983153604700e-02 -1.127725621292176772e-03 1.267497459232853375e-03
1.522809675968353482e-02 -1.122993677700392197e-03 1.257415798734379210e-03
1.524606633061246878e-02 -1.120926363883801517e-03 1.239565541230530426e-03
1.526238235466049337e-02 -1.127493590241297489e-03 1.224629538461880201e-03
1.527897721975119728e-02 -1.137992827306337149e-03 1.211778251816925762e-03
1.528995552904642563e-02 -1.141472410587399946e-03 1.201365962194953299e-03
1.530182376593527786e-02 -1.140086950647295917e-03 1.189578869779760748e-03
1.531751987914129268e-02 -1.145570220015880349e-03 1.174871669950847044e-03
1.533573391240329077e-02 -1.129633750894221697e-03 1.166052375216934450e-03
1.534801207008993848e-02 -1.123764722190303406e-03 1.176836978049249994e-03
1.536425417017820046e-02 -1.108803750011725037e-03 1.170514389437855548e-03
1.539370333539077235e-02 -1.093210018516251741e-03 1.195496160187033228e-03
1.541002090631813162e-02 -1.094552465518649391e-03 1.211758415781358841e-03
1.542105559113621412e-02 -1.095643895000011480e-03 1.200777839716249537e-03
1.543283641228893055e-02 -1.085134891218573518e-03 1.206102178788284653e-03
1.545323046655787923e-02 -1.072867578403209577e-03 1.189810141290941750e-03
1.546360192636031007e-02 -1.069448094777781947e-03 1.199601684078923725e-03
1.547363894506304308e-02 -1.066589565078514745e-03 1.209223043255122513e-03
1.548745841982830662e-02 -1.079661639383404067e-03 1.213706206887562146e-03
1.549887127715701349e-02 -1.082850073808581210e-03 1.224664637355552107e-03
1.551127404469954119e-02 -1.078647565947314689e-03 1.212995551256376399e-03
1.552130134244018508e-02 -1.078177458258606884e-03 1.202979279557757873e-03
1.556276544039027036e-02 -1.060008639749483728e-03 1.165707769623268095e-03
1.559925370801302884e-02 -1.083670108503202419e-03 1.137931366498910225e-03
1.563718409023284739e-02 -1.115246389209204221e-03 1.116915839093743932e-03
1.564905719531389100e-02 -1.118339298926189886e-03 1.105452657434708710e-03
1.566248068390821077e-02 -1.116836698489336423e-03 1.118791781767625518e-03
1.568225635007539781e-02 -1.115841230476195432e-03 1.099041186440120324e-03
1.569755413977852454e-02 -1.131077592535937497e-03 1.097671646011548876e-03
1.578244034317365443e-02 -1.070166863073711023e-03 1.156794827279295033e-03
1.579548803599740633e-02 -1.080497195546082289e-03 1.164765179782997848e-03
1.581256546308506400e-02 -1.063426107515104370e-03 1.164299917090642292e-03
1.582401524277276400e-02 -1.061968209058789100e-03 1.175656500511193005e-03
1.583464738584784703e-02 -1.066746520126414521e-03 1.185154406054523667e-03
1.584638899715320320e-02 -1.055068739827148480e-03 1.186377060268995268e-03
1.586208129167360897e-02 -1.046840870845994979e-03 1.173014789528431133e-03
1.587253883935177759e-02 -1.057177159637118051e-03 1.174602693010274234e-03
1.588650275414825105e-02 -1.047019178984086611e-03 1.184184255800122421e-03
1.590253113758541975e-02 -1.048528818963184771e-03 1.168227123766374734e-03
1.591421627997539542e-02 -1.052410199991929201e-03 1.157205443586669909e-03
1.592878537151131216e-02 -1.038179222506058902e-03 1.160325973666409029e-03
1.593905382243424734e-02 -1.035379505731985920e-03 1.150446567290432142e-03
1.595113602948069337e-02 -1.045397526842568913e-03 1.157200749708837918e-03
1.596264827899359154e-02 -1.033936538771423365e-03 1.156115557891545555e-03
1.597324051535770062e-02 -1.025642387036298196e-03 1.149527499134377941e-03
1.598566075653953811e-02 -1.037334890216546745e-03 1.153716503836563342e-03
1.600403246962475712e-02 -1.055171482821472186e-03 1.158118299598697061e-03
1.611790106944843703e-02 -9.440552865983641408e-04 1.133233586164271401e-03
1.613188259037054775e-02 -9.392798283918818956e-04 1.120092888838269529e-03
1.615011150179691130e-02 -9.419117673284878875e-04 1.138130796400517366e-03
1.616476230004225065e-02 -9.564342405913967785e-04 1.140065650284867189e-03
1.618310046634387905e-02 -9.414669727999615311e-04 1.129469932368387056e-03
1.620041722124318517e-02 -9.572163537571757794e-04 1.122270835223106254e-03
1.621869817091452920e-02 -9.418603327351940911e-04 1.132189793800428409e-03
1.622904561747642860e-02 -9.413922321186978404e-04 1.121852940693018495e-03
1.625330074476532757e-02 -9.654321572503551073e-04 1.125076789241721267e-03
1.641831835747621995e-02 -8.178369910871114215e-04 1.051276522100967788e-03
1.642943922419433725e-02 -8.167145019451702839e-04 1.040212449853900219e-03
1.644074729670537416e-02 -8.253977833437539701e-04 1.032968616057636105e-03
1.645465432542018644e-02 -8.391183575622520761e-04 1.035238261578272237e-03
1.646893314199801214e-02 -8.280324654122086939e-04 1.044237572557499185e-03
1.648333691229295420e-02 -8.265430712592693229e-04 1.058564131940918814e-03
1.649935877071541032e-02 -8.385821145208262415e-04 1.069135857658869843e-03
1.661048415912233164e-02 -7.819640942414228350e-04 1.164756209719665109e-03
1.662195806916273028e-02 -7.806711073159544427e-04 1.176157034094493879e-03
1.666350664226225187e-02 -7.584626305846726979e-04 1.141041973395666778e-03
1.668061758201842479e-02 -7.691797939049896437e-04 1.154380889007704898e-03
1.669310660313806649e-02 -7.744469632096764389e-04 1.165704871347969735e-03
1.670826817764117442e-02 -7.616134908491450353e-04 1.173777995190988408e-03
1.672126707683265281e-02 -7.500653511928178372e-04 1.167810428629301569e-03
1.673397223963046451e-02 -7.552729060242392234e-04 1.156221531598237463e-03
1.674799376979969889e-02 -7.549744955151618331e-04 1.142203177220680026e-03
1.676335848529875855e-02 -7.688479882436108793e-04 1.148806258462096606e-03
1.677473115376440504e-02 -7.768382175042845127e-04 1.140713432973342956e-03
1.679076423206820115e-02 -7.666836025977201950e-04 1.128306040177311708e-03
1.681251324954497264e-02 -7.553723228434626067e-04 1.109729853498504348e-03
1.682652413782316156e-02 -7.448761887699904176e-04 1.100448896659060984e-03
1.684004321987942962e-02 -7.581085316194416781e-04 1.097679296984248667e-03
1.685381036937361882e-02 -7.590887878588415284e-04 1.083947090209645345e-03
1.686578864338457440e-02 -7.487789124144644771e-04 1.077849097375687890e-03
1.687583893327540205e-02 -7.391174896886574261e-04 1.080617713962164642e-03
1.688956306565898846e-02 -7.526226926214695011e-04 1.078176135901621688e-03
1.690765159450247079e-02 -7.372056979198830188e-04 1.087637169148197424e-03
1.692140933467704139e-02 -7.493683948933895118e-04 1.094067116040800015e-03
1.694435082984240004e-02 -7.471791091513352648e-04 1.116903911533200953e-03
1.698171721897026587e-02 -7.334312672795897286e-04 1.151649326774994032e-03
1.699458707332253751e-02 -7.445892782883980045e-04 1.158062745627368509e-03
1.701052798524999021e-02 -7.451920630222062586e-04 1.142133234534948140e-03
1.702112024750338307e-02 -7.346898330887393367e-04 1.140755124935072728e-03
1.703187210920857272e-02 -7.369231274157375796e-04 1.151272488035038439e-03
1.707063184624315125e-02 -7.669507684809996140e-04 1.175780812886924407e-03
1.710573558370969902e-02 -7.509645419109509156e-04 1.144528405872883388e-03
1.712607628496527756e-02 -7.704842552250209045e-04 1.138807835996966675e-03
1.713720248601856636e-02 -7.765242360527684854e-04 1.148151870536643889e-03
1.715289047105333919e-02 -7.813445452112020373e-04 1.133222788379043174e-03
1.716868731036971449e-02 -7.936805818948510470e-04 1.123355553136733392e-03
1.720191853976110741e-02 -7.682826667286499515e-04 1.144785917391078194e-03
1.721593782058818134e-02 -7.560600024218094113e-04 1.137919571044540687e-03
1.722948725132263451e-02 -7.489711787116840915e-04 1.149466676813284049e-03
1.724353401627779989e-02 -7.505373711508860806e-04 1.135507498938170302e-03
1.731118395089137688e-02 -7.325682192897268498e-04 1.200727306010959585e-03
1.734662496620935357e-02 -7.307377563294146453e-04 1.236121019748288473e-03
1.735691913673707842e-02 -7.208894507831353771e-04 1.239117822164369654e-03
1.737868779109289982e-02 -7.085454945824592836e-04 1.257048272738155821e-03
1.739118909318236594e-02 -7.186061599855362095e-04 1.249627655137215644e-03
1.740946323102203833e-02 -7.141539080437278066e-04 1.231904180127217207e-03
1.742707009015303371e-02 -7.197898293045234663e-04 1.215223716104868413e-03
1.743888359466525678e-02 -7.281838237077699382e-04 1.223536341852405002e-03
1.745869372235572814e-02 -7.107952779871500775e-04 1.214045312570250250e-03
1.747291673167754647e-02 -7.235679369563085932e-04 1.207788062613110881e-03
1.751512094867397132e-02 -7.597740433036619329e-04 1.229474781946505307e-03
1.753055306599950527e-02 -7.502782052450162427e-04 1.241639456406308040e-03
1.756762751157493752e-02 -7.869998770013978589e-04 1.246741743946452614e-03
1.757908050490139887e-02 -7.756608300192492514e-04 1.248353286583980728e-03
1.759082965659640105e-02 -7.751239217359462072e-04 1.236616409015928175e-03
1.760289744661434549e-02 -7.867700881415638217e-04 1.233454390045419288e-03
1.762069599619800128e-02 -7.727134425865395334e-04 1.222536556788665499e-03
1.764145722684222137e-02 -7.529159599419893390e-04 1.228788626749982614e-03
1.765676713959776767e-02 -7.453583975125325492e-04 1.215474097892103519e-03
1.766921915080236702e-02 -7.339103969390927589e-04 1.210575540358507481e-03
1.768388479447097900e-02 -7.485732366258311156e-04 1.210288771225326342e-03
1.770431963442913731e-02 -7.407891239065035995e-04 1.229182957455180131e-03
1.772458963600182652e-02 -7.214432292821777682e-04 1.235233521473621740e-03
1.773701875335960410e-02 -7.303493553321819013e-04 1.243903231796052817e-03
1.775504962502222339e-02 -7.480443493102523905e-04 1.247367264277121331e-03
1.777580195247992212e-02 -7.274035914786363072e-04 1.249516266614970547e-03
1.784066540447892119e-02 -6.946826653360816534e-04 1.305521698472960701e-03
1.800815391031572801e-02 -5.284630151107720750e-04 1.284944345231551566e-03
1.801947930163550274e-02 -5.397833781852431640e-04 1.284606901298139623e-03
1.802965810843566025e-02 -5.297511203759925572e-04 1.282885880925311532e-03
1.804172597136095846e-02 -5.387234506509044635e-04 1.274815527462067402e-03
1.807177072494811632e-02 -5.316936976155251003e-04 1.304026309553183664e-03
1.808315871056166355e-02 -5.325012428500824945e-04 1.292666992362941428e-03
1.819982079612454673e-02 -6.288037917523397330e-04 1.358514249578484084e-03
1.821084896228816752e-02 -6.272292563178345597e-04 1.369429435655593547e-03
1.822407997527369233e-02 -6.390574731263753755e-04 1.363500439808633218e-03
1.824549888404725789e-02 -6.592320862872868246e-04 1.370694509370282274e-03
1.839330449679710613e-02 -5.160683167940518807e-04 1.407445485749774829e-03
1.840504274343620142e-02 -5.138415995813879183e-04 1.418970595927777261e-03
1.841668659541037187e-02 -5.022230990376609855e-04 1.419738537274356765e-03
1.843764221096658856e-02 -5.000479618677497202e-04 1.398896114151505689e-03
1.845240251403543197e-02 -4.959483603972429351e-04 1.413075670366955704e-03
1.846317040418358688e-02 -4.891718213246357399e-04 1.404707517856386943e-03
1.855358366614481488e-02 -4.091299403415498987e-04 1.362661647343825283e-03
1.858927737463341584e-02 -3.737138728216842496e-04 1.358218339218391453e-03
1.862645316286736311e-02 -3.586405085488945325e-04 1.392201171947803247e-03
1.863656739457140998e-02 -3.686398514545867738e-04 1.390681032343193176e-03
1.866921275572722833e-02 -4.001308561212696402e-04 1.382076601503407290e-03
1.867943366770754079e-02 -4.095174123087675614e-04 1.386121302314131335e-03
1.869435905061851699e-02 -3.949330097544994896e-04 1.389293408424319099e-03
1.870809362815803109e-02 -3.829461174564361813e-04 1.382588706102548309e-03
1.872548994960808455e-02 -3.803933210473705749e-04 1.365380707076298793e-03
1.873842882202325297e-02 -3.812925419150289450e-04 1.378288294814028958e-03
1.875144422885723083e-02 -3.721079228033429562e-04 1.387510202795960799e-03
1.892111094610382169e-02 -2.194452641666040616e-04 1.313477050767987864e-03
1.894040259045084648e-02 -2.374065840533769612e-04 1.320516832691963653e-03
1.895052591149754689e-02 -2.331501696879896546e-04 1.311331814141918593e-03
1.896471807056093750e-02 -2.456173648391978643e-04 1.304550485072904827e-03
1.897819565882698234e-02 -2.490548045702881781e-04 1.291518624362931545e-03
1.900427981585474380e-02 -2.548927699755619320e-04 1.316941083090909445e-03
1.901450633225280906e-02 -2.501956084902871684e-04 1.326025042118843126e-03
1.902641448627334642e-02 -2.620833743119554862e-04 1.325328510751264816e-03
1.903724145456684586e-02 -2.604662859104046684e-04 1.336034035844878331e-03
1.905024936104472363e-02 -2.518349827208570435e-04 1.345765748756145913e-03
1.911537163945379106e-02 -1.907545648867473064e-04 1.323180494664184369e-03
1.912631427995405836e-02 -2.016053165381878241e-04 1.324595616467008326e-03
1.914699526310638042e-02 -2.154133136336822227e-04 1.309199439007732550e-03
1.916492182129840224e-02 -1.987057156186215192e-04 1.302701927393341884e-03
1.918585387882277074e-02 -1.947949309520463602e-04 1.282138445307488307e-03
1.919705695698353115e-02 -2.039019285018208512e-04 1.275613757123021707e-03
1.920837415467257711e-02 -1.949571570405538164e-04 1.268680501968431559e-03
1.921921164693073461e-02 -1.898514226844020419e-04 1.259121071277745406e-03
1.923018609450386981e-02 -1.945717875927454341e-04 1.249213667245023009e-03
1.924254214173653360e-02 -1.823268805516297557e-04 1.247560139268173371e-03
1.925574014160799999e-02 -1.697440074857436802e-04 1.251542413243557231e-03
1.926880059796736919e-02 -1.798997671080619068e-04 1.259754359834265765e-03
1.928445445390663052e-02 -1.775299603726046842e-04 1.275227795839358694e-03
1.929879998892128704e-02 -1.711452067153069697e-04 1.262381422981917641e-03
1.934545615111049957e-02 -1.329016336276302027e-04 1.289106440993394945e-03
1.937770838035527202e-02 -1.012733912906173028e-04 1.295419964409728637e-03
1.941900406255345560e-02 -1.267909479018342793e-04 1.327888220796645882e-03
1.942942044467906026e-02 -1.164099666470179130e-04 1.327030173726961295e-03
1.944275815179051514e-02 -1.171089398612286836e-04 1.313710794333131223e-03
1.945842677828024669e-02 -1.031517498963596512e-04 1.306590211185718270e-03
1.946940062567888499e-02 -1.077382773514265653e-04 1.316559619023324702e-03
1.948500461306789874e-02 -9.337748706111164104e-05 1.310456167157857859e-03
1.950678707417953170e-02 -1.015929093880261309e-04 1.290282361169146040e-03
1.952019977896112674e-02 -8.903875694697094777e-05 1.295004003472937206e-03
1.955161340092705785e-02 -1.102283873168680606e-04 1.271813160241057079e-03
1.956174831973065201e-02 -1.104977947481383487e-04 1.261681822777947727e-03
1.999266497771562054e-02 -5.414045390262004062e-04 1.258758833791374931e-03
2.004297801974793888e-02 -5.682209175025123649e-04 1.301329763355584630e-03
2.005924243934828141e-02 -5.751823598566113433e-04 1.286630455028777440e-03
2.007099976614198228e-02 -5.747058453261542433e-04 1.274882788569597393e-03
2.009335997298093007e-02 -5.589047166500200762e-04 1.259061815703154666e-03
2.010647770945243884e-02 -5.619829363578116412e-04 1.271813269485625548e-03
2.012600799590191433e-02 -5.733753385710099780e-04 1.287676600176601528e-03
2.021496534307246767e-02 -6.170073093304766351e-04 1.365198601848821624e-03
2.023106094455240367e-02 -6.018902683680713624e-04 1.359671988098804180e-03
2.025235125373963524e-02 -6.154325177529548340e-04 1.343243818788577345e-03
2.026254904600888196e-02 -6.057224591454582517e-04 1.346359862595344209e-03
2.027521749405513871e-02 -5.984054092358970017e-04 1.356701543141643727e-03
2.034650471342985475e-02 -6.426984465050982268e-04 1.412558454044842478e-03
2.035681975691435927e-02 -6.341513889010847371e-04 1.406783687521345619e-03
2.036761566168157969e-02 -6.400462440393907097e-04 1.415828146744608487e-03
2.037897867222653384e-02 -6.499674286374706707e-04 1.421367831285770891e-03
2.039169196883975493e-02 -6.470710997459301964e-04 1.408988849513113624e-03
2.040290712888076508e-02 -6.580107646428710443e-04 1.406518313804389856e-03
2.041352150833335849e-02 -6.507868562705146570e-04 1.414295215436236651e-03
2.042605570619093411e-02 -6.382537755039494444e-04 1.414462554707167580e-03
2.044779530961098393e-02 -6.571880677692030744e-04 1.425144452163849482e-03
2.046740495347942196e-02 -6.387530943385799588e-04 1.431829501696889892e-03
2.048024589904749032e-02 -6.295146698987473316e-04 1.440748100070601920e-03
2.049112755051329948e-02 -6.310664948113546557e-04 1.429977669342728189e-03
2.050321778066452674e-02 -6.419172697973506798e-04 1.435310055985963016e-03
2.052037559965544725e-02 -6.357374605841672023e-04 1.451316326963735838e-03
2.055229726288099190e-02 -6.051132140297484649e-04 1.460324551320353343e-03
2.057281764995664425e-02 -6.175762193879171186e-04 1.444022410872641566e-03
2.058330566593202793e-02 -6.075004364795807445e-04 1.446933953055743339e-03
2.059519641938726067e-02 -6.166822910743253571e-04 1.439378586490571007e-03
2.062562202821014573e-02 -6.448263090018438969e-04 1.427818658846388439e-03
2.063946907983174595e-02 -6.354113973413693392e-04 1.437972489504654077e-03
2.065267520811424340e-02 -6.316803597730982723e-04 1.450640606289634602e-03
2.066315694838100070e-02 -6.387849118461033865e-04 1.458347241019640689e-03
2.069660021908091216e-02 -6.690641033463044177e-04 1.444147842539367276e-03
2.072059836121596665e-02 -6.791636502932813435e-04 1.422378369017941388e-03
2.077471354024602868e-02 -6.288229752204639719e-04 1.402522160047730074e-03
2.079019130189976167e-02 -6.185618291310252329e-04 1.390934667362038381e-03
2.085883449410193963e-02 -5.924733882515112807e-04 1.327442297047319976e-03
2.088910496358374960e-02 -6.225191214453680653e-04 1.331124041130336702e-03
2.102382754872420684e-02 -4.908471795379851579e-04 1.302616591906211475e-03
2.103696091416085850e-02 -5.039715590947673124e-04 1.302130846147455789e-03
2.104745081526923633e-02 -4.937944321212635584e-04 1.304673307912900806e-03
2.106345113593272728e-02 -4.778252591761420007e-04 1.305671194070392787e-03
2.107579106083641227e-02 -4.811422434675952011e-04 1.317556957059737559e-03
2.108660892580075524e-02 -4.724802441188822298e-04 1.311076527315528043e-03
2.109684466070277029e-02 -4.768521777177331020e-04 1.301821449488109374e-03
2.111194224281530765e-02 -4.751326282670321663e-04 1.316820787317873670e-03
2.113809579798456989e-02 -4.493832372460071045e-04 1.321400886665928098e-03
2.117000148199977075e-02 -4.177683416615534892e-04 1.317103090758497963e-03
2.118708492262326784e-02 -4.009007463066390875e-04 1.314396031379873103e-03
2.121414448678542522e-02 -4.223721792166992210e-04 1.330864109028303925e-03
2.123246355872929897e-02 -4.040654645921666057e-04 1.330191356071639720e-03
2.124722105764094773e-02 -3.945721265354698625e-04 1.318892670012251304e-03
2.127162245385220279e-02 -4.115237296434018062e-04 1.336444629707103735e-03
2.129044191526480168e-02 -4.150360126956762993e-04 1.354933437013714067e-03
2.131060296104251087e-02 -4.028726221122178345e-04 1.371011984720678584e-03
2.132914265856524980e-02 -3.845668915265632710e-04 1.368075896854121197e-03
2.134263731795632904e-02 -3.979787687791557903e-04 1.369568338023031918e-03
2.135773595733970673e-02 -3.844759414381633284e-04 1.362812409883347453e-03
2.136851427363356537e-02 -3.742417324395146756e-04 1.359431127833231334e-03
2.149302107001280562e-02 -4.810374492487445646e-04 1.295426306016246544e-03
2.152943913587965219e-02 -5.018012294728213486e-04 1.325345212284494145e-03
2.154040655378346852e-02 -4.911051255792063574e-04 1.322920832575383851e-03
2.155090625186269204e-02 -4.820800723541685201e-04 1.328286657212852202e-03
2.156863863963704234e-02 -4.762793984691179698e-04 1.345043439680235989e-03
2.158838526902472771e-02 -4.580130327730845465e-04 1.352544723332609533e-03
2.160249178033839604e-02 -4.439202544449798345e-04 1.351922420803635620e-03
2.162965205831014065e-02 -4.575888575448392673e-04 1.375392614428761363e-03
2.168121944514639007e-02 -4.829361495713853326e-04 1.330484818089590696e-03
2.169812528465780294e-02 -4.972853942294961412e-04 1.321545769631991525e-03
2.171745427973362924e-02 -5.011511573828952631e-04 1.340484247022825015e-03
2.174947590754720481e-02 -4.808304764141394915e-04 1.365232066579248919e-03
2.177193368507827562e-02 -5.021261481786844748e-04 1.372362714216868824e-03
2.178467391037324299e-02 -5.122026895112796827e-04 1.380158652604200099e-03
2.179491554650257734e-02 -5.048529172563871346e-04 1.387291110694289587e-03
2.181351736935294508e-02 -4.864581485071176785e-04 1.384523386716485357e-03
2.182510764486805116e-02 -4.759006450452658659e-04 1.389306022722814607e-03
2.190027809136732562e-02 -5.473112983583136191e-04 1.365830192166607449e-03
2.192031551373448475e-02 -5.288613972223829606e-04 1.358013578884991954e-03
2.193926381195955913e-02 -5.423685310195484237e-04 1.344724660862377458e-03
2.198949256428087834e-02 -5.899708144935003054e-04 1.328694995618778883e-03
2.200077746272734863e-02 -5.833438255405549175e-04 1.319560886446850172e-03
2.205553751741240812e-02 -6.133287036622717949e-04 1.273739814076853966e-03
2.206995895942625088e-02 -6.051614862885868742e-04 1.285625711187699536e-03
2.214822641155325331e-02 -6.589387524367082893e-04 1.228759203398961143e-03
2.215935273838371203e-02 -6.514734542883192717e-04 1.237009322931053278e-03
2.217110761368215263e-02 -6.632054276365101234e-04 1.236275909923794736e-03
2.218804665850794902e-02 -6.756538262632458833e-04 1.247763669115222254e-03
2.219949700205658960e-02 -6.833162440341383845e-04 1.239254984064864498e-03
2.221588583115173196e-02 -6.895444439998206845e-04 1.224095721408085743e-03
2.222676128936651452e-02 -6.943117009710230618e-04 1.214320812081038552e-03
2.224258789881220985e-02 -7.077337794471955839e-04 1.222707073222095882e-03
2.246301709649698233e-02 -6.880924159859510463e-04 1.003154692152485742e-03
2.247464787925562354e-02 -6.994345283494326441e-04 1.000579503865612783e-03
2.249183107728805475e-02 -6.864421383850873503e-04 1.011824951728465928e-03
2.253244918343598469e-02 -6.847727335391675003e-04 9.712411663640497812e-04
2.254485152026345848e-02 -6.971581962977842564e-04 9.718879051343913208e-04
2.255913217280516164e-02 -6.991810849618399718e-04 9.860245581495030200e-04
2.258754181120757598e-02 -7.129945117669746072e-04 1.010849883808092545e-03
2.260669715377593147e-02 -7.058138811302842007e-04 1.028608422390153319e-03
2.262351855910514284e-02 -6.997990475081129758e-04 1.012899143165848148e-03
2.264044847007129838e-02 -6.830756554620574621e-04 1.010262849594202985e-03
2.265100130126739691e-02 -6.931099970864749299e-04 1.013529994283046513e-03
2.267091824462526273e-02 -7.015479259576566434e-04 1.031571224537254465e-03
2.269442078299680268e-02 -7.211697561895713754e-04 1.018634722372620521e-03
2.274322768079557744e-02 -6.861855970987357613e-04 1.052667381473065128e-03
2.275442613582090434e-02 -6.751657267109048089e-04 1.054659328156499912e-03
2.277581339808458852e-02 -6.903633881833471644e-04 1.039611202927602420e-03
2.286044490855297651e-02 -7.406173966675739509e-04 1.107706923758123132e-03
2.287216624954737168e-02 -7.289129151774311963e-04 1.107078475069862410e-03
2.288740913972351493e-02 -7.147630191204644217e-04 1.112746467880285041e-03
2.292420396851537270e-02 -6.781085799560882194e-04 1.109535313046420635e-03
2.293625076070299543e-02 -6.825498559920235332e-04 1.120733539208825218e-03
2.294669078870268178e-02 -6.791918608026656888e-04 1.110848295006353114e-03
2.295684320388231142e-02 -6.734154201533272934e-04 1.119197203162766285e-03
2.297831746746377066e-02 -6.610424860708962380e-04 1.136748684540640460e-03
2.299160825645673104e-02 -6.486463048435362746e-04 1.131954963331196183e-03
2.314301218681176497e-02 -7.705281441722793999e-04 1.042133098683471759e-03
2.315846340321376165e-02 -7.854515321623176290e-04 1.038129028354407195e-03
2.316875705473248753e-02 -7.881739113824713129e-04 1.028201898206642165e-03
2.324518925140126382e-02 -7.590024829619617048e-04 9.575555362937903173e-04
2.328036345223555292e-02 -7.264278113901852674e-04 9.442846969713581100e-04
2.338596420048343408e-02 -8.319476778467109262e-04 9.484169861080374514e-04
2.341078768766429938e-02 -8.267493170126623183e-04 9.726900691519688863e-04
2.342506984604226725e-02 -8.125250332791137623e-04 9.714056236681691383e-04
2.344109659207201796e-02 -8.258320190059896841e-04 9.803376289954680856e-04
2.350983580393465819e-02 -8.569551691761810499e-04 9.190479172080840992e-04
2.352273038534454658e-02 -8.674154851011326188e-04 9.265879450917505027e-04
2.353420311763888481e-02 -8.657892134978171367e-04 9.152310605290797608e-04
2.354923876109185632e-02 -8.762063415728518507e-04 9.260732935423123327e-04
2.356985680745098816e-02 -8.571560192678894527e-04 9.339592973303137381e-04
2.358091473002583982e-02 -8.473468715201218186e-04 9.288545669619349817e-04
2.360833981301680914e-02 -8.451315022717529940e-04 9.561900259146398915e-04
2.362109864535807610e-02 -8.494561194274813116e-04 9.441864643944534096e-04
2.363117936583465986e-02 -8.421369360216298360e-04 9.511183097186445400e-04
2.364254276248557371e-02 -8.533968726651175495e-04 9.495884044174516918e-04
2.365454689020865531e-02 -8.467273389334770139e-04 9.396076027364963111e-04
2.366770733853499828e-02 -8.354953639851382631e-04 9.327490213299465677e-04
2.370838539913534826e-02 -8.172875986740401211e-04 9.691245886324894579e-04
2.376154455476407745e-02 -7.889169934048760125e-04 9.241690040648217969e-04
2.378193515322818419e-02 -7.720864051613236063e-04 9.356802075249504979e-04
2.379826651102067911e-02 -7.843606112572079408e-04 9.464531881738836878e-04
2.381258065050438980e-02 -7.966749430529505458e-04 9.391558036024440313e-04
2.382293819463837670e-02 -7.867986219989605949e-04 9.360353864947519933e-04
2.385682751657641071e-02 -7.886141720766670247e-04 9.698760413249281212e-04
2.386778563075378501e-02 -7.790131434730960917e-04 9.645939474145733602e-04
2.392356494174427417e-02 -7.556033141421491248e-04 9.139647915331082289e-04
2.394128596531516079e-02 -7.727308795953641112e-04 9.185124478576037763e-04
2.396861181552019729e-02 -7.509193799055655138e-04 9.349733278678000426e-04
2.400217949040393123e-02 -7.819472046541993621e-04 9.221646242461173110e-04
2.401872010916083350e-02 -7.825238339228459544e-04 9.056340595991444094e-04
2.402909056667519583e-02 -7.797918578440009687e-04 8.956299256655258926e-04
2.413281883080767992e-02 -7.832374804590591438e-04 9.993009460363736461e-04
2.414742574291548621e-02 -7.701875493714428452e-04 1.005863047828760770e-03
2.416381884462731264e-02 -7.785485468731457269e-04 1.019963668542432167e-03
2.420445769065417141e-02 -8.113551383480704536e-04 9.959794370101907567e-04
2.423239489316340867e-02 -8.159264566563612922e-04 9.684187706001336953e-04
2.424387701295971712e-02 -8.079577249540843831e-04 9.766854743007567959e-04
2.425407506242053049e-02 -7.994600288642843278e-04 9.710472676735941748e-04
2.426554598336699842e-02 -7.913292298049653256e-04 9.629557823947895116e-04
2.430498403515718095e-02 -7.949048124997804866e-04 9.236801520701508166e-04
2.431791411739708114e-02 -7.953481278069958645e-04 9.107576717250709603e-04
2.434225656569915727e-02 -8.041157227890161335e-04 9.334663499686534326e-04
2.439980833564048615e-02 -7.767021521532942955e-04 8.828629669949848366e-04
2.443280270971650778e-02 -7.697729047179994663e-04 9.151215201344083854e-04
2.445137851894389758e-02 -7.565685740925393466e-04 9.020560564539283760e-04
2.449205490602002211e-02 -7.421311452476156249e-04 9.400840607917135619e-04
2.450355634036422217e-02 -7.517252420170859135e-04 9.464272696919428336e-04
2.451567506899392582e-02 -7.634779890811144642e-04 9.434715092061495565e-04
2.452731780304415188e-02 -7.602018394852652194e-04 9.322992175884965227e-04
2.456126401058212824e-02 -7.736023913765803115e-04 9.011099531659482777e-04
2.457300171164590943e-02 -7.657721502796951138e-04 9.098541484192199276e-04
2.458440444568280731e-02 -7.722961979720108618e-04 9.192061078515839949e-04
2.459450542659476907e-02 -7.622142747728109400e-04 9.198263013610767170e-04
2.463737408774381230e-02 -8.043610005950082740e-04 9.276605601760538368e-04
2.465578229555958831e-02 -7.859716757676508221e-04 9.268269851147983894e-04
2.472649601359394600e-02 -7.159367728525341647e-04 9.366015588606242410e-04
2.473804103024011825e-02 -7.263900964554727757e-04 9.415021134223656692e-04
2.480353860791392751e-02 -6.853547686041902738e-04 9.925514478869234495e-04
2.487410263133799093e-02 -6.637264035463357869e-04 9.253837828484857975e-04
2.488791143905228279e-02 -6.677290332092695796e-04 9.385997628072980433e-04
2.496802744697144971e-02 -6.836759549391927329e-04 1.017112630620439903e-03
2.497915098243481957e-02 -6.845064649246072582e-04 1.028205118816014887e-03
2.499018443057376623e-02 -6.795156094113448484e-04 1.038045257995953837e-03
2.509648732860830442e-02 -5.760722558274729852e-04 1.062535638349543232e-03
2.511059609207819468e-02 -5.846832573504030447e-04 1.051359419873629329e-03
2.513226051301487365e-02 -5.667127437958225994e-04 1.063459328018167638e-03
2.514260707443738765e-02 -5.769843282108721126e-04 1.062215991026694770e-03
2.516152666916932415e-02 -5.813021894256043378e-04 1.043795699515672739e-03
2.518720987985437892e-02 -5.618129776216740107e-04 1.060522861090619539e-03
2.526791080682488227e-02 -6.421308096303732487e-04 1.052668850947951736e-03
2.528900163040182641e-02 -6.595787663553950159e-04 1.064517548989323903e-03
2.530364962299462214e-02 -6.656879166704125208e-04 1.077830774347105424e-03
2.531386824610771039e-02 -6.746465620013152682e-04 1.072915193795184784e-03
2.538342737656960543e-02 -7.379360427348913808e-04 1.101775447763041205e-03
2.539412961956609080e-02 -7.423684348639622002e-04 1.111516695381801296e-03
2.540476302495552063e-02 -7.505058827697973093e-04 1.104671897959249704e-03
2.541855962547310069e-02 -7.421874163633083608e-04 1.093665113574796444e-03
2.543564716312591775e-02 -7.251118853583899716e-04 1.094305569612671544e-03
2.544839650637304232e-02 -7.361785820359418881e-04 1.100635970696336443e-03
2.547430854153100166e-02 -7.552660127858341205e-04 1.118160340967346358e-03
2.549203633942576097e-02 -7.400546582626711233e-04 1.127264708697620554e-03
2.550761847964045856e-02 -7.551920830025502700e-04 1.123568566666399921e-03
2.551995965370765923e-02 -7.643796244800104894e-04 1.131808327521962448e-03
2.553353525913762759e-02 -7.520798149993238946e-04 1.137553912742718127e-03
2.554931824376240404e-02 -7.629913146569141042e-04 1.126150326513448898e-03
2.556193808418276078e-02 -7.735523414846327220e-04 1.133058660942199130e-03
2.557315590085252818e-02 -7.727246234023700056e-04 1.144245898921827714e-03
2.558956637239112597e-02 -7.563149536785443482e-04 1.144408119987478257e-03
2.560348899386928265e-02 -7.507308232630758920e-04 1.157161820482904575e-03
2.563392606324997255e-02 -7.745673538305567450e-04 1.176088917539517284e-03
2.565634262519007891e-02 -7.920900056305399395e-04 1.162108255069119927e-03
2.566770177052715360e-02 -7.930258421995232737e-04 1.150787725368397196e-03
2.568508821200529355e-02 -8.103924315016969521e-04 1.149957109161932377e-03
2.570061671739878525e-02 -7.968414777963517010e-04 1.157540389021679541e-03
2.572120347061855258e-02 -7.941712282074054295e-04 1.177953232411673053e-03
2.573309710982740056e-02 -7.890434908726851786e-04 1.167221738412401724e-03
2.574814436225111164e-02 -7.757833785990386711e-04 1.160109127921650149e-03
2.576363882006141651e-02 -7.862243774269765803e-04 1.148660819474098304e-03
2.577423313256333240e-02 -7.909754175137802441e-04 1.139191549413431318e-03
2.578696211132208704e-02 -7.833084127060077444e-04 1.129030647016577302e-03
2.581592721296608814e-02 -7.596534045331165309e-04 1.112314855034510306e-03
2.582808411108101707e-02 -7.521973116608784418e-04 1.121916774158172392e-03
2.583913488274073786e-02 -7.488346171529220623e-04 1.111390053874939960e-03
2.584927786016824602e-02 -7.560091131601113590e-04 1.104220214397113936e-03
2.586225659359761564e-02 -7.614571173590005534e-04 1.116000145283137538e-03
2.589875639833633808e-02 -7.915398702185643754e-04 1.095329786641952886e-03
2.591086906383429506e-02 -7.840083986320301552e-04 1.104816282370439965e-03
2.593275125245627852e-02 -7.926330335579736186e-04 1.084705443221308007e-03
2.598949833466103476e-02 -7.364589388721549902e-04 1.092749224980028595e-03
2.601287229359671924e-02 -7.164227953090616420e-04 1.080711994922982366e-03
2.603180067785031832e-02 -7.211183198969920100e-04 1.062375261863464457e-03
2.605271360030012376e-02 -7.405721924107014093e-04 1.054700812722846699e-03
2.606553665440526982e-02 -7.531596146000146428e-04 1.052253871936572379e-03
2.607952884704583044e-02 -7.619073861648556619e-04 1.063174400657286274e-03
2.610583313570822780e-02 -7.402808562449290789e-04 1.048200797027655246e-03
2.611772836138716650e-02 -7.307842156827204375e-04 1.041037682343026998e-03
2.612849889070693182e-02 -7.293465769809288207e-04 1.051711833212816980e-03
2.616200355785316956e-02 -7.564614410459850457e-04 1.032030703486255330e-03
2.617851376879081968e-02 -7.725845692969832406e-04 1.028476579036051702e-03
2.620357982888446916e-02 -7.476324930666601197e-04 1.026088847808601405e-03
2.622348692070896464e-02 -7.539365131822809308e-04 1.044971422720163351e-03
2.624364666923375070e-02 -7.643616717078726688e-04 1.027716523986793975e-03
2.625496945952901159e-02 -7.705558468147608074e-04 1.018238244880559492e-03
2.626970042699098770e-02 -7.581084716341868505e-04 1.010360157963052221e-03
2.630096181999420218e-02 -7.329538665080984018e-04 1.028921422291004164e-03
2.631631349505187539e-02 -7.178983621840730059e-04 1.025920469671312736e-03
2.633312761965625123e-02 -7.072946556663429639e-04 1.038969461751062130e-03
2.637881658629181655e-02 -7.334592082179667389e-04 1.001514183591647534e-03
2.639341483064173294e-02 -7.214944469254957853e-04 1.009877988067727633e-03
2.641917864214307632e-02 -7.076350358439515830e-04 9.881595464212935848e-04
2.644048292112317206e-02 -6.883457788892169416e-04 9.791153842712663029e-04
2.646299849047387132e-02 -6.780939423699608752e-04 9.991615986562486351e-04
2.647441513792337525e-02 -6.894918869290406031e-04 9.998148205285018256e-04
2.649864997170634992e-02 -6.922812154968632954e-04 9.757410419586722353e-04
2.651157607451049697e-02 -6.947306141481073265e-04 9.884329519784706888e-04
2.652401468324290870e-02 -6.996570750760934673e-04 9.770115260638548727e-04
2.653509162091403223e-02 -6.894240308698033545e-04 9.727708475282788661e-04
2.655505740588633840e-02 -6.869049844915403819e-04 9.925770832863542881e-04
2.657464898873860074e-02 -6.982709683745962981e-04 1.008534668599527472e-03
2.660231395231973939e-02 -7.257808255718042586e-04 1.011460068902885617e-03
2.671420960536981942e-02 -7.993514568452553216e-04 1.095769020892160741e-03
2.673041370474843123e-02 -8.148618597046885723e-04 1.100459462215750946e-03
2.674334756205874741e-02 -8.070833049496091817e-04 1.090126081798587290e-03
2.675537989601239203e-02 -8.165856028137203704e-04 1.082744794941016943e-03
2.676679531307601251e-02 -8.268369644567691778e-04 1.077722710592879602e-03
2.677692686360724772e-02 -8.242015508782668228e-04 1.067939924106542978e-03
2.680514411175317219e-02 -7.963047177966278657e-04 1.072180183172197297e-03
2.681910587804000462e-02 -7.917678466546454507e-04 1.085384262772424915e-03
2.683064018792365168e-02 -8.031814206994096960e-04 1.087048784330324177e-03
2.684166350770325615e-02 -7.925532563257975957e-04 1.089973797323605300e-03
2.685308056591975343e-02 -7.900269412528796624e-04 1.101107841982723384e-03
2.688597037405892828e-02 -7.798409360166955358e-04 1.069835093834211335e-03
2.692427027377714346e-02 -7.611937715113290676e-04 1.036381161713531085e-03
2.697343393705071285e-02 -8.072895935182414868e-04 1.019286104533634676e-03
2.698573042004255226e-02 -8.171569104329770355e-04 1.011948560607174108e-03
2.703918134284048064e-02 -8.398368235617649545e-04 9.635479130038562563e-04
2.724916439629285897e-02 -9.031056684726926397e-04 1.163772626765224123e-03
2.726006103959853835e-02 -8.938273596649200584e-04 1.169486628952726452e-03
2.728790186890076713e-02 -8.790120792718116418e-04 1.145915051934854375e-03
2.730049296688494970e-02 -8.711449522918132422e-04 1.155745823091171081e-03
2.731255725056675951e-02 -8.704933448742428401e-04 1.143699149337452535e-03
2.732413273761787748e-02 -8.704050458340151708e-04 1.155274299606460055e-03
2.733604738859684788e-02 -8.587448472089922406e-04 1.157723519069006135e-03
2.736465070926689253e-02 -8.595999888000937323e-04 1.129132984162983452e-03
2.737580568645838278e-02 -8.489550850531308581e-04 1.132467581644018605e-03
2.741280040030010662e-02 -8.122157173569195549e-04 1.128128490320529347e-03
2.742317806763059501e-02 -8.043275297883108492e-04 1.134871818586653943e-03
2.743646778582518528e-02 -8.164426378995180526e-04 1.129409148438699972e-03
2.746140560619455412e-02 -7.941829303119781087e-04 1.140651937367255335e-03
2.747257641859081681e-02 -8.002374524472820891e-04 1.150039685303026835e-03
2.748278434639123829e-02 -8.103969099084005904e-04 1.149046098832538863e-03
2.749482614357249069e-02 -8.068167252543633145e-04 1.160543366212114444e-03
2.754626477038906937e-02 -8.111004490697096237e-04 1.211803311969490834e-03
2.756042174574856521e-02 -8.098440302197422837e-04 1.197702199850129426e-03
2.757257752801044529e-02 -8.210376748676475982e-04 1.192962435943074927e-03
2.758914364618515400e-02 -8.363697389564136390e-04 1.186688355758989521e-03
2.760003377687381132e-02 -8.437561128272592307e-04 1.178686079366856373e-03
2.761729224979266387e-02 -8.326299478937080646e-04 1.191879386054802998e-03
2.767417289152005605e-02 -8.784304463435548124e-04 1.225609517170254004e-03
2.768976194115726347e-02 -8.682124495669374300e-04 1.213836199436310603e-03
2.770133081223843594e-02 -8.774287925985613029e-04 1.220828895569866937e-03
2.771560084830708773e-02 -8.914277839821525004e-04 1.218060833135106453e-03
2.772870106291884865e-02 -9.027042490950224363e-04 1.211393228060388561e-03
2.774326963664908510e-02 -8.914066530090500144e-04 1.220591470458346362e-03
2.779086361047090892e-02 -8.846591410863527665e-04 1.267704710922206660e-03
2.780754920525576115e-02 -8.687999638053167661e-04 1.262518617084548624e-03
2.782358492878161602e-02 -8.563910478689857600e-04 1.252361686727266211e-03
2.783504251494168386e-02 -8.482641470069332600e-04 1.260438181201588683e-03
2.784787085094172013e-02 -8.382491764149928607e-04 1.252421537978118306e-03
2.786754923854326688e-02 -8.421842593800061335e-04 1.233140613190775257e-03
2.788022832839523110e-02 -8.295771039974603450e-04 1.234489298711767633e-03
2.789445524389101358e-02 -8.318828564321438870e-04 1.220450472897830797e-03
2.796585724521398822e-02 -8.596099708435282934e-04 1.154651894498719697e-03
2.798433098967289048e-02 -8.628188500866693566e-04 1.136458974767796341e-03
2.801055398498747059e-02 -8.366436271475285492e-04 1.138041121206904765e-03
2.802098745387195805e-02 -8.320233880014920322e-04 1.147395834628331781e-03
2.803456762367034436e-02 -8.245956278821751960e-04 1.158764624861373859e-03
2.805306954206081629e-02 -8.408996651774404592e-04 1.150018234062747747e-03
2.807954019703530132e-02 -8.248663719694704702e-04 1.171080738274865628e-03
2.813264310728245260e-02 -7.720722208696042393e-04 1.165362636635196899e-03
2.814804026556243233e-02 -7.568272067916041951e-04 1.163203463446143681e-03
2.815855556134863949e-02 -7.672426190853284768e-04 1.164649365318031274e-03
2.817024516073314902e-02 -7.704797572904300380e-04 1.175881803611270125e-03
