# t, x, y for 100-step Levy walk with mu = 1.5
2.076332091585548513e-05 1.143000123625292370e-05 -1.733408685780876384e-05
1.185655231586941685e-04 -5.499439839314918140e-05 -8.911897313216741393e-05
1.001337691519603662e-03 8.125826960034711723e-04 -2.522038789663352603e-04
1.079461100801101499e-03 8.856499013065119181e-04 -2.798525785192565647e-04
1.096226314637073831e-03 8.730496131708259449e-04 -2.909117436714534453e-04
1.365301031193746776e-03 6.050105166637499872e-04 -2.673268791663459742e-04
1.411485736634984214e-03 6.307826915596990254e-04 -3.056520930317175905e-04
1.451434088481697157e-03 6.327392416104679618e-04 -3.455525031444921626e-04
1.520575777471281937e-03 6.734948633448703797e-04 -4.014054569909520482e-04
1.537516626194299595e-03 6.844251965334307046e-04 -4.143484153793278689e-04
1.608391315004068000e-03 6.265112835749110090e-04 -3.734925687999885086e-04
1.621387062139292585e-03 6.346025308862253411e-04 -3.633229493110477011e-04
1.672315826694340327e-03 5.904708315671178482e-04 -3.379038192253941940e-04
1.700971182505139814e-03 6.172069096409608891e-04 -3.482145682705841913e-04
4.848776361450108374e-01 -3.955748046919362049e-02 -4.818517805553798050e-01
4.848876767336038340e-01 -3.954878513750459401e-02 -4.818568009762895787e-01
4.857000041535244339e-01 -3.874960059191912692e-02 -4.820023341314543797e-01
4.857122822013525965e-01 -3.875343221840574920e-02 -4.820139989973746264e-01
4.860210515011243460e-01 -3.902991790418831181e-02 -4.821514549759236545e-01
4.860447757654404177e-01 -3.905192692624379069e-02 -4.821603118187867132e-01
4.867344886437661167e-01 -3.971603824203976535e-02 -4.823464838219452266e-01
4.867451483655518274e-01 -3.970800238019545764e-02 -4.823394799235330432e-01
4.867649156709500380e-01 -3.968909764014007940e-02 -4.823452554898381983e-01
4.867831289786277438e-01 -3.970611278661059784e-02 -4.823387586161939633e-01
4.868672844335444339e-01 -3.977514907132222860e-02 -4.823868848251184893e-01
4.873630254554050523e-01 -3.985483887918628287e-02 -4.818975907465951614e-01
4.873825896298301097e-01 -3.983986487721981329e-02 -4.819101818619564437e-01
5.002479673580253472e-01 -4.676345480885554795e-02 -4.927536981988138720e-01
5.002628200489858123e-01 -4.675914337950586724e-02 -4.927679113619287676e-01
5.114692726587485305e-01 -4.433700843063082681e-02 -5.037094762584276575e-01
5.114812925854186343e-01 -4.434483263797280722e-02 -5.037003515438225332e-01
5.115356560894617211e-01 -4.437505907160824853e-02 -5.036551657796757286e-01
5.116093443555148612e-01 -4.433775320132275072e-02 -5.035916186900794012e-01
5.129267100645178434e-01 -4.313060143753758013e-02 -5.030641369079794645e-01
5.129423111731348239e-01 -4.311735875907439508e-02 -5.030558891169298885e-01
5.129743127959963678e-01 -4.314886474953338186e-02 -5.030502787309388824e-01
5.129845726227191260e-01 -4.314786383078568488e-02 -5.030604896175820961e-01
5.130036292606279247e-01 -4.315590585636987914e-02 -5.030777662281550322e-01
5.130521398270279088e-01 -4.319442651908915465e-02 -5.031072523875542712e-01
5.130655395533841867e-01 -4.319107700505916969e-02 -5.030942780504927825e-01
5.131017633385871468e-01 -4.318672610973556258e-02 -5.031302395900081326e-01
5.163126380449863939e-01 -4.637447503151916756e-02 -5.035149124274450605e-01
5.163443274740068256e-01 -4.639412887123960105e-02 -5.035397709570855751e-01
5.163620499832414223e-01 -4.641139461571536229e-02 -5.035357732826031274e-01
5.163725262270233429e-01 -4.641183941193389312e-02 -5.035253064855714777e-01
5.163996008823658057e-01 -4.638717013109242698e-02 -5.035364628086520522e-01
5.164237680785077611e-01 -4.640158481678090946e-02 -5.035558604942322880e-01
5.164566532896638362e-01 -4.637630442656196644e-02 -5.035348286378434901e-01
5.164679261132033572e-01 -4.638736304145206490e-02 -5.035326414964977904e-01
5.164877266876396478e-01 -4.637931657908007238e-02 -5.035507334060516094e-01
5.165016889914405551e-01 -4.638744576646467582e-02 -5.035620851565728584e-01
5.166006699070246899e-01 -4.648486919815743995e-02 -5.035795750567180207e-01
5.167516220258958626e-01 -4.652075386161455550e-02 -5.037261998606232805e-01
5.167776785813338325e-01 -4.654368649489230847e-02 -5.037385707301254012e-01
5.167887878076241615e-01 -4.654263757617203151e-02 -5.037496303267856579e-01
5.168203414545372576e-01 -4.651575064036647666e-02 -5.037661447240348034e-01
5.171339141381710025e-01 -4.672171009271215009e-02 -5.040025945747658165e-01
5.171836924107388045e-01 -4.669944913822086235e-02 -5.039580712513839211e-01
5.187590872805336595e-01 -4.820253740729649183e-02 -5.044298706273302457e-01
5.188456021499903148e-01 -4.815930183460959135e-02 -5.045048073198882266e-01
5.188652313499584334e-01 -4.816656236334901364e-02 -5.045230443759503025e-01
5.188764345517193899e-01 -4.815742208406272734e-02 -5.045295225720159982e-01
5.190966334347625333e-01 -4.835110986062070987e-02 -5.044247724249733000e-01
5.191107198045585847e-01 -4.833846834024623645e-02 -5.044309867452622109e-01
5.191439189645519203e-01 -4.836944362740053932e-02 -5.044429331175137587e-01
5.195309250363245868e-01 -4.837191084028871074e-02 -5.048299313248085785e-01
5.195718434446986445e-01 -4.833265862397396334e-02 -5.048183736581647318e-01
5.195832034833580693e-01 -4.834229528414535348e-02 -5.048243890766110908e-01
5.196434505147686789e-01 -4.828278540066677921e-02 -5.048149934094100511e-01
5.196536470438991584e-01 -4.828346542537341468e-02 -5.048251672372396914e-01
5.196646322038358523e-01 -4.827254818239885142e-02 -5.048263868866434967e-01
5.196769628704975830e-01 -4.828380844085710527e-02 -5.048314120154753226e-01
5.197042350152724088e-01 -4.829988528397632930e-02 -5.048093823764420174e-01
5.197322644130591973e-01 -4.832117415013664069e-02 -5.047911496773028750e-01
5.227190803955056309e-01 -4.561929266024483676e-02 -5.060642977942073628e-01
5.228567774689106828e-01 -4.556085235339758788e-02 -5.059396173444170586e-01
5.235986400742120850e-01 -4.587595743734448200e-02 -5.066112339844844881e-01
5.237088489318705298e-01 -4.597224081858617556e-02 -5.066648576994159381e-01
5.239945675145595283e-01 -4.597454714645564378e-02 -5.063791484252480046e-01
5.240155880481955908e-01 -4.599394688894173355e-02 -5.063872424246190773e-01
5.243305543298447668e-01 -4.621614966796107338e-02 -5.061640167908492138e-01
5.258264607672618052e-01 -4.497696530954995581e-02 -5.070019655932082037e-01
5.258402911792149359e-01 -4.497518454174923019e-02 -5.069882503038990462e-01
5.258625641357302927e-01 -4.497313306051099052e-02 -5.070104285819355683e-01
5.258903195137314412e-01 -4.494865350037185320e-02 -5.070235095659728630e-01
5.259026115542886348e-01 -4.494328145993375934e-02 -5.070124535521074449e-01
5.259751301763461173e-01 -4.489158232182715452e-02 -5.069615993520434349e-01
5.260879564958496069e-01 -4.500309162467720087e-02 -5.069444105838909476e-01
5.261001036993445679e-01 -4.499336683301663475e-02 -5.069371316430404395e-01
5.261253909271701446e-01 -4.499731680807354112e-02 -5.069621084640580921e-01
5.268132474104173513e-01 -4.515324366105488707e-02 -5.062921581986916664e-01
5.268236217039602431e-01 -4.514311350959162444e-02 -5.062899207899572707e-01
5.268492322185458487e-01 -4.515368422064464787e-02 -5.062665935842700637e-01
5.271415811338493462e-01 -4.486139032140896293e-02 -5.062722649816956411e-01
5.271555396467005883e-01 -4.487018581295337122e-02 -5.062831037735798789e-01
5.271752321085265702e-01 -4.487227797262233892e-02 -5.063026847827644117e-01
5.271855753334170336e-01 -4.487931721190139417e-02 -5.062951064312611882e-01
5.272065483674237552e-01 -4.486667340111651081e-02 -5.063118396976572511e-01
5.272186489939351128e-01 -4.487784045540501449e-02 -5.063165003907909023e-01
5.272292598141219422e-01 -4.487503401412728382e-02 -5.063267333469811948e-01
