# t, x, y for 1000-step Levy walk with mu = 3.5
1.664768954165696632e-05 1.563757986053150830e-05 5.710662236631945059e-06
2.966345609814160573e-05 2.840453384863237497e-05 8.243460080641463946e-06
4.265818944030038491e-05 2.529399257065452304e-05 -4.373497856666921964e-06
5.640749964900275859e-05 2.962615805710390129e-05 -1.742247764104639131e-05
7.408392862074005252e-05 1.551757090250375590e-05 -2.807160482095768340e-05
1.028581268693307929e-04 4.421587469286331518e-05 -2.598310191087196857e-05
1.219302675572492712e-04 3.019123168291774011e-05 -3.890811405258156176e-05
1.358604495439948471e-04 4.408214778465440988e-05 -3.786292505610103990e-05
1.472065690720858542e-04 4.719475523561490732e-05 -2.695210000929760183e-05
3.164477669831272655e-04 -7.699172638859599666e-05 8.802746709792287031e-05
3.342603922351714951e-04 -5.921337196734007111e-05 8.692305212067265383e-05
3.773326161023561154e-04 -2.045432051723670481e-05 1.057100795479456936e-04
3.884940238223349171e-04 -9.339000500704935952e-06 1.046968257684361352e-04
4.045872662551541353e-04 -2.543191456724221117e-05 1.045940208632023012e-04
4.430082894183482800e-04 -2.909270601714755849e-05 1.428402445574051237e-04
4.564823896787283835e-04 -1.826224018687762536e-05 1.348244858455843536e-04
4.690803819050584416e-04 -3.084617216795951797e-05 1.342294530480205722e-04
4.905624273553182849e-04 -9.407061673988073558e-06 1.355869573589946100e-04
5.251775203750984160e-04 -2.390339346487966037e-05 1.041535192814247758e-04
5.357926347247614612e-04 -2.366475080730270496e-05 1.147659507812463938e-04
5.507661093583477406e-04 -3.026190426517451633e-05 1.013241313785039630e-04
5.789097676696492670e-04 -5.154570822996711282e-05 8.291040845423991727e-05
5.955922065703709830e-04 -3.602695713113403069e-05 8.903185697634493072e-05
6.058644351058007933e-04 -2.589420343191137827e-05 8.734485325524993899e-05
6.165781536732704024e-04 -3.479436207718047275e-05 8.138071529306415623e-05
6.386084730684176997e-04 -1.277638735469479556e-05 8.064331325063165833e-05
7.222694029789793885e-04 -6.811148043346025279e-05 1.433902547495149885e-04
7.347061277839392552e-04 -7.365780359959278308e-05 1.545217606319697562e-04
7.467159950214410100e-04 -6.219646000882011051e-05 1.581098679543155978e-04
7.574385327546946699e-04 -5.681186364935939394e-05 1.673823507656629255e-04
7.685191108798483314e-04 -6.470712973213066659e-05 1.751569237487839690e-04
7.809416886934201661e-04 -6.798914031301140205e-05 1.871381109220666668e-04
7.909860091495380394e-04 -6.453620083874824051e-05 1.777059540949002059e-04
8.372440997412479305e-04 -3.725485759299800557e-05 2.150628712040300009e-04
8.472449746982912977e-04 -2.758320643121847665e-05 2.176078002229350403e-04
8.577067786700772736e-04 -2.050315251305525837e-05 2.099057109700129011e-04
8.729721142338301484e-04 -9.048995915157742731e-06 1.998144887197194600e-04
8.830377635280940848e-04 -4.233748787323059064e-06 2.086536453996859204e-04
8.938147296249881850e-04 2.412288394195726240e-06 2.171373467166510271e-04
9.047484782985844732e-04 1.096074455161819797e-05 2.103204003781506694e-04
9.154449682157826803e-04 4.911487711859366915e-07 2.125118521214197295e-04
9.273482323527347483e-04 4.794455171598798631e-06 2.236100164353148421e-04
9.396378663675771827e-04 1.331264410980238758e-05 2.324686597531056063e-04
9.510333454262080363e-04 2.006022811912946629e-05 2.232856834919597403e-04
9.677317018504794218e-04 5.186486321604895085e-06 2.308756052446904808e-04
9.793947546097585451e-04 -1.289630972782627546e-06 2.211757751196284443e-04
9.895300381322573013e-04 7.137350458777208756e-06 2.268069345058987404e-04
1.000193491349461250e-03 -1.818965898105342561e-06 2.210195662066683896e-04
1.050607092255804401e-03 -8.550061836488191398e-06 2.709817869720860758e-04
1.111548987773870257e-03 2.032975796019895334e-05 2.173173607863366987e-04
1.125472431907424079e-03 3.423998263308067986e-05 2.167107751863201945e-04
1.137961092020453374e-03 3.802376450129633272e-05 2.286124400359339053e-04
1.164108855856744052e-03 2.419273375510003649e-05 2.508027113757846155e-04
1.174137672742837360e-03 1.577232275744128471e-05 2.562500820043814970e-04
1.184651471950865865e-03 5.724399264225923662e-06 2.531550525600579477e-04
1.194677970749018171e-03 2.648493775059830705e-06 2.436120193121295980e-04
1.207449936929092232e-03 -6.774059448984941280e-06 2.349900351527263497e-04
1.223209359747952623e-03 7.428266623074893213e-07 2.488412383774817873e-04
1.235381017955265335e-03 1.158028200785352584e-05 2.543818904283632882e-04
1.246720735334185893e-03 9.772109627660538616e-06 2.655765187329252189e-04
1.264996535932265799e-03 2.670781029979567956e-05 2.587072443720763414e-04
1.275484747371006351e-03 2.863987862957188815e-05 2.483985251910720985e-04
1.287842761868227557e-03 4.081122484099473956e-05 2.505383508183634737e-04
1.302525779501719156e-03 5.050449056408768647e-05 2.395096788018904294e-04
1.314682872476739903e-03 5.243922225111401453e-05 2.275075238744403308e-04
1.330703360109936149e-03 4.151258269955774541e-05 2.392235202945386505e-04
1.346596339847815939e-03 5.681007197826870244e-05 2.435332333611334372e-04
1.356916256046546273e-03 6.709389494242531840e-05 2.426708786831129571e-04
1.371036622867705720e-03 6.651144702645850738e-05 2.285625296092741584e-04
1.389012008510047283e-03 6.332656447329436985e-05 2.462535163571481084e-04
1.420609536311102710e-03 3.954051344860196510e-05 2.254538158836028635e-04
1.436896378659574189e-03 2.330877728934088462e-05 2.241151692012763265e-04
1.447218156931641625e-03 2.202442137451780926e-05 2.138736099165881584e-04
1.460334822043537388e-03 3.046769544680454948e-05 2.239114396918868814e-04
1.471678776679688364e-03 3.549281339399022880e-05 2.340816656679368664e-04
1.483330081052687283e-03 3.207561952509112676e-05 2.452205919920769821e-04
1.493360092968924226e-03 2.920666170434320952e-05 2.356096492671084066e-04
1.524757080938733429e-03 2.351973495454081259e-05 2.047319920094937170e-04
1.541238249654790877e-03 1.337763350483869139e-05 2.177230158502501377e-04
1.595794094473931921e-03 -1.634494058169716881e-05 2.634713359680489393e-04
1.606560649674642792e-03 -1.454382021923591917e-05 2.740861688131709527e-04
1.623971884349810707e-03 -3.156900341397036861e-05 2.777322941675028464e-04
1.637374784237019326e-03 -4.456856582119695471e-05 2.809955904469048317e-04
1.650133339620644783e-03 -5.450703331860550914e-05 2.729951155060034141e-04
1.661708197694645398e-03 -4.993296809353300702e-05 2.623623704817851492e-04
1.673676688580097481e-03 -5.190917305803152872e-05 2.741665810870496300e-04
1.702709789153066195e-03 -3.980730373742704894e-05 2.477759447205820286e-04
1.732025405290374713e-03 -5.258454334329024478e-05 2.213913375117492973e-04
1.745316759306305560e-03 -6.045498414956825039e-05 2.106807701555503452e-04
1.755599200919545372e-03 -7.003149970894224246e-05 2.144249596901162810e-04
1.765711505093892596e-03 -6.697365427362274466e-05 2.047860657178694472e-04
1.780873222433396446e-03 -7.499790143117612319e-05 1.919218078598541074e-04
1.791952780538398540e-03 -7.163830499081569141e-05 1.813638857366313970e-04
1.805979170882860687e-03 -6.350933382439083723e-05 1.927945223711612034e-04
1.830476459708818256e-03 -8.417443303133112726e-05 2.059501612606148791e-04
1.841058395737945469e-03 -8.014543571634802431e-05 2.157350757089072902e-04
1.855070586297532555e-03 -8.624801064293362871e-05 2.283485630753572177e-04
1.865548752001712713e-03 -7.686364312528738566e-05 2.236874899351883408e-04
1.880566014117438954e-03 -6.338373573486945768e-05 2.303064217370869309e-04
1.891670562577355387e-03 -7.182502986663149083e-05 2.375213749510526060e-04
1.901712865417951558e-03 -8.083827909393923093e-05 2.419496008609042825e-04
1.912317764403927709e-03 -9.070179835485982580e-05 2.380541072731538960e-04
1.924940507527103228e-03 -8.735990102750850589e-05 2.502264269455547422e-04
1.935457176861319229e-03 -8.159498971775823385e-05 2.414306250221395648e-04
1.958613494062968596e-03 -6.136693886496265694e-05 2.301593790821326445e-04
1.970346817040730635e-03 -4.997248467278992768e-05 2.273598645236850650e-04
1.982196718707366929e-03 -5.458015197215559266e-05 2.164424668682315056e-04
1.995733313631196503e-03 -6.757577597687095092e-05 2.202310231710885959e-04
2.006025719318387229e-03 -6.410482340208758308e-05 2.299205073190358688e-04
2.018879762131396954e-03 -5.715001665251636130e-05 2.407305526341493331e-04
2.030360294969492992e-03 -6.554758136751631713e-05 2.329021721436525774e-04
2.041540015581161036e-03 -5.680870184484710739e-05 2.398748429119615302e-04
2.052632424982143208e-03 -4.571862264560080762e-05 2.396474892811429225e-04
2.075214797518622027e-03 -4.247492048963155941e-05 2.619956870988570329e-04
2.086434305925489226e-03 -5.231228009597662819e-05 2.673904739220054260e-04
2.107308194194033261e-03 -7.314576925932458028e-05 2.686885265897854484e-04
2.135373976032846430e-03 -9.226237117647331093e-05 2.892370944563088454e-04
2.151129917063671418e-03 -7.651519102963016549e-05 2.887117420129924257e-04
2.163273537743974628e-03 -8.639778762353207502e-05 2.957687816040167157e-04
2.183894604930308996e-03 -8.296196048929152978e-05 2.754359632109130832e-04
2.195819505854706543e-03 -7.105230655379186932e-05 2.760387941933052387e-04
2.210922414419675807e-03 -8.421955538294185334e-05 2.686414023966601197e-04
2.223813651174114461e-03 -7.645552214275843175e-05 2.583504465176214527e-04
2.235981670947952311e-03 -8.825182036660691402e-05 2.613350827484774673e-04
2.248866580351199362e-03 -9.805582862939888407e-05 2.696958430197083745e-04
2.262190375849112110e-03 -8.966699423399354706e-05 2.800472189648018674e-04
2.274834069261683512e-03 -7.893914144600788513e-05 2.733557200542132228e-04
2.285678523980884912e-03 -6.817466832591522743e-05 2.746703746109752944e-04
2.296484531363540086e-03 -7.348599823662329081e-05 2.840809840563626862e-04
2.311547158711123838e-03 -7.226158098118485120e-05 2.990937634458280987e-04
2.332005922479008387e-03 -9.263048465307716420e-05 3.010091689160309335e-04
2.343319603146301090e-03 -1.034454423679422139e-04 3.043312254879678943e-04
2.359616851813933335e-03 -1.104505608523834306e-04 3.190461372836116919e-04
2.378119146060189704e-03 -1.122380638313787322e-04 3.374618839552819102e-04
2.388228321463819592e-03 -1.049101508199355167e-04 3.304978967182116921e-04
2.398269875330212141e-03 -9.501599477173278542e-05 3.322120962822859873e-04
2.408457843658153887e-03 -8.586661445215626400e-05 3.277306301807862243e-04
2.418962114753357186e-03 -9.618167092036107634e-05 3.257458578262662440e-04
2.435696365548596816e-03 -1.021880240763693075e-04 3.413650406295787982e-04
2.447089896487841809e-03 -1.128473851282500500e-04 3.373412899875552983e-04
2.471543203023234166e-03 -1.228285205857824460e-04 3.150177343681596085e-04
2.499732003133225185e-03 -1.472965721790330158e-04 3.290149806284445809e-04
2.510260173405491190e-03 -1.502828194082025677e-04 3.391107568129737241e-04
2.528228573091974470e-03 -1.675029488161978205e-04 3.442420851463700183e-04
2.543201399903645063e-03 -1.536461120158371296e-04 3.385699059689764243e-04
2.554154897002717649e-03 -1.427357016386982132e-04 3.375993164049431033e-04
2.571360296566244184e-03 -1.469822438215941367e-04 3.542724281010088921e-04
2.583120597218469070e-03 -1.387665979009744370e-04 3.626871671663472172e-04
2.601128958633185714e-03 -1.566639593147303830e-04 3.646835477083410610e-04
2.632020888424322497e-03 -1.406436530989090754e-04 3.910968230632045164e-04
2.643988793177531361e-03 -1.358848374557857777e-04 3.801157294083519576e-04
2.654980864548707725e-03 -1.282629277517677432e-04 3.721953679587189107e-04
2.669953896555706495e-03 -1.400806205686294431e-04 3.630011402059980189e-04
2.680622560494924905e-03 -1.308323118712133944e-04 3.576823831627331043e-04
2.696716723899413547e-03 -1.450337882665273068e-04 3.652547119910215024e-04
2.706842185163468428e-03 -1.496891253302761555e-04 3.742465306409257933e-04
2.717133299892868399e-03 -1.550835823890117779e-04 3.654825774567098721e-04
2.731391021337877759e-03 -1.521651622336220484e-04 3.794384165429164871e-04
2.753253522917877612e-03 -1.343895432989310754e-04 3.921661950931640619e-04
2.766245161323572632e-03 -1.325236971209734198e-04 3.793092403019029252e-04
2.780408356498992057e-03 -1.195535210805230623e-04 3.849987597066288798e-04
2.792822096732234995e-03 -1.163369987019611829e-04 3.969885441236502993e-04
2.803868233986964078e-03 -1.060985448107754049e-04 3.928423156967092975e-04
2.813892569933129032e-03 -9.616367888535921828e-05 3.941786353461874644e-04
2.831405058338854093e-03 -1.042210543392863974e-04 3.786298106010464737e-04
2.843031947256784500e-03 -1.144691075138450673e-04 3.731378207939445866e-04
2.867982957745414049e-03 -9.014444369400270447e-05 3.675823141153993596e-04
2.883557429647917204e-03 -9.143480990052504172e-05 3.520613885600426237e-04
2.895690936407086229e-03 -1.014955568191855438e-04 3.452788110475137322e-04
2.916450479038089696e-03 -1.220887893886987089e-04 3.426563346250466324e-04
2.928520687724625506e-03 -1.129761461376641821e-04 3.505714891223320889e-04
2.940466293195787180e-03 -1.239093778773102893e-04 3.457588044453721783e-04
2.953002592199311001e-03 -1.364434560322150638e-04 3.459947652736816313e-04
2.984027777117536761e-03 -1.671605032493373767e-04 3.416329870272351429e-04
3.012220662674007163e-03 -1.936340301830617619e-04 3.513278912397385504e-04
3.023181789553921160e-03 -1.947352604974507569e-04 3.622335592280941704e-04
3.033940459354735834e-03 -2.040115010719275299e-04 3.676833607554336604e-04
3.045429258064371193e-03 -2.053673978120407694e-04 3.562748534113209520e-04
3.108335842737284301e-03 -2.409493296069332589e-04 4.081512885717479750e-04
3.119074854305181610e-03 -2.512969934046685580e-04 4.110239569105007601e-04
3.143547855471165702e-03 -2.490236844059322816e-04 3.866567688850735900e-04
3.158186985753275340e-03 -2.556391238424378202e-04 3.997158690255313090e-04
3.169667293764948709e-03 -2.606283333809526715e-04 4.100553690242585148e-04
3.194922142592513965e-03 -2.852364289452034851e-04 4.157341912616493280e-04
3.206676658006372797e-03 -2.769902023846096298e-04 4.073575344030928055e-04
3.220482804182803020e-03 -2.771506446782780338e-04 4.211627482918872656e-04
3.232508765002935821e-03 -2.652783512568815220e-04 4.192464021426663525e-04
3.249601506325500155e-03 -2.800947396381584377e-04 4.107237006193660621e-04
3.272419749461412571e-03 -2.731102149582126533e-04 3.890007027874634472e-04
3.284601324711217823e-03 -2.791792210244926041e-04 3.995628020548501144e-04
3.296539146431520361e-03 -2.833806904067812387e-04 3.883887588092105434e-04
3.307801219312972701e-03 -2.731484836958141091e-04 3.930936744738299893e-04
3.320295326123326712e-03 -2.856197945005148884e-04 3.938480694639320844e-04
3.332470961481173027e-03 -2.816952122503103102e-04 4.053738557940968798e-04
3.368925819301935801e-03 -2.863341491919177309e-04 3.692153585523168463e-04
3.379906977601706847e-03 -2.879525568349464355e-04 3.583541157916737938e-04
3.392513008426400849e-03 -2.852338454222250901e-04 3.706634870756781558e-04
3.402819537708934305e-03 -2.892838384911783334e-04 3.801409393701057926e-04
3.413046142757707006e-03 -2.988593721186079064e-04 3.765503117684815466e-04
3.423054788346445877e-03 -3.044250467250710643e-04 3.682318832693024847e-04
3.443060537711103031e-03 -3.178958542776630456e-04 3.534410972346623990e-04
3.455294183513706215e-03 -3.291643491464938428e-04 3.582037764191848303e-04
3.466168976468291148e-03 -3.244546130229695254e-04 3.484017609401180728e-04
3.488210252209441534e-03 -3.422139358207391090e-04 3.353470954881791039e-04
3.506857682672673542e-03 -3.253449734909982967e-04 3.432947223540341831e-04
3.518802938540975100e-03 -3.189120795957606723e-04 3.332295838109335063e-04
3.533629124864821110e-03 -3.313545116395320237e-04 3.412919461040541725e-04
3.543839386026703241e-03 -3.379036271077847211e-04 3.334587781895172382e-04
3.558001314270918189e-03 -3.238301577387623677e-04 3.318783758630583654e-04
3.576241132317280365e-03 -3.058021956321337401e-04 3.291064551126822034e-04
3.599789858158895448e-03 -3.293301867005826397e-04 3.281184647045636395e-04
3.611300200282823759e-03 -3.302814297289637080e-04 3.166474964581237218e-04
3.626226763974112460e-03 -3.179043541516909216e-04 3.083042174993104673e-04
3.638071369875425527e-03 -3.290785399858988324e-04 3.122326090149324124e-04
3.651972832477764531e-03 -3.426417170440577303e-04 3.152807052360620706e-04
3.663362813880970299e-03 -3.540315893795063394e-04 3.153305504720806834e-04
3.678594960652041296e-03 -3.584449243000660903e-04 3.299093285461996610e-04
3.688969230718729120e-03 -3.578538464814381569e-04 3.195519106040241547e-04
3.738734323637313631e-03 -3.753316322539848593e-04 3.661468832693698361e-04
3.751977824414171134e-03 -3.631017411621264689e-04 3.610655373150079028e-04
3.844760319905520061e-03 -2.704112584013420141e-04 3.569344508749931516e-04
3.860537613893266339e-03 -2.858978271922844676e-04 3.539196220806526262e-04
3.873658205567921068e-03 -2.864212831713129777e-04 3.408094764014070618e-04
3.892507075178442810e-03 -3.015851744970705407e-04 3.520048453303466825e-04
3.906986693590196007e-03 -2.875609287299388923e-04 3.484020852754609980e-04
3.917462715973326660e-03 -2.775523418087648062e-04 3.514964725836611389e-04
3.933763970260257398e-03 -2.886495878166331851e-04 3.395557011526342274e-04
3.945951856611380412e-03 -2.770068631163282434e-04 3.359513239164389959e-04
3.956463905725841890e-03 -2.850699148859398924e-04 3.426959790407146131e-04
3.980552060990334359e-03 -3.069226899296468875e-04 3.528298552455752394e-04
3.995526850973788943e-03 -3.000551558972254398e-04 3.395226650326822770e-04
4.008080238603444097e-03 -3.034628259783808549e-04 3.274406401362344615e-04
4.019997670567642192e-03 -3.145212477786477577e-04 3.318832173059268272e-04
4.036301653444321173e-03 -3.199844747686858364e-04 3.165218043338603130e-04
4.048718259081371569e-03 -3.240671255712938002e-04 3.282480167645645142e-04
4.074201976554968352e-03 -3.363185333309118784e-04 3.059024833365691590e-04
4.084643139719685255e-03 -3.447712733383580881e-04 2.997731216570177705e-04
4.100167119507826426e-03 -3.455825413353070239e-04 3.152758889164379141e-04
4.111242168277455533e-03 -3.558242159812340100e-04 3.110610572831889976e-04
4.121619173034199793e-03 -3.530688968389990626e-04 3.010565360979481644e-04
4.152482504465903820e-03 -3.290618776551491442e-04 2.816604473950817399e-04
4.165918314168198626e-03 -3.407735983183227276e-04 2.750758759235217080e-04
4.178415970836390006e-03 -3.402680088684739506e-04 2.625884501878392239e-04
4.198648058572805597e-03 -3.314045255795911200e-04 2.444012008586608602e-04
4.215065634858562900e-03 -3.257867553811797539e-04 2.289746824861792316e-04
4.230573887777128346e-03 -3.103900390884860977e-04 2.308313019917576907e-04
4.240798681816068498e-03 -3.154151210285125037e-04 2.219265299770024989e-04
4.254195566958863216e-03 -3.157981334827605446e-04 2.353179389017247291e-04
4.271548394171455036e-03 -3.323014723669787183e-04 2.299550648641665584e-04
4.282460316071812038e-03 -3.399425531721627855e-04 2.221650761807250022e-04
4.312737074454525525e-03 -3.232335758998489952e-04 1.969164687601464184e-04
4.324157786864075981e-03 -3.321518821828713347e-04 2.040506460066031911e-04
4.336926988973463515e-03 -3.220168687873108115e-04 1.962831479549657747e-04
4.361070759455991028e-03 -3.442012271299923652e-04 1.867555093159089835e-04
4.382646141241007195e-03 -3.331557473212278138e-04 2.052891132547924181e-04
4.402791686807757884e-03 -3.485813821321718685e-04 1.923317679687622716e-04
4.445567171802502007e-03 -3.816118171596212896e-04 2.195114014915494855e-04
4.457741347062195263e-03 -3.726583646050828287e-04 2.112623875742771537e-04
4.468455621516645958e-03 -3.634878524010933518e-04 2.057218656672929122e-04
4.498895447622642228e-03 -3.735963006693823144e-04 2.344342721664110704e-04
4.509923676029399878e-03 -3.832236264895208240e-04 2.290550139141513879e-04
4.525763627590260497e-03 -3.851483067886170048e-04 2.447775986633804295e-04
4.536960472015800182e-03 -3.739514912183939483e-04 2.447521786683942518e-04
4.548969408737451800e-03 -3.858775857565626853e-04 2.433440486135743678e-04
4.560434145983770574e-03 -3.749308554834746314e-04 2.399368068470736110e-04
4.587221839795100481e-03 -3.581215219106868505e-04 2.607941040010267682e-04
4.601905951621433448e-03 -3.550531811885177251e-04 2.464341449014701281e-04
4.612806337559104478e-03 -3.589070221271294450e-04 2.566305326741111876e-04
4.623877112832709517e-03 -3.688029389186055673e-04 2.516673788365963852e-04
4.635662030417563029e-03 -3.583226471705136334e-04 2.570569769066446898e-04
4.648944726650917729e-03 -3.627196588447113260e-04 2.695907834938127416e-04
4.666759585251758005e-03 -3.499692219841652580e-04 2.571490976420820018e-04
4.681284412038582039e-03 -3.576895648214631568e-04 2.448459720366990612e-04
4.736900781460592902e-03 -3.175793370471454184e-04 2.833732373896659883e-04
4.754711184547616779e-03 -3.123257624182088771e-04 3.003911812061337071e-04
4.833835968432532819e-03 -3.591973713403567490e-04 3.641389945167399183e-04
4.846040546368908693e-03 -3.566832976398242997e-04 3.521961658721779048e-04
4.857868498757252074e-03 -3.680634073452169271e-04 3.489722612839268596e-04
4.880796531925745384e-03 -3.576767563916791312e-04 3.694127159497338038e-04
4.893494242069366257e-03 -3.692630887819359502e-04 3.746077852114371577e-04
4.907231188153473450e-03 -3.816304502686117739e-04 3.686284827792501930e-04
4.923383421002233869e-03 -3.717687057884272906e-04 3.558362733606967626e-04
4.934169439334804182e-03 -3.779248091357486055e-04 3.646929422066935364e-04
4.982069085559705582e-03 -4.088415442348164040e-04 4.012788903191148488e-04
4.993834348259359665e-03 -4.042546765954891578e-04 4.121131900958038743e-04
5.005374561742787637e-03 -4.084085997645747258e-04 4.013465077122454713e-04
5.021978398971100807e-03 -4.065647419488323342e-04 3.848453683861367326e-04
5.093331087898672269e-03 -3.475134332480378464e-04 3.447935374926781090e-04
5.108607633349127736e-03 -3.513277024919586665e-04 3.300008301328091710e-04
5.120282240020508982e-03 -3.482892532839115297e-04 3.187285514216708047e-04
5.130316686523327986e-03 -3.383335928653347481e-04 3.174735843910594436e-04
5.140580489089551473e-03 -3.482944906719892281e-04 3.149984767158663080e-04
5.158804822485433400e-03 -3.597810107687924230e-04 3.008497600323649574e-04
5.171435025351085214e-03 -3.516031987540061744e-04 2.912245112003433701e-04
5.195361845422052580e-03 -3.344448504010105543e-04 2.745486663789953341e-04
5.206119541778178247e-03 -3.264779551732422975e-04 2.673197929314677932e-04
5.221628258720075605e-03 -3.265504589769398919e-04 2.828283403935077565e-04
5.234663557885293160e-03 -3.310941582410255194e-04 2.950461070193795038e-04
5.245650570718230626e-03 -3.410535495189273938e-04 2.996856087560725705e-04
5.257137005661977232e-03 -3.422025766298920565e-04 2.882567888513235367e-04
5.276402427412907499e-03 -3.524652940775050715e-04 3.045611780098189214e-04
5.289538166542379592e-03 -3.499282918865390828e-04 2.916727621893782166e-04
5.308355455270704661e-03 -3.686923062525017110e-04 2.930877250719594309e-04
5.333712170211644260e-03 -3.832504599104449242e-04 2.723266279268716128e-04
5.347813610338834900e-03 -3.964341610834125926e-04 2.673225658726374439e-04
5.369066438984482909e-03 -3.751983526860714095e-04 2.681729582248433379e-04
5.382648571209513143e-03 -3.617853239823578615e-04 2.660363775988033386e-04
5.397671702972966015e-03 -3.467641756233133120e-04 2.662804881426955681e-04
5.416476477360464455e-03 -3.315495284242001147e-04 2.552290606162977262e-04
5.428140134823007494e-03 -3.303926528484602324e-04 2.668352031410900927e-04
5.439356793661415460e-03 -3.225651096018254714e-04 2.588013371838253124e-04
5.450850328895843859e-03 -3.300321721068610577e-04 2.675388614173212620e-04
5.463369180935817582e-03 -3.262774172399571910e-04 2.794813683688875203e-04
5.481805695089504368e-03 -3.360331779661710557e-04 2.638375137674165783e-04
5.511384687011247618e-03 -3.127736425790162778e-04 2.821107394454477652e-04
5.528945349028832265e-03 -3.104308328697909236e-04 2.995144198941980984e-04
5.539981542379461901e-03 -3.152139671564884739e-04 3.094602325843661631e-04
5.557726032606810293e-03 -2.988624446395586783e-04 3.163518684429131572e-04
5.573229448694111236e-03 -2.877543400875386798e-04 3.271669469741752818e-04
5.590604852033808844e-03 -2.704859242342648007e-04 3.290921625817286918e-04
5.616659773846192395e-03 -2.898424316566041857e-04 3.116512746726126997e-04
5.643071035696957914e-03 -3.137214762323574640e-04 3.229360424016743071e-04
5.660208199327211760e-03 -3.120511061932023278e-04 3.058804790506036752e-04
5.676390484433815019e-03 -3.199221808473115634e-04 3.200195219835897070e-04
5.710793559404983739e-03 -3.202322525224738444e-04 3.544211996029753703e-04
5.721231636767520022e-03 -3.120571910214001111e-04 3.479310664394760452e-04
5.732655938223088325e-03 -3.205062279872287296e-04 3.556205682502410381e-04
5.799236978449861211e-03 -2.590000035986310574e-04 3.811160439104162930e-04
5.819397522069023020e-03 -2.778641500740332867e-04 3.882288138894525887e-04
5.840492679011127786e-03 -2.957697655114867536e-04 3.770755819713921290e-04
5.856058372297110598e-03 -2.965341984356855169e-04 3.615286707097400921e-04
5.880288651230578152e-03 -2.747662477832609417e-04 3.721711676717905939e-04
5.890628946123207740e-03 -2.816924704226657188e-04 3.798490018987021985e-04
5.917332953912270328e-03 -2.734701559537847668e-04 4.052556462417312251e-04
5.936249789442556678e-03 -2.714250034181154517e-04 3.864496892709802706e-04
5.994159193871626858e-03 -3.110932037976689240e-04 4.286389414565448417e-04
6.005604406512548774e-03 -3.163670175625998273e-04 4.184811965902501623e-04
6.016913613624600386e-03 -3.276456356886578523e-04 4.193124237973539534e-04
6.029613754868482466e-03 -3.179657445377615443e-04 4.110909096471889769e-04
6.040001949138978053e-03 -3.085867433018454377e-04 4.155573305877446715e-04
6.063184003915810492e-03 -3.263278609270739428e-04 4.006355207416216870e-04
6.073989595572896680e-03 -3.169365676837650431e-04 4.059800901609354794e-04
6.094047177815017056e-03 -3.351972324735363754e-04 3.976822153224582736e-04
6.105191558366740261e-03 -3.419362440617399346e-04 4.065581908010008731e-04
6.125033438313927034e-03 -3.498085105840645663e-04 3.883447995835457981e-04
6.140600065637222618e-03 -3.433104691767617771e-04 3.741992934387892988e-04
6.151649371503685806e-03 -3.337283106008741632e-04 3.686975303434530970e-04
6.161985512037949399e-03 -3.262676541733679669e-04 3.758511592697221025e-04
6.177662590287221443e-03 -3.106638779924103598e-04 3.743369098423265495e-04
6.208097807979250440e-03 -2.802289384980407704e-04 3.742067793876104140e-04
6.222135955922878346e-03 -2.751764975121597477e-04 3.873042004227365571e-04
6.235948049110213130e-03 -2.860016192387384399e-04 3.787257006809187799e-04
6.253096039604131261e-03 -2.950585213169489257e-04 3.932868168031541001e-04
6.265098851131435491e-03 -2.953888098184001077e-04 4.052850830973233676e-04
6.275942298622130128e-03 -2.850713046535556603e-04 4.086211647295479444e-04
6.290759805104014640e-03 -2.702917015710787699e-04 4.096803299976389096e-04
6.316073891016397990e-03 -2.769363839075381171e-04 3.852538864941924585e-04
6.326879762424193754e-03 -2.795590566520899994e-04 3.747711175586107210e-04
6.337407153120812667e-03 -2.803898841114606114e-04 3.642765627509010748e-04
6.352499144020998419e-03 -2.831271424128357981e-04 3.791182475044203989e-04
6.366223598701787646e-03 -2.966576180408124052e-04 3.814175703538184251e-04
6.378307253820147786e-03 -2.882873437797690559e-04 3.727024553336714128e-04
6.389374069947678474e-03 -2.905392327464860155e-04 3.835377409912880064e-04
6.411114442223336818e-03 -3.057852046367391815e-04 3.680392208101283921e-04
6.422045498723980873e-03 -3.046892041613165651e-04 3.789151933725314341e-04
6.436037967314230807e-03 -3.156502126852279923e-04 3.702177529796422300e-04
6.450305518715457667e-03 -3.273183984944071220e-04 3.784285058628517051e-04
6.473203072134379489e-03 -3.044877317337446555e-04 3.766796182632750384e-04
6.486053275864986541e-03 -3.117801333196248709e-04 3.872601955172986967e-04
6.497008697619848470e-03 -3.010510766118029355e-04 3.850446576622283549e-04
6.507591181119929021e-03 -3.078710032844352582e-04 3.931364780513249102e-04
6.521845979944391331e-03 -3.105522317839763615e-04 3.791361100826198013e-04
6.532940724106148407e-03 -3.148266665912161284e-04 3.893743987625457184e-04
6.545876877950489170e-03 -3.117264508937095933e-04 3.768152292472718985e-04
6.557308594097921439e-03 -3.187012982389065088e-04 3.858725819834004311e-04
6.570715596568387981e-03 -3.263545058978944849e-04 3.748645790868027419e-04
6.581870259291054855e-03 -3.278299340908427824e-04 3.638079244343364344e-04
6.593355748000863034e-03 -3.269718101903250503e-04 3.523545374123898525e-04
6.711806259303989587e-03 -4.071229780558834575e-04 2.651403532577519613e-04
6.722078458627313464e-03 -4.056080886952877240e-04 2.753002346135183611e-04
6.732309721477093903e-03 -4.156508449186868746e-04 2.772551737273202502e-04
6.743763546838255074e-03 -4.089767138948239753e-04 2.679467855488926707e-04
6.756680771056428926e-03 -4.057105918203312840e-04 2.554493006780442438e-04
6.767370593350534487e-03 -3.951838496650833142e-04 2.535891930799513607e-04
6.782739323719292994e-03 -3.863333605262459988e-04 2.661536952647146001e-04
6.797347674395562422e-03 -3.892941111701467543e-04 2.804588644390202334e-04
6.807688496792991401e-03 -3.986252407702696064e-04 2.849156153004526299e-04
6.817992512075064793e-03 -3.885132002030363850e-04 2.868953542983579690e-04
6.829733427024045622e-03 -3.999367219501902639e-04 2.841838538407697075e-04
6.840211377614267667e-03 -4.093360520665988611e-04 2.888141931300560860e-04
6.852085391449931444e-03 -4.157739675786386083e-04 2.788369465945945091e-04
6.863788738232163775e-03 -4.168523479768778892e-04 2.904905049190665374e-04
6.874619457282744872e-03 -4.060394474238194227e-04 2.898694922120342594e-04
6.899834612375060038e-03 -3.860891317345083889e-04 2.744490852710251730e-04
6.918409840248428491e-03 -3.907868830643291885e-04 2.924204575889854160e-04
6.929556456367007462e-03 -4.009273375238588295e-04 2.970484414101726340e-04
6.952337495886977588e-03 -4.199291323840415383e-04 3.096145686458003630e-04
6.962873216019863087e-03 -4.234935516004168106e-04 3.195290184221837916e-04
6.974976119591140729e-03 -4.233432995029701293e-04 3.316309893014605980e-04
6.993254824329811839e-03 -4.405172643911714698e-04 3.378892619818678030e-04
7.011397178316448354e-03 -4.435098965586744407e-04 3.199954317354827609e-04
7.021910899899672272e-03 -4.330547189217271538e-04 3.211034038061710014e-04
7.032448509591617339e-03 -4.435923001091672036e-04 3.211279137610800836e-04
7.043697133279801063e-03 -4.348401143441858979e-04 3.281940852289700087e-04
7.076898734130448142e-03 -4.155629268527702229e-04 3.011619498810823043e-04
7.091044554669044542e-03 -4.048405823141452606e-04 3.103888435244050396e-04
7.102945247120038240e-03 -4.159931203837535568e-04 3.062358475673793157e-04
7.114235542013923330e-03 -4.073694069055383798e-04 3.135229817528142416e-04
7.125325933950071855e-03 -4.141976765970674271e-04 3.222620621573605562e-04
7.141122973343897416e-03 -4.204224668611882118e-04 3.367809615570318714e-04
7.159721183948117990e-03 -4.248276210188875902e-04 3.187119811063849955e-04
7.174443620877021636e-03 -4.395497711798600584e-04 3.186200911541650898e-04
7.184605035643509136e-03 -4.293895932416978635e-04 3.187786292299360892e-04
7.230741877641592812e-03 -3.920303905445755464e-04 2.917065372643807457e-04
7.244388668501092199e-03 -3.976770796945397392e-04 3.041302968566533035e-04
7.259449817514581488e-03 -3.872099208972819458e-04 2.933008556744168206e-04
7.274583564943291197e-03 -3.947151108629895423e-04 2.801592258358232804e-04
7.288674008360702082e-03 -3.812582101394537855e-04 2.759816166372318488e-04
7.300337311136438287e-03 -3.874631812419934728e-04 2.858573933284673822e-04
7.324604312553696650e-03 -3.729691970663194392e-04 2.663943056880000706e-04
7.357639120561323964e-03 -3.994933208896319287e-04 2.467024445391303436e-04
7.373995027097212870e-03 -3.832756892748392236e-04 2.445801572311537622e-04
7.391631484281128289e-03 -3.729535175515156739e-04 2.302798987399829703e-04
7.404451741633700027e-03 -3.816215318486210900e-04 2.397257722692729305e-04
7.420469658931053668e-03 -3.833979261372624770e-04 2.556448833586566429e-04
7.435307424527493395e-03 -3.716692436010238828e-04 2.465565780238308823e-04
7.446971722318419633e-03 -3.600277926053022061e-04 2.472862777357850441e-04
7.470772996932681896e-03 -3.409236402310090249e-04 2.614824756536542690e-04
7.481936351163253653e-03 -3.432458209973969629e-04 2.724016310314956351e-04
7.491983189622405254e-03 -3.333765280233600900e-04 2.705212004380084970e-04
7.506988746953579747e-03 -3.186391105524822719e-04 2.733452537498672346e-04
7.521010047907207563e-03 -3.320412613240034398e-04 2.692246670040715321e-04
7.557063961215778995e-03 -3.384452500009747181e-04 3.047052757063925619e-04
7.568992806450215716e-03 -3.437208126223913565e-04 2.940064071842239234e-04
7.581656492231030227e-03 -3.315228025122860097e-04 2.906038365517504070e-04
7.593324909754024972e-03 -3.233996852294251608e-04 2.822272660661743213e-04
7.607118691674447271e-03 -3.371849934922126267e-04 2.827106869677678633e-04
7.619283986608904949e-03 -3.492905447777584793e-04 2.815065155034974175e-04
7.630125935426939655e-03 -3.474581671201653417e-04 2.708205318663752816e-04
7.656791406496890433e-03 -3.507549943176284466e-04 2.972814138965054363e-04
7.670122348662179561e-03 -3.589387027305139142e-04 2.867580619767437456e-04
7.683512652617847764e-03 -3.528055401852634170e-04 2.986611942207674313e-04
7.704454324976925048e-03 -3.476556200021375118e-04 3.189597646951224433e-04
7.734875453362280440e-03 -3.179361528739229389e-04 3.124637408456261314e-04
7.745049993223600097e-03 -3.194763681337496825e-04 3.225210266794375602e-04
7.757846902629209757e-03 -3.093947993226094030e-04 3.304028323508323949e-04
7.776095412667952990e-03 -3.231941512255213185e-04 3.184618941258135082e-04
7.788418992236628008e-03 -3.306390497832484635e-04 3.282824897722400157e-04
7.807403534685887665e-03 -3.190997349767768563e-04 3.433575375600545474e-04
7.862982283317922205e-03 -2.661579714640828357e-04 3.264410670159697192e-04
7.876001334648479596e-03 -2.531577298865809729e-04 3.271406500877225470e-04
7.887126478248690162e-03 -2.602938585652632463e-04 3.186057518688451950e-04
7.897878590060683143e-03 -2.539884300587539299e-04 3.273149125498116393e-04
7.915386746996794232e-03 -2.572649488823911131e-04 3.101160758537479080e-04
7.926992502292900741e-03 -2.625111565605947779e-04 2.997637398376461529e-04
7.937027620940855302e-03 -2.617073698211410705e-04 3.097666160818073706e-04
7.951758023632465519e-03 -2.758679993704388949e-04 3.138238730646161203e-04
7.965555705310389117e-03 -2.838835660393951711e-04 3.025932581811451179e-04
7.977316300781207153e-03 -2.948837583870185649e-04 3.067534714140840338e-04
8.005668824174954484e-03 -2.752266689079965354e-04 3.271854173812860193e-04
8.016301613240591969e-03 -2.695177384578051468e-04 3.182152269468955770e-04
8.028148229529618110e-03 -2.626338464093277893e-04 3.085739434346071583e-04
8.040156576701335683e-03 -2.576823515763156038e-04 2.976339662538660374e-04
8.051970056683255619e-03 -2.694463719652101063e-04 2.965540896067826401e-04
8.065450801874103626e-03 -2.617297626371060146e-04 2.855003829263073629e-04
8.075814301203633819e-03 -2.581974929048072966e-04 2.952433387863875533e-04
8.087704421324519791e-03 -2.535325972759306973e-04 2.843065337108280398e-04
8.105432117586299293e-03 -2.499463158453496796e-04 2.669453759081194511e-04
8.117751400714728199e-03 -2.535984006737679341e-04 2.551798749326223553e-04
8.130929050042609227e-03 -2.667645001519389171e-04 2.546282715066891088e-04
8.142955565488161837e-03 -2.749713571585201462e-04 2.634194359253331911e-04
8.157937194904426453e-03 -2.689159999036232749e-04 2.497160834712131559e-04
8.179684427542337904e-03 -2.850900149100773465e-04 2.351784300849749619e-04
8.192043574451897056e-03 -2.754730757655010609e-04 2.429413543936103682e-04
8.207661948387370149e-03 -2.815188946856671563e-04 2.285406017058918757e-04
8.221132989486424139e-03 -2.680489007444409547e-04 2.287085645462577437e-04
8.233011417344388364e-03 -2.563758360026141244e-04 2.265093356109336388e-04
8.252479682827234056e-03 -2.711803347766392333e-04 2.391521271128301256e-04
8.264615466606877597e-03 -2.622823653142042550e-04 2.474046047645314271e-04
8.286810304080582251e-03 -2.828241842321206493e-04 2.558096321902867906e-04
8.300114724386496029e-03 -2.921122661377690199e-04 2.462839230728300593e-04
8.316081219415648318e-03 -2.792486570949127768e-04 2.368257770648384160e-04
8.326116009933531154e-03 -2.871039388391615019e-04 2.305814540866230869e-04
8.346077901892325068e-03 -3.069091490429487305e-04 2.330776069982789969e-04
8.362068628370366435e-03 -2.909727007532551921e-04 2.317611917121899657e-04
8.376883860904080562e-03 -2.961312072986843364e-04 2.178730339780343001e-04
8.387551277368661060e-03 -2.915987534378006564e-04 2.082163970879071793e-04
8.401765483996993800e-03 -2.899634764536788804e-04 1.940965692115428020e-04
8.415179802136954143e-03 -2.953627614386291310e-04 1.818168439372798504e-04
8.428731204353293038e-03 -3.039364608122225664e-04 1.713224558617307530e-04
8.439307200338480239e-03 -3.072885305910036586e-04 1.612917370800642585e-04
8.450389546814544156e-03 -3.059948129791348293e-04 1.502851618563050533e-04
8.463495701016789455e-03 -3.105733078545139855e-04 1.380047440031072258e-04
8.477825618025557411e-03 -2.980352677268156944e-04 1.310661511173396654e-04
8.489136069061943221e-03 -2.926288082659639963e-04 1.410007622695005707e-04
8.502513887868769563e-03 -2.803061914928028659e-04 1.357931570722846145e-04
8.521631946672384578e-03 -2.701829206446718220e-04 1.520110348543446085e-04
8.535047027863614660e-03 -2.712865797378210403e-04 1.653806399335305290e-04
8.545655576206592080e-03 -2.723358604927190855e-04 1.548241107765260750e-04
8.556688873939562873e-03 -2.624936800458326706e-04 1.598106068324069184e-04
8.572024522320285250e-03 -2.532690700966878710e-04 1.475595382037824183e-04
8.582245770491891274e-03 -2.498991114389832995e-04 1.572092683985038940e-04
8.592267965297264651e-03 -2.470448035661485463e-04 1.668164175741922346e-04
8.604410096526463742e-03 -2.585302503247166096e-04 1.707554356679827834e-04
8.615235314075890896e-03 -2.615545145646459889e-04 1.811496244674757727e-04
8.626614499188643009e-03 -2.576988335864145198e-04 1.704435711318902564e-04
8.636630868902402461e-03 -2.572292382340901564e-04 1.604382154436705783e-04
8.660105746316492520e-03 -2.469429711175604391e-04 1.393369695464734021e-04
8.681847368612756119e-03 -2.610417143611922126e-04 1.227863327302196241e-04
8.704100561453442103e-03 -2.795670500583141986e-04 1.104568344065372465e-04
8.715185635204058048e-03 -2.824546798807376084e-04 9.975447699962696553e-05
8.727117799892117334e-03 -2.811190154782312487e-04 1.116116501343516131e-04
8.742172727560858225e-03 -2.803611801260523875e-04 9.657580853203319817e-05
8.755078298187351019e-03 -2.932149289661638422e-04 9.542043242412681127e-05
8.791161267244763239e-03 -2.673233249298826168e-04 1.205521951244746092e-04
8.802891867464824119e-03 -2.766108673337854093e-04 1.277179845170401144e-04
8.816678349646941276e-03 -2.628295026258364734e-04 1.273423813430234718e-04
8.827524566372993431e-03 -2.614484557364573692e-04 1.381003145440543999e-04
8.837899193274861148e-03 -2.661110335627342709e-04 1.473681757518457102e-04
8.848910443189549058e-03 -2.551596441852507433e-04 1.485147774204472533e-04
8.862014684151847677e-03 -2.482887574838156812e-04 1.373562807863106428e-04
8.872286752772975960e-03 -2.584417179118016629e-04 1.389160206059314809e-04
8.884504870744576802e-03 -2.495537085117927067e-04 1.472996770679599256e-04
8.897776793151075669e-03 -2.508037300590610199e-04 1.340867526946235651e-04
8.908756238601402838e-03 -2.544507041270528116e-04 1.237307012007341509e-04
8.921289366833621420e-03 -2.422084400668316037e-04 1.264151516035233295e-04
8.931449583259075745e-03 -2.394382336775675239e-04 1.166398790051266401e-04
8.942651381965574867e-03 -2.487262599038038316e-04 1.229018964980490495e-04
8.953533066122702430e-03 -2.378930294236032911e-04 1.218761443553037759e-04
8.963884311365319033e-03 -2.297875835348895583e-04 1.154379749712369769e-04
8.975273112708634718e-03 -2.405090819322509388e-04 1.192791034711536771e-04
8.989677334258842564e-03 -2.544937457679189406e-04 1.227303026643060922e-04
9.032714373709222269e-03 -2.124969869789737349e-04 1.133250373370156712e-04
9.044941732334782145e-03 -2.083206716541016778e-04 1.018330101326748224e-04
9.059278671446995695e-03 -2.103906772292349001e-04 1.160197257506823311e-04
9.071853925643644581e-03 -2.228557859411918680e-04 1.176804734465843169e-04
9.086242360143775496e-03 -2.111122152525636109e-04 1.093668945033284055e-04
9.100144444070182650e-03 -2.237559939010051323e-04 1.035873790404134186e-04
9.114505925857600832e-03 -2.116923308966639429e-04 1.113796953871770186e-04
9.124712968175331673e-03 -2.112305819257510441e-04 1.011831027816149350e-04
9.141729934321492917e-03 -2.280965660638310962e-04 1.034448976161749727e-04
9.195497228334743867e-03 -1.800059861332082764e-04 7.939873311029720115e-05
9.206155411549045431e-03 -1.789301981362725761e-04 6.879498143387383243e-05
9.216920885409880804e-03 -1.871968270274018990e-04 6.189873069708414746e-05
9.229109114561489732e-03 -1.992216459945607638e-04 6.388786585066091091e-05
9.241491813923611784e-03 -1.896078752099389212e-04 7.169213742419225561e-05
9.253939416450019523e-03 -1.883207548212268302e-04 8.407301500861278070e-05
9.267208096862411190e-03 -1.982910225203010971e-04 9.282810734935812141e-05
9.309620020926596615e-03 -1.766822865583493423e-04 1.293224059856220936e-04
9.320479946885553910e-03 -1.754584890710892092e-04 1.401131571895097047e-04
9.343983507955556239e-03 -1.628954032612556105e-04 1.202489618142594537e-04
9.357786216492039455e-03 -1.715405088928647248e-04 1.310089298235721450e-04
9.369212816894510396e-03 -1.763596086702011922e-04 1.413695994010573745e-04
9.382049315637597600e-03 -1.654941901879940680e-04 1.482046839790125941e-04
9.393753575226515204e-03 -1.550962001493184179e-04 1.428314637452621097e-04
9.405298421131965542e-03 -1.598281676990224087e-04 1.323009390627425687e-04
9.417546761500824801e-03 -1.595674947595706868e-04 1.200553728688062808e-04
9.430486178640321362e-03 -1.712510765093370915e-04 1.256161671831493483e-04
9.441288508314741798e-03 -1.788405961465899807e-04 1.179291965138523797e-04
9.454562763068332168e-03 -1.704332932793395340e-04 1.076567529018603508e-04
9.470501862701425147e-03 -1.621436491529584475e-04 9.404291077806594019e-05
9.482744624565169964e-03 -1.529720914758133591e-04 8.593317910388857239e-05
9.494727700805276338e-03 -1.647010071329731748e-04 8.347825472960671402e-05
9.506842226544652552e-03 -1.655635923361342980e-04 7.139447714735591558e-05
9.517986109606595482e-03 -1.559718893720649004e-04 6.572126254297937112e-05
9.528016253263224891e-03 -1.463298333796587134e-04 6.848432931957389299e-05
9.540108052814985293e-03 -1.582287427026797424e-04 6.633314980068684592e-05
9.554378643445261138e-03 -1.460658066209698247e-04 7.379724671921212946e-05
9.566488200616618531e-03 -1.567714074311086473e-04 7.945688329591378074e-05
9.582946048020242469e-03 -1.552008502199960286e-04 9.583962089399458608e-05
9.605000114496052219e-03 -1.470867180917655691e-04 1.163467588689782095e-04
9.616634519535363287e-03 -1.571736092061666405e-04 1.221445177691873082e-04
9.629862937164671705e-03 -1.576738245160357347e-04 1.089255610168877222e-04
9.640214197587437112e-03 -1.474105479410771683e-04 1.075788070357113765e-04
9.650658758855091071e-03 -1.495800121758875914e-04 1.177955719350156028e-04
9.673202629984237189e-03 -1.670450241258799478e-04 1.320503775483565761e-04
9.694445442431866636e-03 -1.573710567001465664e-04 1.131381742147669344e-04
9.709757006390717232e-03 -1.720646179059006926e-04 1.088319868107241880e-04
9.720418256750953598e-03 -1.778521951272019844e-04 1.177855452737657535e-04
9.733520338348723017e-03 -1.818779564840800023e-04 1.053172740346537282e-04
9.746676891371798546e-03 -1.921521459894940526e-04 9.709925009602814259e-05
9.767232381896324284e-03 -1.764420258975558443e-04 1.103552041318843659e-04
9.779479543295752780e-03 -1.657643781392023174e-04 1.043568042875761027e-04
9.791478752617143247e-03 -1.594866029907648203e-04 1.145827792300556792e-04
9.803740314357023075e-03 -1.608537480487980077e-04 1.023976731291144620e-04
9.835229427451476145e-03 -1.524896208933242050e-04 1.327556312357184524e-04
9.856594466606159732e-03 -1.513861560950560605e-04 1.540921554025122167e-04
9.866769944496115927e-03 -1.416514023264270458e-04 1.570544044388253976e-04
9.882717677282668381e-03 -1.326082105976439938e-04 1.701902662068163785e-04
9.894151018108473389e-03 -1.418094134535217011e-04 1.634035771433609420e-04
9.908509288838808146e-03 -1.383112107311281424e-04 1.494779706546435678e-04
9.922550647531256512e-03 -1.428058222570368176e-04 1.361754061965712956e-04
9.933602300796796902e-03 -1.506584891402281518e-04 1.439519518772304301e-04
9.948672964018400247e-03 -1.374300576750963243e-04 1.367315993296530066e-04
9.961026602752193204e-03 -1.485239697301825345e-04 1.312967575399508105e-04
9.984752000852170281e-03 -1.688774876455562623e-04 1.434880996921066129e-04
9.997725445698770266e-03 -1.608945434566695263e-04 1.537146765027931823e-04
1.001967596499675137e-02 -1.826361973649543943e-04 1.567355675606492448e-04
1.003052400816141151e-02 -1.718960818683115503e-04 1.582619880862953278e-04
1.004153950034498456e-02 -1.713927000794342312e-04 1.472580035888056496e-04
1.005273327724488450e-02 -1.821953895768271099e-04 1.443249947399198119e-04
1.006686616037619740e-02 -1.710337537416315964e-04 1.356557230815962415e-04
1.008236687982460092e-02 -1.562525864054236844e-04 1.403236343486556398e-04
1.009527858585199458e-02 -1.498788711576037273e-04 1.290947472053306029e-04
1.010668485727131069e-02 -1.393922919533600706e-04 1.246075783557955416e-04
1.011926775530359521e-02 -1.519727842120688734e-04 1.243615348241811417e-04
1.013462179801744543e-02 -1.461240670492877517e-04 1.385579828027602711e-04
1.014990140802013094e-02 -1.315410526399042829e-04 1.431189226806650746e-04
1.016129509209764102e-02 -1.397052354734281147e-04 1.510663848868600337e-04
1.017553837280072045e-02 -1.536831934437826383e-04 1.538027576987595314e-04
1.019103510353657795e-02 -1.382697769509761310e-04 1.554075179671324670e-04
1.022173946249901010e-02 -1.227806990357313858e-04 1.819187632156941915e-04
1.027598837105432074e-02 -6.894276812747905398e-05 1.752538344868464831e-04
1.028676373456417770e-02 -7.971334759328521018e-05 1.749327788213914233e-04
1.029687063814927958e-02 -6.975195777523741957e-05 1.732239157574124648e-04
1.030806445562534174e-02 -7.807444437075202609e-05 1.657380780250765980e-04
1.032741357428189344e-02 -7.354721384402383396e-05 1.845501107845418185e-04
1.033822463100256446e-02 -7.431384787672934823e-05 1.737662701107625901e-04
1.038189208200510430e-02 -1.103605790432335215e-04 1.984133683024147832e-04
1.039249686975311608e-02 -1.088464910401227556e-04 2.089095133423433937e-04
1.040432608290342044e-02 -1.194215315127851538e-04 2.036086829586307900e-04
1.042011958362804372e-02 -1.342975352786314968e-04 2.089133202786762713e-04
1.047044814955890545e-02 -8.554954068085293076e-05 2.214272154097712169e-04
1.048145750614036531e-02 -8.346109216260147695e-05 2.322366703046467259e-04
1.049241365704608325e-02 -7.252879539881271253e-05 2.329592560347410195e-04
1.050800129296729571e-02 -7.091084024057268649e-05 2.174558172317465736e-04
1.052063285807387956e-02 -6.740248525326449395e-05 2.295903910736621714e-04
1.053108675875717368e-02 -6.082354866802776278e-05 2.214662521713773636e-04
1.056856155523319338e-02 -2.764751747157331716e-05 2.040389366876046236e-04
1.059001786366377436e-02 -6.358105407617807174e-06 2.013679620641114121e-04
1.061200436423164611e-02 2.556582024369860560e-06 2.214660852404418448e-04
1.062207274749654359e-02 -7.397433240217495172e-06 2.199528365228707594e-04
1.064241002836677046e-02 -2.701557756813910240e-05 2.145924814671575868e-04
1.065254199588822406e-02 -3.632045003091055873e-05 2.186019844672017589e-04
1.066525813554786324e-02 -2.389481908806235868e-05 2.213045579658474830e-04
1.067735545595194929e-02 -1.333684769347476201e-05 2.153991027767724871e-04
1.069129583088217553e-02 -1.129118883593484892e-05 2.016096382101602031e-04
1.070296763144974392e-02 -1.210235122294468805e-05 2.132532177315530286e-04
1.071468080690238939e-02 -3.836681429200755614e-06 2.215524455296828850e-04
1.076935192982961080e-02 4.535528215783212819e-05 1.976969975025456502e-04
1.078418467542988438e-02 3.154538167795371156e-05 2.031096669713270547e-04
1.079425848660349810e-02 3.578097930404559792e-05 1.939695693618123619e-04
1.080659604104305428e-02 2.494297374058085615e-05 1.880744116068994859e-04
1.081855703609847438e-02 2.189233895227361734e-05 1.765089877018210184e-04
1.083633271037502850e-02 1.791391743872834634e-05 1.938337318051755118e-04
1.084646801091919757e-02 2.256918238963176907e-05 2.028366660689330482e-04
1.085757270671540778e-02 1.148349917470651188e-05 2.021871305543490095e-04
1.086806098299657880e-02 1.305000140014721897e-05 2.125577626531099809e-04
1.087977010802885017e-02 2.081950746245843589e-05 2.213178074343348154e-04
1.091054792069967236e-02 4.968707327680224259e-05 2.106436612504610395e-04
1.092110328626596204e-02 3.922034448796981427e-05 2.120086999675121413e-04
1.093656802931550730e-02 2.889505552380866853e-05 2.004958078289122679e-04
1.095076181191866928e-02 4.212369715744359385e-05 1.953512470979398136e-04
1.096633893142352767e-02 4.503400638232925860e-05 1.800484123185858306e-04
1.097704431960403251e-02 3.633158169777148225e-05 1.738135794655835194e-04
1.098781500501705075e-02 4.484440635169557784e-05 1.672151341428025964e-04
1.099830939696039810e-02 4.978850007888969368e-05 1.579583420700965402e-04
1.100888316066573301e-02 4.524047861255608885e-05 1.484126634856256270e-04
1.102023660763799297e-02 5.649180358354390281e-05 1.468933068621995955e-04
1.103204810267691995e-02 6.775279344871901102e-05 1.504572263774275995e-04
1.104378558662683779e-02 5.862577198130432309e-05 1.578373353609002913e-04
1.105687055868693168e-02 6.060668039400470962e-05 1.707714953906023820e-04
1.106928794092226602e-02 6.613327292332532267e-05 1.596517761228664076e-04
1.109448474199225057e-02 8.678682988301886410e-05 1.740847026824074819e-04
1.111467471985808607e-02 1.065861903511961759e-04 1.780369844631115770e-04
1.113809234161632772e-02 9.211590055072114752e-05 1.964488209250826593e-04
1.114834012984690370e-02 1.023288608897459382e-04 1.956046617385279532e-04
1.116022648509220130e-02 1.017059469314748584e-04 1.837346398675281437e-04
1.117331886372804547e-02 1.133682847778865100e-04 1.777848285847685912e-04
1.118389228047253145e-02 1.089491176042599790e-04 1.873904573067278656e-04
1.119695222566534018e-02 1.209685540111995171e-04 1.822820997528075773e-04
1.121290602658618456e-02 1.149514555936903147e-04 1.675065019491331288e-04
1.122483243889875124e-02 1.261144537126303788e-04 1.717049282788279995e-04
1.124470577639084291e-02 1.127091648818701416e-04 1.570336033748370719e-04
1.125478651060028874e-02 1.124411977909327509e-04 1.469564313588558142e-04
1.135042571832986340e-02 1.680419034546588083e-05 1.463076925698163634e-04
1.137678953881977699e-02 2.752521836036992810e-06 1.686146789849630708e-04
1.139017838468753784e-02 -2.978127088832728597e-06 1.565142303746623392e-04
1.140119847500093916e-02 -2.531492130612534698e-06 1.455031946500078693e-04
1.141740483530233677e-02 8.920941486779358759e-06 1.340363782453570212e-04
1.142917317893360138e-02 6.159371503077830810e-06 1.454761178861289331e-04
1.144411574442135912e-02 -2.556922370746289889e-06 1.576131061641596271e-04
1.148122729445956273e-02 -2.075946682163727695e-05 1.899540171246041345e-04
1.149453258389388291e-02 -8.263095956217108808e-06 1.853854897770960107e-04
1.151026912139731760e-02 -1.827272585177124324e-05 1.732427585377476344e-04
1.152038733158001343e-02 -8.638443128320684892e-06 1.763344851921955529e-04
1.153191214886590404e-02 -1.981932167268589845e-06 1.857425814554434975e-04
1.156440643534264838e-02 -2.217167521763433623e-05 2.112033930920145905e-04
1.157459428759106089e-02 -1.373000842687665762e-05 2.054998332186270345e-04
1.158506449842459061e-02 -1.944702589433161977e-05 2.142714366168297496e-04
1.159586132301793950e-02 -2.887386655772057891e-05 2.195350946990594441e-04
1.160741060294571275e-02 -2.624272263423897092e-05 2.082895200803932048e-04
1.161812291672288319e-02 -3.669189344986922819e-05 2.059297540482739482e-04
1.162848714012002654e-02 -2.963823567307798332e-05 2.135233723290279827e-04
1.163993852278648669e-02 -1.818787359339822004e-05 2.136762553494119356e-04
1.165587348251999680e-02 -3.206656213244646770e-05 2.215060028641578074e-04
1.167085244813738723e-02 -1.798487686434967753e-05 2.266124253865541927e-04
1.168247116592402782e-02 -9.625784787318401590e-06 2.346821331045156097e-04
1.169299119371070353e-02 -1.112603879306205647e-05 2.242696299208100431e-04
1.170419745491013165e-02 -2.118346674838905388e-05 2.292121427425666412e-04
1.171802284038857798e-02 -1.620391517480526593e-05 2.421096366756387598e-04
1.173808840141083581e-02 3.046105842478954100e-06 2.477720946200376610e-04
1.175348097821145646e-02 -6.302536872441173865e-06 2.355436728105086454e-04
1.176377099312323447e-02 3.583027434284466307e-06 2.384002485966922982e-04
1.177486595015593551e-02 -4.984325559176242928e-06 2.313505298616699878e-04
1.179436186262779185e-02 -2.301825590105816525e-05 2.239432388903071607e-04
1.180651852588383149e-02 -1.475267606721057484e-05 2.328575336762694328e-04
1.181833438507785307e-02 -1.141442176502233923e-05 2.441920202860307855e-04
1.182862070520889278e-02 -1.838651753831052984e-05 2.517549735693928848e-04
1.184925479169414431e-02 -3.706840609295924569e-05 2.429941194379424039e-04
1.186616334973972578e-02 -4.418432260124556494e-05 2.276558318077052088e-04
1.189370509516835851e-02 -1.856359875977329436e-05 2.175500784416949823e-04
1.190670154972969970e-02 -9.947461498962929010e-06 2.078202269593820326e-04
1.193846725361188618e-02 2.125369923061862487e-06 1.784381459475463405e-04
1.195790345964012173e-02 -1.716653636785667915e-05 1.808021375791842998e-04
1.200550973942438038e-02 2.936175211209136581e-05 1.707285956984049740e-04
1.201728649380072976e-02 1.759305541909730240e-05 1.702930250506671519e-04
1.202757761839899631e-02 2.757733274017235340e-05 1.727873088903522181e-04
1.204083559389137678e-02 4.080949901938331234e-05 1.736141642077210375e-04
1.205218015006868926e-02 3.776007084803251641e-05 1.845411922889505574e-04
1.206266313432587112e-02 4.615392703939624698e-05 1.782613724527583928e-04
1.207280391564963251e-02 4.182255044432435796e-05 1.690921509673757261e-04
1.208560787952564497e-02 4.328086667573664213e-05 1.818127957901605207e-04
1.210341191453844639e-02 6.080976690859696417e-05 1.849306988296179862e-04
1.212347144835731853e-02 8.068647811949951039e-05 1.822286165827483636e-04
1.213726084314447132e-02 9.430164713521546800e-05 1.800435350580828660e-04
1.215543241427321369e-02 7.988272789383243976e-05 1.911025026951376467e-04
1.216981185784745019e-02 9.425247166576872996e-05 1.905744293730069253e-04
1.218244198305513948e-02 1.023772934267482302e-04 1.809045103395181642e-04
1.219952044695410930e-02 9.051291733932731963e-05 1.931890741984691696e-04
1.221413428581203525e-02 8.778553118177203024e-05 2.075461508825653069e-04
1.222936456391044216e-02 9.697413296603218382e-05 2.196923835579711202e-04
1.224384766582004708e-02 1.112744612899772096e-04 2.173987291046150831e-04
1.225581774867111513e-02 9.937780815859120287e-05 2.187225598086352902e-04
1.226862225053001500e-02 1.108289709685668644e-04 2.129931498779344162e-04
1.227908222331059764e-02 1.207609069628429925e-04 2.097117358570968395e-04
1.232448849413894133e-02 8.181367370517653658e-05 1.863698753462074691e-04
1.234620500883768998e-02 6.943199094128595702e-05 2.042108658623018047e-04
1.235677470821520789e-02 7.974021514298011053e-05 2.018744029931944777e-04
1.236707159853170715e-02 8.859094422657909026e-05 2.071365836133131028e-04
1.238117293683990879e-02 9.320381790775147761e-05 2.204620906762312172e-04
1.239621459744378110e-02 1.071179127070044006e-04 2.261760664934281927e-04
1.240850742453366955e-02 1.193987724710799921e-04 2.256337738445813635e-04
1.242671954549941574e-02 1.102333930391611536e-04 2.413715363901256655e-04
1.245347578498561848e-02 9.708170439644294943e-05 2.180706901117608187e-04
1.246717898652415120e-02 8.545077702705190358e-05 2.108250527392714071e-04
1.248202895614687613e-02 8.248081065417902096e-05 2.253749976718088827e-04
1.250213219548949005e-02 9.523817313112910125e-05 2.409117262431045652e-04
1.251838094954711017e-02 7.983023116024068832e-05 2.460709250807866389e-04
1.252994490113422746e-02 7.068403213802003132e-05 2.531470836258673603e-04
1.254008918994374729e-02 7.796394439972251288e-05 2.602117473059640108e-04
1.255460139153133717e-02 9.231461284731762307e-05 2.580525090083090689e-04
1.256552726724379648e-02 1.022669190291441814e-04 2.625609856631552145e-04
1.259907230445199075e-02 7.039970080700910522e-05 2.520848258666472260e-04
1.261424648026522599e-02 8.437165979671798922e-05 2.461653686617273516e-04
1.262892026443204752e-02 7.391157711817286245e-05 2.358742748358761830e-04
1.265525757556524092e-02 4.895144785826678830e-05 2.274691629951347506e-04
1.266600980673749169e-02 5.526563114808594993e-05 2.187662000189942728e-04
1.269374800984680515e-02 4.007706633872423692e-05 1.955559563588045479e-04
1.270620477316585298e-02 4.713163783729919264e-05 2.058226000829366925e-04
1.274057233460784873e-02 2.351781819322583994e-05 1.808522816771456474e-04
1.275123365728057442e-02 3.067111807564589795e-05 1.887576027916950945e-04
1.276225236887108989e-02 1.967387417221801073e-05 1.880701206875857187e-04
1.277597171301649882e-02 9.591613538529316369e-06 1.973743360921494973e-04
1.278681825022196135e-02 2.333254950183083228e-06 1.893143360950984722e-04
1.280026845064395798e-02 -2.778186344396129725e-06 1.768732324750828841e-04
1.281078488556103637e-02 -7.388065457581235695e-06 1.674210148555514764e-04
1.282395630958889539e-02 -1.855835986280218969e-05 1.744003367296542619e-04
1.288792411803781415e-02 -1.285850254462046489e-05 1.106869775001342388e-04
1.289887288888796370e-02 -2.353553020487368240e-05 1.082627944477930476e-04
1.291271054065634347e-02 -1.307274163511685555e-05 1.173187682666318617e-04
1.293589685941519581e-02 -1.211978354410937991e-05 9.415204108163836491e-05
1.294727580742504464e-02 -2.348324986248864201e-05 9.474541368117677244e-05
1.295965946205978291e-02 -2.523742422581263332e-05 1.070041972429952462e-04
1.297836970487386415e-02 -3.433477935429792157e-05 1.233538552158118062e-04
1.299313948240773953e-02 -2.879813511635880352e-05 1.370466233429166330e-04
1.300680157943793526e-02 -2.391297606107538920e-05 1.242877787139128217e-04
1.302051648446357797e-02 -1.036537181928431873e-05 1.221521197593497001e-04
1.303084460730447904e-02 -2.018604562697836420e-05 1.253496949937423204e-04
1.304596397444202430e-02 -2.659145343437164388e-05 1.390451691900185163e-04
1.306266214382909886e-02 -4.053244311460574246e-05 1.298539958364669229e-04
1.308854956102028198e-02 -2.197667410832523916e-05 1.479050845963155629e-04
1.309925229832871463e-02 -1.144461609967983768e-05 1.498088545393115990e-04
1.311503179394286553e-02 -2.265743191467933191e-05 1.387063663796277776e-04
1.315104976586892876e-02 -4.404482600394241657e-05 1.676869404894902214e-04
1.316204960617815486e-02 -3.306080742147574710e-05 1.670971756138914059e-04
1.317492736811650030e-02 -2.110644766631937966e-05 1.718857072661837009e-04
1.319677840609612997e-02 6.612182965691375312e-07 1.699787255370345767e-04
1.320796049269203770e-02 -3.461267794059340655e-06 1.803731552506343723e-04
1.321822223248514568e-02 -1.606183263823739466e-07 1.706567250073303082e-04
1.322831340479310377e-02 5.580976839675641719e-06 1.789552696687760080e-04
1.324413138281132184e-02 1.469490051833060637e-05 1.918837198374727024e-04
1.325599263276291961e-02 2.575776548901725381e-05 1.876056047087467033e-04
1.330705280666478509e-02 -1.534623951938373263e-05 1.573136564195047875e-04
1.332003588283469514e-02 -2.788580132131124133e-05 1.539491866768374667e-04
1.333021105290667710e-02 -3.057684555523528566e-05 1.441363192607951049e-04
1.336409280066080084e-02 -1.764539752091554264e-05 1.128193832259627959e-04
1.338536118713314592e-02 2.051160972686231614e-06 1.047950548026502942e-04
1.342649511643319825e-02 -3.905126300242784928e-05 1.064046768177949850e-04
1.344375022413730851e-02 -3.543781919323250824e-05 1.232771919153797255e-04
1.345613466223889200e-02 -2.310356572988769207e-05 1.221634151900414210e-04
1.346940577113896545e-02 -3.412254964497848052e-05 1.295596524034195744e-04
1.350119812832127619e-02 -4.851722016908430863e-05 1.012127401251830571e-04
1.351284594023287669e-02 -5.796613429485134923e-05 1.080237271441035615e-04
1.352370519734411546e-02 -5.642682342974702722e-05 9.727412310169451868e-05
1.353647761793125119e-02 -6.527592533220635373e-05 1.064843415124904256e-04
1.355191410619528171e-02 -5.101317358723866653e-05 1.123884995885372692e-04
1.356253605311614520e-02 -4.159076661970732429e-05 1.074850310888067592e-04
1.358085450509226300e-02 -4.011102140985782353e-05 1.257436191206146036e-04
1.359242858718347040e-02 -4.403406645305927463e-05 1.148546754692312839e-04
1.360247694157299368e-02 -3.673838268970539109e-05 1.217642647741460710e-04
1.361327398628529514e-02 -4.743712384362380545e-05 1.203106099867599471e-04
1.362443229478943994e-02 -4.123753011443144224e-05 1.110330625594161899e-04
1.363622361437944082e-02 -3.117405788623743280e-05 1.048880040254466318e-04
1.365943046161310730e-02 -2.078652166142897948e-05 1.256402773877801410e-04
1.368667922792916533e-02 -6.244078613165705363e-06 1.025965664033245159e-04
1.370201331706707645e-02 6.412820144583066193e-06 1.112531941257994471e-04
1.371543519782454645e-02 -3.674701830304641134e-06 1.201069381628653242e-04
1.372783626748088140e-02 -1.434323601246858787e-05 1.137848414358861573e-04
1.373804928496777031e-02 -4.604726735973578222e-06 1.107079658681851510e-04
1.375884805857568310e-02 -5.718977859353694752e-06 1.314768711842406864e-04
1.376941237723643997e-02 3.537024040003362868e-06 1.263845968784812394e-04
1.379745921402394243e-02 1.530790558747024437e-05 1.009273503388348107e-04
1.381155512933916925e-02 1.684047393342906639e-06 1.045447135332591644e-04
1.382983378325040695e-02 1.627407299633061946e-05 1.155556327369854200e-04
1.385051388904284635e-02 -2.841302153527501507e-06 1.076645486247292691e-04
1.386403869525315753e-02 -3.312795948787369624e-06 9.414796338186868282e-05
1.387425935075025166e-02 -6.202834642117730189e-07 8.428833989460074959e-05
1.391495408962402716e-02 -1.972072330535434869e-06 1.249606208592293126e-04
1.392750672892622242e-02 9.242555145301909280e-06 1.305998481138452268e-04
1.394095903314298418e-02 2.381456865935934668e-06 1.421709249496963187e-04
1.396415245463103125e-02 -1.634193658773705168e-05 1.284826329488224716e-04
1.398267538736272866e-02 -1.937281347999753939e-05 1.102093512991853539e-04
1.399353997491934072e-02 -1.183265671187359294e-05 1.180314545129900654e-04
1.400365833821195193e-02 -3.401360460840544979e-06 1.124373040637635147e-04
1.401451656659631617e-02 4.295150878176258959e-06 1.047780066511149128e-04
1.403729633328946319e-02 2.229862764724990380e-06 8.209205602958247585e-05
1.404896337558533999e-02 1.829851508514190406e-06 7.043187305809024982e-05
1.406601707303191222e-02 -4.312501565506447209e-06 8.634099293674067220e-05
1.409459529536603861e-02 9.300131328297504485e-06 6.121309972068861402e-05
1.411506275470865782e-02 1.359856383773262307e-05 8.122410593985667990e-05
1.412956277618037174e-02 2.390568291098775109e-05 7.102538449597395104e-05
1.415276905056164422e-02 3.214237646266385645e-05 9.272073077103292643e-05
1.416364459989490239e-02 2.307037121515644073e-05 9.871875495315643977e-05
1.417486670252986018e-02 1.218717233966071926e-05 9.598168173785035049e-05
1.418582222228471912e-02 1.526994666589441966e-05 8.546883647347856545e-05
1.420664193618457680e-02 7.051188910252532009e-06 6.633999678503891162e-05
1.421765098574459367e-02 1.439534530289489482e-05 7.454137100496854439e-05
1.422847044104104917e-02 8.205019181935404974e-06 8.341495401456295710e-05
1.423853090779566254e-02 1.824650466261888536e-05 8.403265998174184895e-05
1.426247971854296449e-02 -5.298992987166138393e-06 8.840931128542868088e-05
1.427690110135169596e-02 9.107596485501626154e-06 8.775627079509510612e-05
1.430923828577467666e-02 4.113436066315911738e-05 9.222615588473542553e-05
1.432013854278615245e-02 3.126482843221671071e-05 9.685302701527253569e-05
1.435102265652218705e-02 5.061424222070920215e-05 1.209243516008030205e-04
1.438331875058378867e-02 6.051322017593949366e-05 9.018271977883013726e-05
1.439545525754417320e-02 5.699532465815679587e-05 1.017981927492008268e-04
1.443030756852297682e-02 5.005804595791657068e-05 1.359531008122951616e-04
1.444096728629091705e-02 4.926216572027732120e-05 1.465830658893539661e-04
1.445157512126520050e-02 5.406049993080422702e-05 1.560436235708931871e-04
1.449287293514432522e-02 9.424740397881321830e-05 1.655579377464381867e-04
1.450516693975354918e-02 8.674400422029659237e-05 1.558192755490162419e-04
1.452106881167595197e-02 9.993451624736506976e-05 1.647007125442475825e-04
1.453127533010734919e-02 8.980195999309719887e-05 1.634742043932116526e-04
1.454593577323780480e-02 8.645612940419315827e-05 1.492006620700293286e-04
1.456354699917067688e-02 9.982007040602282539e-05 1.606706385197993628e-04
1.459855175994271941e-02 6.498148055660097548e-05 1.572638902150895392e-04
1.461419966215078865e-02 5.203632838804305067e-05 1.660547877145597106e-04
1.462677347138267338e-02 4.679224527267276582e-05 1.774828352677915297e-04
1.463690407747372628e-02 3.791076427934930894e-05 1.726095945455097757e-04
1.466892342564746383e-02 8.777451285254470325e-06 1.858945006971978202e-04
1.467933903983487630e-02 4.463768035969230711e-06 1.953748570051569748e-04
1.468971440576344843e-02 -3.476209483524972017e-06 1.886961613883678091e-04
1.470184447427082784e-02 3.837444866215846659e-06 1.790189189068425168e-04
1.471563585318447394e-02 1.761913319517976139e-05 1.795358319972673402e-04
1.472720476972947876e-02 7.577071591705002271e-06 1.852801186176655638e-04
1.474490997289282061e-02 -5.465008554949723503e-06 1.972541891245333412e-04
1.475900912107986837e-02 6.632779496390607123e-06 2.044950111680010803e-04
1.477205809204510702e-02 -6.043772838369346591e-06 2.013997463722636092e-04
1.478340333725021438e-02 -1.448988261093346947e-05 2.089745611207458509e-04
1.479541644919614950e-02 -3.605728017061757531e-06 2.140588543265198361e-04
1.480856607759457010e-02 -1.269666798677829076e-05 2.045579313459047353e-04
1.482006434270964103e-02 -2.231909444445405886e-05 2.108522946753499372e-04
1.483077817892390626e-02 -2.152856307582810176e-05 2.215369260017604201e-04
1.484423903361654223e-02 -8.068366079842785073e-06 2.216699894660046223e-04
1.485643546030259061e-02 -3.176583499640626020e-06 2.328424237171499670e-04
1.487593577861303501e-02 -1.844809100480915406e-05 2.449685720227026730e-04
1.489216663380177677e-02 -3.113547922465084012e-05 2.348457838535814002e-04
1.490296125467573986e-02 -3.202480678076488602e-05 2.240878595040366123e-04
1.491689687873394912e-02 -4.594451887324219600e-05 2.234221019248043474e-04
1.492991888183223780e-02 -3.458086495650820272e-05 2.297813420014576996e-04
1.494534130854340524e-02 -3.258046556635551736e-05 2.450734853417884090e-04
1.495643788107130397e-02 -2.779636977871810925e-05 2.350611754503787040e-04
1.496921621767137618e-02 -1.653569751669111093e-05 2.290210474325348302e-04
1.498222108213283742e-02 -2.529907447779504822e-05 2.194122117122934950e-04
1.499257354466905327e-02 -2.994165647618330308e-05 2.101591088299085367e-04
1.500413137027167311e-02 -2.298006857960998829e-05 2.009330789893517709e-04
1.502306025533171711e-02 -7.521364643323546535e-06 1.900091986244547909e-04
1.503430355189548477e-02 -6.256036871124867407e-07 1.988895251080719331e-04
1.504492137689558175e-02 2.605347319179014996e-06 1.887752202220390309e-04
1.505500691966442373e-02 -4.528523069721726775e-06 1.816459799948815499e-04
1.506670028147213437e-02 -9.436974620424152881e-06 1.922592647710677993e-04
1.508844602815863356e-02 -2.735958894670392259e-05 1.799443390845358102e-04
1.509966476173242589e-02 -2.038395066443097350e-05 1.887307179492676000e-04
1.511566234776326283e-02 -2.668923125568449471e-05 1.740281264947114151e-04
1.514400014716332094e-02 1.362435276576167407e-06 1.780449510615499131e-04
1.516064344427009089e-02 1.562905956183288512e-05 1.694739085294228722e-04
1.517530797352334426e-02 1.199126054230036814e-05 1.552677536480690846e-04
1.519087654755591280e-02 -2.491127329445754575e-06 1.495545287321512536e-04
1.520248554952424551e-02 -1.388680637546313275e-05 1.473392576920913729e-04
1.521471850698345382e-02 -2.153472262165299342e-05 1.568867508337517419e-04
1.523258403832259029e-02 -6.846264286966270872e-06 1.467168736575109693e-04
1.524368149891732090e-02 2.013474676037023292e-06 1.400341603493533238e-04
1.525413693685361005e-02 3.409055317910048930e-06 1.503960393831792143e-04
1.527479374351194998e-02 -1.330821282011802497e-05 1.382619301319268931e-04
1.528830362605313950e-02 -2.650135551769677308e-05 1.353536811676734307e-04
1.530565970615861346e-02 -9.224199385723662087e-06 1.337003836690183194e-04
1.532077458574948245e-02 -1.401065969977016300e-05 1.480373771721396907e-04
1.533600427584931071e-02 -2.188634988465289395e-05 1.350021570110314340e-04
1.534677815446890657e-02 -2.778024079050708258e-05 1.259833704795914526e-04
1.535939465069555837e-02 -1.711955184371485882e-05 1.192360978293373179e-04
1.537921014889176777e-02 -1.174931831066053665e-06 1.310014308639865263e-04
1.539214297569651071e-02 1.150838964031638916e-05 1.284733158319848476e-04
1.540580152444119034e-02 2.012205498147779357e-05 1.390733499451968995e-04
1.543068361127403892e-02 5.872910899822125907e-06 1.186753074386810106e-04
1.544323178079560176e-02 1.615742521429945142e-05 1.258645580016541058e-04
1.546087614720061468e-02 2.564905370520448633e-05 1.109906662975641801e-04
1.547661887927812008e-02 3.990279139312449331e-05 1.043075102176789677e-04
1.549289270872023123e-02 4.731262573415970842e-05 1.187965364012894399e-04
1.550372008310854470e-02 3.650298888198761157e-05 1.194160420662233174e-04
1.552072850528688278e-02 3.454539023284999648e-05 1.025206511999109582e-04
1.553239339302089558e-02 3.233498229199408870e-05 1.139741966152896724e-04
1.554379229670703293e-02 2.782030908056798150e-05 1.035074525637779671e-04
1.555442519909990169e-02 3.764314671474844201e-05 9.943676784142404363e-05
1.556956680135225708e-02 3.955353482960615884e-05 1.144573715582914098e-04
1.558453748782298934e-02 3.086834678595716536e-05 1.266511799072627840e-04
1.560295190855615771e-02 1.255716834348308646e-05 1.285983920133255054e-04
1.564553997560849327e-02 -1.544419625246046642e-05 1.606868172788228236e-04
1.565889900602915677e-02 -2.823132738480907617e-05 1.645537244647221620e-04
1.567056809199346076e-02 -2.121341911991125038e-05 1.552308209026445423e-04
1.568174212439282789e-02 -3.003789029990699576e-05 1.483760628138752259e-04
1.569256879863852386e-02 -3.976054453720235615e-05 1.436129892469035975e-04
1.570264752255565513e-02 -3.713887218968834735e-05 1.338812108945142284e-04
1.572128163854484215e-02 -1.871635201033197704e-05 1.366813946277039562e-04
1.573349862854255335e-02 -1.474644532203654083e-05 1.482353846523851452e-04
1.574439281913821848e-02 -2.552660055244850563e-05 1.498075303017799300e-04
1.575499481044349490e-02 -1.530466119724841606e-05 1.526207447365063904e-04
1.576582241856921973e-02 -1.290877697795427811e-05 1.631799509818643865e-04
1.578625093386133715e-02 -6.582046130134995119e-06 1.437558238761340310e-04
1.580863394867342703e-02 4.315626250155671905e-06 1.242048625501513857e-04
1.583463473853284273e-02 -2.006269915512742065e-05 1.151639376114239346e-04
1.584595531514240707e-02 -2.914689966500163089e-05 1.084087354775555359e-04
1.587329371708715020e-02 -4.074693477628864790e-05 8.365338441340783738e-05
1.593542503244854691e-02 -5.946738145559029155e-05 1.428973311477779110e-04
1.594595375401538367e-02 -5.050235183061802348e-05 1.484184018460501565e-04
1.596443832181738964e-02 -4.066593309612887811e-05 1.327683503027864934e-04
1.597592086697840336e-02 -3.349144831737920045e-05 1.417335949472017537e-04
1.598711269233164117e-02 -3.288696349186746951e-05 1.305581060168189869e-04
1.599803020146940008e-02 -3.280368357679489086e-05 1.414752975159559191e-04
1.600913853202930517e-02 -2.193258538436612258e-05 1.437587667885125559e-04
1.602792520489356928e-02 -2.249424273562167077e-05 1.249804916193548846e-04
1.603860299087693855e-02 -1.230471011063759701e-05 1.281724406150320551e-04
1.606052517411013167e-02 9.466161099607445144e-06 1.256011988028623075e-04
1.607075009241649630e-02 1.723824232997670956e-05 1.322452719301206382e-04
1.608261076898399519e-02 6.425870180068738840e-06 1.273700019754734096e-04
1.609991351749015878e-02 2.187044859563185530e-05 1.351706496045507828e-04
1.611060039557390966e-02 1.607821633712451886e-05 1.441517079297394838e-04
1.612072463841873401e-02 6.002046470034074966e-06 1.431662669165166036e-04
1.613190394290174579e-02 9.325800702932207127e-06 1.538400434985521224e-04
1.615862007731466363e-02 7.100925189697729689e-06 1.804633747499145412e-04
1.617093927106638684e-02 8.194242572332312299e-06 1.681927923760690336e-04
1.618218194842135915e-02 -2.158569981513801950e-06 1.638090649286907908e-04
1.619571926087822605e-02 -1.468745212453985895e-05 1.586820832824363363e-04
1.620624420636128729e-02 -2.182613434339784702e-05 1.509481519665051405e-04
1.622011819770650953e-02 -1.288187161984082327e-05 1.615541785636493322e-04
1.624849599567424613e-02 -3.573177718279920296e-05 1.783821681423705652e-04
1.626154843803141042e-02 -2.717642473756906195e-05 1.685245722881556680e-04
1.627246220279949737e-02 -3.587087721814148335e-05 1.751212955259598295e-04
1.628484033288458629e-02 -4.801389743003753937e-05 1.727202198218568568e-04
1.629659924234000412e-02 -5.813578750353144546e-05 1.667352976902981886e-04
1.630913210330348778e-02 -4.841684015913854750e-05 1.746482406603265048e-04
1.633463157486577874e-02 -4.480171886178344759e-05 1.998901492244878407e-04
1.634822738263372321e-02 -3.187929515133459724e-05 1.956644002600378847e-04
1.636150295137801455e-02 -2.160626841267335001e-05 1.872557352583202606e-04
1.637235360447672136e-02 -1.390986702500322522e-05 1.949044003933821079e-04
1.638396547530034802e-02 -4.844580239898224397e-06 1.876479467465673608e-04
1.639897592509709928e-02 -7.846216679244234738e-06 1.729406770547873510e-04
1.641050655008425077e-02 3.618989622481182729e-06 1.741671993958807216e-04
1.642286222437088633e-02 1.616508756054860737e-06 1.619748756855691736e-04
1.645538789283190750e-02 -1.101399058591936021e-05 1.320017277826780072e-04
1.646984005942502688e-02 -1.352432396755940476e-05 1.177692527502647451e-04
1.648767244222633030e-02 4.275572259426154602e-06 1.188451573374960910e-04
1.649793031327157281e-02 8.818051647915186857e-06 1.280424286385946754e-04
1.650994584847218644e-02 1.539002493693509204e-05 1.381013676107507979e-04
1.652441123545753815e-02 2.643011145054095784e-06 1.312631617038220516e-04
1.654234447759429100e-02 1.350518775629588803e-05 1.455325097198193873e-04
1.656957594181003926e-02 4.057831858445022638e-05 1.426002357736657516e-04
1.658253174507414926e-02 5.340610144941945899e-05 1.407834185050606951e-04
1.659283781052265511e-02 4.319793204032614366e-05 1.422005502364706857e-04
1.660381976847617735e-02 4.015675719003352614e-05 1.527530217963895826e-04
