# t, x, y for 10-step Levy walk with mu = 2.5
2.229026813353727319e-05 2.159058091851681041e-05 -5.541016970373310623e-06
3.409243943162431950e-05 3.339274811379055617e-05 -5.550857915138071019e-06
5.863052930177387804e-05 1.762643609998913215e-05 1.325183497601444418e-05
7.151627356838075554e-05 3.050898532805104365e-05 1.296490172427521801e-05
8.532870483291681051e-05 3.954233054452090140e-05 2.341391754575880769e-05
9.888465496649658990e-05 3.373049822607438744e-05 3.566081058547963215e-05
1.453446692759409519e-04 2.207787107246306029e-05 -9.314173684141788603e-06
1.574297528367661527e-04 1.026936561891043664e-05 -1.188486301300779599e-05
1.747613364925088811e-04 2.092741728893406366e-06 -2.716644060752372987e-05
2.192542848830577077e-04 -4.081884170763331487e-05 -3.892307547699410037e-05
