# t, x, y for 100-step Levy walk with mu = 3.5
1.157335735706456447e-05 6.371017884611572760e-06 -9.661921735776996396e-06
2.735200314242310798e-05 -4.345377546393977479e-06 -2.124313634332729032e-05
5.185220860791657613e-05 1.973310819624088906e-05 -2.576934802564237619e-05
6.693758801725310716e-05 3.384215085725165019e-05 -3.110822310504001808e-05
7.802631828473831561e-05 2.550815656429348546e-05 -3.842289863236064831e-05
9.734487059789123143e-05 6.263957874404439544e-06 -3.672959409386240945e-05
1.109248663977232559e-04 1.384192169372174344e-05 -4.799861136585969470e-05
1.241165362368309424e-04 1.448800998273227611e-05 -6.117444997548250097e-05
1.388378983950700060e-04 2.316552822540517118e-05 -7.306642966526133182e-05
1.499497653505521642e-04 3.033496879808136407e-05 -8.155599438385559925e-05
1.647441952038490771e-04 1.824597994771094152e-05 -7.302771769628600435e-05
1.752822450983093443e-04 2.480704696354549434e-05 -6.478133090012723363e-05
1.891304228122273686e-04 1.280707758813243124e-05 -5.786954668869498251e-05
2.014740035224463210e-04 2.432391024441449436e-05 -6.231100481828312217e-05
2.879351898915677075e-04 1.713492247934485672e-05 -1.484728014759063917e-04
2.979432944626983688e-04 2.580212241673298827e-05 -1.534769799651316852e-04
3.220393648196498426e-04 4.950833565830714637e-05 -1.577939303229848936e-04
3.324583606484239335e-04 4.625686596701036510e-05 -1.676925877534948741e-04
3.523159635888631239e-04 2.847549012736530309e-05 -1.765326707728689405e-04
3.642020409015146449e-04 1.744876515744126546e-05 -1.809700315109634319e-04
3.875223158794523226e-04 -5.005880807583933660e-06 -1.872647991502017983e-04
3.976509101359423492e-04 2.629589025337117936e-06 -1.806098745042605965e-04
4.091110388231279063e-04 1.358964399832867337e-05 -1.839582688233120701e-04
4.203850319271733153e-04 3.057309764070843919e-06 -1.799367198570624203e-04
4.356964866480411572e-04 -9.503325176417798983e-06 -1.886929231188055596e-04
4.575263477057166326e-04 -1.301245062029584018e-05 -1.671469519776259494e-04
4.689628258729997760e-04 -4.259214074458581774e-06 -1.745072429259080014e-04
5.108310469132999613e-04 -2.679088005227409612e-05 -2.097956540738129942e-04
5.216543801233250455e-04 -2.364909001656905163e-05 -2.201529557082530851e-04
5.623824314914177341e-04 -1.484622973121031045e-05 -2.599183152443926975e-04
5.727572465479545969e-04 -2.159957410383225436e-05 -2.520424580058365006e-04
5.867873698681677413e-04 -2.940040664580896140e-05 -2.403809241430709866e-04
6.016974393558123611e-04 -2.185194407440600698e-05 -2.275228183364399472e-04
6.282399054293071050e-04 2.469916223655172296e-06 -2.168950426094020799e-04
6.391701805145331115e-04 1.174785422292490318e-05 -2.111165670387675736e-04
6.517894553960881928e-04 -6.759767727208046949e-07 -2.089042103930432016e-04
6.618408889306850486e-04 3.046117438174115126e-07 -2.189076978979912250e-04
6.732174042619709468e-04 -4.496351982904825517e-06 -2.292215646984535724e-04
6.869315029093158624e-04 -1.538627159623328416e-05 -2.375574001409482374e-04
6.975342691323533186e-04 -1.273591044135313267e-05 -2.272912305860905484e-04
7.104702321703150296e-04 -1.118215175012771134e-05 -2.401335424359465421e-04
7.421896108536209192e-04 -4.267307694750035600e-05 -2.439336232598814189e-04
7.547841674641169981e-04 -5.048424315099241626e-05 -2.538133266337897083e-04
7.659967342344474548e-04 -6.140782683835219744e-05 -2.512841028389532294e-04
7.760902187051852601e-04 -6.183637201330851371e-05 -2.411997199726571145e-04
7.882945106302528555e-04 -5.071633738452301592e-05 -2.462285937279707335e-04
8.002246427526413545e-04 -5.783214443784652129e-05 -2.558042578008963455e-04
8.129128460040854157e-04 -4.807813288989298774e-05 -2.476894712681312286e-04
8.231553594265844176e-04 -5.812601584031184231e-05 -2.457022296057371873e-04
8.346193430756328841e-04 -5.346733720641815154e-05 -2.561769436587198992e-04
8.453096805839964206e-04 -5.969150751879011795e-05 -2.648684924254997080e-04
8.611261772214987963e-04 -7.525912851611221374e-05 -2.676632629648926609e-04
8.783356609768126159e-04 -7.935020413299150694e-05 -2.843794058041180335e-04
8.904467556951652226e-04 -9.000929890203929412e-05 -2.901293896285618091e-04
9.006593660549647119e-04 -8.904503749360277145e-05 -3.002963759223109931e-04
9.132431111485999784e-04 -7.832239907852006741e-05 -3.068823964203798872e-04
9.331621163292653067e-04 -9.140551381523907750e-05 -3.219023456937035845e-04
9.469471542231945030e-04 -8.524081413026471290e-05 -3.095725546358169661e-04
9.744563494470364750e-04 -1.114874075561091935e-04 -3.178110105228061340e-04
9.898527127823459996e-04 -1.037931165021128076e-04 -3.311468977872237315e-04
1.001296783158406008e-03 -1.080260960426116879e-04 -3.417793307628851345e-04
1.011526613507786679e-03 -9.967995460557941775e-05 -3.476946796190528294e-04
1.030085974635312372e-03 -1.160048393708822709e-04 -3.388658618691221206e-04
1.040795243378037950e-03 -1.063940282842157608e-04 -3.435903456779976282e-04
1.053507581013245296e-03 -1.182548196033897782e-04 -3.481647480908290661e-04
1.074282701718466074e-03 -1.183872636379821084e-04 -3.689394466179844430e-04
1.087537824241782214e-03 -1.056718879125399460e-04 -3.651954523245914811e-04
1.097796137615230034e-03 -1.143739604032403720e-04 -3.706274802731990867e-04
1.112117592212391462e-03 -1.002277348653764374e-04 -3.683940155185089736e-04
1.122156592643029291e-03 -1.008972537021701998e-04 -3.784106653663136177e-04
1.132346289802936860e-03 -9.077055546805799747e-05 -3.795419969206586587e-04
1.142774200697311247e-03 -1.002932337685577037e-04 -3.837916938046969338e-04
1.154996245143879085e-03 -1.074980903277426744e-04 -3.739190846047210789e-04
1.167285420842967356e-03 -1.168319553885898348e-04 -3.659251617636525124e-04
1.198549215769609353e-03 -8.855064535392261559e-05 -3.792515407143710014e-04
1.215445256274279903e-03 -8.137976098304140055e-05 -3.639526975530428489e-04
1.239107977979991837e-03 -9.143046829219444787e-05 -3.853748281918871000e-04
1.255268050305933386e-03 -1.055486293702643732e-04 -3.932377452939130676e-04
1.274819893135135463e-03 -1.057064523567571217e-04 -3.736865394507238639e-04
1.286421783239070221e-03 -1.164137771214246772e-04 -3.781538709100757149e-04
1.306358462070085187e-03 -1.304787285107374194e-04 -3.640241750454325316e-04
1.333584276886377613e-03 -1.079253100472124397e-04 -3.792750211865544537e-04
1.344254340858684832e-03 -1.065514604165611220e-04 -3.686937735112805962e-04
1.355991299489601488e-03 -1.054704117282693083e-04 -3.803808403647469609e-04
1.368256352490912096e-03 -9.465293691159121150e-05 -3.861613043353546515e-04
1.378677722048356896e-03 -9.009844342270430673e-05 -3.767878560631058291e-04
1.393540155008928839e-03 -7.950288944733982142e-05 -3.663654691261976392e-04
1.409776268719359436e-03 -9.554947971822276293e-05 -3.638919434852472615e-04
1.420172962709511212e-03 -8.722610857727040596e-05 -3.576619564246812642e-04
1.432211680786991959e-03 -8.910660874325253950e-05 -3.695528963402136286e-04
1.455519388701422565e-03 -9.439012010618776788e-05 -3.468519325742818122e-04
1.465593151173210729e-03 -8.455342720536390016e-05 -3.446793389369698780e-04
1.477662495040714830e-03 -8.953503529435871959e-05 -3.336860390575105656e-04
1.497304250391882658e-03 -6.989697625293838962e-05 -3.340670775868184381e-04
1.507994007323652233e-03 -7.663277022377043167e-05 -3.423676789411070538e-04
1.519445444700446516e-03 -7.784938984417142294e-05 -3.537543050741587670e-04
1.529513166205332406e-03 -8.470113109688831023e-05 -3.463778114555241200e-04
1.541109808257276788e-03 -7.770997532047268412e-05 -3.556301542826581096e-04
1.551498517017376941e-03 -8.729718756953729595e-05 -3.596314829361887738e-04
1.561617801165046584e-03 -8.462075198463687217e-05 -3.693904072734893870e-04
