# t, x, y for 100-step Levy flight with mu = 3.5
1.000000000000000000e+00 -3.218081076153152655e-05 -3.511434770382241494e-06
2.000000000000000000e+00 -3.107330641014698948e-05 -1.487707481457981581e-05
3.000000000000000000e+00 -2.819689693856852500e-05 7.588656477150898348e-07
4.000000000000000000e+00 -2.212542502928909320e-05 1.134744203208262551e-05
5.000000000000000000e+00 -3.124274768517464800e-05 2.993293164816133160e-06
6.000000000000000000e+00 -7.571948558184482552e-06 3.359919371708134659e-06
7.000000000000000000e+00 1.078961770070696106e-06 -4.271953437166341496e-06
8.000000000000000000e+00 -3.815554991084544646e-05 -2.902658073827426192e-05
9.000000000000000000e+00 -3.237636494972114220e-05 -3.751961925047671357e-05
1.000000000000000000e+01 -3.555451978209394509e-05 -2.651441628764087793e-05
1.100000000000000000e+01 -2.903611260499983950e-05 -3.982726685452907126e-05
1.200000000000000000e+01 -2.134852118169490784e-05 -3.342857455484915161e-05
1.300000000000000000e+01 -1.141332152426788200e-05 -3.720660285790978810e-05
1.400000000000000000e+01 -2.185864147583597072e-05 -3.159994324914956412e-05
1.500000000000000000e+01 -1.330792626596242253e-05 -4.073020576638929725e-05
1.600000000000000000e+01 -5.430598743049491642e-06 -5.532912931420525009e-05
1.700000000000000000e+01 5.096132066072604557e-06 -4.553968606253407293e-05
1.800000000000000000e+01 1.217771393082502345e-05 -3.802166965165564060e-05
1.900000000000000000e+01 1.844693175303155434e-05 -4.922354948937071839e-05
2.000000000000000000e+01 2.566105712372477755e-05 -3.753170885675860026e-05
2.100000000000000000e+01 1.027365298972840856e-05 -4.709272629431180432e-05
2.200000000000000000e+01 2.545024890888985283e-06 -5.859603116804090555e-05
2.300000000000000000e+01 7.409247046798320844e-06 -4.854777521428619772e-05
2.400000000000000000e+01 -4.822415554469947509e-06 -4.901332134062523775e-05
2.500000000000000000e+01 -3.942660787229355555e-05 -4.531511861939823500e-05
2.600000000000000000e+01 -2.862408423707314339e-05 -5.299866070894699536e-05
2.700000000000000000e+01 -1.993985666952616980e-05 -7.124440648140914424e-05
2.800000000000000000e+01 -1.876274433167136586e-05 -6.097675195613386863e-05
2.900000000000000000e+01 -4.149926529373214931e-05 -5.600885134436264502e-05
3.000000000000000000e+01 -3.482919455275403542e-05 -4.712479561054382798e-05
3.100000000000000000e+01 -2.563459942125203346e-05 -5.233522046060388712e-05
3.200000000000000000e+01 -1.600493016432940816e-05 -5.791582218095156606e-05
3.300000000000000000e+01 -4.105187306563680525e-05 -8.027518664908876256e-05
3.400000000000000000e+01 -4.146134762773095116e-05 -6.757793241639717841e-05
3.500000000000000000e+01 -3.047068837651061062e-05 -6.949484429558114361e-05
3.600000000000000000e+01 -2.542161253079609681e-05 -5.438260116520411962e-05
3.700000000000000000e+01 -1.826441223429078059e-05 -6.491279294622679145e-05
3.800000000000000000e+01 -6.390051929352424606e-06 -5.612840607593695696e-05
3.900000000000000000e+01 2.457329401336541853e-06 -5.100979288631546783e-05
4.000000000000000000e+01 -1.204699454186354799e-05 -2.980473952854086747e-05
4.100000000000000000e+01 -8.397109775511651125e-06 -4.138346104397208348e-05
4.200000000000000000e+01 4.182502252440929241e-07 -3.557491566435976005e-05
4.300000000000000000e+01 -1.254594587596647909e-05 -3.842125184234661570e-05
4.400000000000000000e+01 -2.309974811734064620e-05 -3.865568651768113139e-05
4.500000000000000000e+01 -1.941321938741119726e-05 -5.254519724746471905e-05
4.600000000000000000e+01 -1.878915217703288614e-05 -6.531900478697957185e-05
4.700000000000000000e+01 -5.880245278772998211e-06 -5.879674394268266896e-05
4.800000000000000000e+01 -1.509642145792383196e-05 -5.484967492675223226e-05
4.900000000000000000e+01 -3.202098068568349359e-06 -5.126156672368029565e-05
5.000000000000000000e+01 5.850818002535160321e-06 -5.995037203602607094e-05
5.100000000000000000e+01 -2.832885290313131370e-06 -7.092443923021907745e-05
5.200000000000000000e+01 -2.123584627271116734e-06 -5.944100681085346500e-05
5.300000000000000000e+01 8.438630633785719229e-06 -5.910742013533548602e-05
5.400000000000000000e+01 -6.482642956613868449e-06 -6.187178529670856538e-05
5.500000000000000000e+01 3.297695740147994444e-06 -4.920366394280718960e-05
5.600000000000000000e+01 -2.633749341458545040e-05 -7.236010185161631167e-05
5.700000000000000000e+01 -1.895922875722019693e-05 -8.353809094960296371e-05
5.800000000000000000e+01 -2.720884369105456126e-05 -8.981148810948132535e-05
5.900000000000000000e+01 -3.563786076905214341e-06 -9.675285484301630423e-05
6.000000000000000000e+01 -1.422217152372210417e-05 -1.008452893506782248e-04
6.100000000000000000e+01 -2.216863716937427111e-05 -1.103762872516994250e-04
6.200000000000000000e+01 -3.069995116052450044e-05 -1.191503635026373289e-04
6.300000000000000000e+01 -3.461797208630538943e-05 -1.075435523365638390e-04
6.400000000000000000e+01 -2.244501184552906686e-05 -1.243459849462069677e-04
6.500000000000000000e+01 -2.504661530981678751e-05 -1.128363469718324794e-04
6.600000000000000000e+01 -3.712692870939784045e-05 -1.116095098638619678e-04
6.700000000000000000e+01 -4.354706034251065977e-05 -9.971759715821467600e-05
6.800000000000000000e+01 -3.526540397489838914e-05 -9.394483375533600549e-05
6.900000000000000000e+01 -2.160736411323984220e-05 -5.942407161241568980e-05
7.000000000000000000e+01 -2.068372553979008381e-05 -7.282014773802959816e-05
7.100000000000000000e+01 7.851551632028015335e-05 2.312613706213508772e-05
7.200000000000000000e+01 1.060865735583893413e-04 -1.943578478405508952e-07
7.300000000000000000e+01 9.550616927262532544e-05 -4.755983509739640259e-06
7.400000000000000000e+01 1.027745782705021368e-04 1.209633371237934542e-05
7.500000000000000000e+01 1.108767206336703045e-04 2.405294525518722316e-05
7.600000000000000000e+01 1.098280690398243059e-04 1.012450501932953044e-05
7.700000000000000000e+01 1.176805780822967514e-04 -1.730280955834037585e-05
7.800000000000000000e+01 1.268612662024258563e-04 -1.219072134740148563e-05
7.900000000000000000e+01 1.355105333208804139e-04 -4.680387195551361208e-06
8.000000000000000000e+01 1.235123491178959077e-04 -8.696056448646578407e-06
8.100000000000000000e+01 1.083606563298727330e-04 -3.719975097068283287e-06
8.200000000000000000e+01 1.146073602161569200e-04 4.748294937857091972e-06
8.300000000000000000e+01 1.279641781552474141e-04 2.102956470521134190e-05
8.400000000000000000e+01 1.178719578808444643e-04 3.157124001773644603e-05
8.500000000000000000e+01 1.270521667660684593e-04 2.580241285344242013e-05
8.600000000000000000e+01 1.377981061037500919e-04 2.930286755188980894e-05
8.700000000000000000e+01 1.278704664087742940e-04 3.858952760589606481e-05
8.800000000000000000e+01 1.326899723493236332e-04 5.554870365354460174e-05
8.900000000000000000e+01 1.191433826997809577e-04 4.326241695907067091e-05
9.000000000000000000e+01 1.229848513202640669e-04 5.377834953523661651e-05
9.100000000000000000e+01 1.151985083297948464e-04 4.429813422850166748e-05
9.200000000000000000e+01 1.325192762408041532e-04 4.016526891870930108e-05
9.300000000000000000e+01 1.375417583725875505e-04 4.940970958985093579e-05
9.400000000000000000e+01 1.283678173635415410e-04 6.603028035084303454e-05
9.500000000000000000e+01 1.196555138111701436e-04 5.926469327316438105e-05
9.600000000000000000e+01 1.327710264373418514e-04 6.166205472900306115e-05
9.700000000000000000e+01 1.458675746158080244e-04 5.643281899505529759e-05
9.800000000000000000e+01 1.583072502013938921e-04 5.266919054476330381e-05
9.900000000000000000e+01 1.714097597296820766e-04 5.191019924596455826e-05
1.000000000000000000e+02 1.767583624162455641e-04 4.186456341583774497e-05
