# t, x, y for 10-step Levy flight with mu = 2.5
1.000000000000000000e+00 -7.042200669267523379e-05 -7.684153290393427977e-06
2.000000000000000000e+00 -6.921203245799835305e-05 -2.010137909803812043e-05
3.000000000000000000e+00 -6.529384920409587740e-05 1.197563449512425342e-06
4.000000000000000000e+00 -5.835952705445391492e-05 1.329094061610623237e-05
5.000000000000000000e+00 -6.886348408667529431e-05 3.666226864651864466e-06
6.000000000000000000e+00 -2.681765465644777609e-05 4.317455531539397679e-06
7.000000000000000000e+00 -1.730204100353623738e-05 -4.077262520295685125e-06
8.000000000000000000e+00 -1.264356010501223706e-04 -7.293400341635670559e-05
9.000000000000000000e+00 -1.205517792765405457e-04 -8.158081525195577536e-05
1.000000000000000000e+01 -1.240311688397616760e-04 -6.953250724002894866e-05
