# 2*np.log[MAD(r)] for 100 flights; 1000 steps per flight; run 49 of 50; mu: 3.50; seed: 48
-2.613913257893466380e+01
-2.371684789732127996e+01
-2.319874464237000922e+01
-2.260925557591280111e+01
-2.229332226903979475e+01
-2.195592523175734456e+01
-2.189780013045979956e+01
-2.161026190465537766e+01
-2.165779750554343508e+01
-2.168228182138198434e+01
-2.158885002356486282e+01
-2.123234380617634898e+01
-2.088071861318578470e+01
-2.114504536516980338e+01
-2.086340942871827764e+01
-2.065064109175631657e+01
-2.115989335278408845e+01
-2.112873352431591911e+01
-2.088614816880350844e+01
-2.088445593438095571e+01
-2.100857112870354726e+01
-2.070172849661324932e+01
-2.054896397046741541e+01
-2.049796637700541169e+01
-2.048450984477760528e+01
-2.048237124239914309e+01
-2.043018801541560947e+01
-2.020882221577538473e+01
-2.007717578050678853e+01
-2.005350922312628725e+01
-2.009436215934354664e+01
-2.023689241448997223e+01
-2.021591565320456141e+01
-2.015893582864084621e+01
-2.031350624149314399e+01
-2.015011434973022020e+01
-2.025393194055593682e+01
-2.019044465847972347e+01
-2.004339472904199226e+01
-2.001746868130056001e+01
-2.002128801844909134e+01
-1.982555036941041493e+01
-1.981158491906991870e+01
-1.975775218247343545e+01
-2.003411845966897076e+01
-2.003054484519784850e+01
-1.996030700694464599e+01
-1.988235680795567717e+01
-1.982553741976972006e+01
-1.989365190353866808e+01
-1.987364929440540351e+01
-1.965575080587236556e+01
-1.963914642316018089e+01
-1.973777192878176479e+01
-1.959160135373710077e+01
-1.964376823285706664e+01
-1.928315618882388804e+01
-1.922917278593963530e+01
-1.959926434779092119e+01
-1.951602347414652527e+01
-1.959742351013596462e+01
-1.948537261817574162e+01
-1.934737957313910783e+01
-1.920526295358372693e+01
-1.921065285439007653e+01
-1.929475027991763270e+01
-1.928358725130584972e+01
-1.934153802991339077e+01
-1.930559690268478690e+01
-1.940257276784774376e+01
-1.953126851026708621e+01
-1.951815325534592915e+01
-1.934834805016345172e+01
-1.932683249144622195e+01
-1.940125154956699305e+01
-1.956922084442562593e+01
-1.951664901984727152e+01
-1.945568132317508869e+01
-1.946064850688421188e+01
-1.957008679686570218e+01
-1.942564544168118346e+01
-1.938038728901139862e+01
-1.946527990339776437e+01
-1.944101772069981138e+01
-1.924479564926824793e+01
-1.924736295111204853e+01
-1.939777705519555084e+01
-1.941537953043063425e+01
-1.947917413993406655e+01
-1.954048155442259826e+01
-1.945396704588158698e+01
-1.934939149821445525e+01
-1.935628049231393177e+01
-1.972284094907325169e+01
-1.948464763256059129e+01
-1.956649999907169502e+01
-1.942061708285525157e+01
-1.944219369108406781e+01
-1.960273666276880178e+01
-1.956422766148711290e+01
-1.945957090037235204e+01
-1.953736559053213995e+01
-1.944815621126862837e+01
-1.933771754819931132e+01
-1.941510879186620642e+01
-1.947212024517801865e+01
-1.946363103931505734e+01
-1.945361736784949613e+01
-1.954131187812578929e+01
-1.931964674274381366e+01
-1.936782218631381625e+01
-1.937471568409209866e+01
-1.944034435983802211e+01
-1.948014235678798656e+01
-1.926821581664729166e+01
-1.913495766139921983e+01
-1.906953521245105776e+01
-1.902983652438705775e+01
-1.913782165650459177e+01
-1.906872018297354998e+01
-1.912755196764979715e+01
-1.928465383948164558e+01
-1.917751757360082721e+01
-1.895672878614709234e+01
-1.885933298966600802e+01
-1.888037621516481579e+01
-1.897705831087035833e+01
-1.900959388458909771e+01
-1.891882095893831206e+01
-1.878044955905400570e+01
-1.883505563362710333e+01
-1.886471639243934106e+01
-1.879132893665855875e+01
-1.898212079975854039e+01
-1.898007118717924158e+01
-1.890519901217418308e+01
-1.914672046316945142e+01
-1.911332517218255589e+01
-1.909338288442792120e+01
-1.912382555948692087e+01
-1.905792208271816790e+01
-1.904759521733051031e+01
-1.909299230960216320e+01
-1.892240988944574198e+01
-1.891014273103273524e+01
-1.896809760849879112e+01
-1.892743543414444929e+01
-1.910450442032380280e+01
-1.881894132436563538e+01
-1.884284561087862642e+01
-1.891577435812351737e+01
-1.892597764584742492e+01
-1.877237228822304260e+01
-1.896648410458572442e+01
-1.900388257802588043e+01
-1.874986529131567536e+01
-1.888670684539817302e+01
-1.885383875982061497e+01
-1.881240243522000455e+01
-1.880359029467698306e+01
-1.876474595818640267e+01
-1.868385847591028792e+01
-1.857541609483834932e+01
-1.860036351100113450e+01
-1.859515868018586104e+01
-1.851823737512285817e+01
-1.850171368169160502e+01
-1.845068891052425286e+01
-1.845470300392635110e+01
-1.858313193762687376e+01
-1.864049052649340865e+01
-1.840474918292575168e+01
-1.835611372812614306e+01
-1.839920061937175433e+01
-1.840732766171619872e+01
-1.833128188241258982e+01
-1.831539671951496118e+01
-1.836855398182506960e+01
-1.828365754847163061e+01
-1.837192265965522253e+01
-1.837587911760994430e+01
-1.830198873685441185e+01
-1.825193302849727317e+01
-1.836867211491215102e+01
-1.825991262453695185e+01
-1.837871274182449000e+01
-1.834463772347073984e+01
-1.838969221188899894e+01
-1.837286044843779820e+01
-1.840586954881537451e+01
-1.850341114642631979e+01
-1.840260416727385362e+01
-1.861465252749367494e+01
-1.845077399710366706e+01
-1.840868249757678754e+01
-1.839288835326630434e+01
-1.825059951513811995e+01
-1.841148338175250032e+01
-1.829677790607366106e+01
-1.842719334784842999e+01
-1.844512934181391728e+01
-1.830089739662965442e+01
-1.817274928211800855e+01
-1.828010703124444447e+01
-1.827157507817085147e+01
-1.817732568434059104e+01
-1.827690003958644382e+01
-1.831146230194045899e+01
-1.829971724218181350e+01
-1.813499851462672652e+01
-1.807545822157378623e+01
-1.809098567434631377e+01
-1.812799848566411498e+01
-1.825433478449583546e+01
-1.825998050675483242e+01
-1.815617972258489843e+01
-1.820142765570395937e+01
-1.824448649461069394e+01
-1.835373624438069839e+01
-1.841983184663253681e+01
-1.843979613163239151e+01
-1.837467283394918383e+01
-1.837716138909439678e+01
-1.840832904355933408e+01
-1.824846106396376655e+01
-1.833712399915692259e+01
-1.820841915969204905e+01
-1.832446278322882094e+01
-1.820707168894755767e+01
-1.810646202346027067e+01
-1.818668106834550358e+01
-1.798460554801415157e+01
-1.811873661638002275e+01
-1.816766613368859851e+01
-1.810319636371218621e+01
-1.808298230640076198e+01
-1.810948632929941127e+01
-1.814239789859025365e+01
-1.805033989179001352e+01
-1.800756093421133386e+01
-1.825722584044185126e+01
-1.809656536722451747e+01
-1.795985821605008326e+01
-1.796892832264847328e+01
-1.818659730389638796e+01
-1.827298381720367004e+01
-1.813572250795279928e+01
-1.815189747110208884e+01
-1.819199791145942768e+01
-1.824048234425658066e+01
-1.820826404363214834e+01
-1.816194601375064011e+01
-1.821176808068991448e+01
-1.815152033931255460e+01
-1.801998395130740249e+01
-1.802629902503378290e+01
-1.801032386184503764e+01
-1.810766187681961270e+01
-1.813137566619276697e+01
-1.796360317641966731e+01
-1.793605247422075877e+01
-1.801447174716312816e+01
-1.807446549236045641e+01
-1.817232202990544110e+01
-1.820886529776618801e+01
-1.815072326944194359e+01
-1.801534217427404982e+01
-1.793943321782595746e+01
-1.799431518708101763e+01
-1.802371112789923657e+01
-1.789849619892215671e+01
-1.792408734624764577e+01
-1.798649153964850811e+01
-1.800830465059190999e+01
-1.813174786287313722e+01
-1.806849905919728982e+01
-1.801838486451825361e+01
-1.797928311906911603e+01
-1.806339218812151870e+01
-1.799917751549224576e+01
-1.798312151710979379e+01
-1.815894450253683701e+01
-1.815995755803788114e+01
-1.813060913639586147e+01
-1.812012101388203789e+01
-1.824400091631868648e+01
-1.819115865085265327e+01
-1.810806675890571427e+01
-1.802655939821964992e+01
-1.797484326025767132e+01
-1.788040809045010704e+01
-1.785452034390458920e+01
-1.778355774843944204e+01
-1.789355834422471148e+01
-1.789242641074810081e+01
-1.789788549713805210e+01
-1.794086869586459443e+01
-1.794393078420369747e+01
-1.797195318985151857e+01
-1.782943657248698344e+01
-1.794707971416993075e+01
-1.800236754442332554e+01
-1.786608811607898062e+01
-1.782908048926500655e+01
-1.790316326225724808e+01
-1.785406518677155674e+01
-1.788591621353616290e+01
-1.794627836128549347e+01
-1.788269501953807961e+01
-1.787234211812020490e+01
-1.773268144864215401e+01
-1.786280274720902383e+01
-1.784500034752833386e+01
-1.784743372116189164e+01
-1.781080990111451356e+01
-1.782004845299142559e+01
-1.780502897631453507e+01
-1.787917398450158402e+01
-1.792591708249288374e+01
-1.797646547658877481e+01
-1.795109206751074638e+01
-1.786244746396050331e+01
-1.776173595368911862e+01
-1.782760879259562259e+01
-1.784863431892196672e+01
-1.790808612260707378e+01
-1.776190773297940950e+01
-1.787390196723810121e+01
-1.773119823700946185e+01
-1.780648030266429060e+01
-1.780961508842027641e+01
-1.781381802060372976e+01
-1.789487508301287377e+01
-1.786932225318506440e+01
-1.781754989533760281e+01
-1.772833464275127824e+01
-1.784526608908833012e+01
-1.793024155834191546e+01
-1.788518642988996277e+01
-1.784814831971562654e+01
-1.776241490033460479e+01
-1.778250715255449776e+01
-1.781362810202849190e+01
-1.786795683426083770e+01
-1.781713268836308472e+01
-1.785523705291353735e+01
-1.776200995144409234e+01
-1.773307455700702562e+01
-1.782981737058755201e+01
-1.778882424473609447e+01
-1.779219455558794394e+01
-1.784027787573935697e+01
-1.770298477167877138e+01
-1.786549696213588234e+01
-1.795913981079691268e+01
-1.800239263382602317e+01
-1.787468476062129241e+01
-1.797109373435805324e+01
-1.784328584610611657e+01
-1.789772316997293800e+01
-1.791513038090903720e+01
-1.797741222289849716e+01
-1.798444357069304900e+01
-1.788047127840960471e+01
-1.773979848069157939e+01
-1.775331151602207669e+01
-1.779191052894825731e+01
-1.788235382299737708e+01
-1.785291714983786804e+01
-1.772761474386774694e+01
-1.777439424154260195e+01
-1.768755279279239900e+01
-1.766101851141081625e+01
-1.769309799924210580e+01
-1.772340729147651217e+01
-1.767878471514869787e+01
-1.760239714362233343e+01
-1.763350062970146226e+01
-1.763545631573027350e+01
-1.760182206753210110e+01
-1.773771528907298034e+01
-1.766731068014505723e+01
-1.766035447361416999e+01
-1.766380520750119487e+01
-1.764329381324482782e+01
-1.773196310476112103e+01
-1.770783468770630620e+01
-1.770149144061050350e+01
-1.776362784752669555e+01
-1.781502916594946484e+01
-1.774190341650459857e+01
-1.788877972433172658e+01
-1.773679926821155561e+01
-1.774148766214972994e+01
-1.759464940823179191e+01
-1.775548524607428291e+01
-1.753408529654517523e+01
-1.758993782614554746e+01
-1.765354036116644565e+01
-1.758945378166442097e+01
-1.760918186346861347e+01
-1.746709745950773041e+01
-1.748184685372563862e+01
-1.747076329535078187e+01
-1.746888792053476180e+01
-1.741082962352078312e+01
-1.743227043784745334e+01
-1.751966494168416943e+01
-1.755353217496513807e+01
-1.758705244367336462e+01
-1.738375218673834510e+01
-1.742146209034754634e+01
-1.737420708553522175e+01
-1.736158660339204474e+01
-1.728074116628215506e+01
-1.729357914522703865e+01
-1.727733044865017575e+01
-1.735712298458490466e+01
-1.735387036819766493e+01
-1.745560295683454655e+01
-1.742628809854791783e+01
-1.730355965460636014e+01
-1.739117559026277604e+01
-1.721437104051999967e+01
-1.722704465321111655e+01
-1.724057479180507357e+01
-1.741654136267372621e+01
-1.734036251968804976e+01
-1.737339593269267723e+01
-1.735106015907997801e+01
-1.739102650203960110e+01
-1.748927773827986343e+01
-1.760376330517756571e+01
-1.756644867044142444e+01
-1.769907224545387336e+01
-1.766688036702828413e+01
-1.763553912573446425e+01
-1.762916161663851611e+01
-1.755663751938686801e+01
-1.752757672042735138e+01
-1.750623197180436463e+01
-1.751473364600312266e+01
-1.751281505522013404e+01
-1.749422189226108415e+01
-1.762277322222442422e+01
-1.748384735794178368e+01
-1.744042120923666772e+01
-1.761172498219686133e+01
-1.759513436982954104e+01
-1.746440639949647178e+01
-1.753653070542609171e+01
-1.757322964658995446e+01
-1.754249046651365873e+01
-1.754479834918776149e+01
-1.752957314071916173e+01
-1.751776411563614744e+01
-1.755235344101676986e+01
-1.746457922233848592e+01
-1.740880559548615025e+01
-1.728886398814686132e+01
-1.737488598189933953e+01
-1.729733727820310207e+01
-1.738876998561017473e+01
-1.732749207086413534e+01
-1.734506785591759126e+01
-1.748522383213414244e+01
-1.741865283121850538e+01
-1.756436797786143345e+01
-1.746213709049855822e+01
-1.740756696827974537e+01
-1.738442446123698559e+01
-1.732679496678818865e+01
-1.740145384338243417e+01
-1.738179926309573275e+01
-1.742445069023817439e+01
-1.748553962644988857e+01
-1.750798543944844354e+01
-1.745586265657521707e+01
-1.734928194048464434e+01
-1.732537372160787470e+01
-1.731981062370548941e+01
-1.724075814000632434e+01
-1.735941886577115412e+01
-1.728273672677235240e+01
-1.725924310297900277e+01
-1.721572468637855380e+01
-1.726532683965326953e+01
-1.727672631781713264e+01
-1.720445884817380033e+01
-1.717084970134002475e+01
-1.721732978802873504e+01
-1.714325372337683362e+01
-1.714338760001592021e+01
-1.712282757645926523e+01
-1.716379527232947666e+01
-1.713649176429612098e+01
-1.719796212662175350e+01
-1.715449055884544549e+01
-1.723778456734752496e+01
-1.719406053762771336e+01
-1.724341644510888116e+01
-1.726247456150601423e+01
-1.728349825859114830e+01
-1.728159131084603573e+01
-1.720743948619498909e+01
-1.714063954112841159e+01
-1.720968187036725539e+01
-1.728739561617075893e+01
-1.719897428708205211e+01
-1.717126904886294625e+01
-1.717014646620478402e+01
-1.732234748947450598e+01
-1.745580233539401505e+01
-1.738772707775556370e+01
-1.738986358644564589e+01
-1.738091527508475664e+01
-1.745686162836041078e+01
-1.733715402058798816e+01
-1.735420825786373200e+01
-1.736415191625365040e+01
-1.734371869273561373e+01
-1.734527892295861662e+01
-1.728846152656120339e+01
-1.733299857361101814e+01
-1.723114363256410186e+01
-1.732332638689939230e+01
-1.739238145690038095e+01
-1.748721831851424113e+01
-1.750277847906470186e+01
-1.741962958194126188e+01
-1.748062683850880106e+01
-1.754407139398303528e+01
-1.752391079260189599e+01
-1.751969409124101773e+01
-1.740950234267719665e+01
-1.738474116548887594e+01
-1.731849230051189892e+01
-1.727610262987174039e+01
-1.728590730299912082e+01
-1.738308265460158353e+01
-1.749899620110765497e+01
-1.753664992343016493e+01
-1.753578692585211485e+01
-1.762840824795193129e+01
-1.750479852410217774e+01
-1.747286373494049627e+01
-1.755075443804829405e+01
-1.750848033853765173e+01
-1.745017629921361646e+01
-1.729139395238998134e+01
-1.727026512963293214e+01
-1.728941474317630522e+01
-1.740443298017229168e+01
-1.743668090506195867e+01
-1.732889217958520334e+01
-1.750039837312116475e+01
-1.754516949241847001e+01
-1.744787434798113424e+01
-1.744071119806303471e+01
-1.745283144446216284e+01
-1.754909133619906925e+01
-1.765998114482956183e+01
-1.757670771093798479e+01
-1.757329697944069125e+01
-1.753057594751967230e+01
-1.751235279706645898e+01
-1.748704596065985939e+01
-1.750164642994944941e+01
-1.758054801931243105e+01
-1.753958524744448155e+01
-1.751357664664442026e+01
-1.753613704033625353e+01
-1.758351454857463381e+01
-1.758325169926500209e+01
-1.754525298762883168e+01
-1.739020705945741341e+01
-1.748385740615384520e+01
-1.743358485803659619e+01
-1.737762127957687142e+01
-1.741139516486813577e+01
-1.730370454351805876e+01
-1.728396095405660660e+01
-1.733330068252887912e+01
-1.727199326284918968e+01
-1.726823084074544212e+01
-1.731047138165029153e+01
-1.741161876048069956e+01
-1.744775262011761896e+01
-1.734627792378960365e+01
-1.721583314211829574e+01
-1.723067395219131015e+01
-1.727518554531080142e+01
-1.741918453485076412e+01
-1.735280804818842526e+01
-1.728699493001671783e+01
-1.730272809382536892e+01
-1.723593739661636448e+01
-1.724042184950355860e+01
-1.731778438582172086e+01
-1.730054558466683545e+01
-1.726118908916103933e+01
-1.723185474832727593e+01
-1.717389575707119675e+01
-1.726117977610994103e+01
-1.721254856582128312e+01
-1.738722696044952798e+01
-1.735915330279231128e+01
-1.737111525109018473e+01
-1.737141226202097499e+01
-1.735715112568974661e+01
-1.729747855975412563e+01
-1.731108963095906716e+01
-1.728510243430944371e+01
-1.721418266381924056e+01
-1.713477937069080070e+01
-1.710941774481747757e+01
-1.706116087168036088e+01
-1.714159800605322559e+01
-1.718637606982453647e+01
-1.708085437950330032e+01
-1.707894259509793500e+01
-1.710727710500691856e+01
-1.711554807450102800e+01
-1.717009030562379479e+01
-1.717281231209035042e+01
-1.716428529650137236e+01
-1.723854028692839435e+01
-1.729014617640309126e+01
-1.729999857349575976e+01
-1.734317786612793810e+01
-1.738231588821575002e+01
-1.733113108791395618e+01
-1.733424019746104605e+01
-1.755826207418073182e+01
-1.745804699228876800e+01
-1.733772798653954439e+01
-1.730475822561739818e+01
-1.732991758157331574e+01
-1.727060183707590824e+01
-1.739492472473116536e+01
-1.742771998602538019e+01
-1.742132398407004601e+01
-1.738774698625561399e+01
-1.735553073165919713e+01
-1.735356547103537395e+01
-1.734655882060012289e+01
-1.748566406884311775e+01
-1.743650814005631489e+01
-1.743260930881872284e+01
-1.743735220982220468e+01
-1.737028384646793810e+01
-1.735971547913588964e+01
-1.741543600022779970e+01
-1.745244351580177522e+01
-1.735599428783394771e+01
-1.729113901400587494e+01
-1.733729898329683294e+01
-1.731960110086757965e+01
-1.726615970181765647e+01
-1.724065370805577047e+01
-1.725823158557056303e+01
-1.739807842588751186e+01
-1.745657806648267751e+01
-1.750810805370334222e+01
-1.746639783772373988e+01
-1.739773015797997147e+01
-1.742720489867350508e+01
-1.732195037660699199e+01
-1.741854250051776631e+01
-1.735551283585755655e+01
-1.736745261380546168e+01
-1.736133751924689861e+01
-1.744203866804326353e+01
-1.756686722027698977e+01
-1.755759604213316649e+01
-1.764707453868354747e+01
-1.759911172799250068e+01
-1.748186282394733482e+01
-1.757894989833832966e+01
-1.752164820656456001e+01
-1.749434154843014966e+01
-1.749833269242983746e+01
-1.744408516454966218e+01
-1.732471056515499441e+01
-1.734599981883328823e+01
-1.745948345288687875e+01
-1.752770796255421004e+01
-1.756620031640462543e+01
-1.752733496162706928e+01
-1.746765560683730811e+01
-1.739225103448214327e+01
-1.745868699855273221e+01
-1.744694329552798351e+01
-1.743245132873210679e+01
-1.742991234082217034e+01
-1.740795056128004248e+01
-1.734427684500868239e+01
-1.738424682435919522e+01
-1.735057269170394889e+01
-1.733383065598257033e+01
-1.741050164757120200e+01
-1.737074746583551388e+01
-1.731087661134585787e+01
-1.734009630655603473e+01
-1.732790564109829035e+01
-1.723505147511914615e+01
-1.724088014446929407e+01
-1.722400694861102011e+01
-1.728824439486551867e+01
-1.735617678734520908e+01
-1.738287279084343950e+01
-1.734223829885835499e+01
-1.740352706157068496e+01
-1.732438220543755136e+01
-1.737039456225550893e+01
-1.745582264025813757e+01
-1.720378520509421705e+01
-1.734201873237114100e+01
-1.731622661242492711e+01
-1.727124403765867910e+01
-1.716108415792812281e+01
-1.722295208032577563e+01
-1.713548425469936021e+01
-1.719066252872360678e+01
-1.724572194520592561e+01
-1.722811136605184856e+01
-1.719578548223641334e+01
-1.720386001588080305e+01
-1.721033280669261600e+01
-1.727418191136430181e+01
-1.738766597570582917e+01
-1.722570149507558668e+01
-1.722856984616625553e+01
-1.723170042218271547e+01
-1.721641222638814028e+01
-1.718863974830656005e+01
-1.710302900546318128e+01
-1.705614430363708678e+01
-1.710447910336343824e+01
-1.705085328706444514e+01
-1.706876869866279023e+01
-1.715697202936117804e+01
-1.718659478140886776e+01
-1.717099200575739815e+01
-1.713673972758608599e+01
-1.705046382507579494e+01
-1.713763950797239133e+01
-1.713647943594659750e+01
-1.714325114860874422e+01
-1.731737339075553450e+01
-1.727747313036022092e+01
-1.722169713315261319e+01
-1.732029775468050303e+01
-1.735002426034090917e+01
-1.720873432677527148e+01
-1.716779800279893919e+01
-1.724088852151136564e+01
-1.729627586524432559e+01
-1.730350817678804987e+01
-1.734731618091335648e+01
-1.735238050415503253e+01
-1.733713124405223382e+01
-1.729222673085862994e+01
-1.726121036878971182e+01
-1.726048602160974710e+01
-1.723456426856012058e+01
-1.744080620391701331e+01
-1.728918005269705205e+01
-1.729808471055806152e+01
-1.721469226961476195e+01
-1.721053633540983085e+01
-1.725160277122811081e+01
-1.722980281896215615e+01
-1.714472482901777184e+01
-1.713367307386032934e+01
-1.717360770090377997e+01
-1.710642363569804303e+01
-1.716197305723704503e+01
-1.715993180688183273e+01
-1.715889714895683582e+01
-1.716173443749836736e+01
-1.721471597054637925e+01
-1.710023071034027708e+01
-1.713903536762409630e+01
-1.707788917046703503e+01
-1.714942368400685169e+01
-1.711590658308090340e+01
-1.711228459998852713e+01
-1.703566017450545189e+01
-1.704337906532656888e+01
-1.699243133554057650e+01
-1.708281479741498643e+01
-1.714403295735396782e+01
-1.708905049638893914e+01
-1.716773866239699942e+01
-1.706466392859200454e+01
-1.703926714882754112e+01
-1.701878901248106501e+01
-1.701762326966166938e+01
-1.698229654933397370e+01
-1.711728626798367259e+01
-1.706673160669043554e+01
-1.711012170181972181e+01
-1.702034502620489320e+01
-1.705172251447877230e+01
-1.708866354511899033e+01
-1.709114090643915418e+01
-1.705735010651769912e+01
-1.707387665902572849e+01
-1.707217429482271598e+01
-1.708286827851154754e+01
-1.709977505152223998e+01
-1.711319390048418754e+01
-1.717178628217988390e+01
-1.714914905294973835e+01
-1.715780992954252326e+01
-1.720710153198306713e+01
-1.716106383215592501e+01
-1.715623675621117883e+01
-1.728526878168470660e+01
-1.727819093504455239e+01
-1.719319121434827125e+01
-1.706280927517978796e+01
-1.705303399385529062e+01
-1.714530364456297917e+01
-1.720624821544056005e+01
-1.713465800655401594e+01
-1.720222361287342494e+01
-1.722407717876150457e+01
-1.715867052693987560e+01
-1.716385759277993017e+01
-1.716068336216327594e+01
-1.709485365477984686e+01
-1.715267176110479852e+01
-1.706898664097793272e+01
-1.707810974438898199e+01
-1.702750156862085618e+01
-1.696756532348850399e+01
-1.683895573833977366e+01
-1.689258529239628359e+01
-1.698176502649640796e+01
-1.697132483309346185e+01
-1.703511156535158122e+01
-1.690414121566663042e+01
-1.698384476555831313e+01
-1.699870738279458138e+01
-1.715046877354251365e+01
-1.711094329122063229e+01
-1.709267258236135589e+01
-1.707961270338900661e+01
-1.711184548331216959e+01
-1.717136397576254936e+01
-1.708396601590634489e+01
-1.710616683416109396e+01
-1.695825543714418870e+01
-1.687560230000086037e+01
-1.687496515671607966e+01
-1.681780905061585329e+01
-1.676183915800564961e+01
-1.681564413193523322e+01
-1.681703311284873337e+01
-1.676016826237074042e+01
-1.683388341893912354e+01
-1.682801853430188643e+01
-1.680653487255186107e+01
-1.686357862349977665e+01
-1.690048199915315408e+01
-1.683797506870114802e+01
-1.689960980473508201e+01
-1.691070994065441724e+01
-1.691913381449495191e+01
-1.686568354088421273e+01
-1.701839311803147226e+01
-1.690451196435975234e+01
-1.692048819903300938e+01
-1.687582147439705693e+01
-1.692239964874746505e+01
-1.684772116777196160e+01
-1.696054620315952377e+01
-1.702352227729227607e+01
-1.703370762104766456e+01
-1.701420817543274211e+01
-1.701767870793641890e+01
-1.702144563459578919e+01
-1.707313753901620856e+01
-1.707422551658650178e+01
-1.703946653137500178e+01
-1.703586899640770014e+01
-1.703232668653546966e+01
-1.706206644966937702e+01
-1.716315423186089362e+01
-1.698093973497773490e+01
-1.705546422759525527e+01
-1.712104812466096604e+01
-1.710091808438683003e+01
-1.713777442481235269e+01
-1.705647173144043904e+01
-1.703962400150970424e+01
-1.700090886079143004e+01
-1.699255745883836255e+01
-1.699977319073406790e+01
-1.711689545721606009e+01
-1.703450883262652837e+01
-1.719351242498310839e+01
-1.702502143666457357e+01
-1.703949127798454555e+01
-1.708066718227313174e+01
-1.704540892145096720e+01
-1.700457102186667058e+01
-1.694997921889632408e+01
-1.694211425041982366e+01
-1.697001926617159739e+01
-1.704316999690739109e+01
-1.699356159985954662e+01
-1.692663592414118057e+01
-1.696826755833412648e+01
-1.703553065204777184e+01
-1.695197854428704787e+01
-1.698403778639882944e+01
-1.701756768770270867e+01
-1.694446801507649880e+01
-1.694877285792311383e+01
-1.695562390141158104e+01
-1.692697767918571827e+01
-1.693124080603821469e+01
-1.689097748035404578e+01
-1.700826633223418582e+01
-1.694983736336849489e+01
-1.698440224975335511e+01
-1.691306618865259281e+01
-1.688441867967413046e+01
-1.684118093177257691e+01
-1.697557180007089883e+01
-1.699955622657436649e+01
-1.698072856278158582e+01
-1.692905140732508684e+01
-1.696157081776498288e+01
-1.699208581032614873e+01
-1.690500086324474083e+01
-1.702731582481958839e+01
-1.701410777402525198e+01
-1.690910076545417340e+01
-1.702553058608191705e+01
-1.703171164654931502e+01
-1.703860100258674848e+01
-1.703089731862526079e+01
-1.706240622495180048e+01
-1.706948618423963637e+01
-1.712273877184785675e+01
-1.705873006327637498e+01
-1.699229174969147493e+01
-1.701401956445171137e+01
-1.702160080649381513e+01
-1.705234798309432520e+01
-1.698361546810759037e+01
-1.699132363504321575e+01
-1.693573931767638285e+01
-1.699717776918873113e+01
-1.703505152976951820e+01
-1.711225397066082010e+01
-1.716181449684238913e+01
-1.711521153197039880e+01
-1.698565763785938998e+01
-1.704630878781637549e+01
-1.700275493672664595e+01
-1.698395726088292790e+01
-1.705241632913483940e+01
-1.712945192608480482e+01
-1.719188696357007018e+01
-1.711169239909278872e+01
-1.713763026265604594e+01
-1.715690278617050879e+01
-1.710412934562737775e+01
-1.702648085900919028e+01
-1.698238632942657134e+01
-1.704810437562056791e+01
-1.703853820788805962e+01
-1.700374830043078234e+01
-1.696272273667258546e+01
-1.697307882053993211e+01
-1.705747477478719176e+01
-1.700572159786967319e+01
-1.701288349222107144e+01
-1.710080276475004268e+01
-1.711143369819585658e+01
-1.706657310631485203e+01
-1.696173453198819558e+01
-1.698120734487105921e+01
-1.689569271424116081e+01
-1.685852506649935734e+01
-1.686776196066660205e+01
-1.690542976357103555e+01
-1.693941082822534838e+01
-1.698434985563755362e+01
-1.701973729292316762e+01
-1.693166293343453432e+01
-1.687246839897251860e+01
-1.685760154357072338e+01
-1.693081046796758216e+01
-1.688035381726675155e+01
