# 2*np.log[MAD(r)] for 100 flights; 1000 steps per flight; run 40 of 50; mu: 3.50; seed: 39
-2.565799324151924665e+01
-2.384668656649209950e+01
-2.307241951850964412e+01
-2.311028076961185462e+01
-2.243922880356869243e+01
-2.247388484656438123e+01
-2.234528109126863527e+01
-2.182882013936113808e+01
-2.178496677690490202e+01
-2.186658718895093401e+01
-2.137015271015669882e+01
-2.122437700541859940e+01
-2.109903580443590698e+01
-2.145068416367448094e+01
-2.149063993684161034e+01
-2.106488007776381366e+01
-2.096435903482047891e+01
-2.076405935929142643e+01
-2.059008320414528370e+01
-2.056809656655428853e+01
-2.052529427630063452e+01
-2.048585034164447194e+01
-2.044132763709914613e+01
-2.036148253844190492e+01
-2.040870670969760070e+01
-2.040738456871562789e+01
-2.053651676540290083e+01
-2.046239787490651452e+01
-2.057580736954332679e+01
-2.049576465897479594e+01
-2.063369824042997536e+01
-2.038400902301768980e+01
-2.026618099748358048e+01
-2.042151789449481214e+01
-2.055723291284506615e+01
-2.044073277863655136e+01
-2.046111352353295487e+01
-2.029406897523388764e+01
-2.040267562792974232e+01
-2.040879409931127242e+01
-2.022630890659891278e+01
-2.024025241591244040e+01
-2.008246982526118529e+01
-2.012805491268043667e+01
-2.011827371244821450e+01
-2.028426403265800104e+01
-2.006652030243985863e+01
-2.017548669983619192e+01
-2.017843819615254830e+01
-2.023037563458084520e+01
-2.026634886188798745e+01
-2.023554690293306280e+01
-2.036129276305521074e+01
-2.013006468191455056e+01
-1.997935494348901386e+01
-2.022058191149858786e+01
-1.992904338725676183e+01
-1.976794461717978635e+01
-2.003441083385420640e+01
-2.003434855300255535e+01
-2.001838483666295687e+01
-1.996804154644008378e+01
-1.989259551735486298e+01
-1.990777268232973185e+01
-1.956276292583800824e+01
-1.965779982091812883e+01
-1.972520814653633181e+01
-1.996286153630130755e+01
-1.993100291280361702e+01
-1.991921945685980688e+01
-1.987776266803173897e+01
-1.971984177899636137e+01
-1.982617470363180345e+01
-1.991284421135051375e+01
-1.980486823437004062e+01
-1.981855256637477325e+01
-1.984412551226090926e+01
-1.995690023216251419e+01
-1.987986801003810555e+01
-1.970973999618080441e+01
-1.976021726555994817e+01
-1.957615773078620691e+01
-1.959255789978762863e+01
-1.954494325673049104e+01
-1.965985201256834003e+01
-1.960440814525327724e+01
-1.958228125259894270e+01
-1.947133915007048799e+01
-1.971648270279676041e+01
-1.947217605852441835e+01
-1.976655872842279393e+01
-1.973884324851143290e+01
-1.974267421842827019e+01
-1.974710671663552120e+01
-1.969253629097129732e+01
-1.952172398099952844e+01
-1.977017887596955248e+01
-1.993285931301649327e+01
-1.968867011779769882e+01
-1.972254787325775993e+01
-1.970146423192453611e+01
-1.975856794582043463e+01
-1.989122406987100433e+01
-1.960696402361820390e+01
-1.971131378691626779e+01
-1.975859200326453902e+01
-1.951800915829247174e+01
-1.963552466321057466e+01
-1.957945855343275099e+01
-1.952484369207786585e+01
-1.958547583548115867e+01
-1.983042904454470801e+01
-1.945396680571868231e+01
-1.956708056604232127e+01
-1.950450690775565832e+01
-1.943866976512094169e+01
-1.950836252334699239e+01
-1.960024072986659860e+01
-1.960423992242827040e+01
-1.937778690099061052e+01
-1.954577869390403322e+01
-1.973002193807547400e+01
-1.942119910307835084e+01
-1.936582715522452958e+01
-1.942377256108748185e+01
-1.918746742410237616e+01
-1.927208315225990631e+01
-1.921735070814839474e+01
-1.920849984835510682e+01
-1.920886103223091723e+01
-1.915057213949294024e+01
-1.896362032133691145e+01
-1.891700427838800280e+01
-1.875872718422234442e+01
-1.876037755687455544e+01
-1.880802070906489831e+01
-1.875083086317885162e+01
-1.879354838089890833e+01
-1.873925718276031205e+01
-1.886780275586102462e+01
-1.875431066984747730e+01
-1.881774486047970996e+01
-1.882081486980968776e+01
-1.883094392087505753e+01
-1.890386328278736272e+01
-1.892486181749408303e+01
-1.868276647899494947e+01
-1.876353406465010210e+01
-1.882871989517301259e+01
-1.881323121450379077e+01
-1.880608279982596898e+01
-1.875851784001531897e+01
-1.870997691184473766e+01
-1.882064829226166935e+01
-1.889938331715545417e+01
-1.903059455412414991e+01
-1.886460145287560053e+01
-1.889931894807721591e+01
-1.888803220785789705e+01
-1.881778922249998942e+01
-1.888682575286603083e+01
-1.894258440188282933e+01
-1.904294684260311499e+01
-1.904401268170586548e+01
-1.906275506459164859e+01
-1.905266805164261967e+01
-1.912913441782270851e+01
-1.908979851777487724e+01
-1.910639802981937052e+01
-1.910167575628847914e+01
-1.909312070822936747e+01
-1.924544865562905116e+01
-1.920444629790665658e+01
-1.922264498516501163e+01
-1.906608659050775856e+01
-1.913803203269484499e+01
-1.913528928315532696e+01
-1.897346619392283884e+01
-1.919715523485658792e+01
-1.902804308173829995e+01
-1.906152321220699619e+01
-1.909779810877423145e+01
-1.911030545834376326e+01
-1.923666482483161033e+01
-1.909286348215434614e+01
-1.897932803225177523e+01
-1.900873035803088484e+01
-1.909668212467709481e+01
-1.909418641223017588e+01
-1.907709274225970475e+01
-1.894178464884521063e+01
-1.906360310641182920e+01
-1.894757700602280792e+01
-1.875991040210529803e+01
-1.889094571987885018e+01
-1.881233887288696494e+01
-1.876991850457798350e+01
-1.886095604518362379e+01
-1.888472062783365857e+01
-1.873225517798979922e+01
-1.871131956202544799e+01
-1.876022753533224119e+01
-1.867967836349655997e+01
-1.874073920595511211e+01
-1.871803993441571379e+01
-1.866966136862399139e+01
-1.874846447033528918e+01
-1.864285469743180101e+01
-1.864977198783937951e+01
-1.882137085506385432e+01
-1.868238673474445122e+01
-1.878835937405981227e+01
-1.887544931197720288e+01
-1.881867691439326862e+01
-1.871951501774510973e+01
-1.874364612971984201e+01
-1.864570864461508037e+01
-1.873117331531671681e+01
-1.874754869822901426e+01
-1.867798273779994744e+01
-1.870411550416121571e+01
-1.863245061231914335e+01
-1.858820121506894552e+01
-1.851254854669308259e+01
-1.853491049335778484e+01
-1.836334865829717344e+01
-1.838602252028919182e+01
-1.849632725661530941e+01
-1.864602326171601021e+01
-1.857493393445778551e+01
-1.852700725195885312e+01
-1.860151128358997497e+01
-1.857982566878532893e+01
-1.863351035098849451e+01
-1.860528289579119132e+01
-1.856369377536406162e+01
-1.863452644355734478e+01
-1.863606199047402967e+01
-1.866644924999162569e+01
-1.870937512491594390e+01
-1.865601388467044330e+01
-1.862813129985851646e+01
-1.854354256367103915e+01
-1.855738568765408303e+01
-1.867371897125885738e+01
-1.866987555014608802e+01
-1.856291562638967108e+01
-1.851657716574491275e+01
-1.852984840689910584e+01
-1.849486643938391950e+01
-1.851595972713719718e+01
-1.865408901279007026e+01
-1.852565317522540767e+01
-1.865859336342309049e+01
-1.854243200430843430e+01
-1.842466837994473394e+01
-1.843807950718723987e+01
-1.852141952459995977e+01
-1.840552350086646527e+01
-1.847349304479326548e+01
-1.850376376810394774e+01
-1.851492382046771112e+01
-1.856929260347376598e+01
-1.850834984813908335e+01
-1.863880621635071577e+01
-1.861698407202878158e+01
-1.865404275932934297e+01
-1.859205316222310955e+01
-1.872814018311775897e+01
-1.866773119365945632e+01
-1.844482039306563692e+01
-1.853530563614491555e+01
-1.850732296411299416e+01
-1.852491806514387918e+01
-1.840492773917567604e+01
-1.848548164391597481e+01
-1.848533155325496224e+01
-1.834441604413847671e+01
-1.832671752314110236e+01
-1.848499406920018728e+01
-1.836847854380333800e+01
-1.818082833077275495e+01
-1.813554878673269144e+01
-1.824214610224027311e+01
-1.826423869736459338e+01
-1.835479570798345250e+01
-1.824373563878558713e+01
-1.830467863111154969e+01
-1.827079772505496180e+01
-1.821453158490618662e+01
-1.822494187564067758e+01
-1.825247842775996787e+01
-1.809674654255349324e+01
-1.813465360342472721e+01
-1.813033234529716253e+01
-1.818935548380066436e+01
-1.815020417713985879e+01
-1.817308510392966170e+01
-1.812038584359962101e+01
-1.814064573849003636e+01
-1.804885047488957994e+01
-1.820603744053914852e+01
-1.822317953929280065e+01
-1.842827539988868324e+01
-1.839344460299692585e+01
-1.828148896839852711e+01
-1.844370243768075213e+01
-1.820952988674172701e+01
-1.834484929687988242e+01
-1.848868673832166465e+01
-1.838855253016119207e+01
-1.839355078973848023e+01
-1.847040139454285779e+01
-1.837938446474150567e+01
-1.833966401120500578e+01
-1.848089865078790694e+01
-1.866580041170806936e+01
-1.843113111956517614e+01
-1.844931454087880240e+01
-1.852121925957914428e+01
-1.849580305932506263e+01
-1.853029207405421275e+01
-1.861406920210987437e+01
-1.868757937896561216e+01
-1.855722155626025227e+01
-1.858349947847236194e+01
-1.849796701739761318e+01
-1.840643285194085266e+01
-1.840094013171470877e+01
-1.859968569843336539e+01
-1.854824359632148045e+01
-1.858456483580251017e+01
-1.856647403348340575e+01
-1.859214814752341738e+01
-1.838356246567456864e+01
-1.852798532611936722e+01
-1.853537563450830206e+01
-1.848249291224116675e+01
-1.854301498559483363e+01
-1.844565370734702725e+01
-1.869447369097867906e+01
-1.863707666756360837e+01
-1.854093897073851949e+01
-1.851542338843339408e+01
-1.847840369314214115e+01
-1.856424845685631908e+01
-1.858881193476460325e+01
-1.857427889450976011e+01
-1.866751580550863920e+01
-1.848719036818102879e+01
-1.841822484624210432e+01
-1.824067558608439299e+01
-1.824959615276951652e+01
-1.828768304729727134e+01
-1.820871384026860795e+01
-1.835623722903805088e+01
-1.827480339341257576e+01
-1.833329126092362316e+01
-1.840869785677769244e+01
-1.830621266845126982e+01
-1.835140213201211878e+01
-1.838659654942860300e+01
-1.838188022615367601e+01
-1.828648262346471398e+01
-1.840123436957782488e+01
-1.850717102897673172e+01
-1.847688559607503223e+01
-1.835823949384004194e+01
-1.833722220502009037e+01
-1.833370512763598015e+01
-1.822983604935074453e+01
-1.822270571298740904e+01
-1.819278643289171526e+01
-1.808648712480181331e+01
-1.814926452285110514e+01
-1.820125975113329275e+01
-1.812721935771182302e+01
-1.794819981722363522e+01
-1.808495291336721067e+01
-1.809638220039680334e+01
-1.805015319301657328e+01
-1.807271665502224778e+01
-1.834560733181795911e+01
-1.824424148842928162e+01
-1.816606446296509247e+01
-1.836810549955828975e+01
-1.834726143326285097e+01
-1.830462814337536059e+01
-1.828634539019062899e+01
-1.827010777055795288e+01
-1.819758527385112856e+01
-1.823737617115721577e+01
-1.819594128439823066e+01
-1.817508358258050905e+01
-1.822560374150729245e+01
-1.816311996397192985e+01
-1.816275370916017806e+01
-1.827526803050651694e+01
-1.820260605955955668e+01
-1.829978306464390059e+01
-1.820518666164848298e+01
-1.815215670050738694e+01
-1.828739580955884847e+01
-1.818320890262021550e+01
-1.823119004559892531e+01
-1.816454042089025123e+01
-1.819335286247267902e+01
-1.806821094571839126e+01
-1.815782266577986093e+01
-1.817249970265116943e+01
-1.810103408221837284e+01
-1.801447963564130816e+01
-1.805957499179399051e+01
-1.810269587021232240e+01
-1.808289552533052102e+01
-1.798380491435981909e+01
-1.817761886758184531e+01
-1.822722097243185146e+01
-1.822330488050094033e+01
-1.820748527086100310e+01
-1.806757447450189957e+01
-1.823179021113632459e+01
-1.838400608546013615e+01
-1.818830694838239381e+01
-1.811207578350023439e+01
-1.820457105204285853e+01
-1.816386990979330918e+01
-1.831226154962483221e+01
-1.838645790975088801e+01
-1.828916521719627397e+01
-1.834636723587037466e+01
-1.816596351514920826e+01
-1.805622036698984090e+01
-1.819701759740982183e+01
-1.817652894681945241e+01
-1.815789085570042261e+01
-1.827576901392770026e+01
-1.813409211133102872e+01
-1.817901158582531096e+01
-1.806865339766867251e+01
-1.803011689736905865e+01
-1.825922036522291592e+01
-1.814428398554192867e+01
-1.813923063700478266e+01
-1.803560674056095436e+01
-1.824244500546217296e+01
-1.821224143995744171e+01
-1.802247054145049887e+01
-1.802528132326844101e+01
-1.818623695906682158e+01
-1.819017181807952355e+01
-1.805853233244380718e+01
-1.815083224650110694e+01
-1.800952694787657649e+01
-1.808557201383376878e+01
-1.824250206421774578e+01
-1.822460827978177633e+01
-1.792758960059610374e+01
-1.803447844101417274e+01
-1.812303484192421266e+01
-1.812819816267129980e+01
-1.813844715618346370e+01
-1.809454259114464847e+01
-1.809537639295269074e+01
-1.796520428772864619e+01
-1.801523137419371068e+01
-1.792821899576950528e+01
-1.799291912001811156e+01
-1.788927702521846541e+01
-1.793819205182144572e+01
-1.796288584340605610e+01
-1.800729285381891032e+01
-1.808770689177018554e+01
-1.798505693959733875e+01
-1.801002645282055425e+01
-1.776596886492747984e+01
-1.801363807691829777e+01
-1.812195737016776675e+01
-1.807549421108765131e+01
-1.787068430045189871e+01
-1.790170059126149482e+01
-1.793876356030857266e+01
-1.796664112322806517e+01
-1.785710243446668244e+01
-1.777595594726872363e+01
-1.768957832958531284e+01
-1.769926998559384757e+01
-1.765110943669073151e+01
-1.770481192940815163e+01
-1.779258583672427818e+01
-1.774203580625225030e+01
-1.778809835080425827e+01
-1.778524058481990622e+01
-1.779199673922519409e+01
-1.784988301261093468e+01
-1.784934439525211047e+01
-1.776207050983979485e+01
-1.776964647352070159e+01
-1.772882102554199335e+01
-1.786943240449006609e+01
-1.787927113341181595e+01
-1.780646266224421836e+01
-1.768266315136286693e+01
-1.765470022025498764e+01
-1.762327115399028798e+01
-1.765381081104125016e+01
-1.774613272883631510e+01
-1.770938098664291616e+01
-1.763512729843988325e+01
-1.758953470731514912e+01
-1.762537191694325855e+01
-1.761230255601356376e+01
-1.746011426114971243e+01
-1.748322920746389286e+01
-1.754237200842444011e+01
-1.757209068488178261e+01
-1.759591008080910157e+01
-1.761018430474319274e+01
-1.770556459082568423e+01
-1.780350467043331264e+01
-1.772513160833189261e+01
-1.773933365392109707e+01
-1.768783341095797823e+01
-1.765283996601914751e+01
-1.780361221120175941e+01
-1.784569357587109906e+01
-1.778514439269625669e+01
-1.779540741901867307e+01
-1.775979578834521533e+01
-1.767175649280177652e+01
-1.767473831838640663e+01
-1.761942963199593493e+01
-1.768941083016437332e+01
-1.776105328855697252e+01
-1.774793437378597361e+01
-1.763718993789508360e+01
-1.752993522249974490e+01
-1.755914368491253796e+01
-1.763054580907287416e+01
-1.759332199625102788e+01
-1.759322344617859812e+01
-1.753969078912301782e+01
-1.759289553405930207e+01
-1.754493226214157886e+01
-1.754426207745149924e+01
-1.765844862230322931e+01
-1.761759532166938413e+01
-1.762406924175860823e+01
-1.771460766211134441e+01
-1.759205540248451527e+01
-1.760282727540745640e+01
-1.761076021802979596e+01
-1.765175893455076306e+01
-1.772614533492604494e+01
-1.770215694176529908e+01
-1.765314822139929518e+01
-1.761442610052424129e+01
-1.753759825747075141e+01
-1.749092745210409916e+01
-1.745034922756036622e+01
-1.752164030634239467e+01
-1.733137445812038280e+01
-1.733960701775771085e+01
-1.735408574951981109e+01
-1.733947680723026963e+01
-1.738488780008138690e+01
-1.745204377411082675e+01
-1.740746289758811116e+01
-1.739311515482451398e+01
-1.734505299203118867e+01
-1.742593215155380193e+01
-1.742486940899962988e+01
-1.736509209539139320e+01
-1.732942476125069220e+01
-1.744058619921299780e+01
-1.740456702655218990e+01
-1.735748374494977497e+01
-1.743444474834367242e+01
-1.735833776209045709e+01
-1.740578008995393589e+01
-1.741832031412350901e+01
-1.743776635453869162e+01
-1.748040018122354766e+01
-1.743999675915572212e+01
-1.739828366068111620e+01
-1.735523350230334927e+01
-1.743328488220620898e+01
-1.735458627617311933e+01
-1.729241256747230082e+01
-1.738237368138344152e+01
-1.736452894633864474e+01
-1.743412398117569495e+01
-1.741762550218289007e+01
-1.740022448943261679e+01
-1.736225499351190393e+01
-1.742731816694025326e+01
-1.738504574333945740e+01
-1.741267102182474247e+01
-1.744887213826425665e+01
-1.743857732410826600e+01
-1.749544287031276468e+01
-1.753615876453289601e+01
-1.739787909183205628e+01
-1.743377191413229710e+01
-1.751934571478609826e+01
-1.748397123519369956e+01
-1.753585734187905132e+01
-1.755602824064288825e+01
-1.755789258295644473e+01
-1.753622070411362799e+01
-1.756128715884790026e+01
-1.752840550150923704e+01
-1.762751761938642048e+01
-1.758424495499812679e+01
-1.759860894052653180e+01
-1.755154180582408330e+01
-1.758953696088534358e+01
-1.757094790663528272e+01
-1.753561408632228691e+01
-1.764269187523236937e+01
-1.757685402976936473e+01
-1.763921002084493139e+01
-1.757509284809427541e+01
-1.759381756478425629e+01
-1.765247112189541312e+01
-1.761560655618386662e+01
-1.751480152391097533e+01
-1.757272229710637035e+01
-1.759513172758322952e+01
-1.764838478915077147e+01
-1.756900019022862125e+01
-1.757997065116556001e+01
-1.748798219150603472e+01
-1.757625523088443487e+01
-1.762046788582193813e+01
-1.761895534549888964e+01
-1.750227141560221966e+01
-1.747230863049014715e+01
-1.743858059847061526e+01
-1.735717823029084173e+01
-1.736250029705202635e+01
-1.729651369918188664e+01
-1.729788866986477203e+01
-1.736788359583874453e+01
-1.734699636389048649e+01
-1.743335766661080299e+01
-1.746171398275532383e+01
-1.746637255269429900e+01
-1.743185130604951283e+01
-1.740799062861550084e+01
-1.741715779882261117e+01
-1.734917247693316256e+01
-1.740645363362573406e+01
-1.739766833771370358e+01
-1.735718591012564360e+01
-1.730297724503573065e+01
-1.731280931905606835e+01
-1.736338027251999350e+01
-1.729744692676995754e+01
-1.727807774379149919e+01
-1.718740064232171960e+01
-1.720286453176150943e+01
-1.722543246155409946e+01
-1.721094441525498553e+01
-1.717583676217045863e+01
-1.718608624324559031e+01
-1.728305792925664974e+01
-1.720293783761651341e+01
-1.727997102341136682e+01
-1.727793197888802723e+01
-1.727108446231004990e+01
-1.731334585751784871e+01
-1.735186168711890886e+01
-1.738571130952575317e+01
-1.743640601924795064e+01
-1.742696492987392176e+01
-1.748577746830244095e+01
-1.741775215332403803e+01
-1.748365937324412300e+01
-1.743578819688799797e+01
-1.737637667023800603e+01
-1.735510731742017754e+01
-1.738646598627375184e+01
-1.754282804062973966e+01
-1.737909840952708507e+01
-1.735729322552743170e+01
-1.732816414717175846e+01
-1.726975935849355182e+01
-1.728242150682884670e+01
-1.721945858439832833e+01
-1.724670330963208542e+01
-1.724017927557568797e+01
-1.720109096661140669e+01
-1.724144016882490860e+01
-1.727099619859444601e+01
-1.723866553729401829e+01
-1.729027553288959140e+01
-1.733546005316810223e+01
-1.732535512795364596e+01
-1.730399667422180343e+01
-1.729963582639525299e+01
-1.730083750707046519e+01
-1.729533610917080821e+01
-1.730625879508124498e+01
-1.728447115879025020e+01
-1.720993176926792501e+01
-1.718434219200625890e+01
-1.724189681289147202e+01
-1.729045877109815521e+01
-1.724846947673662712e+01
-1.730418310666872017e+01
-1.727869357765784031e+01
-1.720973454272743908e+01
-1.725890139760032937e+01
-1.722981889572174197e+01
-1.726662986147742274e+01
-1.733383001646560473e+01
-1.730739817772676403e+01
-1.717449772610215675e+01
-1.716058023824728451e+01
-1.712278899268651244e+01
-1.709349757983481766e+01
-1.713420213567853523e+01
-1.716483640323053095e+01
-1.717506956569514287e+01
-1.722927993435344973e+01
-1.725488718708191627e+01
-1.735095670695857351e+01
-1.738838309920702940e+01
-1.731024042391436524e+01
-1.738664771105981188e+01
-1.726960708056606109e+01
-1.720507989821606998e+01
-1.730397137372644778e+01
-1.727751546350598488e+01
-1.743733406308796319e+01
-1.729511345659611976e+01
-1.721215338215286295e+01
-1.722937383243428044e+01
-1.726310206891621490e+01
-1.717306176621930547e+01
-1.707211154086603955e+01
-1.710447680164354978e+01
-1.720795584120345367e+01
-1.718948856598649044e+01
-1.718414024287205066e+01
-1.714091513548892465e+01
-1.710523383870853564e+01
-1.712962724270061443e+01
-1.707516263207801188e+01
-1.707529632621892901e+01
-1.698482253001217046e+01
-1.702511529985715555e+01
-1.705993999845451015e+01
-1.708206151580474241e+01
-1.701414602751586003e+01
-1.701469743330731532e+01
-1.715295843441836610e+01
-1.710094482865010690e+01
-1.710782616993002847e+01
-1.712357669612238098e+01
-1.717513159501394782e+01
-1.717575645782944704e+01
-1.709631113578440420e+01
-1.710741909579506981e+01
-1.709734994645887340e+01
-1.725358176563849355e+01
-1.717573426622053390e+01
-1.715804132538430693e+01
-1.729641388182539075e+01
-1.716395205413304126e+01
-1.715212508193149077e+01
-1.719043184865978802e+01
-1.712176707017721711e+01
-1.707478424459613464e+01
-1.712977678865871667e+01
-1.716042803399944816e+01
-1.721356892700787711e+01
-1.710964422287707620e+01
-1.714270910470173348e+01
-1.707711676721319094e+01
-1.707877133579218665e+01
-1.704477347552479216e+01
-1.706071324820015889e+01
-1.709715901861939713e+01
-1.704093777398417942e+01
-1.699506671266112789e+01
-1.682258450571418607e+01
-1.682415563147639403e+01
-1.681661853264160200e+01
-1.686965750504806749e+01
-1.679634342363812749e+01
-1.685386927923610401e+01
-1.695496756454574694e+01
-1.686302573494005230e+01
-1.686910590646018449e+01
-1.687506261129119522e+01
-1.695276694534468831e+01
-1.686351291116919171e+01
-1.680609774543732016e+01
-1.675870428299747772e+01
-1.674460831253236393e+01
-1.674692202419839049e+01
-1.673072958223446705e+01
-1.667276111217126555e+01
-1.672583888451653067e+01
-1.672715889182583737e+01
-1.675261854474050693e+01
-1.678349121304920644e+01
-1.682066026003018067e+01
-1.679494959594319781e+01
-1.673882433452687479e+01
-1.671375656869403059e+01
-1.674825921990283817e+01
-1.675549590096101937e+01
-1.681514462751584560e+01
-1.685164000747188240e+01
-1.681928892503916728e+01
-1.676636107397297337e+01
-1.684031307717611980e+01
-1.669008794052402322e+01
-1.673462308771356888e+01
-1.672940969097944119e+01
-1.675610594127734032e+01
-1.678402009246413584e+01
-1.677345776623492313e+01
-1.664066359750415103e+01
-1.665202812868765747e+01
-1.671173823877936115e+01
-1.670254874459461547e+01
-1.671831091127156199e+01
-1.668450888068958449e+01
-1.666477118292054982e+01
-1.668725835839999050e+01
-1.671834158660181302e+01
-1.671160642207227909e+01
-1.673764172399379646e+01
-1.682974292778499148e+01
-1.675176325325464077e+01
-1.668941049444473634e+01
-1.675803441092289248e+01
-1.664069732540754032e+01
-1.674876107810662873e+01
-1.668254071057490506e+01
-1.671025210158426333e+01
-1.673567469446866340e+01
-1.678646552342858200e+01
-1.679268495006480677e+01
-1.668607697414458002e+01
-1.663122568113455557e+01
-1.668594986544063730e+01
-1.662257429760921923e+01
-1.682839234061709632e+01
-1.682464433908361556e+01
-1.686798583975258481e+01
-1.677847583542214949e+01
-1.681077446448781387e+01
-1.680045410194436428e+01
-1.685450232669477799e+01
-1.679158995356904782e+01
-1.678451330629228977e+01
-1.669070007501990460e+01
-1.677971047110710856e+01
-1.678287941109754300e+01
-1.680115085994476232e+01
-1.685922650735002648e+01
-1.682081320400258306e+01
-1.680099780531152831e+01
-1.683643562524653348e+01
-1.668513378562228056e+01
-1.673204029542668181e+01
-1.680205076354701177e+01
-1.685499184857300037e+01
-1.685322063789512015e+01
-1.674674289574977237e+01
-1.670481013603859211e+01
-1.673313191467892480e+01
-1.677879892967627740e+01
-1.671971852763233102e+01
-1.667880139404330464e+01
-1.673949973212797104e+01
-1.672269234536705440e+01
-1.675094822958648422e+01
-1.675006869120025144e+01
-1.681265778314006099e+01
-1.678900794582600398e+01
-1.681219065932209134e+01
-1.686267733289727389e+01
-1.682027650510127259e+01
-1.688849430710093458e+01
-1.685784243797500181e+01
-1.676322717340951840e+01
-1.686034624903232881e+01
-1.686539940516882297e+01
-1.687209848391734468e+01
-1.690611028388192594e+01
-1.689899154447134677e+01
-1.681031866902641170e+01
-1.690531566687911180e+01
-1.686497462363827182e+01
-1.683495769984692103e+01
-1.675745769260463902e+01
-1.682145327659502243e+01
-1.683482678198456384e+01
-1.686090417055656587e+01
-1.682553404548066212e+01
-1.689468103037859592e+01
-1.684951745607122575e+01
-1.692676130803369006e+01
-1.686254880629208586e+01
-1.688140704091010491e+01
-1.682709679585137152e+01
-1.670303595296322285e+01
-1.679252844817962043e+01
-1.670273925334108611e+01
-1.666835085130042415e+01
-1.672428390254260577e+01
-1.673065526386786672e+01
-1.669990461230136347e+01
-1.670478705302251043e+01
-1.670942326583033477e+01
-1.681093492471227080e+01
-1.682787404217353711e+01
-1.678623625866527647e+01
-1.676579530597262746e+01
-1.670386564135104379e+01
-1.679867376212589392e+01
-1.684978041683213945e+01
-1.681537821764300844e+01
-1.675483562284295047e+01
-1.672114120249486291e+01
-1.677153503354597319e+01
-1.670037209528761935e+01
-1.675191429276588195e+01
-1.670751119895471248e+01
-1.669982693048306999e+01
-1.659018714870237332e+01
-1.663117020691081294e+01
-1.671073859046607524e+01
-1.664275834453206926e+01
-1.657869047817460384e+01
-1.661488699716174366e+01
-1.662632962487389321e+01
-1.660575080358194455e+01
-1.660120119495035951e+01
-1.665100997850525388e+01
-1.664991196681192420e+01
-1.661788833571139890e+01
-1.669776935416574304e+01
-1.662604168706154084e+01
-1.668868841966695982e+01
-1.663416495495793512e+01
-1.661550720724624952e+01
-1.665909235941780508e+01
-1.660190696358050744e+01
-1.657281801076933547e+01
-1.665382737119771761e+01
-1.655345429544709290e+01
-1.660642251012093595e+01
-1.656703887710203205e+01
-1.658205608011405729e+01
-1.662061915207012675e+01
-1.664854934223556526e+01
-1.671173568194323522e+01
-1.667726890551013952e+01
-1.664984431359630790e+01
-1.667580479953069172e+01
-1.658050709552401258e+01
-1.654120092593387170e+01
-1.657904723772271538e+01
-1.660531734482741228e+01
-1.661334709204760074e+01
-1.657627715828461135e+01
-1.657775369950675426e+01
-1.655840203195792881e+01
-1.661598684546692084e+01
-1.658019808262523753e+01
-1.663864421657119763e+01
-1.660654706185553309e+01
-1.668497175886153983e+01
-1.666946155048725942e+01
-1.660706808644095744e+01
-1.657538062987907068e+01
-1.657416989867927626e+01
-1.656517852474637209e+01
-1.657504009360277308e+01
-1.661576579405239329e+01
-1.659319827845693140e+01
-1.655887872761383761e+01
-1.661644548576155600e+01
-1.663921586019063525e+01
-1.657526757865223388e+01
-1.656202895029340283e+01
-1.645576339650241948e+01
-1.651710350179354947e+01
-1.650792232810417914e+01
-1.651066598854840706e+01
-1.658488234563513686e+01
-1.658383024605707945e+01
-1.654871979635677803e+01
