# 2*np.log[MAD(r)] for 100 flights; 1000 steps per flight; run 39 of 50; mu: 3.50; seed: 38
-2.556421706413124539e+01
-2.354848460273214172e+01
-2.304156836865276858e+01
-2.269137916260981314e+01
-2.256717697058579120e+01
-2.202123799657638159e+01
-2.235014924961448557e+01
-2.191324033029116691e+01
-2.184951298404741138e+01
-2.151524847343416980e+01
-2.160258697136465145e+01
-2.156185445374105925e+01
-2.120539769184494361e+01
-2.112498978933114557e+01
-2.080055577597271110e+01
-2.104776457943604484e+01
-2.081379003317647758e+01
-2.088772530238288638e+01
-2.114658913174005050e+01
-2.069363532921223481e+01
-2.095678000570773492e+01
-2.092154188275182491e+01
-2.088718556743494759e+01
-2.078923270164307979e+01
-2.051240580604971697e+01
-2.071666204160495894e+01
-2.054029022758737355e+01
-2.057577576629362781e+01
-2.044567684211224190e+01
-2.064833276720117183e+01
-2.062291584545571865e+01
-2.062262612447766941e+01
-2.065482857842971853e+01
-2.035192852115752871e+01
-2.056448304529330429e+01
-2.064181144579637106e+01
-2.040070889815550359e+01
-2.034135653583422254e+01
-2.026443344182241901e+01
-1.999424645811614454e+01
-2.000795655396937534e+01
-1.978968086009856364e+01
-1.978865048279287109e+01
-1.986186723816465616e+01
-1.970460040296408621e+01
-1.971695715691813433e+01
-1.978455239207538341e+01
-1.972581432599399065e+01
-1.992670683721193470e+01
-1.981386864947129212e+01
-1.967917231104757292e+01
-1.967997807676213284e+01
-1.969560489404237913e+01
-1.958602508142817555e+01
-1.949498595367125731e+01
-1.965868416859950329e+01
-1.965711962149385528e+01
-1.977389716889403815e+01
-1.983862666896164129e+01
-1.991772202289279292e+01
-1.990380650005404206e+01
-1.963144104534876178e+01
-1.971870802731983474e+01
-1.963657483756691846e+01
-1.964245420983784740e+01
-1.950497817142444390e+01
-1.947902247702293721e+01
-1.967155102121710897e+01
-1.938887987734913310e+01
-1.977171819565058541e+01
-1.966319875389689997e+01
-1.979976452088421368e+01
-1.964058995268615959e+01
-1.935797899600715155e+01
-1.940282711731893528e+01
-1.951340288597264916e+01
-1.936668307602424122e+01
-1.949696215959566459e+01
-1.955557085548187146e+01
-1.965911213829992121e+01
-1.964386428701929432e+01
-1.939448508136807092e+01
-1.948923499397597325e+01
-1.942272299212114461e+01
-1.937886321504072029e+01
-1.949281267404033358e+01
-1.942659327261288027e+01
-1.937493762526181484e+01
-1.935986643768460524e+01
-1.930085314730816393e+01
-1.937988020182760351e+01
-1.961806267756535505e+01
-1.946872432150264842e+01
-1.942129525964308812e+01
-1.951865775381749302e+01
-1.931324685094506322e+01
-1.923281995538794220e+01
-1.945988187151806770e+01
-1.938088256737715653e+01
-1.924496594047807463e+01
-1.912673343531766079e+01
-1.919882694203903739e+01
-1.924852118019947866e+01
-1.906473410759490505e+01
-1.917973735147909053e+01
-1.916816297457191709e+01
-1.908249860137077647e+01
-1.921616882521598413e+01
-1.925446187814787535e+01
-1.912013762652852478e+01
-1.920011033545264922e+01
-1.915942224458371967e+01
-1.915968999579481036e+01
-1.931772237401213133e+01
-1.910977534274675094e+01
-1.902887020127532480e+01
-1.921445265774778122e+01
-1.924094074394123766e+01
-1.930252126729119766e+01
-1.927755499439483700e+01
-1.923026167213458493e+01
-1.902684181325897583e+01
-1.926644038428210237e+01
-1.908480521057371249e+01
-1.902594276365929815e+01
-1.900495138575125509e+01
-1.890191176226117875e+01
-1.896453925590633105e+01
-1.906257044939113499e+01
-1.908874356376253800e+01
-1.919541321527556477e+01
-1.927684496810757508e+01
-1.915179051500686214e+01
-1.899109938149349119e+01
-1.889532822788667943e+01
-1.879970128898263226e+01
-1.889292270985240663e+01
-1.888320473120017340e+01
-1.869655482171124561e+01
-1.879263837749426713e+01
-1.867247499531014299e+01
-1.875403603280011211e+01
-1.870973098804831736e+01
-1.884925399007131475e+01
-1.877630511482230347e+01
-1.895379157663270675e+01
-1.900066231886220436e+01
-1.876387810861513117e+01
-1.885671925578759911e+01
-1.885442726622631326e+01
-1.882168543247792059e+01
-1.881509473219416506e+01
-1.860011617514006943e+01
-1.855517740481857558e+01
-1.854814883531124181e+01
-1.864277213655730137e+01
-1.850400326494302661e+01
-1.856249522560813503e+01
-1.847172356655953607e+01
-1.832409598465531175e+01
-1.836109389840997963e+01
-1.848210306918707246e+01
-1.843832734616138680e+01
-1.847549753789375870e+01
-1.859599643189295648e+01
-1.849814674425652683e+01
-1.855953070710940267e+01
-1.848926493989644015e+01
-1.857463080763486118e+01
-1.853295156156989165e+01
-1.858166661314524148e+01
-1.861309247622595109e+01
-1.847243833017441261e+01
-1.834330620344758600e+01
-1.847892697912091720e+01
-1.848886547285152560e+01
-1.852671791050492089e+01
-1.846895223037005707e+01
-1.839083960019936725e+01
-1.845598152717794704e+01
-1.830891979667289959e+01
-1.851845598699869555e+01
-1.838658061247474151e+01
-1.833464034375284157e+01
-1.837875251622319084e+01
-1.840265331785476732e+01
-1.841404318860169909e+01
-1.842933312234686483e+01
-1.839165497458249376e+01
-1.833730140426811417e+01
-1.845565131554123539e+01
-1.842467801126804261e+01
-1.829015724993087844e+01
-1.839240102023466861e+01
-1.841755055658606111e+01
-1.838734998092862938e+01
-1.838465388460350880e+01
-1.838231851672917827e+01
-1.841008321790808822e+01
-1.848769214420498841e+01
-1.826576254807319799e+01
-1.834996027026106802e+01
-1.829990602591493243e+01
-1.821862062546443184e+01
-1.831278505254924127e+01
-1.819747457523193290e+01
-1.825012475098397857e+01
-1.826472476373103504e+01
-1.829571889384201455e+01
-1.833793068210951560e+01
-1.845334581445326450e+01
-1.836255591426580835e+01
-1.848888894721767784e+01
-1.847033700763998354e+01
-1.846484327899576527e+01
-1.842652402382053012e+01
-1.854017483467684357e+01
-1.841517469017762920e+01
-1.841815886309746375e+01
-1.839072231340869479e+01
-1.833398741082516992e+01
-1.823390375939116126e+01
-1.825468223900941567e+01
-1.827076361909285396e+01
-1.837240679046816183e+01
-1.847690434761482692e+01
-1.842177995449630501e+01
-1.831465968923354737e+01
-1.825858919151766102e+01
-1.828949871798368321e+01
-1.839906514361004142e+01
-1.842070254089440695e+01
-1.823578385084458020e+01
-1.822720311656699721e+01
-1.833286634033548879e+01
-1.836887673346633321e+01
-1.852625311159929922e+01
-1.832642140477444670e+01
-1.839364374523782786e+01
-1.841732906171688455e+01
-1.833670994710612945e+01
-1.826958609798527888e+01
-1.834019946599810069e+01
-1.840850153837713066e+01
-1.832941743130770718e+01
-1.827832555325467112e+01
-1.831253327910049578e+01
-1.822865237952166950e+01
-1.845845993661736273e+01
-1.838327715813308671e+01
-1.858944013478051360e+01
-1.859006186423042095e+01
-1.852667166114630959e+01
-1.833560803348542123e+01
-1.839086630782833964e+01
-1.842868657765171747e+01
-1.848071776242341357e+01
-1.831286270728041643e+01
-1.836031739142242358e+01
-1.834353682281671993e+01
-1.839593322107596052e+01
-1.831406458576400098e+01
-1.819638908542116695e+01
-1.833762771347080545e+01
-1.832735697064023128e+01
-1.822369576122077106e+01
-1.836966921279045550e+01
-1.834782561375094545e+01
-1.832700669166482754e+01
-1.836960272850598486e+01
-1.841892907450411343e+01
-1.837330435354837732e+01
-1.838634487078173052e+01
-1.843448050093717328e+01
-1.848931023189398104e+01
-1.835512988930472034e+01
-1.852894374596119675e+01
-1.850762719422130331e+01
-1.840288208690890670e+01
-1.815960875762019811e+01
-1.815784970581895408e+01
-1.805263137858728939e+01
-1.805895294769765513e+01
-1.805011175864616746e+01
-1.817476887582006384e+01
-1.815994259491341367e+01
-1.798023313170956783e+01
-1.802902282583505311e+01
-1.813771972886664230e+01
-1.824409490822488777e+01
-1.803627045340857293e+01
-1.802179481868456890e+01
-1.806143759122179304e+01
-1.796648581307797343e+01
-1.801526275294348878e+01
-1.792486530777236098e+01
-1.790963738927646887e+01
-1.801832581513879461e+01
-1.814884158445610041e+01
-1.802917842890224165e+01
-1.804019334840567979e+01
-1.811417376227474563e+01
-1.811157262386360500e+01
-1.805523175617611287e+01
-1.798636806489666284e+01
-1.801381092288051633e+01
-1.805583096434685331e+01
-1.800337819945646345e+01
-1.801195547812072562e+01
-1.804939408991517524e+01
-1.795160677466808963e+01
-1.791651566578603294e+01
-1.788539551621292389e+01
-1.785946790822034203e+01
-1.794170378192641024e+01
-1.802322268014564699e+01
-1.805443009375269625e+01
-1.798802069162397999e+01
-1.791733174783790972e+01
-1.795348863577364895e+01
-1.788526441500058795e+01
-1.807851578463960607e+01
-1.789926389754561242e+01
-1.794575027433770842e+01
-1.776136952669980218e+01
-1.784619766290429865e+01
-1.791573463017397927e+01
-1.787846857347438245e+01
-1.768463667750911839e+01
-1.773690531755757860e+01
-1.775679853734585123e+01
-1.776405894049137402e+01
-1.771452392881293392e+01
-1.782184514827552846e+01
-1.794815123675918045e+01
-1.781545926229396670e+01
-1.784754938847676442e+01
-1.773977896909030605e+01
-1.769301903382570273e+01
-1.756413172822120572e+01
-1.773040140856023328e+01
-1.771938149620821434e+01
-1.766609857764318292e+01
-1.767077358699759415e+01
-1.774535152932945792e+01
-1.780198851925364067e+01
-1.775817131547632499e+01
-1.780527965413480018e+01
-1.774632227167022691e+01
-1.776034244453455457e+01
-1.769739312529836539e+01
-1.753907075177581021e+01
-1.771487210698942150e+01
-1.759645193022614507e+01
-1.771524698555429467e+01
-1.757221466841761881e+01
-1.757375422917620256e+01
-1.759876998025004013e+01
-1.772739443360845257e+01
-1.764407889892665082e+01
-1.776944414312088583e+01
-1.771743439030919731e+01
-1.770251614631867909e+01
-1.768660547907745695e+01
-1.771843873423338778e+01
-1.770976639412747744e+01
-1.771291228553116781e+01
-1.785026327847466376e+01
-1.776276730530832992e+01
-1.786421025175720700e+01
-1.790040027354029917e+01
-1.781606798024827398e+01
-1.775584524164991151e+01
-1.792315484666854530e+01
-1.797457500498106242e+01
-1.791672283567236690e+01
-1.794217778469493041e+01
-1.814433185596984899e+01
-1.817606797138040164e+01
-1.821114578693710584e+01
-1.807758293778159953e+01
-1.800983805918872349e+01
-1.814095383527346428e+01
-1.803596962024572647e+01
-1.810473958761982516e+01
-1.827679833529704823e+01
-1.795440285350497334e+01
-1.823842979111725882e+01
-1.811778899260468023e+01
-1.791578741093196214e+01
-1.789578073135222525e+01
-1.793450316079030671e+01
-1.797499490342267237e+01
-1.804926071946275457e+01
-1.801943391834531738e+01
-1.794927789036144361e+01
-1.812341680226025531e+01
-1.811029642105007653e+01
-1.807700351249786763e+01
-1.805715308050896795e+01
-1.792914358679441023e+01
-1.801873527596272950e+01
-1.814517690722001575e+01
-1.806471224192836544e+01
-1.807708506861184361e+01
-1.815677517764309101e+01
-1.818723150727349491e+01
-1.811891107048970895e+01
-1.822078720274306463e+01
-1.816200914780188924e+01
-1.833338878541763606e+01
-1.798869720888889390e+01
-1.818270122237163022e+01
-1.822727598397138493e+01
-1.811776290969987713e+01
-1.811039626247064405e+01
-1.812345328110665577e+01
-1.821036377669817341e+01
-1.821326496195347389e+01
-1.809545655403690745e+01
-1.820527980043585714e+01
-1.812360203935932645e+01
-1.799221183227328424e+01
-1.796399212522206312e+01
-1.798607966529185020e+01
-1.797979461029219905e+01
-1.801431685277098893e+01
-1.797859202097567177e+01
-1.797185339606509302e+01
-1.790074175001353751e+01
-1.792250159983115765e+01
-1.786039199250465614e+01
-1.796721192348707774e+01
-1.790207528038025941e+01
-1.797822241568512425e+01
-1.794602621193820724e+01
-1.800840203025391872e+01
-1.803769135934942724e+01
-1.805619380536760232e+01
-1.794334226044926339e+01
-1.783406975011588003e+01
-1.796626769959552661e+01
-1.792753294349611082e+01
-1.793828750111572745e+01
-1.791746275784405995e+01
-1.792043777111205571e+01
-1.789532998127976882e+01
-1.806791011413513814e+01
-1.791758234963369745e+01
-1.796596746399546873e+01
-1.784734330738198338e+01
-1.783850734068644428e+01
-1.779096601235170994e+01
-1.788735841241184943e+01
-1.787047590318008616e+01
-1.784639551907710597e+01
-1.792336156479769116e+01
-1.793230371376703403e+01
-1.785625783228508467e+01
-1.790949046409636125e+01
-1.786954981144981858e+01
-1.785653171733142486e+01
-1.771043870610282056e+01
-1.772780088399001386e+01
-1.769247046552467140e+01
-1.774353031739443054e+01
-1.773399805356935133e+01
-1.767715076510374317e+01
-1.758959012783880382e+01
-1.776501543820868534e+01
-1.771121202263338290e+01
-1.766054667998157868e+01
-1.773863299846025754e+01
-1.774421767207899236e+01
-1.765432754122608117e+01
-1.761200430417992635e+01
-1.774813126604209401e+01
-1.758653690106804035e+01
-1.767760387856347393e+01
-1.756991328395251273e+01
-1.769709974683930653e+01
-1.765861719368763616e+01
-1.781589368816097263e+01
-1.776279111727446391e+01
-1.791394661769420793e+01
-1.786566358733273319e+01
-1.778074984673898484e+01
-1.773037547441196438e+01
-1.763171090281267439e+01
-1.773005782865272550e+01
-1.760199338165129390e+01
-1.768678072137410950e+01
-1.771325911844557766e+01
-1.762197636613935714e+01
-1.763277561881607269e+01
-1.761412981361008079e+01
-1.767950845697355078e+01
-1.771148860450083617e+01
-1.768977335280544949e+01
-1.769787342535155972e+01
-1.754629984345784877e+01
-1.754569029291029736e+01
-1.760675135827974458e+01
-1.754509840204859472e+01
-1.750952240998153187e+01
-1.745343838784325285e+01
-1.750313712095508478e+01
-1.750705466684075162e+01
-1.752443220942491564e+01
-1.748852439287603033e+01
-1.749869085948125402e+01
-1.755152042243374311e+01
-1.751728233838640492e+01
-1.746298760761501612e+01
-1.752606643158250677e+01
-1.766968127691331603e+01
-1.754626787594006032e+01
-1.753800236047447925e+01
-1.751140265246945660e+01
-1.751083941211152251e+01
-1.747870716469934393e+01
-1.747480431687961300e+01
-1.743359039350622552e+01
-1.743618690646647806e+01
-1.742172784728327173e+01
-1.741385414114743924e+01
-1.743419292799909215e+01
-1.747556414147299719e+01
-1.749646764222618955e+01
-1.739030842555672507e+01
-1.747954043285685444e+01
-1.748120636151883645e+01
-1.744237573694114118e+01
-1.740843933703326130e+01
-1.735546503439720567e+01
-1.740999493414055621e+01
-1.745757337469334658e+01
-1.742082304392343417e+01
-1.741074778502354548e+01
-1.744862873790906477e+01
-1.742222063430915213e+01
-1.731240974727748849e+01
-1.731022836693134082e+01
-1.733120109857173219e+01
-1.754661327660293324e+01
-1.755006175585878836e+01
-1.762221633627121520e+01
-1.749118514513881806e+01
-1.750465009916806380e+01
-1.743248443439584605e+01
-1.740976961442515147e+01
-1.753019581380419467e+01
-1.753481989964301846e+01
-1.748976791938377673e+01
-1.754374863838322085e+01
-1.756746309225647806e+01
-1.756833038258958624e+01
-1.759000222823653559e+01
-1.759576552654744930e+01
-1.760366220097240841e+01
-1.755971609010613932e+01
-1.757659944506062999e+01
-1.757997087892436028e+01
-1.771312729593005741e+01
-1.757552373203966667e+01
-1.759937553326482629e+01
-1.750404024006642700e+01
-1.754542206516307346e+01
-1.752754852458072676e+01
-1.744432417125876000e+01
-1.742539130357200250e+01
-1.749910653091443891e+01
-1.753527314416803762e+01
-1.761853560167259403e+01
-1.758091511079671676e+01
-1.751254071920552491e+01
-1.746928997450461551e+01
-1.750952568444766655e+01
-1.751184826256315574e+01
-1.760211369792252967e+01
-1.749826669245634747e+01
-1.745797163254228934e+01
-1.742237883567777956e+01
-1.740850969091187039e+01
-1.748108124140998854e+01
-1.742890944302362399e+01
-1.759380466313471914e+01
-1.759673601286019817e+01
-1.765085389743280686e+01
-1.762974733805999250e+01
-1.760137271533427494e+01
-1.758961083925437663e+01
-1.756857469053659671e+01
-1.767492247110595471e+01
-1.771605952404970097e+01
-1.764817714166186491e+01
-1.757523800223467347e+01
-1.760186274609490198e+01
-1.757403494944747990e+01
-1.746582987404769582e+01
-1.751912281712409580e+01
-1.746529179856630876e+01
-1.742148833519955886e+01
-1.738746346878295057e+01
-1.743209351999503554e+01
-1.735090743309856265e+01
-1.738481516420284123e+01
-1.737130355125824366e+01
-1.727336940594900838e+01
-1.725446033296524462e+01
-1.734483024324213218e+01
-1.733484159578591388e+01
-1.734871814247353328e+01
-1.735107109907294287e+01
-1.741333555777421793e+01
-1.744618938247289108e+01
-1.741874639564840876e+01
-1.754229518794226905e+01
-1.754113278474362403e+01
-1.746454094797854495e+01
-1.751804027779171591e+01
-1.753372041093971845e+01
-1.748083344302737885e+01
-1.751731983707264817e+01
-1.749465018189699350e+01
-1.746758312926012735e+01
-1.742197658737851640e+01
-1.738986028631620684e+01
-1.738272150563703278e+01
-1.740491872597304734e+01
-1.734397758113885502e+01
-1.728369673749918078e+01
-1.736471972374279815e+01
-1.723310561000841190e+01
-1.721517109890173103e+01
-1.730222514201312478e+01
-1.733907998566971997e+01
-1.730560113560285629e+01
-1.727401433242567919e+01
-1.723940606734178260e+01
-1.719129127662697698e+01
-1.721213573692523013e+01
-1.726250798235008688e+01
-1.735688431256876640e+01
-1.724191744360577871e+01
-1.740233386964471052e+01
-1.751775870261665347e+01
-1.751659563182304069e+01
-1.754976910540772650e+01
-1.743325602850039857e+01
-1.752734215659344841e+01
-1.756854651366632680e+01
-1.748911830740569329e+01
-1.741266643542046566e+01
-1.739637369061206940e+01
-1.737341667042742444e+01
-1.761888177732467753e+01
-1.772822220229740253e+01
-1.775722603953456513e+01
-1.774338108684974102e+01
-1.773878077152490107e+01
-1.758677305199915608e+01
-1.761852237490029083e+01
-1.755463362503238045e+01
-1.765584047366930420e+01
-1.760209121003500243e+01
-1.751511634762826475e+01
-1.748262005344867021e+01
-1.752755548310969758e+01
-1.751839342322967852e+01
-1.750083317580585174e+01
-1.750036202752378145e+01
-1.748394367758074353e+01
-1.745752949247367170e+01
-1.743768273186911344e+01
-1.747882161851538996e+01
-1.754837434304564070e+01
-1.752281617633978072e+01
-1.755116923803047513e+01
-1.752078807582520881e+01
-1.749237432289454119e+01
-1.756466741750335814e+01
-1.755697897855246126e+01
-1.755323421141520157e+01
-1.755813224299162556e+01
-1.759857424282588667e+01
-1.755155050362895253e+01
-1.757154322293812143e+01
-1.760638894630357498e+01
-1.763941327370473289e+01
-1.761133832547020717e+01
-1.764389358028701693e+01
-1.761288168446615998e+01
-1.765660343254187836e+01
-1.773210516581791296e+01
-1.773495684007001927e+01
-1.769806591228660864e+01
-1.772443342892998075e+01
-1.769845408629621275e+01
-1.770915049242560002e+01
-1.780123005059630970e+01
-1.783979586826873742e+01
-1.771715134498597166e+01
-1.771534863638218127e+01
-1.761883508227493067e+01
-1.765678667329054363e+01
-1.764842615439916074e+01
-1.774537355729468402e+01
-1.779502491848352363e+01
-1.779340447670815806e+01
-1.788216682072363994e+01
-1.793404596920899863e+01
-1.806772849141602322e+01
-1.796835025313539802e+01
-1.787691206828461077e+01
-1.784136910659535502e+01
-1.783954815822734119e+01
-1.784350211392822416e+01
-1.781145333675721432e+01
-1.771342173774088735e+01
-1.786935069122240094e+01
-1.762313496584836159e+01
-1.765495625346139974e+01
-1.760191574944288462e+01
-1.761192301839375673e+01
-1.764544602361734249e+01
-1.755525438780448866e+01
-1.748785717093914371e+01
-1.762461256126008280e+01
-1.772119424657241993e+01
-1.763311105071381135e+01
-1.769768815428517073e+01
-1.758274921224986898e+01
-1.753708010650341365e+01
-1.759523270430429065e+01
-1.749849839356139114e+01
-1.754609527868785790e+01
-1.760367963008305736e+01
-1.751878208315640961e+01
-1.748831268628693536e+01
-1.750962670422897816e+01
-1.736283673481316825e+01
-1.735047986510987172e+01
-1.737137836878965302e+01
-1.734868756266551770e+01
-1.726921130793055781e+01
-1.730994217319055650e+01
-1.735784332145704667e+01
-1.729124236780899793e+01
-1.736637049983194814e+01
-1.738541679029692943e+01
-1.734104285807611134e+01
-1.725862136587829809e+01
-1.728888507419648946e+01
-1.733794041133857533e+01
-1.734785780933413690e+01
-1.734457468300871952e+01
-1.734762664148890821e+01
-1.747018430074693640e+01
-1.744855860536391745e+01
-1.749783708112159530e+01
-1.748499882603994138e+01
-1.747453125307818311e+01
-1.751326597359068415e+01
-1.761975954193998817e+01
-1.764374256790563678e+01
-1.765111649545908179e+01
-1.759735674366563885e+01
-1.762493426102687266e+01
-1.756774423248122829e+01
-1.775764642999294551e+01
-1.777818716961252576e+01
-1.769023729676017354e+01
-1.763982362826644135e+01
-1.748851351566545986e+01
-1.750226813037470919e+01
-1.753322179910245993e+01
-1.743618791702339266e+01
-1.752536551162005551e+01
-1.749580304763623317e+01
-1.755149901071137464e+01
-1.762779369595908463e+01
-1.751084253518865097e+01
-1.748079214981465768e+01
-1.739626060583351475e+01
-1.738356859195211612e+01
-1.745060154285199161e+01
-1.739167223482654379e+01
-1.737478345472862529e+01
-1.742632176060749316e+01
-1.740393494702851740e+01
-1.719040636369445707e+01
-1.713987002998120701e+01
-1.723721177912317160e+01
-1.733979790551704525e+01
-1.725208408404887450e+01
-1.713931305213323952e+01
-1.713042724508307302e+01
-1.719361027081814797e+01
-1.721028950654496370e+01
-1.714420226308732609e+01
-1.722813857159723838e+01
-1.733993724529414848e+01
-1.710321837830067793e+01
-1.720449013044455455e+01
-1.736335282014609405e+01
-1.729643248989419035e+01
-1.709000515706954104e+01
-1.736823419344069563e+01
-1.724609895448314845e+01
-1.718494689353026317e+01
-1.724213407350739402e+01
-1.737650221978443810e+01
-1.730515426259510292e+01
-1.734020875449169452e+01
-1.739708080144266944e+01
-1.744907036470025830e+01
-1.747861969304279128e+01
-1.732299913762174981e+01
-1.734086257816390031e+01
-1.738457903620709644e+01
-1.743911290983389506e+01
-1.750446651106711826e+01
-1.764036070781050825e+01
-1.757243955060153695e+01
-1.759582625205856843e+01
-1.745493261706433330e+01
-1.735128711271966395e+01
-1.740274049281960345e+01
-1.737650421880658769e+01
-1.731540954562752077e+01
-1.730842168351337307e+01
-1.723168809749344277e+01
-1.728927443907712913e+01
-1.725502376392621784e+01
-1.733032246655317721e+01
-1.732235211373685146e+01
-1.731223842061820406e+01
-1.730657155378065681e+01
-1.740311948091535044e+01
-1.727130836116992896e+01
-1.726246562600695711e+01
-1.724456117588382398e+01
-1.714156397989704317e+01
-1.717867241880014006e+01
-1.720883590837409116e+01
-1.724186893775276985e+01
-1.722410796652968301e+01
-1.725252005960876645e+01
-1.729769851824064020e+01
-1.727987711123439496e+01
-1.733117278406202999e+01
-1.730750787111435685e+01
-1.751376207159590592e+01
-1.760190252449116599e+01
-1.760538153926121652e+01
-1.749950958250846611e+01
-1.753962075242869290e+01
-1.757494892817240029e+01
-1.748005518185897600e+01
-1.745696260078924311e+01
-1.746955327776778688e+01
-1.738673781507964833e+01
-1.735324321346986309e+01
-1.739468213710157229e+01
-1.746588351509820924e+01
-1.737773698360395969e+01
-1.742522442713785935e+01
-1.742538973084844400e+01
-1.743837449311961052e+01
-1.745955274754474829e+01
-1.733611661902318346e+01
-1.735167074284188615e+01
-1.727396328836892536e+01
-1.725831260411467127e+01
-1.725379067768862740e+01
-1.729986639450283903e+01
-1.727576185283767174e+01
-1.723764637785107112e+01
-1.731369566119876424e+01
-1.718589775133190756e+01
-1.706610604577646129e+01
-1.702856119249229749e+01
-1.707269859314427407e+01
-1.712270048420329971e+01
-1.714687140020055267e+01
-1.718600717553245616e+01
-1.711442468562515984e+01
-1.699034263250156940e+01
-1.705978286033496261e+01
-1.701014790048657588e+01
-1.693571705665364036e+01
-1.706693092870908046e+01
-1.710427927789959313e+01
-1.710798525566787021e+01
-1.711242286044381800e+01
-1.701496607309247011e+01
-1.700836357275381161e+01
-1.694551986202113270e+01
-1.702086011633497975e+01
-1.700470119041604633e+01
-1.698189244253738295e+01
-1.697573710233799815e+01
-1.695992968612398499e+01
-1.702824516479153516e+01
-1.710779411653595261e+01
-1.699297200581873923e+01
-1.710182472361130479e+01
-1.700114803888705595e+01
-1.711053611051832490e+01
-1.704851068077171306e+01
-1.711997264509571437e+01
-1.711414441332011549e+01
-1.706388767755153779e+01
-1.698523882969710286e+01
-1.699979994419535601e+01
-1.699494102419941655e+01
-1.699680541095520425e+01
-1.709506507275175125e+01
-1.703022124222093936e+01
-1.707352795595358685e+01
-1.698394422246969881e+01
-1.687917153114866053e+01
-1.683063069123698341e+01
-1.692805373194352825e+01
-1.692887587524870696e+01
-1.697294589606604376e+01
-1.691759275911062588e+01
-1.691973137417262052e+01
-1.692869519420841584e+01
-1.694047985318428573e+01
-1.684493983159086383e+01
-1.686679333419231241e+01
-1.693765508761694960e+01
-1.687286468465788758e+01
-1.677145824179367040e+01
-1.683036693668237760e+01
-1.687139965434933231e+01
-1.681672637372156842e+01
-1.684206975145281504e+01
-1.689828098404723988e+01
-1.693688586885034653e+01
-1.688499095842906073e+01
-1.698822197781581878e+01
-1.703769699770770174e+01
-1.701353366637113851e+01
-1.703822970301586892e+01
-1.708887189821738417e+01
-1.692813918546440988e+01
-1.686252257366740182e+01
-1.692034629143700641e+01
-1.692316780766303452e+01
-1.701895311567401237e+01
-1.691206228365078346e+01
-1.699721021124179288e+01
-1.697001490237466470e+01
-1.688706952718752063e+01
-1.693271048236521281e+01
-1.696259569631568453e+01
-1.703616921827009634e+01
-1.698641261301001748e+01
-1.688179606363058483e+01
-1.692584185901598204e+01
-1.697154822810661301e+01
-1.697415687972792142e+01
-1.704680790590535011e+01
-1.695102775501582215e+01
-1.713181440981639625e+01
-1.711725881416596096e+01
-1.707996680738182960e+01
-1.708822568529341979e+01
-1.718344900753630000e+01
-1.720093118812789612e+01
-1.715038781621163011e+01
-1.701124570143682746e+01
-1.702806645136812591e+01
-1.704061029091935708e+01
-1.710428523052781813e+01
-1.694680488921721917e+01
-1.696711015249484333e+01
-1.685816781565252143e+01
-1.691629423949512656e+01
-1.683738307849631965e+01
-1.687695045284566575e+01
-1.690460488344117707e+01
-1.691348286178873295e+01
-1.693044510884252318e+01
-1.683539721023443647e+01
-1.684946586878579211e+01
-1.687151405193083775e+01
-1.690875652472911028e+01
-1.693348718332913450e+01
-1.696982677341891588e+01
-1.697051743933110757e+01
-1.696723316865424991e+01
-1.697478466820107812e+01
-1.694233705210125862e+01
-1.691491862446394734e+01
-1.686406457997940933e+01
-1.688724228043287212e+01
