# 2*np.log[MAD(r)] for 100 flights; 1000 steps per flight; run 7 of 50; mu: 3.50; seed: 6
-2.578501825555437676e+01
-2.400796397239252755e+01
-2.299260156021270163e+01
-2.258378757359019318e+01
-2.219164313168122860e+01
-2.261835316957669662e+01
-2.220982978185487866e+01
-2.235083418332657956e+01
-2.196030407105001103e+01
-2.204177413582474188e+01
-2.162525618443113729e+01
-2.137318617613425076e+01
-2.158632918000045819e+01
-2.134890753428065935e+01
-2.149360844504477441e+01
-2.128035855234632479e+01
-2.130251713055499607e+01
-2.114486879249082563e+01
-2.095337918033488123e+01
-2.078252752774201184e+01
-2.077516434784623911e+01
-2.079207022008368000e+01
-2.068116988386134736e+01
-2.076770668605489334e+01
-2.081159581219684540e+01
-2.076657800941918097e+01
-2.067474230477609964e+01
-2.118790819257121427e+01
-2.095650614243873022e+01
-2.101088400220470476e+01
-2.086103970684528264e+01
-2.075439743607717702e+01
-2.069566755808600433e+01
-2.065539274736615738e+01
-2.067799551449876461e+01
-2.051496623701494926e+01
-2.054798826117421129e+01
-2.060476011947275055e+01
-2.035406744597355555e+01
-2.038013547372082002e+01
-2.042339786626202169e+01
-2.023021687495018384e+01
-2.040103592046112269e+01
-2.051409830701162917e+01
-2.035242617206645122e+01
-2.025834069335330412e+01
-2.027063135386367065e+01
-2.037350734929544771e+01
-2.019509837183640855e+01
-2.042164049468640030e+01
-2.018717521238928825e+01
-2.023180581498586861e+01
-2.002317704037125168e+01
-2.027280463040550629e+01
-1.998124266612262545e+01
-2.019358103459320120e+01
-2.016609532046020092e+01
-2.002205053338896690e+01
-1.998401679183036705e+01
-1.981682124040569803e+01
-1.988776220019374819e+01
-1.997621202727249923e+01
-1.981066299881371862e+01
-1.992496098088852818e+01
-1.989149057139732335e+01
-1.985462553626548754e+01
-1.981020829874722367e+01
-1.955278211804627020e+01
-1.964577004975592800e+01
-1.946710523093176448e+01
-1.939842961849775449e+01
-1.956482415546497222e+01
-1.970094027897602729e+01
-1.960332416766894781e+01
-1.937869950424998677e+01
-1.951991768678878714e+01
-1.926640892807713001e+01
-1.941871970987404694e+01
-1.948831984138014306e+01
-1.942637042774099498e+01
-1.949895471010085757e+01
-1.945512816701079117e+01
-1.968248151570296400e+01
-1.965523685094433404e+01
-1.949088345800002386e+01
-1.953197338154648577e+01
-1.947793051274244647e+01
-1.932182542038399475e+01
-1.919595187026284222e+01
-1.933672357238623363e+01
-1.940903486620054608e+01
-1.924416468459980933e+01
-1.936991124902256445e+01
-1.934033405443428322e+01
-1.920668244967430738e+01
-1.951140829932344900e+01
-1.933497680420817133e+01
-1.932382029771794407e+01
-1.920394283209141051e+01
-1.935333452055484216e+01
-1.922379768368439912e+01
-1.936540960157756430e+01
-1.910170323486152810e+01
-1.918292865805442560e+01
-1.906787266852332863e+01
-1.901093495104721143e+01
-1.897765404651316956e+01
-1.912763920482775148e+01
-1.904493230334831466e+01
-1.898048414466439837e+01
-1.883156535485009542e+01
-1.882077850361791249e+01
-1.892024384366926881e+01
-1.905527692487428126e+01
-1.910544861772347502e+01
-1.896244062596699465e+01
-1.900245085891572216e+01
-1.889671906649266830e+01
-1.908633821177517831e+01
-1.905271717167664747e+01
-1.898389081538556056e+01
-1.890023037462922773e+01
-1.903819564050282054e+01
-1.898976718842490996e+01
-1.900653901192647410e+01
-1.920798057135882431e+01
-1.898640074479522966e+01
-1.902226892832018379e+01
-1.904023658531265895e+01
-1.902774791511601649e+01
-1.893221053274412924e+01
-1.914371346557067000e+01
-1.891479566696096271e+01
-1.894173894678039005e+01
-1.888277117501055358e+01
-1.883680220376246695e+01
-1.889813042455087100e+01
-1.882277094903642833e+01
-1.882700653323572482e+01
-1.893255356933203615e+01
-1.885392179956153669e+01
-1.882090164176154445e+01
-1.890908561989463621e+01
-1.897535476928833020e+01
-1.896343774768412516e+01
-1.906615240235080933e+01
-1.898673074128426208e+01
-1.899932045630074740e+01
-1.905086741038310549e+01
-1.911106619560369424e+01
-1.913389013308857756e+01
-1.914104381314584913e+01
-1.910093247092524749e+01
-1.924250991250299592e+01
-1.918474909722484512e+01
-1.887773899988676973e+01
-1.877462967633056934e+01
-1.881228388055874845e+01
-1.882721587744449110e+01
-1.867763593418565904e+01
-1.868692062208886639e+01
-1.877993198604414360e+01
-1.866111798876477579e+01
-1.869860428914632777e+01
-1.874202734985347618e+01
-1.878609396796594666e+01
-1.883454233834310187e+01
-1.872006387618545276e+01
-1.875990426354752572e+01
-1.876650334551389676e+01
-1.887786108935317841e+01
-1.884038575017898509e+01
-1.884492816161297668e+01
-1.888181298661412555e+01
-1.881079343011270666e+01
-1.872663114277041885e+01
-1.869458513031101532e+01
-1.874357218593693020e+01
-1.869449534316287043e+01
-1.875711060491025250e+01
-1.878835405863237895e+01
-1.882670430652370186e+01
-1.891064954513253582e+01
-1.886050441433852498e+01
-1.866089815933643337e+01
-1.875741136721111602e+01
-1.877614851342736912e+01
-1.881855414378307501e+01
-1.880991280768146368e+01
-1.878059523153269694e+01
-1.876242427558307568e+01
-1.875197846203431240e+01
-1.876338972778895453e+01
-1.887506228296320643e+01
-1.883849273163946236e+01
-1.870601666666125595e+01
-1.864390145818576627e+01
-1.878811376706900660e+01
-1.875424347905779143e+01
-1.887960152127568847e+01
-1.884632951821545532e+01
-1.886036437225611095e+01
-1.870339714351892013e+01
-1.874319716903951161e+01
-1.876147950707646572e+01
-1.877484484959507327e+01
-1.883018375276572343e+01
-1.879189242487237976e+01
-1.878713639022661397e+01
-1.880163299655244202e+01
-1.879278992895017808e+01
-1.877528614973109100e+01
-1.874624461960307897e+01
-1.882229510109392834e+01
-1.878689847237284738e+01
-1.877980547603081263e+01
-1.881710853219802360e+01
-1.883804751644166942e+01
-1.887983374808322523e+01
-1.861831785892218960e+01
-1.867976909463330060e+01
-1.854393699472890589e+01
-1.849231121128322641e+01
-1.862503641527970899e+01
-1.845590786263441530e+01
-1.853851623253002501e+01
-1.843257793014265644e+01
-1.840289901399842165e+01
-1.835828985448687334e+01
-1.844754662523795119e+01
-1.847962657646318618e+01
-1.839723667909522220e+01
-1.844229043626111419e+01
-1.847408040491468384e+01
-1.845103461790306909e+01
-1.842219346362933763e+01
-1.843150833025904589e+01
-1.855530774888764967e+01
-1.842254030926693531e+01
-1.850576345017026370e+01
-1.842556378546377260e+01
-1.848049501817353502e+01
-1.843981493858433751e+01
-1.830437652345993271e+01
-1.829149375848856351e+01
-1.828700546430702900e+01
-1.824716819996254813e+01
-1.833334611901151590e+01
-1.841143136736548414e+01
-1.857555647255814080e+01
-1.848167159747644206e+01
-1.870428901547201406e+01
-1.871638472713555501e+01
-1.857577873931423795e+01
-1.864129979866400788e+01
-1.872234144684755464e+01
-1.860372857824351200e+01
-1.867305443481703264e+01
-1.863511618859708818e+01
-1.860878733977967059e+01
-1.860095161916823869e+01
-1.870419523569476183e+01
-1.860851842953691460e+01
-1.866331871506252682e+01
-1.877448557828741116e+01
-1.868997842065136439e+01
-1.864464630324605565e+01
-1.833049463141717439e+01
-1.844297373817768460e+01
-1.842659504469018117e+01
-1.836540659353958205e+01
-1.866324543905062683e+01
-1.865124069427282549e+01
-1.871519949987981590e+01
-1.860644584222860942e+01
-1.846166682714514096e+01
-1.864885047370017546e+01
-1.866276545038789436e+01
-1.843727171276243482e+01
-1.849818671120760527e+01
-1.846766285007496222e+01
-1.865402037333495500e+01
-1.850305422291135571e+01
-1.847847418769045902e+01
-1.855444156327084215e+01
-1.848550238656325106e+01
-1.858940733206451412e+01
-1.852541019505408215e+01
-1.854833490481988179e+01
-1.850889871708396583e+01
-1.837866675850896314e+01
-1.832753379356757861e+01
-1.836952244744341911e+01
-1.846939010744932119e+01
-1.845093091093690063e+01
-1.847622677990849027e+01
-1.848557570771020764e+01
-1.846910468061033939e+01
-1.847728786142577206e+01
-1.852803626706380058e+01
-1.853020760795697441e+01
-1.846765865957194208e+01
-1.847835512393773882e+01
-1.846177095223449172e+01
-1.842350093729931260e+01
-1.843523962942062511e+01
-1.855030633182259336e+01
-1.851346661204202348e+01
-1.851317697760640613e+01
-1.847630350173983871e+01
-1.858439201993486023e+01
-1.833545691198211713e+01
-1.843209943707941534e+01
-1.864272191875257789e+01
-1.854589962732008956e+01
-1.845112398278361354e+01
-1.851708572013152576e+01
-1.856159331381799404e+01
-1.856317631836409632e+01
-1.853661394564836939e+01
-1.840642091103976341e+01
-1.838806290096085760e+01
-1.825741078894811764e+01
-1.840107160161078781e+01
-1.851341259667369243e+01
-1.851065644974340785e+01
-1.845831295581549014e+01
-1.853476652014280290e+01
-1.856690565136977966e+01
-1.852028468198350097e+01
-1.848071249018813234e+01
-1.837073581238826137e+01
-1.845313508888380838e+01
-1.839947677018525241e+01
-1.855919625125192596e+01
-1.844908306202407999e+01
-1.847038949041577993e+01
-1.839547568609592076e+01
-1.832072048916143459e+01
-1.823504707097586675e+01
-1.843277478184928952e+01
-1.841173431422613049e+01
-1.833227839667122439e+01
-1.828247280800998098e+01
-1.835304274912616052e+01
-1.833198134507566124e+01
-1.828685307792868642e+01
-1.839642332486545584e+01
-1.829419619848962597e+01
-1.839782896768598164e+01
-1.855076739321750878e+01
-1.849677134198837436e+01
-1.873197172928152554e+01
-1.859268408846189757e+01
-1.845873923893962854e+01
-1.877805180831763110e+01
-1.861063501619476312e+01
-1.868547535534032633e+01
-1.867430693925314245e+01
-1.890366672450987906e+01
-1.883488331885434874e+01
-1.878208275446428743e+01
-1.886802684761081395e+01
-1.861173205233707861e+01
-1.884023286629922112e+01
-1.871073740846860289e+01
-1.869515320379282031e+01
-1.877097075497179901e+01
-1.863205594111186514e+01
-1.865083486563097281e+01
-1.846539898378098954e+01
-1.848565534385594589e+01
-1.843805625277427396e+01
-1.839481301860701379e+01
-1.855470042775527162e+01
-1.860891269950898064e+01
-1.860528455758073463e+01
-1.843010188124379312e+01
-1.857557467043965715e+01
-1.855121542889679986e+01
-1.857828024452174276e+01
-1.848913329870085676e+01
-1.854544536977110880e+01
-1.853902823545093881e+01
-1.846295120102726273e+01
-1.844144547197831940e+01
-1.845695925360529088e+01
-1.827227522794114378e+01
-1.831522548113726856e+01
-1.862469781482889530e+01
-1.858256094399101954e+01
-1.858518090154657898e+01
-1.861523131621284932e+01
-1.857707461327061793e+01
-1.850167660224880350e+01
-1.846459706608041529e+01
-1.840774431830780955e+01
-1.839259396412462166e+01
-1.841460022132923413e+01
-1.846451896141796212e+01
-1.845369713503336584e+01
-1.838216376519830675e+01
-1.848782749319067520e+01
-1.854276067308640208e+01
-1.835393689386602034e+01
-1.845127034203440175e+01
-1.835751025424758254e+01
-1.862367145478516406e+01
-1.854736298907046077e+01
-1.834019521764959393e+01
-1.850284736207256486e+01
-1.847438126924678770e+01
-1.838295468846780878e+01
-1.838081231712218866e+01
-1.828135115243177822e+01
-1.827232527943924723e+01
-1.828795092116611798e+01
-1.833588185859583319e+01
-1.823482876354823645e+01
-1.828404021381595257e+01
-1.826119676590455398e+01
-1.820290966083617334e+01
-1.810901528669956662e+01
-1.814662404008045371e+01
-1.819605320534469683e+01
-1.808545583522811029e+01
-1.804010915107373236e+01
-1.813381213926561841e+01
-1.823295010834165097e+01
-1.830210992257246616e+01
-1.820426920192783626e+01
-1.815924028096768339e+01
-1.827692153477403281e+01
-1.823455493960173257e+01
-1.830920333396115041e+01
-1.816848365376153751e+01
-1.825419337710796697e+01
-1.821200363694019586e+01
-1.816657249713416178e+01
-1.810572349273659754e+01
-1.796267799248832731e+01
-1.804477977779120934e+01
-1.796554647365171320e+01
-1.811720675984437179e+01
-1.795031260390163297e+01
-1.786913014449063652e+01
-1.788583978095876503e+01
-1.786146814532636995e+01
-1.798995840146157121e+01
-1.792115589272370713e+01
-1.801491556972220209e+01
-1.794042358347424582e+01
-1.799017424385769104e+01
-1.781143521581830669e+01
-1.791135557312150439e+01
-1.788514137631017675e+01
-1.783873456044128503e+01
-1.798890917759842978e+01
-1.780937249611606532e+01
-1.792949656274237213e+01
-1.787955113227224047e+01
-1.785433408281717504e+01
-1.786629229707407518e+01
-1.795506708486912117e+01
-1.792446294889403191e+01
-1.794587406450244060e+01
-1.781146922822086154e+01
-1.791671581160970561e+01
-1.787158360938894575e+01
-1.791797549073070783e+01
-1.790918288065217467e+01
-1.790414974774004264e+01
-1.780757710702544117e+01
-1.778662026203705082e+01
-1.776223686959006898e+01
-1.769933222935459582e+01
-1.767073307796039572e+01
-1.775424915990659258e+01
-1.767297891506326124e+01
-1.760808898364284403e+01
-1.769819475404306530e+01
-1.770682030375480664e+01
-1.767737763407015805e+01
-1.780986344091295948e+01
-1.763260700578964446e+01
-1.767243640461710186e+01
-1.765482661577114953e+01
-1.753303315511589133e+01
-1.753464228593863439e+01
-1.754874820638715960e+01
-1.750063405574743314e+01
-1.759608569212589302e+01
-1.758037629904637100e+01
-1.765237976304742062e+01
-1.761120909742913909e+01
-1.770935990056697662e+01
-1.777078861267334986e+01
-1.769247090347655771e+01
-1.772365168435112182e+01
-1.761683383056031360e+01
-1.766538166010395017e+01
-1.758801489528151052e+01
-1.761461980107469216e+01
-1.758342195175375977e+01
-1.755570966428887658e+01
-1.754242988411519732e+01
-1.751348750590902270e+01
-1.753954728891607928e+01
-1.749881074623468535e+01
-1.760024270162985260e+01
-1.770410626055830150e+01
-1.759747931658813513e+01
-1.752978603404392288e+01
-1.748946260010726306e+01
-1.760675971297134978e+01
-1.761746781512902871e+01
-1.746778996797976191e+01
-1.739972704469134257e+01
-1.746956303258955145e+01
-1.760878422593876991e+01
-1.757399924377706313e+01
-1.771398733781350998e+01
-1.764065006616574038e+01
-1.763051041059820179e+01
-1.765768755676049651e+01
-1.773207545104221694e+01
-1.772982038033725871e+01
-1.781935507327682444e+01
-1.780980872717729824e+01
-1.781175523870731325e+01
-1.777930204322515806e+01
-1.774027364848685906e+01
-1.764770150303543161e+01
-1.753579665083129768e+01
-1.748487060632060519e+01
-1.765079220427988460e+01
-1.753878627869418949e+01
-1.753273775782723831e+01
-1.753333752607332485e+01
-1.755053683104381435e+01
-1.752038574799266613e+01
-1.753904436221573704e+01
-1.743804720240256501e+01
-1.753292475599507227e+01
-1.736879316341339319e+01
-1.746575460215255049e+01
-1.750528276629244218e+01
-1.750297025539715889e+01
-1.761139382793270514e+01
-1.754813038482854637e+01
-1.755623204771639578e+01
-1.760583005498159892e+01
-1.749804264630455819e+01
-1.755358292878420912e+01
-1.738009520466822622e+01
-1.745815770297415526e+01
-1.741511445393902591e+01
-1.746315624398650357e+01
-1.746019422177521463e+01
-1.746194246433262975e+01
-1.749458777551133792e+01
-1.749578148107035602e+01
-1.756510141151048643e+01
-1.740653264888423024e+01
-1.734153017646767836e+01
-1.748238939173978324e+01
-1.737730802831102750e+01
-1.737685224103219994e+01
-1.747843082673335502e+01
-1.731357434704763421e+01
-1.747033212433616001e+01
-1.751120831501813768e+01
-1.743734979161696330e+01
-1.743363981206989166e+01
-1.739823258676772610e+01
-1.740288964971026786e+01
-1.739855089725618242e+01
-1.741800082354456691e+01
-1.743693175146363927e+01
-1.739611661233863771e+01
-1.741870962716252436e+01
-1.733225879064556452e+01
-1.725018964721371617e+01
-1.722287716306875183e+01
-1.718545538578100107e+01
-1.729592086503799564e+01
-1.731333237692561866e+01
-1.742471039520080467e+01
-1.729500362720725803e+01
-1.729704753122032557e+01
-1.743430862625693223e+01
-1.735640710163231404e+01
-1.747659588960268096e+01
-1.728407349649017277e+01
-1.736176361505883037e+01
-1.743160513370618148e+01
-1.734235725675589634e+01
-1.732977796394571257e+01
-1.728419841408498669e+01
-1.716838179550263632e+01
-1.713756210811101255e+01
-1.720162567814558585e+01
-1.720123109285005114e+01
-1.714730171273453863e+01
-1.708036803519007663e+01
-1.712305379631441582e+01
-1.713772625953810191e+01
-1.723415753291727981e+01
-1.713842559726938219e+01
-1.715549573016259899e+01
-1.717646668728617243e+01
-1.715326692313525569e+01
-1.720052040060662790e+01
-1.708791235814464926e+01
-1.712646150783903565e+01
-1.709351523914679660e+01
-1.720157481243981934e+01
-1.725449022326467130e+01
-1.720920531521067787e+01
-1.720699098423055062e+01
-1.711134745092988396e+01
-1.712207702621683225e+01
-1.708707725229952956e+01
-1.706601257079014289e+01
-1.716227945276105160e+01
-1.715727668787448934e+01
-1.718601846937415445e+01
-1.710765829411976213e+01
-1.710505135799269638e+01
-1.707068458188186355e+01
-1.710641570235587139e+01
-1.720273225805117079e+01
-1.722007282687070173e+01
-1.730675048046479958e+01
-1.727922602133242691e+01
-1.729234364360581111e+01
-1.721843012986091281e+01
-1.743526484343557215e+01
-1.722034686848422425e+01
-1.727844854785171691e+01
-1.722767045242630601e+01
-1.726481091904821241e+01
-1.723055967764887342e+01
-1.712778118238747993e+01
-1.719565387420853853e+01
-1.711545647362481404e+01
-1.712163138908622884e+01
-1.713695627274006483e+01
-1.712285317140424112e+01
-1.706733684314139055e+01
-1.717788334608133738e+01
-1.713484038927224518e+01
-1.706050603505111241e+01
-1.698845883062775997e+01
-1.701787912203626263e+01
-1.700171456408654436e+01
-1.708898645970395336e+01
-1.709133356162453410e+01
-1.710125672838764999e+01
-1.702180283806678673e+01
-1.697362195554517683e+01
-1.692233096452223151e+01
-1.698248821398599517e+01
-1.699649721038475647e+01
-1.708369077973252104e+01
-1.715481005142792270e+01
-1.713405932667177112e+01
-1.711510703889849694e+01
-1.703038134244567559e+01
-1.707274183820493363e+01
-1.705188812396371389e+01
-1.708988187755084098e+01
-1.703418202031958373e+01
-1.706183110627993216e+01
-1.696480152232766514e+01
-1.705980551835161663e+01
-1.701326808983236916e+01
-1.695413636765432130e+01
-1.702603469687487348e+01
-1.705778671182726569e+01
-1.711376145682346106e+01
-1.710290257122269963e+01
-1.704864888777013476e+01
-1.702014311126767510e+01
-1.705274266252488147e+01
-1.704447052364198356e+01
-1.711277305934869375e+01
-1.702764209289322750e+01
-1.703147759873343148e+01
-1.701103678912469164e+01
-1.702461582985238664e+01
-1.703881445099483116e+01
-1.704961387582942223e+01
-1.704014181817165152e+01
-1.707092297486001797e+01
-1.694446769625581339e+01
-1.694875995174556138e+01
-1.698833486139944071e+01
-1.694586335498664909e+01
-1.696616249472763727e+01
-1.700250286205940498e+01
-1.702823815110838979e+01
-1.697968416400979308e+01
-1.702310600093074555e+01
-1.712116618881449526e+01
-1.705556453093591429e+01
-1.700028900129219522e+01
-1.701960613294884439e+01
-1.701712771895330079e+01
-1.699182556433553160e+01
-1.695298458213624215e+01
-1.690321506850954236e+01
-1.692420092645495799e+01
-1.694877439376401540e+01
-1.689000878317826349e+01
-1.688510998804117591e+01
-1.688252691919598547e+01
-1.686677080177016919e+01
-1.678127898953094288e+01
-1.685523950939334625e+01
-1.686071116253145874e+01
-1.671343029485513298e+01
-1.673486558726345663e+01
-1.666102566271932517e+01
-1.669472729532031607e+01
-1.677837846942139066e+01
-1.678858163895521827e+01
-1.682337600411487699e+01
-1.683661839970311647e+01
-1.673904516152174082e+01
-1.674753014209521851e+01
-1.672930796187563018e+01
-1.674597936048642310e+01
-1.669796717354739712e+01
-1.671402840197714568e+01
-1.665105281760230227e+01
-1.668009495173550150e+01
-1.673061524207690098e+01
-1.678294801298223504e+01
-1.674809246875320667e+01
-1.675494811401176420e+01
-1.672602664132437411e+01
-1.675681708871222142e+01
-1.673017404911600181e+01
-1.680130233135006179e+01
-1.675907954612315720e+01
-1.684378439266887284e+01
-1.674845188602368395e+01
-1.671084944390899096e+01
-1.680712879415465366e+01
-1.682295926608026093e+01
-1.677878378747040955e+01
-1.679196674566327019e+01
-1.678412868421665038e+01
-1.687401971482714558e+01
-1.678138388127101166e+01
-1.678621717796290369e+01
-1.675439540829584573e+01
-1.684054400140295726e+01
-1.690984007362229846e+01
-1.688132430150603724e+01
-1.688462575593079507e+01
-1.686936737576293410e+01
-1.681141308268384904e+01
-1.679886409076202369e+01
-1.678207523977955162e+01
-1.673671026893554270e+01
-1.673500030484284906e+01
-1.673571788280181849e+01
-1.674454264988487040e+01
-1.679011246510648547e+01
-1.678037694122533097e+01
-1.682631929896854572e+01
-1.675404653927299137e+01
-1.666124592367195589e+01
-1.674201170512053949e+01
-1.674892907791034347e+01
-1.671648666184619714e+01
-1.669025918888475246e+01
-1.667464076588227684e+01
-1.671203100782607365e+01
-1.668402239924423824e+01
-1.673412553402234693e+01
-1.670374247897910891e+01
-1.677387686701987590e+01
-1.670276030061788219e+01
-1.675094833333177746e+01
-1.681922756804950936e+01
-1.690292722112084434e+01
-1.683602087087741239e+01
-1.688832283175580073e+01
-1.688396845746579800e+01
-1.689298230766549480e+01
-1.690150401961686910e+01
-1.694013056697477282e+01
-1.688341031367092171e+01
-1.682228528696697367e+01
-1.687056584290327521e+01
-1.691758659023413713e+01
-1.693534855920845317e+01
-1.693475937060987846e+01
-1.688745669283789042e+01
-1.685684775641353994e+01
-1.695237942797903585e+01
-1.694674839302156855e+01
-1.709090997017149149e+01
-1.697884958682912426e+01
-1.709240425870243385e+01
-1.702649042415937686e+01
-1.704151301213989811e+01
-1.700964661735135763e+01
-1.714568849447742593e+01
-1.703957818589211470e+01
-1.702362245261880958e+01
-1.700633400639645743e+01
-1.708056447622623963e+01
-1.709180002889750583e+01
-1.699398831196220883e+01
-1.701103763091257903e+01
-1.707907968127883436e+01
-1.703866672466539001e+01
-1.704661535067147327e+01
-1.697073664119059444e+01
-1.693728197041010475e+01
-1.698743536044810298e+01
-1.694496931395201855e+01
-1.692978413993985853e+01
-1.680411206071037711e+01
-1.689591392886526933e+01
-1.690601430706340835e+01
-1.686071294094710993e+01
-1.693797418103017449e+01
-1.687676357248414050e+01
-1.691395638466163476e+01
-1.694822949232362674e+01
-1.695960867729214883e+01
-1.688502885618113325e+01
-1.696791955223828552e+01
-1.685145994118468593e+01
-1.681306679690260353e+01
-1.683842614063822296e+01
-1.689992399952505053e+01
-1.698423729848551389e+01
-1.686411752951402576e+01
-1.684472511011878737e+01
-1.684074043482069882e+01
-1.675060690254467133e+01
-1.681333534634631732e+01
-1.676777948407421803e+01
-1.680435864696670833e+01
-1.680042679624462210e+01
-1.684013386274253321e+01
-1.681856000518173033e+01
-1.685374294554467767e+01
-1.685140714305401843e+01
-1.682894395537179832e+01
-1.683124394207675678e+01
-1.686687099886809094e+01
-1.677490857017125947e+01
-1.681707273135850400e+01
-1.681370690237746146e+01
-1.686865677652933471e+01
-1.692421513355715490e+01
-1.691477398051742753e+01
-1.697469326280876700e+01
-1.702684310719649119e+01
-1.711255681126733563e+01
-1.703472609018995243e+01
-1.699345199121104599e+01
-1.693884926232820476e+01
-1.701061886976313531e+01
-1.700849874534008421e+01
-1.706762512189830616e+01
-1.703711060187008641e+01
-1.699677919248419400e+01
-1.700183985420606092e+01
-1.702312395014710589e+01
-1.705325226750404610e+01
-1.701867237834815327e+01
-1.700976930203069770e+01
-1.698828240147036084e+01
-1.701104540819023114e+01
-1.709869700372337675e+01
-1.711591998905246115e+01
-1.708629443837278572e+01
-1.707007178715830165e+01
-1.708210639815536780e+01
-1.714953958824593627e+01
-1.716737875614042252e+01
-1.718081720818094738e+01
-1.722500213842728556e+01
-1.724425243644195049e+01
-1.721625606973502443e+01
-1.723291901740460474e+01
-1.726877556651777823e+01
-1.718469910037176973e+01
-1.711977952453826646e+01
-1.724652267333852862e+01
-1.709958906484726171e+01
-1.714071320819700261e+01
-1.712126994997422003e+01
-1.712464489777386945e+01
-1.710792193478296497e+01
-1.702109856685972389e+01
-1.705913216902343166e+01
-1.698919758726411544e+01
-1.700204356277268758e+01
-1.699148690633010972e+01
-1.704838676742433634e+01
-1.699978338460890370e+01
-1.708382247104265517e+01
-1.704358381581478454e+01
-1.713365202640534335e+01
-1.709305099228921776e+01
-1.700042901104543702e+01
-1.693713534716141211e+01
-1.704472856896794042e+01
-1.706346533232494878e+01
-1.699653640162390289e+01
-1.707498868324271157e+01
-1.704477372134047286e+01
-1.705814221197162084e+01
-1.713481600795381965e+01
-1.714013929719686757e+01
-1.721083907891312492e+01
-1.723145597722802691e+01
-1.714073194811098588e+01
-1.722734841920468085e+01
-1.726743571484271556e+01
-1.724459117202499669e+01
-1.714342889876839493e+01
-1.715823960549266758e+01
-1.716506783763762911e+01
-1.721641286414349992e+01
-1.718898592183746388e+01
-1.711833892711228344e+01
-1.707199135022299785e+01
-1.701096553541373879e+01
-1.705493269905949560e+01
-1.702778601560479643e+01
-1.696176994652902792e+01
-1.697489437169271653e+01
-1.691943158634318678e+01
-1.699445356675342111e+01
-1.704076713293830281e+01
-1.703109575782995577e+01
-1.704741374275704402e+01
-1.700965112533671331e+01
-1.695828985762021546e+01
-1.692978424014839334e+01
-1.693167857627011585e+01
-1.695095248169197788e+01
-1.702721200596015549e+01
-1.695956152007738993e+01
-1.698892077031323922e+01
-1.693265593412653658e+01
-1.692521798186091075e+01
-1.695759440098275306e+01
-1.692904153259669542e+01
-1.698311318067407782e+01
-1.689730076558721805e+01
-1.687725312690460555e+01
-1.693730336358614252e+01
-1.686558858512364978e+01
-1.692004540500733611e+01
-1.690021100961341105e+01
-1.675947115611901594e+01
-1.681097613531126811e+01
-1.675609907255834585e+01
-1.679381879875130679e+01
-1.676434374876136246e+01
-1.685304615228306346e+01
-1.683407607855332699e+01
-1.685428626631558657e+01
-1.680535395791111952e+01
-1.693062915952395286e+01
-1.689467448311662068e+01
-1.696772680098310104e+01
-1.690757550927061459e+01
-1.692504092571747165e+01
-1.673496180876480111e+01
-1.692198478546435680e+01
-1.700539876247944449e+01
-1.694382811752004514e+01
-1.691628377402206596e+01
-1.693566051054860822e+01
-1.689189470761964174e+01
-1.693551332791374264e+01
-1.687577023637872742e+01
-1.696246465671506343e+01
-1.694327802399973493e+01
-1.689060411337694134e+01
-1.697971450102178181e+01
-1.691842395908527408e+01
-1.686100653282236195e+01
-1.695891740883059740e+01
-1.686748643545519499e+01
-1.700854012908849455e+01
-1.687587188098968483e+01
-1.686058083040234479e+01
