# 2*np.log[MAD(r)] for 100 flights; 1000 steps per flight; run 16 of 50; mu: 3.50; seed: 15
-2.653607820363181702e+01
-2.349967096988655157e+01
-2.287570359980666979e+01
-2.275510170083784800e+01
-2.272100431000875886e+01
-2.255694582547132043e+01
-2.219561175400880160e+01
-2.213796139482485614e+01
-2.228931291098598422e+01
-2.162406155183071377e+01
-2.168478581026731788e+01
-2.150246321950304562e+01
-2.115752291588353984e+01
-2.112318731897466861e+01
-2.101022759703682397e+01
-2.134148471148339254e+01
-2.087133230025497355e+01
-2.118693763253989459e+01
-2.077397287943274762e+01
-2.086762976494125610e+01
-2.079377675365499911e+01
-2.048876903072079969e+01
-2.062401360239753600e+01
-2.063943927249112420e+01
-2.060571387113564157e+01
-2.064929179148163030e+01
-2.055640666915643777e+01
-2.067073189764012398e+01
-2.060082974476551954e+01
-2.055045887699625951e+01
-2.057726608770823873e+01
-2.054538281083429752e+01
-2.023121742726560868e+01
-2.023662575685139231e+01
-2.016297236151554273e+01
-2.020046959748499305e+01
-2.010484813975539709e+01
-2.020309438657012180e+01
-2.021089301008457539e+01
-2.006372537666933908e+01
-2.016603991884040425e+01
-2.003765394467179561e+01
-2.026065880203685765e+01
-1.991268966451083244e+01
-1.987322811814883394e+01
-1.986502716560587345e+01
-1.993746802277009067e+01
-1.969112620525515567e+01
-1.996445232250245994e+01
-2.019155943736918246e+01
-1.988437504060348004e+01
-2.003827819625232465e+01
-1.997129952066082836e+01
-1.985755038788453319e+01
-1.983479834270824327e+01
-2.014498175310409778e+01
-1.998913182854408532e+01
-1.986848837114880340e+01
-1.996427713512965596e+01
-1.988057197279539423e+01
-1.997694152944537649e+01
-1.987191451934856090e+01
-2.004675325207120551e+01
-1.979873170076699296e+01
-1.982193038708715704e+01
-1.978469727378059062e+01
-1.969369348339643011e+01
-1.982981371828137540e+01
-1.960235118713067237e+01
-1.946460383569009167e+01
-1.952283164288215289e+01
-1.930765244045867490e+01
-1.939035559035268719e+01
-1.913147128050674439e+01
-1.925339410440023613e+01
-1.923738677689669174e+01
-1.935296385894898208e+01
-1.913345562772940056e+01
-1.917678949548593437e+01
-1.927088013383986720e+01
-1.936639413040074587e+01
-1.916410416242533543e+01
-1.910211962100171945e+01
-1.912571024335910508e+01
-1.910727622399921088e+01
-1.919541825349059039e+01
-1.925209017540304046e+01
-1.921714064367547792e+01
-1.930932705677468064e+01
-1.915320672790595680e+01
-1.917377629991094068e+01
-1.916054408949322152e+01
-1.908286763191733115e+01
-1.902932742295449486e+01
-1.901991944095173537e+01
-1.891393107014864583e+01
-1.905773410154661107e+01
-1.920269815890602771e+01
-1.931157861745740689e+01
-1.910473548648492681e+01
-1.905501145612743485e+01
-1.916866734514705684e+01
-1.910621240069525939e+01
-1.912292471580619946e+01
-1.921931361631944313e+01
-1.927539555694365703e+01
-1.909297865023096108e+01
-1.908046584687644653e+01
-1.919637490167406924e+01
-1.919214142477694196e+01
-1.932427411762887814e+01
-1.910151660894948478e+01
-1.904766053110736834e+01
-1.887391746444265905e+01
-1.910317175126315448e+01
-1.900007654673501278e+01
-1.891783101251417065e+01
-1.932456982225116349e+01
-1.923852589217768383e+01
-1.921514071529728440e+01
-1.941943167691312766e+01
-1.945015838774088834e+01
-1.917524099334787024e+01
-1.928091006065636392e+01
-1.935935410353901176e+01
-1.923974809960967747e+01
-1.924747960422298476e+01
-1.920084440347958576e+01
-1.926659142175723716e+01
-1.913977984072979766e+01
-1.913326417636855936e+01
-1.934431489217949363e+01
-1.922255861791819243e+01
-1.926428810236413369e+01
-1.916046849829363907e+01
-1.896529046037698762e+01
-1.900863401189247881e+01
-1.883588230763293936e+01
-1.893263222174753224e+01
-1.885295179648714381e+01
-1.899770317905898764e+01
-1.904472911489997600e+01
-1.916290021673448152e+01
-1.929037791962086956e+01
-1.916020741391282911e+01
-1.918332326453109005e+01
-1.926412722083303919e+01
-1.900874849233130703e+01
-1.898535291162002636e+01
-1.908521350670224592e+01
-1.907040759379011163e+01
-1.895063658417035768e+01
-1.898996583485694956e+01
-1.877839767188615738e+01
-1.878366664377962891e+01
-1.879372266708203654e+01
-1.881090403628180141e+01
-1.882591779960202416e+01
-1.886697412172097899e+01
-1.887905163528846941e+01
-1.886424601278748625e+01
-1.875278564806750836e+01
-1.876392830599991512e+01
-1.871844753366002934e+01
-1.860644911865049167e+01
-1.865263781422547495e+01
-1.873940212487192625e+01
-1.873813029075812864e+01
-1.879775451394570140e+01
-1.878679013636208239e+01
-1.873487593851913502e+01
-1.888789933575491276e+01
-1.881824798392273124e+01
-1.904370344798903503e+01
-1.905823483544327246e+01
-1.892024475382766369e+01
-1.892528140296669648e+01
-1.879274060436582161e+01
-1.883390366003471073e+01
-1.887215932892289771e+01
-1.886966005459285256e+01
-1.888853419807499279e+01
-1.874668494379766059e+01
-1.853938821555572503e+01
-1.877150321784274212e+01
-1.879832655072607039e+01
-1.890508506783852383e+01
-1.879044257256826000e+01
-1.892820967308164271e+01
-1.888402497780618816e+01
-1.885488357290126160e+01
-1.897902764374382301e+01
-1.883673669896518632e+01
-1.901757037567548281e+01
-1.886688018183949112e+01
-1.897249907170345296e+01
-1.897523189512661190e+01
-1.878784191394636593e+01
-1.875796141602611655e+01
-1.890229794333816926e+01
-1.886517884508242204e+01
-1.873966807457824757e+01
-1.894083188826522957e+01
-1.900343730979428258e+01
-1.870420358315289988e+01
-1.889383404247011100e+01
-1.882380236287479036e+01
-1.873179445520580799e+01
-1.868786031403925918e+01
-1.876314379505514296e+01
-1.872999143531320954e+01
-1.874213193944379796e+01
-1.863556892354278816e+01
-1.860287557755404109e+01
-1.848929906304462989e+01
-1.854464281878018284e+01
-1.846195207775587832e+01
-1.864428220938520298e+01
-1.886866740846140544e+01
-1.873052655781124187e+01
-1.866893996133623901e+01
-1.847369095731922783e+01
-1.860802205083776784e+01
-1.884989586910822723e+01
-1.883397011712802183e+01
-1.879671556190323045e+01
-1.854617254610520405e+01
-1.863958020597091192e+01
-1.863976234013140854e+01
-1.876787347522275695e+01
-1.879635268100636480e+01
-1.873095463802793148e+01
-1.876589077698276142e+01
-1.884473230800021781e+01
-1.870890187588868514e+01
-1.855597881914587077e+01
-1.864549216890656780e+01
-1.861653530115684063e+01
-1.856390148550039498e+01
-1.865737644073382029e+01
-1.880940161445845149e+01
-1.882390523481346989e+01
-1.861006132024288817e+01
-1.859466835163510012e+01
-1.854822534166371995e+01
-1.850695466247243459e+01
-1.839716614832578401e+01
-1.861290036370869316e+01
-1.852728512485445123e+01
-1.841955947608542488e+01
-1.848397632021803716e+01
-1.848833350952725496e+01
-1.854098972181269289e+01
-1.852567213842317528e+01
-1.856674718678725711e+01
-1.866727370596239055e+01
-1.858315371654306603e+01
-1.849043897149362792e+01
-1.840713963411183940e+01
-1.851545476095236609e+01
-1.863870717033900704e+01
-1.857473616777290815e+01
-1.855221081072343026e+01
-1.853044830232061102e+01
-1.855647983796822587e+01
-1.848298279815349687e+01
-1.842274536230768689e+01
-1.849761797485867021e+01
-1.839562772814716141e+01
-1.847100425180844141e+01
-1.844166051651063754e+01
-1.834656953422609149e+01
-1.830046917655490191e+01
-1.822772205869276974e+01
-1.818911617340026154e+01
-1.827729973947482378e+01
-1.831983772194749704e+01
-1.819984011221695397e+01
-1.832100413364525338e+01
-1.820409675263136151e+01
-1.826446763379839666e+01
-1.821826535396900937e+01
-1.826009959194013632e+01
-1.825275718400363090e+01
-1.823956344021256015e+01
-1.843451642338337138e+01
-1.838545209695566385e+01
-1.839901676328411995e+01
-1.853786713109870377e+01
-1.843992296164240230e+01
-1.835901310348885218e+01
-1.840308818719452333e+01
-1.840782979572537315e+01
-1.857442015330905960e+01
-1.845787433279476986e+01
-1.833961667448327404e+01
-1.818509360775982131e+01
-1.824434642278380281e+01
-1.820006388086884996e+01
-1.821598437609839394e+01
-1.835830750915140541e+01
-1.825109421044829361e+01
-1.847154210240641703e+01
-1.851029795670045530e+01
-1.870321783100797219e+01
-1.875626119017073634e+01
-1.867733825848989326e+01
-1.850179863033669747e+01
-1.852126742441051022e+01
-1.841394775344198820e+01
-1.844706331421892642e+01
-1.836171538229148936e+01
-1.842561260885948826e+01
-1.829928679018151882e+01
-1.826999967860342977e+01
-1.813586412602147391e+01
-1.811410036293418102e+01
-1.822950183002583557e+01
-1.810772827672359142e+01
-1.821285817943685714e+01
-1.819272964753573163e+01
-1.812098302689149065e+01
-1.817772744576061683e+01
-1.822608769942901219e+01
-1.823788249676864481e+01
-1.831372217461924023e+01
-1.815688078193096899e+01
-1.818061047398954955e+01
-1.824968661082582599e+01
-1.837306591535627831e+01
-1.814867409704582002e+01
-1.815050828684421447e+01
-1.803682763924286192e+01
-1.805221139568348931e+01
-1.792982189092776935e+01
-1.794083956477329522e+01
-1.789076385681187276e+01
-1.781401147680728059e+01
-1.784381871051835233e+01
-1.776357646770563647e+01
-1.779102374846703327e+01
-1.782327454955911250e+01
-1.792375697768861897e+01
-1.795135978529016896e+01
-1.796381153889290161e+01
-1.783609196240746542e+01
-1.800730431083252370e+01
-1.796240645831080585e+01
-1.786057400637226777e+01
-1.784229077478705960e+01
-1.792664010732705293e+01
-1.788857326237057066e+01
-1.788009266771589623e+01
-1.786653512200766158e+01
-1.787756963392249787e+01
-1.797713017602745467e+01
-1.801959265768148200e+01
-1.794499291291001342e+01
-1.806673335144512293e+01
-1.809209524066249131e+01
-1.804685044266449268e+01
-1.801501248314713521e+01
-1.801160763841522794e+01
-1.808456886116776730e+01
-1.796687016964079575e+01
-1.790518466472764914e+01
-1.799604087937120767e+01
-1.806372770387969950e+01
-1.808275496860226994e+01
-1.808045275832403220e+01
-1.808402100839027682e+01
-1.805108659781361879e+01
-1.813398815566033306e+01
-1.809586948990717659e+01
-1.799806501201058850e+01
-1.802451272476680799e+01
-1.798401361804831211e+01
-1.793074784036624436e+01
-1.810383148290786437e+01
-1.818555614808160215e+01
-1.807033030593972711e+01
-1.808581887064296367e+01
-1.812710925189422184e+01
-1.808543970161133174e+01
-1.813692998210207818e+01
-1.815111250434399892e+01
-1.815481532182496593e+01
-1.808451985232459691e+01
-1.815521731452255949e+01
-1.816833758429886814e+01
-1.810075671917541129e+01
-1.827338477854545573e+01
-1.818915406665091794e+01
-1.820369452319120995e+01
-1.835378846960039212e+01
-1.832108743095873038e+01
-1.827325838171430661e+01
-1.831799069221823117e+01
-1.820280991831350548e+01
-1.816815088538819367e+01
-1.820611574306650127e+01
-1.824057350485866991e+01
-1.814009802576468999e+01
-1.822732778383545593e+01
-1.811988853592420057e+01
-1.826809863589616612e+01
-1.815512597749779289e+01
-1.810803726401586289e+01
-1.796499017439859358e+01
-1.781168614289593677e+01
-1.770448158355919688e+01
-1.778195228281277807e+01
-1.772032972271648887e+01
-1.774523347644965199e+01
-1.773446216365127270e+01
-1.768343663475906524e+01
-1.780262023512337066e+01
-1.788893742248259144e+01
-1.767089710109132028e+01
-1.775354410602050592e+01
-1.776935709858254597e+01
-1.773926138171669464e+01
-1.766701560408527527e+01
-1.765349897938328994e+01
-1.760333547675075394e+01
-1.751275416019405640e+01
-1.755892980362034095e+01
-1.758616541669794842e+01
-1.766836591906680454e+01
-1.755020509724684885e+01
-1.751354445900487633e+01
-1.749781221848952484e+01
-1.755839913064194135e+01
-1.775787952504348510e+01
-1.778368624805350251e+01
-1.775132511138437863e+01
-1.783138934677933918e+01
-1.774235573682133094e+01
-1.783739665056373269e+01
-1.782091551682636776e+01
-1.786435325248486805e+01
-1.779008192187499660e+01
-1.776727520916950454e+01
-1.763144927370779769e+01
-1.763788669365746387e+01
-1.764047640816686879e+01
-1.773330952516555925e+01
-1.775429351574873138e+01
-1.770832672409322228e+01
-1.772758103605899649e+01
-1.775893001840976737e+01
-1.773466004709743160e+01
-1.783000234935855843e+01
-1.768675411432009881e+01
-1.760173092862802946e+01
-1.758898675261074729e+01
-1.773211492796190569e+01
-1.768379806362757378e+01
-1.753171474355314885e+01
-1.752765452455969708e+01
-1.755589235525698655e+01
-1.767352395878540605e+01
-1.771289525990710700e+01
-1.766395549055459568e+01
-1.789516213153218516e+01
-1.781265327638885765e+01
-1.759588886873198632e+01
-1.764912154419042523e+01
-1.759932637732682537e+01
-1.775243743329772883e+01
-1.775272748913893750e+01
-1.772765477061075501e+01
-1.786644588641722819e+01
-1.779169035553826106e+01
-1.768878682614061759e+01
-1.761023419149691804e+01
-1.759935174751513642e+01
-1.762886997384476118e+01
-1.779396932254365993e+01
-1.763569156955603745e+01
-1.761499853058578680e+01
-1.763160853821926466e+01
-1.774032711520709427e+01
-1.777669004693238719e+01
-1.783070199032159664e+01
-1.784740622144775912e+01
-1.784711685018868010e+01
-1.774829314941100122e+01
-1.766286653744708346e+01
-1.758298632733481526e+01
-1.746120598544117897e+01
-1.752811291050210585e+01
-1.750679968783040863e+01
-1.740216120911074782e+01
-1.744100159679183548e+01
-1.748492063741771219e+01
-1.740545845765630872e+01
-1.727023533085405660e+01
-1.714285384496403708e+01
-1.727543269951556937e+01
-1.719708350426538956e+01
-1.723810356706547608e+01
-1.716506440454667271e+01
-1.721626349044981197e+01
-1.724832413870158021e+01
-1.727739716955100491e+01
-1.726144691134025777e+01
-1.728291380616838779e+01
-1.719233951902148050e+01
-1.719259809102650749e+01
-1.714361169134192409e+01
-1.723622294552265188e+01
-1.727245830392592651e+01
-1.722295864797796128e+01
-1.726777704112790701e+01
-1.724718547630533649e+01
-1.722111733578177351e+01
-1.722643436187187405e+01
-1.723259656492060188e+01
-1.718839729746238021e+01
-1.724369925635514988e+01
-1.728383732094918557e+01
-1.731520458574721388e+01
-1.726677680817074645e+01
-1.721907623617541461e+01
-1.737560864281605788e+01
-1.735633916247100572e+01
-1.736207237245155000e+01
-1.733598170722771670e+01
-1.730136504949726017e+01
-1.732394472667785124e+01
-1.742113179542920776e+01
-1.744804421699443608e+01
-1.742803989910619222e+01
-1.729645506057076432e+01
-1.727587851859032497e+01
-1.742405199789378401e+01
-1.730391889138197214e+01
-1.741700886650486169e+01
-1.733231412617571721e+01
-1.745368763076776020e+01
-1.750782614886053068e+01
-1.743928670060478936e+01
-1.743609685299451684e+01
-1.762757064587899336e+01
-1.766771910869831785e+01
-1.760260974007954005e+01
-1.753629556219849661e+01
-1.771414046937438869e+01
-1.766239142015325569e+01
-1.767790367505989835e+01
-1.757512099296677377e+01
-1.757425938732293602e+01
-1.752395369335958364e+01
-1.745822403546881674e+01
-1.740149327896551412e+01
-1.744302705272548337e+01
-1.736121826382296263e+01
-1.736402867036334285e+01
-1.737099671926491595e+01
-1.745546508070380298e+01
-1.746544861057264697e+01
-1.751797729441550189e+01
-1.747038987360279805e+01
-1.741756796932783757e+01
-1.740059004510496266e+01
-1.731647881822652835e+01
-1.735219207911564965e+01
-1.734530541900469558e+01
-1.722870934518626385e+01
-1.725757549016024939e+01
-1.735747164968940481e+01
-1.720884170945436864e+01
-1.724758811368978328e+01
-1.729261648381740102e+01
-1.726058731160934911e+01
-1.734702075681488864e+01
-1.729339619661345751e+01
-1.733646772672792125e+01
-1.729102690408013387e+01
-1.732857460667128180e+01
-1.719723213287205965e+01
-1.729780838607355165e+01
-1.730971727774802105e+01
-1.742411184953059688e+01
-1.738927306274335649e+01
-1.748319760275512635e+01
-1.732537914735523543e+01
-1.742165448142045037e+01
-1.738555679568132106e+01
-1.732976324388128830e+01
-1.721669890111101608e+01
-1.726362399320681718e+01
-1.721854411723045075e+01
-1.713402250041988140e+01
-1.717597109939465838e+01
-1.719870048508700222e+01
-1.714156643850394701e+01
-1.712759364263522954e+01
-1.729719172129113502e+01
-1.725169068745936229e+01
-1.726845586745371008e+01
-1.725789631731032614e+01
-1.731040656224899976e+01
-1.727277190136521057e+01
-1.735602339984358622e+01
-1.731063182649629795e+01
-1.726611666587541905e+01
-1.722315565915271662e+01
-1.716528940995523911e+01
-1.728567715258776971e+01
-1.732155588359641740e+01
-1.724904043892413341e+01
-1.723480087957494433e+01
-1.728899135189900349e+01
-1.728573224636351924e+01
-1.726863122495473135e+01
-1.727926095183554267e+01
-1.734204108446396120e+01
-1.730029750428724356e+01
-1.722258283946905522e+01
-1.718565382272783992e+01
-1.733212009573815138e+01
-1.730875164315752457e+01
-1.735891286096496344e+01
-1.732057962029296405e+01
-1.737428038010801856e+01
-1.746132181652550841e+01
-1.746462168903058298e+01
-1.752288355432402511e+01
-1.751209287507066392e+01
-1.748010760701209421e+01
-1.752936936892149333e+01
-1.743468013696110575e+01
-1.741645496468482079e+01
-1.742365642707282802e+01
-1.736897916432252842e+01
-1.736075684447033751e+01
-1.732793553775313100e+01
-1.721497201435975910e+01
-1.722649566531283938e+01
-1.710986350936978440e+01
-1.718706561003430267e+01
-1.715328864037099166e+01
-1.717171104971252049e+01
-1.712769210613398485e+01
-1.716123530348394866e+01
-1.723331236767715779e+01
-1.729963741894180274e+01
-1.726704976077707343e+01
-1.716256440092977442e+01
-1.726400710794073490e+01
-1.735630720788402215e+01
-1.731569587734686877e+01
-1.736334393914889418e+01
-1.746691590139963779e+01
-1.742935397398114361e+01
-1.738922112139894693e+01
-1.729189554606270463e+01
-1.731956681451446656e+01
-1.726532272101700372e+01
-1.717161487615848259e+01
-1.722981057487079326e+01
-1.718706082764508025e+01
-1.728042604959049200e+01
-1.724194810948179679e+01
-1.720586571752815175e+01
-1.721332102233547801e+01
-1.732620419088944175e+01
-1.736909949899550298e+01
-1.745836620480531565e+01
-1.736725493948531707e+01
-1.736236292849487484e+01
-1.738815646389926783e+01
-1.744981027096173776e+01
-1.745768865699305294e+01
-1.744342074476572080e+01
-1.740484965124878514e+01
-1.735453798018001592e+01
-1.732810085930057653e+01
-1.735607870696291855e+01
-1.729396892996080837e+01
-1.716219986900751593e+01
-1.715259901428099454e+01
-1.721587947948910724e+01
-1.716260774788768018e+01
-1.711593444007909426e+01
-1.711478291897100235e+01
-1.709092175887194287e+01
-1.707089566761917965e+01
-1.709334985866108525e+01
-1.711521563004929192e+01
-1.712075157952238769e+01
-1.702985869360415094e+01
-1.714840102610187245e+01
-1.710468975415906812e+01
-1.708682601315631189e+01
-1.711816172605645647e+01
-1.707296045651099448e+01
-1.705190704845907490e+01
-1.711275820002532555e+01
-1.716606801765150081e+01
-1.715785831563948349e+01
-1.724274207770566392e+01
-1.732080515820438649e+01
-1.734353027628709398e+01
-1.739315097502414176e+01
-1.729940401573097830e+01
-1.741798566681300997e+01
-1.743258512818288253e+01
-1.738835948675890108e+01
-1.742689409340977491e+01
-1.739073436690181040e+01
-1.745394320893344542e+01
-1.734795878057482454e+01
-1.733060978207817726e+01
-1.722468947451399046e+01
-1.721487491315372864e+01
-1.726563308414144515e+01
-1.720027571458576432e+01
-1.720809624783122871e+01
-1.719756089952907985e+01
-1.709684582684677423e+01
-1.697518886373114810e+01
-1.698408663679362363e+01
-1.707415985941831238e+01
-1.714473067204438905e+01
-1.709870302203069059e+01
-1.713824079927337607e+01
-1.719644539578695941e+01
-1.720601023931988394e+01
-1.724327114721725351e+01
-1.733344361528079247e+01
-1.728355616029007891e+01
-1.742529840933418939e+01
-1.734197904112262734e+01
-1.730606206991502916e+01
-1.733807560453728414e+01
-1.733718132124389300e+01
-1.739481308837223494e+01
-1.737637690564454473e+01
-1.743586611178660917e+01
-1.738753126882598465e+01
-1.739786424727897796e+01
-1.737631831151017536e+01
-1.736368023680411810e+01
-1.735782224280281838e+01
-1.740763045061175518e+01
-1.740120898067138100e+01
-1.738287893382373994e+01
-1.740056589481889304e+01
-1.737011706205204575e+01
-1.720146488687196040e+01
-1.720261779170160921e+01
-1.714994844364156279e+01
-1.715598599961459314e+01
-1.715042251593647293e+01
-1.715890670312594679e+01
-1.724463978487878180e+01
-1.726325183190885681e+01
-1.731487044969661326e+01
-1.734308061964310710e+01
-1.725971513196701679e+01
-1.724703549584212325e+01
-1.728765164653593445e+01
-1.723002418446143835e+01
-1.726325960494559197e+01
-1.731089153971134209e+01
-1.729029714499293391e+01
-1.732391770577162404e+01
-1.725378029502376975e+01
-1.727790778433194774e+01
-1.724061837929635743e+01
-1.720711087918440185e+01
-1.724645130740037047e+01
-1.721680584032027284e+01
-1.720172490919380337e+01
-1.719020404729684159e+01
-1.724559745018795098e+01
-1.722886586457481073e+01
-1.729287129293526704e+01
-1.732550858415753225e+01
-1.733309415655782360e+01
-1.721622521652830429e+01
-1.712066484942080180e+01
-1.716105122447311260e+01
-1.705904992817557542e+01
-1.709894623635961963e+01
-1.705138767899151020e+01
-1.704977511248506516e+01
-1.708385979544950217e+01
-1.704218032318280507e+01
-1.706881947375546815e+01
-1.716083380217373033e+01
-1.713284714721775970e+01
-1.715440298042123501e+01
-1.717857879386601638e+01
-1.710882965432036329e+01
-1.719252583872351892e+01
-1.711553627636272523e+01
-1.703725781867172628e+01
-1.697561189024040829e+01
-1.698609834385761630e+01
-1.708998839118268265e+01
-1.708505826756902124e+01
-1.712012534535656272e+01
-1.708860122614947485e+01
-1.716816624426764548e+01
-1.717921527823326855e+01
-1.727383413676601975e+01
-1.720860000739689966e+01
-1.722579478022973731e+01
-1.711776872049980014e+01
-1.707951286058220219e+01
-1.706925256098298149e+01
-1.705712784300029483e+01
-1.706060281509516230e+01
-1.712520312127333710e+01
-1.716243885767529420e+01
-1.720641165665588090e+01
-1.721771164061333081e+01
-1.726167725124229690e+01
-1.712780428086172790e+01
-1.717611405810825786e+01
-1.710610857081632830e+01
-1.709343914960476951e+01
-1.713960991324941574e+01
-1.707078762633434010e+01
-1.700886956629835112e+01
-1.703785668469589965e+01
-1.702581829892085707e+01
-1.702643972574678344e+01
-1.705767222112903170e+01
-1.701639917132630941e+01
-1.704830806619060368e+01
-1.705679650099275690e+01
-1.718170612307924117e+01
-1.718251961083675283e+01
-1.722119043490201307e+01
-1.719216812318959242e+01
-1.718304434822239912e+01
-1.722627999107242402e+01
-1.725426660483802621e+01
-1.709937004762011981e+01
-1.707067690332918986e+01
-1.715125539529998733e+01
-1.711559908403022234e+01
-1.699540855688667307e+01
-1.701502199394931125e+01
-1.702792456271639665e+01
-1.701035625391777373e+01
-1.704786511249870884e+01
-1.701480465986905344e+01
-1.707244261949760755e+01
-1.709805651275329197e+01
-1.706428912664562958e+01
-1.703248620584363948e+01
-1.710583295692920558e+01
-1.707326250035335846e+01
-1.701371129929237114e+01
-1.705997931378553645e+01
-1.709920681914326934e+01
-1.702605738747961439e+01
-1.697151938206258848e+01
-1.696143775305063883e+01
-1.695900825155211677e+01
-1.700194671619613018e+01
-1.699969915832299705e+01
-1.699436144693586925e+01
-1.697604311092204199e+01
-1.705258853563038457e+01
-1.703606626043437089e+01
-1.694745510924710530e+01
-1.692394807507974974e+01
-1.697938071128988113e+01
-1.701613305378290164e+01
-1.696417150760234094e+01
-1.691226143527721959e+01
-1.689308701828713311e+01
-1.686515316982401202e+01
-1.689513509493569288e+01
-1.685093089341850714e+01
-1.684474190365580171e+01
-1.683427755938789971e+01
-1.695562354891113444e+01
-1.697675905824901221e+01
-1.700801786920542469e+01
-1.704060887291310422e+01
-1.707037751559261807e+01
-1.697878314837965164e+01
-1.700563012373350347e+01
-1.702979007183462201e+01
-1.699382669649575561e+01
-1.702715399267484742e+01
-1.703366552520816413e+01
-1.695465730026121776e+01
-1.697986818134853593e+01
-1.704637048584883630e+01
-1.700202595424369179e+01
-1.694849056542099319e+01
-1.703496375221648407e+01
-1.699659069918456922e+01
-1.703404439285372263e+01
-1.703169656718696245e+01
-1.701064251869438237e+01
-1.702208625772558293e+01
-1.700579461948090909e+01
-1.709238074720283507e+01
-1.708275250085875641e+01
-1.703740729314549895e+01
-1.696032273128641066e+01
-1.698748051353437205e+01
-1.709542012351497675e+01
-1.719165303516115983e+01
-1.721429084771298079e+01
-1.701056771938511858e+01
-1.690455061787854163e+01
-1.700949465892690071e+01
-1.704207810730724759e+01
-1.698192275624364100e+01
-1.693393394083907211e+01
-1.692889547211819590e+01
-1.705684526204767337e+01
-1.706843234737457138e+01
-1.707802863403228244e+01
-1.698767841300091774e+01
-1.699767430031479165e+01
-1.695863099784109806e+01
-1.702239387309673191e+01
-1.700232692184102135e+01
-1.706138058292937387e+01
-1.695864880174777412e+01
-1.690100132287597035e+01
-1.697707185568478039e+01
-1.692722688567261002e+01
-1.696205445333060169e+01
-1.694494107331039245e+01
-1.691311157177575097e+01
-1.692550643411357569e+01
-1.700125168711523216e+01
-1.703339451328427856e+01
-1.694685187433082518e+01
-1.692396338958327817e+01
-1.694831953574450267e+01
-1.693414805193998518e+01
-1.687053015592293903e+01
-1.690142569344363110e+01
-1.689959587792074913e+01
-1.687566278637808281e+01
-1.688888996818950261e+01
-1.694034649573505646e+01
-1.693355627718135636e+01
-1.696053773210227433e+01
-1.686376630890620731e+01
-1.675994715721717654e+01
-1.694670102612110085e+01
-1.696917285801213637e+01
-1.690670733562625117e+01
-1.687606942972444912e+01
-1.690935170719787095e+01
-1.690034511505681891e+01
-1.696648794963826390e+01
-1.690572334256204456e+01
-1.707120027464434031e+01
-1.708609827706908035e+01
-1.706874618328582827e+01
-1.705279523980448886e+01
-1.704200228637378345e+01
-1.697944927476730115e+01
-1.696913125685355794e+01
-1.681449685172691488e+01
-1.689104751300560281e+01
-1.705882167847446240e+01
-1.701259331164381550e+01
-1.703982928349949333e+01
-1.703684552940113406e+01
-1.700934638622711503e+01
-1.694673414943471812e+01
-1.688069647715000698e+01
-1.675877526116041594e+01
-1.674243378353720857e+01
-1.690501319446016737e+01
-1.681598533359568037e+01
-1.680195451549374397e+01
-1.690109823199516370e+01
-1.690434419266868815e+01
-1.676344482815082770e+01
-1.672217207479259926e+01
-1.680030872774078787e+01
-1.678799201025081800e+01
-1.681157613862944444e+01
-1.666576084971332961e+01
-1.677187517680398443e+01
-1.682358609256858628e+01
-1.686533069204291735e+01
-1.685363586728468377e+01
-1.697435554703379168e+01
-1.692202667910972735e+01
-1.691807495940904005e+01
-1.700310237274502612e+01
