# 2*np.log[MAD(r)] for 100 flights; 1000 steps per flight; run 17 of 50; mu: 3.50; seed: 16
-2.597464486635379899e+01
-2.338641647460353568e+01
-2.338179203191452160e+01
-2.285677894207429617e+01
-2.289877542640172692e+01
-2.194730380024101279e+01
-2.170573404607129575e+01
-2.203889889339338382e+01
-2.204963547297124649e+01
-2.188321355313297545e+01
-2.206574689012950685e+01
-2.185013430490457154e+01
-2.142951689827001616e+01
-2.148744435736206881e+01
-2.159303638956134819e+01
-2.148540085333641514e+01
-2.154340826958950217e+01
-2.145780915174503534e+01
-2.111560537880100341e+01
-2.112459319193672869e+01
-2.104217171948834775e+01
-2.099611575205097225e+01
-2.120479577718529285e+01
-2.099210287329351843e+01
-2.119942219126309624e+01
-2.075939277905715485e+01
-2.051983019218500104e+01
-2.047295001571844253e+01
-2.021676728389368805e+01
-2.041731191449770577e+01
-2.048496039616723863e+01
-2.023500824541831733e+01
-2.043945349442550352e+01
-2.027516042378040240e+01
-2.062992594469054453e+01
-2.044325619971112218e+01
-2.017280922682823530e+01
-2.038476908573189306e+01
-2.025413054841601479e+01
-1.996287118747639866e+01
-2.011422935374295662e+01
-1.998734069903800759e+01
-2.010696988787919182e+01
-2.006382725672180811e+01
-2.007256073954227915e+01
-2.029856922383428852e+01
-2.017200900044500145e+01
-2.031175120728416061e+01
-2.028586182428572471e+01
-2.014591086853527813e+01
-2.023369769744428837e+01
-2.006164565099844310e+01
-2.014733874418850235e+01
-2.035875194273880595e+01
-1.995236357523760162e+01
-2.027127128827417835e+01
-2.028269712698127947e+01
-2.002279878918816891e+01
-2.010967427129832075e+01
-1.996355892819647693e+01
-1.989897674352954127e+01
-1.976839381075258473e+01
-1.977515092586487455e+01
-1.985381376213795335e+01
-1.975251474768834825e+01
-1.974595513372892697e+01
-1.975703360362084737e+01
-1.969137343639700788e+01
-1.963460369716202436e+01
-1.981936423567361416e+01
-1.973016837292503567e+01
-2.012541118365144399e+01
-1.986331954133051880e+01
-1.985178626570735005e+01
-1.984141071537773016e+01
-1.967571841581149883e+01
-1.983181420919523319e+01
-1.957496009791152858e+01
-1.973859464513718720e+01
-1.957454103163814807e+01
-1.933229484105912377e+01
-1.963599007857877865e+01
-1.944130177972028761e+01
-1.960187305821273540e+01
-1.946575606911970269e+01
-1.957143942692423622e+01
-1.967113323738763953e+01
-1.954001270114927635e+01
-1.980789087629064227e+01
-1.959900746597495313e+01
-1.946187636415067956e+01
-1.948941139768905018e+01
-1.955524514500638844e+01
-1.939643883872164309e+01
-1.935505116396627656e+01
-1.936288106511857521e+01
-1.940557512320167177e+01
-1.945538536510104777e+01
-1.905202596371596613e+01
-1.930908602547687991e+01
-1.913595767649529478e+01
-1.912755903742791475e+01
-1.893646790445586703e+01
-1.905758261510042573e+01
-1.908152441410365441e+01
-1.892540639448767692e+01
-1.893166157480729694e+01
-1.908219626696237370e+01
-1.910990155543600721e+01
-1.883720377784231559e+01
-1.894630094251535724e+01
-1.911733773750698617e+01
-1.912292239752561329e+01
-1.910844473251050601e+01
-1.904110467349735814e+01
-1.892694178945919958e+01
-1.898215428257817550e+01
-1.895058007511443776e+01
-1.883895999981072222e+01
-1.877947102440020188e+01
-1.865380879342038156e+01
-1.865237103437361554e+01
-1.874423632939233642e+01
-1.884707597322478634e+01
-1.886070494444606283e+01
-1.874642061625722178e+01
-1.873029217018346770e+01
-1.874361541086868499e+01
-1.871989948291612649e+01
-1.887983087568538565e+01
-1.882007471642952012e+01
-1.863684756077477900e+01
-1.877223891801384070e+01
-1.871425982749804362e+01
-1.870836178762166213e+01
-1.881780219704120327e+01
-1.887399841043863447e+01
-1.886373356645166766e+01
-1.881556112388681967e+01
-1.891084633692097938e+01
-1.887658250295741169e+01
-1.883105689975917585e+01
-1.873532338943037701e+01
-1.869683781604582862e+01
-1.859511758169128726e+01
-1.849844041062079114e+01
-1.855626353340602819e+01
-1.856325465206574066e+01
-1.857085794714896920e+01
-1.871130141078131714e+01
-1.865522934412214795e+01
-1.853609103184542306e+01
-1.871401906232047452e+01
-1.875649295451371756e+01
-1.862793112045623900e+01
-1.872153796096535316e+01
-1.871248107778941261e+01
-1.867103070736181891e+01
-1.883448107932950322e+01
-1.879669707118177868e+01
-1.876879696598565417e+01
-1.888484329952817120e+01
-1.878671216673087940e+01
-1.869789874623020509e+01
-1.884709141300120550e+01
-1.873357066965501971e+01
-1.862593593065033915e+01
-1.880985484091040405e+01
-1.884510005702978575e+01
-1.884671794809614909e+01
-1.875291847108897159e+01
-1.870303575219372760e+01
-1.874392826438857540e+01
-1.868519863984356988e+01
-1.884863731773320694e+01
-1.864896335478247025e+01
-1.862859871906435671e+01
-1.861787216871427475e+01
-1.879823915233670206e+01
-1.874691308529748923e+01
-1.896151621523099706e+01
-1.886738654075687194e+01
-1.880452219578305773e+01
-1.902140333765254354e+01
-1.900328849579004853e+01
-1.895267959424212378e+01
-1.894398018203478173e+01
-1.910910029629243567e+01
-1.898825517166817889e+01
-1.890800341670637508e+01
-1.890226311591517927e+01
-1.874527003874159448e+01
-1.866024126537951844e+01
-1.866724379389471267e+01
-1.860418901397872560e+01
-1.861871078684018954e+01
-1.855086436501541414e+01
-1.863207047654178439e+01
-1.869535225354626107e+01
-1.881264431548523675e+01
-1.883239057423736185e+01
-1.874832627944687147e+01
-1.870267958405591102e+01
-1.867162432264964522e+01
-1.870192511319021023e+01
-1.865533410701312533e+01
-1.854974141823414513e+01
-1.868912328998576911e+01
-1.882263968455170655e+01
-1.883162097484010644e+01
-1.879730053033551229e+01
-1.874186592876340995e+01
-1.865567294315051683e+01
-1.855797500797085675e+01
-1.839473632076161991e+01
-1.849367855774843150e+01
-1.841457284286048335e+01
-1.854893675028204925e+01
-1.846051701070177486e+01
-1.838399855440667707e+01
-1.815541133605520230e+01
-1.810054967724005337e+01
-1.835968863631289949e+01
-1.817631299001002176e+01
-1.840950679303280069e+01
-1.842308670946072269e+01
-1.848625175807610077e+01
-1.844348837950568054e+01
-1.844078863342068786e+01
-1.830896193029289165e+01
-1.835787641741634246e+01
-1.841434283466833222e+01
-1.839455881927849035e+01
-1.831349012749695504e+01
-1.821954227193024778e+01
-1.826347690842616345e+01
-1.827004291743482156e+01
-1.834724575489272524e+01
-1.818552140432525377e+01
-1.814174277875568464e+01
-1.839130092033338570e+01
-1.836812809421900639e+01
-1.838953846624186994e+01
-1.840339661549014849e+01
-1.833916487845264953e+01
-1.832725221242753832e+01
-1.836538160540807496e+01
-1.844647767414118533e+01
-1.842454704286706146e+01
-1.848640978129693480e+01
-1.848356642332679911e+01
-1.855942676934924052e+01
-1.834222826109334292e+01
-1.847087967734262293e+01
-1.832427151211496152e+01
-1.827551266868332647e+01
-1.835031929409094076e+01
-1.826914220429898705e+01
-1.835717297358566924e+01
-1.823534265639268526e+01
-1.827568707145876559e+01
-1.835883037055958766e+01
-1.818590919522533866e+01
-1.816647760835586922e+01
-1.803327466293350412e+01
-1.806681708815776943e+01
-1.813768510003158241e+01
-1.818240580467720235e+01
-1.798557034950798084e+01
-1.817171818463638999e+01
-1.838651702301638480e+01
-1.821739505702469231e+01
-1.829132092834419865e+01
-1.824973384713289803e+01
-1.827585834037459378e+01
-1.823732408771023472e+01
-1.826686869176969097e+01
-1.815165471904927230e+01
-1.808454575569417599e+01
-1.813081234574355349e+01
-1.808699154261675091e+01
-1.800486756802234822e+01
-1.822412796237080457e+01
-1.819269510032399140e+01
-1.833723379141378018e+01
-1.827408582714112129e+01
-1.827069607049515554e+01
-1.833936491169669480e+01
-1.823491847303792568e+01
-1.844872309839156799e+01
-1.844909941742826121e+01
-1.849337055723465539e+01
-1.845002137952156573e+01
-1.835021405558049068e+01
-1.828619962825332479e+01
-1.833066477033696273e+01
-1.840524683774106407e+01
-1.837431804150048364e+01
-1.833600923108604519e+01
-1.855399051448218728e+01
-1.865042281405027325e+01
-1.871087299786100999e+01
-1.876449551024375140e+01
-1.846880871770631316e+01
-1.837638428653122702e+01
-1.833137352403941023e+01
-1.835005844602741476e+01
-1.851471134427865906e+01
-1.869225888702857574e+01
-1.856390388550237702e+01
-1.852070015784340740e+01
-1.850202021142592912e+01
-1.856347758077235355e+01
-1.849698892251460336e+01
-1.859121010050882816e+01
-1.842160556923011328e+01
-1.824715641738956506e+01
-1.836880275203313317e+01
-1.849919334864514298e+01
-1.833706817316822324e+01
-1.834984720324233720e+01
-1.837006197433342436e+01
-1.844734677411897650e+01
-1.837601279816907862e+01
-1.840188505290510790e+01
-1.838910341468008625e+01
-1.826844842575036765e+01
-1.832475070930735939e+01
-1.825816798866041069e+01
-1.813278388972291566e+01
-1.802589547142326154e+01
-1.800144804827914768e+01
-1.824851444727344330e+01
-1.820496535812287675e+01
-1.820022063329119888e+01
-1.831463845409762925e+01
-1.823142375815094240e+01
-1.829941645012548079e+01
-1.835567445549565946e+01
-1.827236410421502555e+01
-1.849056741672239568e+01
-1.860814998990693780e+01
-1.863762887444759997e+01
-1.854972651177812892e+01
-1.846761980448119900e+01
-1.841724244830021107e+01
-1.850006415564484996e+01
-1.857735611016469335e+01
-1.834892657013390505e+01
-1.832391661847731612e+01
-1.836138387751735834e+01
-1.835709848727267612e+01
-1.826205674242171639e+01
-1.836196057611703836e+01
-1.827329218625932583e+01
-1.822654382708505594e+01
-1.822625401337801065e+01
-1.821264366167835291e+01
-1.823236107141520534e+01
-1.831450939354533602e+01
-1.827335638936622786e+01
-1.815818381563048334e+01
-1.814321271548223180e+01
-1.807381715377129794e+01
-1.813093562444473505e+01
-1.796335877298773198e+01
-1.798616302941811540e+01
-1.778532588395648162e+01
-1.784344749804531816e+01
-1.787668996059401039e+01
-1.794494294779507015e+01
-1.785572474301947565e+01
-1.781563849053548054e+01
-1.783427334646042794e+01
-1.775639401695960373e+01
-1.780557115693757808e+01
-1.788074144409913657e+01
-1.773305994546047870e+01
-1.789215723440699080e+01
-1.786734876419939155e+01
-1.782723804879361751e+01
-1.786051367773099230e+01
-1.794977459984731283e+01
-1.795880418357354458e+01
-1.803271832390837304e+01
-1.790871917108423972e+01
-1.785027944716406978e+01
-1.797165144618811894e+01
-1.783736962407292737e+01
-1.795188199039903054e+01
-1.781703301424936825e+01
-1.780756886182248167e+01
-1.787674136374133482e+01
-1.780339902958015585e+01
-1.778359106242105625e+01
-1.782789514260043617e+01
-1.773936398444106288e+01
-1.778490888464019903e+01
-1.782476070409709479e+01
-1.786262659838545730e+01
-1.781359085013129828e+01
-1.786190111577917250e+01
-1.782953130507474881e+01
-1.785396724686063763e+01
-1.784526019999584534e+01
-1.780273608207657787e+01
-1.766415500387017090e+01
-1.775220310706002991e+01
-1.775875978868782923e+01
-1.784517852272543337e+01
-1.775480334475247446e+01
-1.787044153752461284e+01
-1.790246265783133950e+01
-1.780663220507370070e+01
-1.766344259884009205e+01
-1.768128852594752942e+01
-1.760871796719871085e+01
-1.758522280107473890e+01
-1.764347743701186388e+01
-1.772918997886143444e+01
-1.767258972569079134e+01
-1.773503165764368106e+01
-1.778640503323828881e+01
-1.782328382593251348e+01
-1.786867441351860464e+01
-1.789079464949645271e+01
-1.782137234061292475e+01
-1.775927103108710270e+01
-1.776072509340461281e+01
-1.793955457629522243e+01
-1.781516314819297619e+01
-1.782067882131143577e+01
-1.779908506973344728e+01
-1.780151131866500691e+01
-1.779035759360435165e+01
-1.798304537244864676e+01
-1.805556762379760016e+01
-1.824147629892125266e+01
-1.818129388189812801e+01
-1.815695736831992591e+01
-1.804238782717127521e+01
-1.801584335003243709e+01
-1.813968603912829280e+01
-1.795371328490360696e+01
-1.779117086579357476e+01
-1.786381662020719929e+01
-1.788984991473848396e+01
-1.779508244326412836e+01
-1.782667708381556793e+01
-1.777804105765859788e+01
-1.776348007760623204e+01
-1.780488412973328494e+01
-1.787704741094174921e+01
-1.769365016034601723e+01
-1.749489105518902221e+01
-1.766195806655846923e+01
-1.761722431074818473e+01
-1.752885483373380637e+01
-1.759174554276034286e+01
-1.763982486153690488e+01
-1.763458884802974325e+01
-1.768601946837948091e+01
-1.767990082306164723e+01
-1.752292797401704405e+01
-1.754312689496833855e+01
-1.744433549161210806e+01
-1.743280260020715744e+01
-1.746650235940523643e+01
-1.748146585328822411e+01
-1.755056893757003778e+01
-1.755169845211412749e+01
-1.741951946248739347e+01
-1.746798435786474712e+01
-1.745611235471260869e+01
-1.735111440131369775e+01
-1.748709461567549184e+01
-1.743136006018651685e+01
-1.739860556816335446e+01
-1.737121792466076897e+01
-1.728586771054943227e+01
-1.743821870508671168e+01
-1.740813145663153705e+01
-1.733146634207714953e+01
-1.738324582190427492e+01
-1.740916571557664838e+01
-1.731724422950157205e+01
-1.727975752164277523e+01
-1.734422607144606587e+01
-1.726173255694884645e+01
-1.726778876617143155e+01
-1.716670963196524724e+01
-1.725080350138803809e+01
-1.732077983019150480e+01
-1.728606558346766775e+01
-1.724226460037134245e+01
-1.719180438135230560e+01
-1.723259108898930236e+01
-1.717819843886933384e+01
-1.730696534337220882e+01
-1.732196308005039143e+01
-1.728852112707441435e+01
-1.737569240858481123e+01
-1.733928838759244329e+01
-1.751162784977371700e+01
-1.746502599223611085e+01
-1.749120994368355753e+01
-1.738299127673449718e+01
-1.733499530884430584e+01
-1.737778653514347482e+01
-1.745278474179174566e+01
-1.746740103985744241e+01
-1.733171697112715393e+01
-1.746102215121612744e+01
-1.741961809369324499e+01
-1.744969312040647225e+01
-1.738492776441011145e+01
-1.733590422977411905e+01
-1.727953391978827469e+01
-1.727379148741073323e+01
-1.733563179717469183e+01
-1.727635492280527885e+01
-1.726677090484510657e+01
-1.729868447137316423e+01
-1.723513988755699344e+01
-1.736501201077811274e+01
-1.740469424427880796e+01
-1.728428297782274115e+01
-1.726579187849426233e+01
-1.730742027386486015e+01
-1.733095377824346528e+01
-1.738348044872652309e+01
-1.723736721170923758e+01
-1.733490161702026455e+01
-1.742286964707997754e+01
-1.746905896143112358e+01
-1.750532586338492891e+01
-1.753157325921511145e+01
-1.749862478003469946e+01
-1.746322826243461890e+01
-1.755080218752943821e+01
-1.748226899645727528e+01
-1.745288172389453862e+01
-1.733572425682371687e+01
-1.742583032198896120e+01
-1.749255164369572313e+01
-1.754558921223008028e+01
-1.763343211364229290e+01
-1.757383141006354066e+01
-1.762467530547813155e+01
-1.765305654219870135e+01
-1.767555910194505842e+01
-1.763820235720284302e+01
-1.751444165163548305e+01
-1.746149273264139268e+01
-1.757193960671224531e+01
-1.760179818438395571e+01
-1.752825955261199198e+01
-1.758560439129978903e+01
-1.747906894895824337e+01
-1.745816960795424322e+01
-1.727267393674636509e+01
-1.739265476975559466e+01
-1.740995715008991951e+01
-1.742901263305810744e+01
-1.733813719644433604e+01
-1.743526133511131349e+01
-1.742560567755228718e+01
-1.739286815721564139e+01
-1.732667117823732994e+01
-1.739128465622399489e+01
-1.730925139148839520e+01
-1.731926010716292197e+01
-1.726916966429912748e+01
-1.722226052044064559e+01
-1.725271087589202779e+01
-1.723368038900782295e+01
-1.725227365969919191e+01
-1.724667538220836249e+01
-1.726979715202763543e+01
-1.734914539487320795e+01
-1.730230487564520203e+01
-1.739473652189311537e+01
-1.731939304933900203e+01
-1.739697206715515065e+01
-1.739026495900806779e+01
-1.742302266156536561e+01
-1.736817863383657823e+01
-1.732688618899037891e+01
-1.737080862796696579e+01
-1.741461403154124810e+01
-1.748029366389943107e+01
-1.745960963311998526e+01
-1.740231653387458977e+01
-1.748613251781501177e+01
-1.750076633985959162e+01
-1.747237991792028566e+01
-1.744061290840653200e+01
-1.748719944748051702e+01
-1.752303277787060409e+01
-1.743894615096317224e+01
-1.743918588140935455e+01
-1.746237018999474344e+01
-1.738221395463462926e+01
-1.742954012249396811e+01
-1.739434857535249535e+01
-1.732173579903874838e+01
-1.739626237914706053e+01
-1.736550302451364303e+01
-1.731237163183211791e+01
-1.733316657109368819e+01
-1.737689481971910510e+01
-1.733231631595020517e+01
-1.737509947340501171e+01
-1.728462668118956103e+01
-1.728032993977974741e+01
-1.729451774400418529e+01
-1.724591947708727346e+01
-1.723569215393687770e+01
-1.724476225074045743e+01
-1.724455976102028032e+01
-1.726851676314317530e+01
-1.732159387399642370e+01
-1.734299828328348170e+01
-1.737894199058960965e+01
-1.727998342773199525e+01
-1.728353516177967464e+01
-1.725756482992615659e+01
-1.719778975666568499e+01
-1.711639722844133260e+01
-1.711863941505365716e+01
-1.706522946683436004e+01
-1.707219265684967624e+01
-1.702815335791238738e+01
-1.713567673445893291e+01
-1.709265284036633759e+01
-1.708563836100623234e+01
-1.714231879421817339e+01
-1.713310831100813658e+01
-1.711779026627376510e+01
-1.699028276993429287e+01
-1.696705847603588779e+01
-1.698823681208720515e+01
-1.692186635498765312e+01
-1.695791324240320108e+01
-1.695258571087904897e+01
-1.690974017812326124e+01
-1.707190883023173100e+01
-1.710071753695944352e+01
-1.717151052918862320e+01
-1.705358181751617508e+01
-1.706606955215000809e+01
-1.702948697417025770e+01
-1.697335838324745083e+01
-1.701775899636206901e+01
-1.702791158123585546e+01
-1.696215917846504340e+01
-1.693777739801652160e+01
-1.693680604958705871e+01
-1.693219071102349460e+01
-1.696666640617221233e+01
-1.689276313386250195e+01
-1.687374090752290456e+01
-1.684255476601982693e+01
-1.689597062234583191e+01
-1.694742870568206783e+01
-1.700836064951545623e+01
-1.697295178387929226e+01
-1.708490122032135972e+01
-1.699631696834197925e+01
-1.695461869674206312e+01
-1.699115071106645303e+01
-1.713837687360144457e+01
-1.720616982780883220e+01
-1.714553631229439645e+01
-1.710089016817185836e+01
-1.710165017252341713e+01
-1.718244666276136812e+01
-1.716588244956730591e+01
-1.711070124267229176e+01
-1.705024552497962631e+01
-1.705878891831576638e+01
-1.703902724912526878e+01
-1.705931571403739255e+01
-1.710046556639423798e+01
-1.708509783333881771e+01
-1.716382327482701342e+01
-1.709388392630184939e+01
-1.711012034175566399e+01
-1.704112717950588518e+01
-1.707439607885327959e+01
-1.699707040099241340e+01
-1.701846194040644988e+01
-1.698474405879198912e+01
-1.699677199885809387e+01
-1.708687950287224666e+01
-1.695661765562369183e+01
-1.700517164485891897e+01
-1.695406340709003246e+01
-1.693550784794675934e+01
-1.682103194298102622e+01
-1.687207241641146283e+01
-1.690705664375596839e+01
-1.684570386186844715e+01
-1.694835907747268777e+01
-1.702708976890449932e+01
-1.695386980532835963e+01
-1.697262939878676136e+01
-1.699347765771695862e+01
-1.701106456589128868e+01
-1.700844995901655565e+01
-1.699519454030583177e+01
-1.697928834561606948e+01
-1.700106111577155943e+01
-1.698236315490979109e+01
-1.698955909242974727e+01
-1.694128239189720730e+01
-1.686094594124926971e+01
-1.690747265924458276e+01
-1.685980250606677799e+01
-1.696714506523097654e+01
-1.698423626280611742e+01
-1.704325983298346614e+01
-1.704547249118056840e+01
-1.706248325146032130e+01
-1.698590732423581784e+01
-1.705018016059923625e+01
-1.703947410631852222e+01
-1.694598043759335226e+01
-1.686456824253388476e+01
-1.685716482749454315e+01
-1.690350687744233937e+01
-1.681141036757455254e+01
-1.681362479644111119e+01
-1.677883875138464731e+01
-1.682662759498983007e+01
-1.692127785870776080e+01
-1.689235307570019273e+01
-1.693088240441662151e+01
-1.683415419564208548e+01
-1.688632814925864523e+01
-1.684585834679385741e+01
-1.684704684136132258e+01
-1.678896689544917109e+01
-1.684091174080156605e+01
-1.690816299092747244e+01
-1.695962416123902372e+01
-1.693013833732732110e+01
-1.701605396185757968e+01
-1.701881338403831023e+01
-1.701027298844698521e+01
-1.712894957699080578e+01
-1.704832047636630321e+01
-1.708863936309957410e+01
-1.704102577611736891e+01
-1.697467896228032558e+01
-1.700227668399600134e+01
-1.705364584883308154e+01
-1.713921915155307119e+01
-1.714666538428137343e+01
-1.710007044337311655e+01
-1.718293706499615681e+01
-1.719920037247764810e+01
-1.722560575922263126e+01
-1.703556896191123116e+01
-1.703459828430028011e+01
-1.716175446858311915e+01
-1.710752244062263827e+01
-1.701660313209933761e+01
-1.698545570175042840e+01
-1.702714231188447513e+01
-1.707211115722996553e+01
-1.704087481832684148e+01
-1.696892451445145866e+01
-1.697804699153101993e+01
-1.703678566741870526e+01
-1.690040755446139897e+01
-1.694306861352810856e+01
-1.688843538236661956e+01
-1.680322702052033534e+01
-1.686270768108131080e+01
-1.687474558232826993e+01
-1.695121650138942115e+01
-1.704691780705936921e+01
-1.708226666065251109e+01
-1.699248177191041265e+01
-1.705745852008836039e+01
-1.696141636316351153e+01
-1.685630981430771413e+01
-1.686086892816044625e+01
-1.677307107174794965e+01
-1.685547321512087393e+01
-1.681142825675037855e+01
-1.682417812399631885e+01
-1.701170158107257890e+01
-1.705482689819886843e+01
-1.694511878835515972e+01
-1.689838625558473240e+01
-1.689314645771323598e+01
-1.698317576381041505e+01
-1.691278810235746732e+01
-1.689556693726942882e+01
-1.685561549502507361e+01
-1.695486014905670658e+01
-1.685169875621319946e+01
-1.693628691521963958e+01
-1.679520590831196358e+01
-1.679534615632564964e+01
-1.683083971096901976e+01
-1.682580803296036365e+01
-1.688555907524215982e+01
-1.686891760772985194e+01
-1.701500928866431650e+01
-1.696119581133421406e+01
-1.692671111615985424e+01
-1.702189515808723641e+01
-1.714380038095920611e+01
-1.719561686181311089e+01
-1.709244867742177476e+01
-1.711836083537167852e+01
-1.711142246015990054e+01
-1.714092966935374207e+01
-1.709415618383626168e+01
-1.718877652779453058e+01
-1.712513869280102696e+01
-1.716624308130632670e+01
-1.715937722976008573e+01
-1.710133444672981184e+01
-1.712455303053023314e+01
-1.702249998610843562e+01
-1.714345124416045962e+01
-1.697740056556230570e+01
-1.699913129451100957e+01
-1.713924847702795873e+01
-1.696543833725105088e+01
-1.701087075817590133e+01
-1.706678832664583467e+01
-1.703347145220454095e+01
-1.699771402996128700e+01
-1.703019384075922105e+01
-1.706435336116292945e+01
-1.699076046809069496e+01
-1.700026814723690549e+01
-1.705240937406874124e+01
-1.714935876201252540e+01
-1.708873992244538798e+01
-1.704849536912302810e+01
-1.695167879532937150e+01
-1.697948038778548607e+01
-1.700939263414376867e+01
-1.692514527634415700e+01
-1.692701162829110828e+01
-1.698841280755517147e+01
-1.693049351383004009e+01
-1.691444239407189443e+01
-1.697059549773545939e+01
-1.688905545350318960e+01
-1.687112400204880913e+01
-1.691703150837478020e+01
-1.683173253571430550e+01
-1.684580450145470465e+01
-1.681282685840924174e+01
-1.676386981799786113e+01
-1.681961475703306519e+01
-1.691738707400582342e+01
-1.677720559591762850e+01
-1.691369355121184270e+01
-1.692482665650538820e+01
-1.692314127875308571e+01
-1.702029591105745965e+01
-1.691469616449926150e+01
-1.694999394436237239e+01
-1.697758742606592008e+01
-1.689310000822897351e+01
-1.702565996774666601e+01
-1.690265334106406669e+01
-1.686418612234824366e+01
-1.686724393285891566e+01
-1.703204397879179766e+01
-1.691783302194512828e+01
-1.694897374766556908e+01
-1.691114966927625574e+01
-1.695678281980855573e+01
-1.693445201782628828e+01
-1.698880991678868924e+01
-1.699233560500255891e+01
-1.697096915097384340e+01
-1.697988581823610232e+01
-1.685863453499651143e+01
-1.679008118205944200e+01
-1.674540961441191200e+01
-1.673163466617338102e+01
-1.679320652799536262e+01
-1.676439128728074479e+01
-1.671370166679997737e+01
-1.677749853968012062e+01
-1.677986778476039120e+01
-1.681877313982548827e+01
-1.684901777348354202e+01
-1.670948354176873352e+01
-1.679516835363425997e+01
-1.677924073295817919e+01
-1.687182188924241544e+01
-1.686873371124923793e+01
-1.695399961117117726e+01
-1.686292332747427736e+01
-1.684321713970971501e+01
-1.678985997518671880e+01
-1.684512206282891000e+01
-1.682236331340583035e+01
-1.688739334122569957e+01
-1.688122444293743030e+01
-1.687927116011796613e+01
-1.693358652973807565e+01
-1.686377432679541855e+01
-1.692669445752309443e+01
-1.698993806713849963e+01
-1.703647787451207307e+01
-1.703892411100351367e+01
-1.704893419290917933e+01
-1.695848895152247238e+01
-1.691735604440346208e+01
-1.701449965598256497e+01
-1.690699791930049045e+01
-1.690336584555067745e+01
-1.692078592648631385e+01
-1.689431655366112395e+01
-1.692249599987120590e+01
-1.680808020516482770e+01
-1.685281743553082023e+01
-1.679896435856110060e+01
-1.686367165412376323e+01
-1.693594209792170346e+01
-1.696828665155828020e+01
-1.688317012932697381e+01
-1.691878818145291064e+01
-1.697585736382778521e+01
-1.707411010659670225e+01
-1.714337748928247507e+01
-1.714342743568128213e+01
-1.718630328911889293e+01
-1.705850203945777110e+01
-1.709013803245750296e+01
-1.711831877802184820e+01
-1.714439874492391169e+01
-1.714911116903223132e+01
-1.717634099617667331e+01
-1.709527855392658324e+01
-1.710418466755208655e+01
-1.695549011357234548e+01
-1.698665222256126839e+01
-1.688477014183336422e+01
-1.685562436323710145e+01
-1.684366391562868515e+01
-1.683450752469005707e+01
-1.685007810918515858e+01
-1.689461959308882655e+01
-1.684692963926606879e+01
-1.701982643810821827e+01
-1.692828421312161780e+01
-1.692735460828525618e+01
-1.701827363169346441e+01
-1.694823501942349964e+01
-1.694113470939219113e+01
-1.688999764680414728e+01
-1.682338043842926112e+01
-1.686859951310705696e+01
-1.694204335533834538e+01
-1.694080026708144615e+01
-1.703175147424898128e+01
-1.697712103201960687e+01
-1.688187487199463277e+01
-1.691831564475759109e+01
-1.687488554548434649e+01
-1.689621170166783770e+01
-1.688904270514363049e+01
-1.696493663469169988e+01
-1.692166946784696790e+01
-1.688529026737998961e+01
-1.686365074502997530e+01
-1.685505645445556411e+01
-1.693424944374068630e+01
-1.688252853212913251e+01
-1.686326444433939997e+01
-1.688897358646391211e+01
-1.681974612446938622e+01
-1.687860040836449471e+01
-1.689526278820726191e+01
-1.695527285550284091e+01
-1.696463492623959368e+01
-1.693359511226800151e+01
-1.688079475259143436e+01
-1.685095355024406416e+01
-1.695099125878289215e+01
-1.694539748255830247e+01
-1.696191361787730756e+01
-1.689075978619193208e+01
-1.693506661296930815e+01
-1.694423837663589794e+01
-1.687354215979213734e+01
-1.688925075322502778e+01
