# 2*np.log[MAD(r)] for 100 flights; 1000 steps per flight; run 6 of 50; mu: 3.50; seed: 5
-2.658169864754730938e+01
-2.409339865567974215e+01
-2.339262497647656858e+01
-2.298248091418545513e+01
-2.253599065365428444e+01
-2.221174726281431688e+01
-2.245944924165184631e+01
-2.233557577481597889e+01
-2.168422996874103248e+01
-2.165622643526183211e+01
-2.164089937055208068e+01
-2.174684094702264403e+01
-2.146079309357083531e+01
-2.145526863730304257e+01
-2.131606563652852415e+01
-2.126853531602840519e+01
-2.137528274783138471e+01
-2.112108727602213420e+01
-2.131386200099402117e+01
-2.086457707887958435e+01
-2.118725865281632181e+01
-2.113273484790022039e+01
-2.105521946995727944e+01
-2.100068866740619100e+01
-2.089871771398097522e+01
-2.055479865283942686e+01
-2.065942164168145467e+01
-2.043246901633423462e+01
-2.061291663102729288e+01
-2.043692966349990670e+01
-2.050033237695136279e+01
-2.029214710457530657e+01
-2.021137545147907488e+01
-2.030042156000627429e+01
-2.019284293343542203e+01
-2.015413409187865668e+01
-2.004582895669098619e+01
-2.017027397372675424e+01
-1.997258937214127172e+01
-1.994103170770712197e+01
-1.984362052966501011e+01
-1.990619078836056488e+01
-1.999530873270239439e+01
-2.004930047596948128e+01
-2.011244181911967743e+01
-2.005248840880750905e+01
-1.996989396063304056e+01
-2.006533902461181995e+01
-1.996249987917350310e+01
-1.987581457779475258e+01
-1.996193284764066078e+01
-2.016049483498539274e+01
-1.993950228816830261e+01
-1.992726154912839931e+01
-2.014902828397950074e+01
-2.010247687716212184e+01
-1.999668366200712200e+01
-1.994519918204184705e+01
-2.012990492190863634e+01
-2.027072799081400234e+01
-1.994708069841336240e+01
-1.992204125478884080e+01
-1.989767227772917124e+01
-1.970079466633777443e+01
-1.965604649049593533e+01
-1.955411327073343486e+01
-1.950441157897083144e+01
-1.947905536578532448e+01
-1.951590009381239454e+01
-1.929596563112120933e+01
-1.933033955443051610e+01
-1.947535608590780143e+01
-1.962472645456887932e+01
-1.953156105653848584e+01
-1.945693132573720874e+01
-1.944352295726232782e+01
-1.937021772125965313e+01
-1.956103804417456260e+01
-1.966213347553835078e+01
-1.955399941034336564e+01
-1.971500705754768035e+01
-1.929711225962704546e+01
-1.947055175794177728e+01
-1.936399701830469056e+01
-1.948867239659463735e+01
-1.943230198486558180e+01
-1.937485420415330495e+01
-1.940540330330076202e+01
-1.927799235267517730e+01
-1.912223695630250830e+01
-1.938821528061409794e+01
-1.941882964274396173e+01
-1.942556493387312955e+01
-1.941086043967537478e+01
-1.934317476982123907e+01
-1.935205022923330986e+01
-1.926342126035210711e+01
-1.944945998467340686e+01
-1.941712558377196984e+01
-1.931385855112716499e+01
-1.929481556248483898e+01
-1.931667124190431295e+01
-1.920408536481029671e+01
-1.931633638679860709e+01
-1.939567556139458659e+01
-1.912312841931880314e+01
-1.913493420427272085e+01
-1.907687861744621927e+01
-1.902028068243880199e+01
-1.906292364587543275e+01
-1.907854351644152757e+01
-1.900511734800153363e+01
-1.902024359935239772e+01
-1.929655934430170916e+01
-1.914293721241810786e+01
-1.900436441112739061e+01
-1.918693828675919733e+01
-1.912742038483964180e+01
-1.925849752516981184e+01
-1.928775295931390232e+01
-1.935794071596680510e+01
-1.915570137100052506e+01
-1.920999923417427269e+01
-1.908030523171741777e+01
-1.922491093073299595e+01
-1.922590325207684003e+01
-1.917399186021582835e+01
-1.920380549775418899e+01
-1.924159199087315386e+01
-1.920499240260809515e+01
-1.923793019725236420e+01
-1.931183235975566959e+01
-1.909158981320631554e+01
-1.908661618936858773e+01
-1.889509702763785270e+01
-1.883854172540267768e+01
-1.884907888429510692e+01
-1.891273432498119433e+01
-1.893618813017086566e+01
-1.881234604463881865e+01
-1.884900821174589680e+01
-1.882230094315211133e+01
-1.880640680881775140e+01
-1.890633578288281313e+01
-1.889199303418611109e+01
-1.886769591927843948e+01
-1.901594689420648976e+01
-1.884420041941718438e+01
-1.889022081762554350e+01
-1.893318680905193574e+01
-1.885204053740153896e+01
-1.882714534874801515e+01
-1.882196477917979394e+01
-1.880501765151316107e+01
-1.876988288051697751e+01
-1.882923988361692125e+01
-1.879549403599105517e+01
-1.875319791263996194e+01
-1.873256609557704877e+01
-1.902028317094102050e+01
-1.885676897787100614e+01
-1.889230371533643194e+01
-1.881953347898628692e+01
-1.878848866316567268e+01
-1.880860810016705642e+01
-1.870351296204485081e+01
-1.888174352152534397e+01
-1.874073901264365460e+01
-1.873206688242775542e+01
-1.869796809024115802e+01
-1.869359308538779274e+01
-1.862037477267001861e+01
-1.856892626825929327e+01
-1.859229485280546967e+01
-1.867704795634958970e+01
-1.866011130310021926e+01
-1.858384401157510624e+01
-1.853982789023190492e+01
-1.852126047847555057e+01
-1.859847788266986512e+01
-1.843251467446540914e+01
-1.842350429854275973e+01
-1.848094067969055487e+01
-1.843116844107906616e+01
-1.846204464667418677e+01
-1.839532785060510278e+01
-1.846674542953804377e+01
-1.853739999125108895e+01
-1.853695969870953775e+01
-1.867912629882986053e+01
-1.856283259214892922e+01
-1.856329709050915611e+01
-1.856558599806999155e+01
-1.856472562977601015e+01
-1.864199097074569877e+01
-1.841131089426599488e+01
-1.854949188784254233e+01
-1.855291774195924503e+01
-1.867388299431647170e+01
-1.874775718979003969e+01
-1.864035989693286766e+01
-1.861086094028335580e+01
-1.854132063675566400e+01
-1.864402429847748976e+01
-1.882247130078228281e+01
-1.861008065881742013e+01
-1.866125501281757337e+01
-1.853263718812981509e+01
-1.862520267347544589e+01
-1.864070207983282756e+01
-1.860155610577434615e+01
-1.838523563998204580e+01
-1.841990829585578737e+01
-1.831017412703294056e+01
-1.839512597027400531e+01
-1.840547475427889879e+01
-1.850386199307362745e+01
-1.852183847545824946e+01
-1.840157546734221583e+01
-1.828220626055583509e+01
-1.821520910842824748e+01
-1.831124457227066316e+01
-1.855572074129523941e+01
-1.836687839716180548e+01
-1.834263711151420040e+01
-1.839049772046314857e+01
-1.839587279916858975e+01
-1.845060717968402386e+01
-1.850559271891795277e+01
-1.841119785160117672e+01
-1.853291166317061567e+01
-1.850857070579320762e+01
-1.844142911312729538e+01
-1.846533825468162604e+01
-1.861576593520483769e+01
-1.849486105333568275e+01
-1.859311481476310490e+01
-1.855872637165122185e+01
-1.856590619207968729e+01
-1.861583325920439336e+01
-1.867470676016680287e+01
-1.862474260000895754e+01
-1.862418289689688677e+01
-1.848313578531291412e+01
-1.850221172935396297e+01
-1.848629218995608881e+01
-1.855770768939842341e+01
-1.846742712737005476e+01
-1.846792461458822743e+01
-1.830029813696281948e+01
-1.835131612682898705e+01
-1.842750176216080504e+01
-1.849994866301700469e+01
-1.866655164066429862e+01
-1.875787614473563636e+01
-1.878529236921788836e+01
-1.836862184167805978e+01
-1.848551886130407951e+01
-1.852627076810558293e+01
-1.844010713655758238e+01
-1.843373327706297005e+01
-1.846653290895724808e+01
-1.834801093910685665e+01
-1.827110410567041043e+01
-1.835459180129697998e+01
-1.850376699743334896e+01
-1.857197444852300450e+01
-1.860621895359838973e+01
-1.856736364699445829e+01
-1.866859832823045551e+01
-1.836722134782888816e+01
-1.837875726842425550e+01
-1.834392465848581111e+01
-1.831614817337168688e+01
-1.819786772429423749e+01
-1.836117495581577685e+01
-1.822346886331702365e+01
-1.841141840563684084e+01
-1.832134356383492246e+01
-1.840669454222520329e+01
-1.837596892864702625e+01
-1.825292790480022020e+01
-1.848385773919261155e+01
-1.838232750534704607e+01
-1.817893201106206647e+01
-1.815729752313750467e+01
-1.815149052864267176e+01
-1.802311841080182120e+01
-1.800571213188561615e+01
-1.793525814713159505e+01
-1.793580861324311826e+01
-1.798662141078366972e+01
-1.804448782207327895e+01
-1.792284109619049559e+01
-1.801506115560635024e+01
-1.814291284947048766e+01
-1.807855819851621959e+01
-1.796917806603770273e+01
-1.788292648318624600e+01
-1.795164305481588585e+01
-1.799604931822848641e+01
-1.803912682490487995e+01
-1.805799385007301794e+01
-1.805098833422633220e+01
-1.808747461838135351e+01
-1.809788312528927889e+01
-1.812865550236106316e+01
-1.804511844174118451e+01
-1.814424451125238491e+01
-1.808202443747840960e+01
-1.800561543418710286e+01
-1.803092600896786024e+01
-1.799098217954357892e+01
-1.795711594914956066e+01
-1.788780531585517863e+01
-1.794166672537747687e+01
-1.813921189279713531e+01
-1.809079670764621994e+01
-1.803035047294953586e+01
-1.803194764088434354e+01
-1.802090068089200514e+01
-1.792897215088864371e+01
-1.791488442790205937e+01
-1.795024728169498118e+01
-1.808070645110198527e+01
-1.813745777059102338e+01
-1.807461868677483707e+01
-1.802547642027114705e+01
-1.794658735049850407e+01
-1.794593453587497933e+01
-1.794716004775306217e+01
-1.789845898214534614e+01
-1.792021185853360166e+01
-1.783769734783341576e+01
-1.794859646935801933e+01
-1.789651971572305555e+01
-1.795358941460561297e+01
-1.789690878999293489e+01
-1.787157495215184255e+01
-1.791723675394163351e+01
-1.788434853671724767e+01
-1.768491846406603685e+01
-1.776894135609119019e+01
-1.779344203497745269e+01
-1.788422254633292852e+01
-1.787167339490662243e+01
-1.785978694690244595e+01
-1.790327488465955241e+01
-1.802703376968553428e+01
-1.803373238834080539e+01
-1.806074196019666545e+01
-1.823407825352211020e+01
-1.815713577951381197e+01
-1.814635185087275104e+01
-1.820418937158538597e+01
-1.818184681247626600e+01
-1.816063241317685595e+01
-1.809538007200928078e+01
-1.802766544997474440e+01
-1.802276188535470780e+01
-1.818668380652761130e+01
-1.810580806501641149e+01
-1.812743767486400515e+01
-1.811553133523470294e+01
-1.824490083807800644e+01
-1.829469059121207053e+01
-1.820271564810510156e+01
-1.820162670638786295e+01
-1.824457293278933534e+01
-1.815814515367227244e+01
-1.843223591361777736e+01
-1.833040602017500476e+01
-1.850296635970793702e+01
-1.824384019805964385e+01
-1.843722977622050152e+01
-1.819982179265304012e+01
-1.832189219538643599e+01
-1.824113200407465385e+01
-1.811092810049092705e+01
-1.810998091765400630e+01
-1.810161311275625096e+01
-1.801627091890500765e+01
-1.801989616257400684e+01
-1.803846173145685938e+01
-1.804042427021985162e+01
-1.799048862612204758e+01
-1.805433773743456172e+01
-1.788058474518448193e+01
-1.805003477223459640e+01
-1.815559130767594809e+01
-1.792698933984484100e+01
-1.805361292306690402e+01
-1.797326024982018566e+01
-1.799344896619219725e+01
-1.806161906821466800e+01
-1.792694277799337499e+01
-1.795450592878639284e+01
-1.801112789215109800e+01
-1.801371766067418534e+01
-1.798210918377357359e+01
-1.798137687416657826e+01
-1.817218962757596401e+01
-1.804249167051367309e+01
-1.811081059285818640e+01
-1.816957562347269928e+01
-1.808284003635357706e+01
-1.802836894910404553e+01
-1.808674329496115618e+01
-1.812294705664728767e+01
-1.812493875176680902e+01
-1.821243752021097961e+01
-1.817732200935656550e+01
-1.828000599072585075e+01
-1.818338545538428264e+01
-1.812992029432279395e+01
-1.802217096485507142e+01
-1.792495532597993702e+01
-1.792669640088100635e+01
-1.818434757422944159e+01
-1.813102840177459285e+01
-1.811149326194816922e+01
-1.801864442735562122e+01
-1.811930706004645231e+01
-1.808370447031700223e+01
-1.794669493545918826e+01
-1.801005416060609221e+01
-1.804123416866740115e+01
-1.806455154217361070e+01
-1.804867161702503253e+01
-1.798657115405006124e+01
-1.799524572040857251e+01
-1.810869959496962878e+01
-1.817918922299913120e+01
-1.807736030477622080e+01
-1.804567404642408235e+01
-1.805675712263092336e+01
-1.813133223478109457e+01
-1.810199960760892779e+01
-1.816249780325463448e+01
-1.812045693605267260e+01
-1.804109197895224881e+01
-1.779430524490620869e+01
-1.789323632335593928e+01
-1.787254622937434689e+01
-1.788831481710926852e+01
-1.787692544973047504e+01
-1.786124636811907607e+01
-1.776157075382359096e+01
-1.789459543524818486e+01
-1.792498042073211550e+01
-1.793598611690602240e+01
-1.790922800497338230e+01
-1.800185228161469553e+01
-1.792449065701654831e+01
-1.802891443120408965e+01
-1.808539418830460832e+01
-1.802875230934721884e+01
-1.799898866082904902e+01
-1.792163240071866781e+01
-1.797844798570478986e+01
-1.798113939369547509e+01
-1.804680226503830909e+01
-1.800474958361031241e+01
-1.797877486953045434e+01
-1.791950696938857490e+01
-1.791214728866518868e+01
-1.794765421234664160e+01
-1.798452090063035413e+01
-1.785656396515974720e+01
-1.793629913331418635e+01
-1.808529180589471963e+01
-1.804840241397771550e+01
-1.803161608316152709e+01
-1.805238610449517722e+01
-1.807632571563105728e+01
-1.804408677073762135e+01
-1.811932790466795495e+01
-1.813774155305649316e+01
-1.796217105482030263e+01
-1.797824754232163613e+01
-1.797262525228345353e+01
-1.786564955948113820e+01
-1.790146211563790146e+01
-1.787968698877596196e+01
-1.776892397122490053e+01
-1.781161760801226634e+01
-1.770172403558573393e+01
-1.770890424128089791e+01
-1.775734842974202365e+01
-1.764994103267780901e+01
-1.766569634654438303e+01
-1.769855731580232927e+01
-1.765243977107948226e+01
-1.764075021542832289e+01
-1.767248273870872666e+01
-1.763208460386879395e+01
-1.768369528435256655e+01
-1.763700206583677499e+01
-1.763853848110623801e+01
-1.769074243908633193e+01
-1.768659209573575453e+01
-1.769869521089074027e+01
-1.771743300330179594e+01
-1.767652987072020920e+01
-1.776579698249850736e+01
-1.781288165278118285e+01
-1.764106435885606317e+01
-1.757345756538718007e+01
-1.754344021492769912e+01
-1.756693254129720927e+01
-1.764257150393172324e+01
-1.757197071462910998e+01
-1.764239028668258413e+01
-1.752667878221575393e+01
-1.756225750834160593e+01
-1.756774095539752878e+01
-1.752144197303554662e+01
-1.751682056341187987e+01
-1.746964036575726809e+01
-1.758945088188009720e+01
-1.758302656872576364e+01
-1.761852034813122003e+01
-1.770040872152330635e+01
-1.769649129550917621e+01
-1.761417778363873765e+01
-1.759507740157379629e+01
-1.760227740842006128e+01
-1.769888653214625407e+01
-1.768647546180002195e+01
-1.768912994965110741e+01
-1.762898493540498635e+01
-1.757079654400219226e+01
-1.756591667235074894e+01
-1.750288754570715710e+01
-1.744600480688447774e+01
-1.747132867426875080e+01
-1.754484204239077982e+01
-1.746377786155483136e+01
-1.749308745478101912e+01
-1.749263454016847064e+01
-1.743896350364818204e+01
-1.746342091941465569e+01
-1.747054139056114863e+01
-1.761834079207653403e+01
-1.755184211153094864e+01
-1.759952875410080608e+01
-1.766346102463549173e+01
-1.771414476093668000e+01
-1.752147727775294683e+01
-1.751849367046202133e+01
-1.743421976341726776e+01
-1.740194113590163738e+01
-1.738157760735131419e+01
-1.734745883356113083e+01
-1.731332706146707423e+01
-1.740896997358738219e+01
-1.740295103102812035e+01
-1.731551651607716025e+01
-1.733210858302662061e+01
-1.732103730084990545e+01
-1.730974431856743223e+01
-1.725685414441323928e+01
-1.729384670814386027e+01
-1.724045151628692096e+01
-1.722213390577648440e+01
-1.720017524252532937e+01
-1.726163632284541904e+01
-1.721101190991611674e+01
-1.723955800675150485e+01
-1.720691693432923230e+01
-1.717690426048331176e+01
-1.718885744472545340e+01
-1.714896093184626480e+01
-1.713983258680784871e+01
-1.716901817799427121e+01
-1.718677582283182659e+01
-1.716880073648011518e+01
-1.719484010552055508e+01
-1.717604115351207739e+01
-1.726622776134910708e+01
-1.716390163717969841e+01
-1.710366796248339938e+01
-1.707905023338085826e+01
-1.708389943057561311e+01
-1.712750078380124563e+01
-1.722871829835059643e+01
-1.723767673480022466e+01
-1.722182743532251692e+01
-1.716655397545605766e+01
-1.717994692081861530e+01
-1.720753810592141519e+01
-1.720269658322728645e+01
-1.732735646413182451e+01
-1.730067847391189062e+01
-1.729255736169788449e+01
-1.720687325444188076e+01
-1.731847216310850257e+01
-1.729146917282947271e+01
-1.731972230968889193e+01
-1.735206157139734273e+01
-1.740397390406302236e+01
-1.733568265464738190e+01
-1.726613709598198199e+01
-1.729214017226508204e+01
-1.734016783414731933e+01
-1.723383744561321507e+01
-1.732811043085639469e+01
-1.729751074379037590e+01
-1.742703240002905218e+01
-1.738828688429146396e+01
-1.729926409714408919e+01
-1.730973205874776966e+01
-1.738559898134142045e+01
-1.742356759499969243e+01
-1.733599847010824746e+01
-1.729420269978461633e+01
-1.734456258828891606e+01
-1.721506953533369000e+01
-1.728294491914982345e+01
-1.736832295895367650e+01
-1.735984563425465055e+01
-1.731494925569136356e+01
-1.727245699627037823e+01
-1.725422269783171458e+01
-1.711878199004669909e+01
-1.717749615209404368e+01
-1.716381931614952805e+01
-1.717919857675836326e+01
-1.719604155384979549e+01
-1.725910404550160138e+01
-1.718850370483501067e+01
-1.723841170460741523e+01
-1.727756312312344278e+01
-1.728933978724695919e+01
-1.730229209163560355e+01
-1.729014435523136228e+01
-1.731367070272298037e+01
-1.751463495798688541e+01
-1.738689905153487913e+01
-1.732402432225599753e+01
-1.723954608917630438e+01
-1.727960318726940159e+01
-1.727737836249011494e+01
-1.732313336037805129e+01
-1.727996341547247283e+01
-1.731931040107238218e+01
-1.731804171526222547e+01
-1.728684232614708449e+01
-1.717560871200379680e+01
-1.721773027292154623e+01
-1.725722237227651590e+01
-1.725052645811239671e+01
-1.718266123906850851e+01
-1.712552306338898944e+01
-1.707482454137807792e+01
-1.703135529227414224e+01
-1.707488194092866962e+01
-1.711337452325558672e+01
-1.704956627188870044e+01
-1.715281899669765764e+01
-1.705370593259666023e+01
-1.710139880477457908e+01
-1.711837513053275117e+01
-1.718255641755217056e+01
-1.716517185337982099e+01
-1.720862486924815471e+01
-1.716703898976681586e+01
-1.704549247922349053e+01
-1.701777168249425642e+01
-1.699872941547229388e+01
-1.690780998565029591e+01
-1.696105840265978770e+01
-1.700466210678660772e+01
-1.692994096881184163e+01
-1.715066618196403070e+01
-1.704014332625344963e+01
-1.713078661847356443e+01
-1.710292604176334663e+01
-1.696699900451630683e+01
-1.707992523046063837e+01
-1.699058476265644657e+01
-1.697498276716709498e+01
-1.695685083234370794e+01
-1.708004170970063740e+01
-1.702313161142205544e+01
-1.711717259652254342e+01
-1.698003598551609272e+01
-1.694176396844754251e+01
-1.703368838037962263e+01
-1.689313846242843198e+01
-1.705131145598031850e+01
-1.709591431188419719e+01
-1.699884132853282281e+01
-1.709764074225490305e+01
-1.713024858905055936e+01
-1.723160495426869687e+01
-1.729323017047474309e+01
-1.719834681208718408e+01
-1.706692101431513109e+01
-1.721650899210369445e+01
-1.724441156683592169e+01
-1.717100199993831922e+01
-1.713918485067161512e+01
-1.717906852900797787e+01
-1.723997713296636292e+01
-1.722543077376100129e+01
-1.716079545598976708e+01
-1.713059185215003311e+01
-1.710598429007522014e+01
-1.709033115255235913e+01
-1.714057696243451545e+01
-1.713648507146808342e+01
-1.704869021124537909e+01
-1.709645776769559689e+01
-1.719458759765113598e+01
-1.709021136445289102e+01
-1.696703028640613908e+01
-1.702632805499890267e+01
-1.701615095901694730e+01
-1.714052502813769152e+01
-1.713072949044798676e+01
-1.710917068936065277e+01
-1.711074133069264391e+01
-1.717702528318341137e+01
-1.711993646342174813e+01
-1.715760338142564478e+01
-1.723542551187857086e+01
-1.719701478418366136e+01
-1.721344673439712381e+01
-1.723127144902975161e+01
-1.713218158879245223e+01
-1.704811724858502942e+01
-1.705049907092311656e+01
-1.704113366363037940e+01
-1.695350492124866193e+01
-1.698542485175773464e+01
-1.709214180444367059e+01
-1.711512284807482587e+01
-1.706596397071666971e+01
-1.707459939100734658e+01
-1.703780290606750825e+01
-1.698893491681359080e+01
-1.699964312198473948e+01
-1.699715514667341765e+01
-1.699926081536820632e+01
-1.701542993456754260e+01
-1.700706302697257399e+01
-1.707888571118844467e+01
-1.706425317303484590e+01
-1.707240527523641305e+01
-1.705033179739026039e+01
-1.712668445082602275e+01
-1.701055643315251587e+01
-1.701096811203833070e+01
-1.710336712767149692e+01
-1.718769821016766031e+01
-1.707713866516549572e+01
-1.705089534447013477e+01
-1.707360162329217701e+01
-1.709630338754154977e+01
-1.707863239486274054e+01
-1.711812374984913276e+01
-1.713306180640083554e+01
-1.715647464811309675e+01
-1.720909672324583184e+01
-1.719081545196954508e+01
-1.732054595994162582e+01
-1.715179213850156259e+01
-1.719188644408917455e+01
-1.723360235540326002e+01
-1.712044537239235709e+01
-1.718900934909103739e+01
-1.715557064862322889e+01
-1.721273139482640246e+01
-1.722109990061737861e+01
-1.725364723959858182e+01
-1.722138315642098760e+01
-1.725649925349270219e+01
-1.718756810611282404e+01
-1.712945196809484472e+01
-1.697622786789339244e+01
-1.703713648765746314e+01
-1.699992320748860664e+01
-1.706002952744074719e+01
-1.706822017954410242e+01
-1.712505558841179365e+01
-1.714072623981857646e+01
-1.709059262506704258e+01
-1.704361894915113851e+01
-1.694890151078288199e+01
-1.701595717687334286e+01
-1.700245721278472288e+01
-1.695045449993381581e+01
-1.686624825927894022e+01
-1.680732683823148577e+01
-1.680760525775147940e+01
-1.680700881458914608e+01
-1.680955387334561379e+01
-1.674498882696011393e+01
-1.670926028440208100e+01
-1.674762411428820030e+01
-1.679440373613599391e+01
-1.680055742089106019e+01
-1.681580979892044780e+01
-1.682974566916873371e+01
-1.679375997015210231e+01
-1.683757558786424369e+01
-1.683543158727751177e+01
-1.680697733375857794e+01
-1.695380452868102594e+01
-1.705608124624576760e+01
-1.697839420820605127e+01
-1.692053172327421962e+01
-1.687379908372377102e+01
-1.686039534583391841e+01
-1.685014184359047107e+01
-1.685239257786534850e+01
-1.690254083126645668e+01
-1.695528139825599823e+01
-1.692283168537695559e+01
-1.692614052471044417e+01
-1.696718765440715160e+01
-1.690656626367327320e+01
-1.688236935278582607e+01
-1.685483540621774523e+01
-1.686412241205967533e+01
-1.688605857994550874e+01
-1.690715507115864469e+01
-1.684056471111291486e+01
-1.683860114834134691e+01
-1.688352639607328243e+01
-1.685629036947863568e+01
-1.689575588638525616e+01
-1.687058766909484575e+01
-1.687467613206450068e+01
-1.682294764692799305e+01
-1.676502130291564541e+01
-1.687993548779298791e+01
-1.693085581314551291e+01
-1.689703162792185154e+01
-1.684504468607402572e+01
-1.683197459762135395e+01
-1.682179165078386163e+01
-1.690706533475763251e+01
-1.697145833175158813e+01
-1.691305127557338395e+01
-1.687758783404219898e+01
-1.688657206834222180e+01
-1.690270486961085439e+01
-1.689833887572704896e+01
-1.693080922005765032e+01
-1.698920829991604009e+01
-1.687744345399971735e+01
-1.691166126887773302e+01
-1.682915672814075947e+01
-1.677980751501407752e+01
-1.675867077656679882e+01
-1.671587973328305310e+01
-1.675583263744372431e+01
-1.678788829662099857e+01
-1.685337888986375532e+01
-1.676766683968246596e+01
-1.680865194262383255e+01
-1.676108685318047620e+01
-1.674594112741039709e+01
-1.679804421433749795e+01
-1.688832545668192253e+01
-1.705834840067753788e+01
-1.703255808867771748e+01
-1.686842751271039020e+01
-1.688235249156170070e+01
-1.684397057457693947e+01
-1.690881583781903075e+01
-1.692791880219675349e+01
-1.696670882754617082e+01
-1.688774728268226255e+01
-1.692892179487501636e+01
-1.693910974838916772e+01
-1.689789191297602500e+01
-1.702481668045435015e+01
-1.698766022575609469e+01
-1.701554864912797171e+01
-1.705160842200227478e+01
-1.725463439174234637e+01
-1.718795061229450027e+01
-1.715409528261365324e+01
-1.700390100038747221e+01
-1.708785123553447249e+01
-1.712865062661792237e+01
-1.713630384923726879e+01
-1.705728436549239646e+01
-1.704829039616649311e+01
-1.700144560405647098e+01
-1.710405563912650351e+01
-1.715212284636781703e+01
-1.716162778831283475e+01
-1.708754717687989100e+01
-1.700695066165851088e+01
-1.712654969551423889e+01
-1.709291174235875488e+01
-1.709662295726446857e+01
-1.705810814418581245e+01
-1.713109790343972350e+01
-1.714426799091761211e+01
-1.714342946523571953e+01
-1.709391055856258745e+01
-1.715949181654184130e+01
-1.707950116857605138e+01
-1.708748910880706973e+01
-1.710916490796864053e+01
-1.715008715359003233e+01
-1.714917418930909321e+01
-1.719426124351351604e+01
-1.716048466376188841e+01
-1.713943520248585983e+01
-1.724259763562484693e+01
-1.714890269900144304e+01
-1.702050988809056520e+01
-1.706935020694045591e+01
-1.703500633726942937e+01
-1.707230770768882167e+01
-1.714840823477300091e+01
-1.714987510684786542e+01
-1.713617819800638387e+01
-1.713513874432595685e+01
-1.723132911188680083e+01
-1.714150354840515078e+01
-1.726496315646223323e+01
-1.721814565092877913e+01
-1.709775665221323848e+01
-1.707901251735202663e+01
-1.705781266157519838e+01
-1.721135917034160911e+01
-1.707261327500677339e+01
-1.711597255107577098e+01
-1.719965952347796545e+01
-1.712111657462998338e+01
-1.703276246063759558e+01
-1.700946825874125068e+01
-1.697809820429346317e+01
-1.702559007329057295e+01
-1.695106019631584360e+01
-1.696046879846183941e+01
-1.692495422749621525e+01
-1.694863672722145154e+01
-1.697469360114397219e+01
-1.697333887137321895e+01
-1.702676115598385920e+01
-1.699252484292491161e+01
-1.698252114894204112e+01
-1.699069717522302980e+01
-1.699191048265889492e+01
-1.703445612321395330e+01
-1.707978758815720255e+01
-1.707879901512212939e+01
-1.702340858698195447e+01
-1.690761524017544559e+01
-1.696237245830488405e+01
-1.687610175451341377e+01
-1.710264825522665433e+01
-1.713095481668903020e+01
-1.704677135873042459e+01
-1.700673192057633187e+01
-1.694678676858110222e+01
-1.695867875885424425e+01
-1.699218804705286701e+01
-1.686280494329919577e+01
-1.680554160833937161e+01
-1.683229903244308190e+01
-1.687317978008614361e+01
-1.685005343036222669e+01
-1.691024801094126317e+01
-1.691046683659897099e+01
-1.685814752736921207e+01
-1.683218074484901550e+01
-1.690393262053697399e+01
-1.686132881972244490e+01
-1.687829869900890145e+01
-1.697757794109801921e+01
-1.690866342891072804e+01
-1.685570596363049845e+01
-1.695027321723022240e+01
-1.686117184028021754e+01
-1.692844812474301719e+01
-1.688982787334869329e+01
-1.698941887615422530e+01
-1.695970834936102989e+01
-1.694863986500030251e+01
-1.694971099482338062e+01
-1.698796246813199318e+01
-1.709848066506583208e+01
-1.705987906574499391e+01
-1.700013482357884342e+01
-1.699337128335061209e+01
-1.698142516676271541e+01
-1.709371670511898245e+01
-1.699344644051448583e+01
-1.700428393371170088e+01
-1.702111356397757547e+01
-1.697847885894900699e+01
