# 2*np.log[MAD(r)] for 100 flights; 1000 steps per flight; run 14 of 50; mu: 3.50; seed: 13
-2.617467005273362801e+01
-2.416446120698874722e+01
-2.296011622367968741e+01
-2.294265744647517380e+01
-2.223316233120394969e+01
-2.241313208031392534e+01
-2.225609545074100382e+01
-2.195651491770683705e+01
-2.198885481791639052e+01
-2.170003209580259096e+01
-2.155879784757101092e+01
-2.139340799217086797e+01
-2.121047953177652090e+01
-2.128161007414015415e+01
-2.112211147073834638e+01
-2.111686654599192181e+01
-2.101798432304577702e+01
-2.124435867086205221e+01
-2.112228893871525770e+01
-2.108932490796851056e+01
-2.090971624980258881e+01
-2.075238255432824630e+01
-2.078077745800820963e+01
-2.075426729811024984e+01
-2.086494115311091946e+01
-2.092700017097215337e+01
-2.084993855691537235e+01
-2.063995539791917366e+01
-2.069507216541999739e+01
-2.088865091057211387e+01
-2.069494687440895220e+01
-2.058089357362630523e+01
-2.037000686224659773e+01
-2.028337641954820114e+01
-2.015596717208740074e+01
-2.017103285340571261e+01
-2.019624504117997432e+01
-2.019335967436976276e+01
-2.019804645733815107e+01
-2.023908486459435707e+01
-2.024954262956622841e+01
-2.019678177695763921e+01
-1.998163307976394876e+01
-2.009749194756335910e+01
-2.000230839095645763e+01
-1.993061840317130873e+01
-1.985445098243501150e+01
-1.987782814553302657e+01
-1.967857206831633476e+01
-1.964285925692714585e+01
-1.977411728652617384e+01
-1.968853675829689465e+01
-1.997550504712843278e+01
-1.969094903802950114e+01
-2.000683500750956867e+01
-1.985899436558507247e+01
-1.965259559379946452e+01
-1.956461776844404454e+01
-1.978988480909474745e+01
-1.975229552232584851e+01
-1.966767446961805277e+01
-1.955650082426882008e+01
-1.952076318459538840e+01
-1.951948283390715844e+01
-1.954488501697719727e+01
-1.949857611738326924e+01
-1.942602335554919790e+01
-1.975218324300346495e+01
-1.964995125469927473e+01
-1.957774903961289326e+01
-1.954851760658998572e+01
-1.941169358817979074e+01
-1.929716820749279904e+01
-1.932081767766591796e+01
-1.924857780353951142e+01
-1.926976132984606593e+01
-1.936230652009630049e+01
-1.922602316232048025e+01
-1.916671934894816687e+01
-1.904425961788885147e+01
-1.931492494594661125e+01
-1.893468027702949286e+01
-1.894203838214828650e+01
-1.918896656571892123e+01
-1.905976792750027826e+01
-1.887625881784765625e+01
-1.893948848394010653e+01
-1.896686056820635358e+01
-1.905882553507142063e+01
-1.886950577413060870e+01
-1.892990554471634113e+01
-1.892381157335762865e+01
-1.905927757484824880e+01
-1.915317742909674692e+01
-1.898236912468326665e+01
-1.894475695724435482e+01
-1.892892110022766516e+01
-1.891495477051250163e+01
-1.891942409540948233e+01
-1.880480416931894183e+01
-1.876143524072394797e+01
-1.883421758691796200e+01
-1.872066019767702016e+01
-1.879649887409353681e+01
-1.870306706767311056e+01
-1.884498789325732560e+01
-1.871951160113793478e+01
-1.888329367703423500e+01
-1.891217466299044858e+01
-1.895934396622952889e+01
-1.884292266768031965e+01
-1.880213047798298120e+01
-1.885472303997058319e+01
-1.873362660943853797e+01
-1.872089402020286997e+01
-1.867203832438440259e+01
-1.858629572858892587e+01
-1.853703477165501212e+01
-1.848740752613022664e+01
-1.849404021586305547e+01
-1.848818686278751855e+01
-1.850201040886493331e+01
-1.858230706684518552e+01
-1.879034031192058052e+01
-1.869021981134862287e+01
-1.869568860738399607e+01
-1.853324848544172454e+01
-1.857537329917767721e+01
-1.855068486252315907e+01
-1.842779973295430906e+01
-1.846269074574588842e+01
-1.850013529134886525e+01
-1.842651187023185955e+01
-1.841764930782019505e+01
-1.855339485854651116e+01
-1.863537143945001873e+01
-1.873656857603105053e+01
-1.859982069351026013e+01
-1.880155639691176361e+01
-1.875835313829135842e+01
-1.874230627250096859e+01
-1.866593145909880747e+01
-1.876749610884387565e+01
-1.864750508272252816e+01
-1.886264552862628463e+01
-1.877935971047412522e+01
-1.884112018534177579e+01
-1.890548356235164462e+01
-1.886859229007553651e+01
-1.874643814958534449e+01
-1.880690157630365178e+01
-1.882524839740240807e+01
-1.902495246708809518e+01
-1.897289100958944275e+01
-1.895834142546552314e+01
-1.898229817025065103e+01
-1.893674910898403496e+01
-1.908417163480491396e+01
-1.890909448325529141e+01
-1.906263594352218504e+01
-1.900767767135276287e+01
-1.877501180337501197e+01
-1.873787781362341320e+01
-1.860745437183723539e+01
-1.856035649083521122e+01
-1.859305048182973152e+01
-1.872662521661906609e+01
-1.864952413596725123e+01
-1.863123383671602795e+01
-1.871536605227531425e+01
-1.885675618487318772e+01
-1.872606682540867595e+01
-1.873478451832072267e+01
-1.847194604832342435e+01
-1.859981329463674626e+01
-1.873774768295932702e+01
-1.870185117921413109e+01
-1.869492009348886441e+01
-1.869458137431450240e+01
-1.875690303184218877e+01
-1.868070656873466007e+01
-1.874070691984368864e+01
-1.863230223313373557e+01
-1.889640497824040821e+01
-1.884101595981530508e+01
-1.883844891759848039e+01
-1.876464965600956702e+01
-1.880746121901518109e+01
-1.865372909398106671e+01
-1.873749407623042273e+01
-1.876244623421366242e+01
-1.857425596358405784e+01
-1.868194921040332801e+01
-1.858396434416693310e+01
-1.848389854819842881e+01
-1.838425722810610452e+01
-1.832636474150802286e+01
-1.854863694125739570e+01
-1.850994900851852876e+01
-1.841365115036287392e+01
-1.836697735103810913e+01
-1.835563879712860924e+01
-1.838009975296117560e+01
-1.837421167422404267e+01
-1.843085082383127471e+01
-1.846966232025321730e+01
-1.854693433591262774e+01
-1.844130427341725209e+01
-1.850859684145484252e+01
-1.857855885514662475e+01
-1.851995311804516930e+01
-1.853792348993942696e+01
-1.850849492844256616e+01
-1.836596959588057487e+01
-1.852456057218878982e+01
-1.857710711800483949e+01
-1.852932752202600852e+01
-1.834969994000399041e+01
-1.845014042291756340e+01
-1.837306143919794010e+01
-1.842515977276840999e+01
-1.853262498506528999e+01
-1.869625044251625212e+01
-1.852068009290913153e+01
-1.849082724117741350e+01
-1.844977029900548970e+01
-1.854275117862450273e+01
-1.847873174075252933e+01
-1.840075804051592101e+01
-1.843096347915384570e+01
-1.834984376687900465e+01
-1.842241223801925543e+01
-1.842156025554860221e+01
-1.844317718044426258e+01
-1.849540248806939147e+01
-1.845137867064665826e+01
-1.853528264723576768e+01
-1.844907022762057380e+01
-1.830820146519449310e+01
-1.843266385121121687e+01
-1.836509857127832746e+01
-1.837735895761338512e+01
-1.846200802967306132e+01
-1.854781370019658482e+01
-1.847631070500617056e+01
-1.844973985470421241e+01
-1.853319719273918764e+01
-1.857860627099200101e+01
-1.855781439731412519e+01
-1.861401594493813860e+01
-1.859772790651658170e+01
-1.852972551885439501e+01
-1.853027342958630896e+01
-1.853237059273422105e+01
-1.866860429577722158e+01
-1.862730796286707502e+01
-1.861212539966733814e+01
-1.854491093028552129e+01
-1.859496192861336539e+01
-1.846682866724655270e+01
-1.837557294922605422e+01
-1.836484501485664111e+01
-1.830065438304687930e+01
-1.842509868444471621e+01
-1.839927267136414102e+01
-1.839951889667047524e+01
-1.837715036961978754e+01
-1.818252139745291629e+01
-1.829625984253717519e+01
-1.845873517262750241e+01
-1.846599951700310172e+01
-1.834327566284084554e+01
-1.845673615628204800e+01
-1.850814832424181944e+01
-1.853319273994439698e+01
-1.835269084479695678e+01
-1.834431926549073921e+01
-1.830159874707601730e+01
-1.829034028930666622e+01
-1.816913227706070799e+01
-1.799568323520478685e+01
-1.810521948011411553e+01
-1.814975754610895464e+01
-1.801946913645280546e+01
-1.811173529439357921e+01
-1.824512098185508790e+01
-1.823452264459656291e+01
-1.833760400370162102e+01
-1.829676022781041667e+01
-1.835904036168747311e+01
-1.827971119401405886e+01
-1.837941962649431105e+01
-1.839072887208269691e+01
-1.837294553047452794e+01
-1.817519756683375576e+01
-1.825533167335438023e+01
-1.825190118622763080e+01
-1.821993079727247533e+01
-1.825760923095907984e+01
-1.819957702494414420e+01
-1.828531819599694330e+01
-1.820493660395868574e+01
-1.824933966601210855e+01
-1.818207035044755671e+01
-1.809243721296984830e+01
-1.802600966844902075e+01
-1.804057761338916066e+01
-1.816432434378242533e+01
-1.809645185097679132e+01
-1.807608994996505203e+01
-1.806293189592314974e+01
-1.795609382636517637e+01
-1.788755516396383527e+01
-1.786274759764691566e+01
-1.794920042623001422e+01
-1.814533909411248658e+01
-1.810074307423992224e+01
-1.792358555181856161e+01
-1.796601987603729000e+01
-1.790663118943124843e+01
-1.795025614207868969e+01
-1.792744519855111207e+01
-1.814685817310882143e+01
-1.806831891956059266e+01
-1.812153808470842620e+01
-1.802420505047101074e+01
-1.807536843895874767e+01
-1.816598410899966609e+01
-1.819334068262743997e+01
-1.812268492391446628e+01
-1.815726592618936053e+01
-1.817829539924124660e+01
-1.837802543317107151e+01
-1.826870762682769112e+01
-1.841893322847052872e+01
-1.826872201131537565e+01
-1.833667535136945759e+01
-1.837461058029755634e+01
-1.832551101487759482e+01
-1.840530085768922675e+01
-1.843959098303501420e+01
-1.837567309858629727e+01
-1.812573440694797711e+01
-1.825644702126417229e+01
-1.834770902640129009e+01
-1.829237413479562591e+01
-1.830376590016043536e+01
-1.823555861800505795e+01
-1.850754056447701146e+01
-1.804953339674522539e+01
-1.804630450958242704e+01
-1.795497749492286133e+01
-1.806777588440039395e+01
-1.817483189383168707e+01
-1.801221789984993649e+01
-1.804828558426580543e+01
-1.804965733472884892e+01
-1.804694137407244980e+01
-1.801038137046771226e+01
-1.795435887283038312e+01
-1.799698679822455460e+01
-1.822163387868297590e+01
-1.817373723068893199e+01
-1.824890740641901132e+01
-1.824504384335616791e+01
-1.836710104837756319e+01
-1.835188827334456718e+01
-1.835475100767796519e+01
-1.823728912195782215e+01
-1.813853719366022332e+01
-1.820944611889830611e+01
-1.819422312973952316e+01
-1.822911825643979711e+01
-1.821657374850292754e+01
-1.820568000692533062e+01
-1.819423914648507434e+01
-1.821439766699471718e+01
-1.817475631563751293e+01
-1.812310791491121620e+01
-1.806659025231513738e+01
-1.807593167618813013e+01
-1.801724635834237276e+01
-1.785564612067329193e+01
-1.786878447961213112e+01
-1.799593542105478150e+01
-1.802031027115507200e+01
-1.801044722105124762e+01
-1.810254746524789127e+01
-1.827332639482082044e+01
-1.825415402397664977e+01
-1.797996491925751528e+01
-1.807827697251682153e+01
-1.791182614286868713e+01
-1.795261406442837426e+01
-1.788659558573503361e+01
-1.793205597046518207e+01
-1.800180089810524819e+01
-1.788413085303082894e+01
-1.786676109961984338e+01
-1.784278944364544017e+01
-1.779983228045602317e+01
-1.785510239987230818e+01
-1.786468424887068451e+01
-1.791786687747969964e+01
-1.792054053700272931e+01
-1.781299882944538382e+01
-1.784812869435622673e+01
-1.784179272010084105e+01
-1.794251339789292388e+01
-1.786126376849404807e+01
-1.803420215504157653e+01
-1.797666428935439953e+01
-1.788201038440278978e+01
-1.797648826725550819e+01
-1.796179964647545901e+01
-1.801323249464580201e+01
-1.796035447532613460e+01
-1.798069169156056901e+01
-1.808982192130503108e+01
-1.804115333329735194e+01
-1.806148843909016222e+01
-1.795529007089909257e+01
-1.783985076271908099e+01
-1.779643905517433922e+01
-1.797349889791492927e+01
-1.791213414967712225e+01
-1.794464719245425854e+01
-1.788724031565336148e+01
-1.783467108468639495e+01
-1.786409743612245293e+01
-1.781415476679122989e+01
-1.785871304265571524e+01
-1.780609625307994648e+01
-1.767247305682368008e+01
-1.786823047407197862e+01
-1.795030774470034274e+01
-1.788719938082256888e+01
-1.781741575032266311e+01
-1.787266646043613250e+01
-1.788368917883339648e+01
-1.774332315111463032e+01
-1.775231768326017701e+01
-1.786854632071732851e+01
-1.775021424318492436e+01
-1.784559166552661225e+01
-1.772416615183484723e+01
-1.778419575374617168e+01
-1.787111535787643746e+01
-1.790019968977203035e+01
-1.786634666156386686e+01
-1.787986910419297359e+01
-1.792055742383528383e+01
-1.790318124412962675e+01
-1.792593430030277091e+01
-1.787072241577534015e+01
-1.789530107456961616e+01
-1.788996945590363197e+01
-1.775899043967367064e+01
-1.779524379367440190e+01
-1.769611680438208623e+01
-1.772014440155242454e+01
-1.772751107509034441e+01
-1.782181093642639524e+01
-1.771973962192240037e+01
-1.772194124578035002e+01
-1.777401330482365793e+01
-1.780717888973096308e+01
-1.776139559105741839e+01
-1.780215349400209135e+01
-1.778879906698322699e+01
-1.775046389972563077e+01
-1.774582305284890538e+01
-1.775718934094870249e+01
-1.768747448657862975e+01
-1.764398740387991893e+01
-1.774397630843460050e+01
-1.770608518746870175e+01
-1.764202302531492350e+01
-1.745410234397849791e+01
-1.743560498690180793e+01
-1.752785312231389980e+01
-1.759801632092234769e+01
-1.761907332056932063e+01
-1.765235656916078710e+01
-1.758400606685143330e+01
-1.759005307398625106e+01
-1.768309325361276407e+01
-1.773432641004674082e+01
-1.766884486492953599e+01
-1.767316146166432134e+01
-1.754516187330129284e+01
-1.757683311153748207e+01
-1.765832654930305168e+01
-1.774067067714761592e+01
-1.775862722806425253e+01
-1.772294975003719486e+01
-1.773989182278948107e+01
-1.773787637979400955e+01
-1.775259135718262016e+01
-1.766549406090952345e+01
-1.772587570415878844e+01
-1.761295844213280759e+01
-1.751731872118699229e+01
-1.759333575929226612e+01
-1.751862597292496915e+01
-1.759628602470138503e+01
-1.767026125726843233e+01
-1.763361847856992171e+01
-1.745027922150361022e+01
-1.739443171226859164e+01
-1.746270339978645936e+01
-1.755382067008650893e+01
-1.751851185357706697e+01
-1.748986943712698405e+01
-1.748218460594735291e+01
-1.755365283608707472e+01
-1.761354981721260060e+01
-1.758559494548995517e+01
-1.760555996936131962e+01
-1.758046498545155600e+01
-1.758792489709964357e+01
-1.758049250935984986e+01
-1.750356348119762373e+01
-1.756675833440846546e+01
-1.749618230491951465e+01
-1.756386164453611443e+01
-1.756750000020793934e+01
-1.754225447262849258e+01
-1.745793870596118680e+01
-1.745427366344851094e+01
-1.748994258848612304e+01
-1.762684183645564318e+01
-1.756013976471190574e+01
-1.761305368137324479e+01
-1.755147472887628268e+01
-1.755475924296979073e+01
-1.761951176147674758e+01
-1.749242529171130300e+01
-1.747215147429487203e+01
-1.739732892833459843e+01
-1.753939580077917171e+01
-1.752577217398974341e+01
-1.757734054441378291e+01
-1.759080180144060535e+01
-1.777739522871283029e+01
-1.771555084209638409e+01
-1.778220763915543046e+01
-1.786050212362832212e+01
-1.785243034750919122e+01
-1.768467018648249578e+01
-1.784986293536947599e+01
-1.782180996319478083e+01
-1.764716306898667852e+01
-1.753121821107858125e+01
-1.762102003489565760e+01
-1.760841550713310966e+01
-1.760278838785075095e+01
-1.764303485726311393e+01
-1.761275162812150086e+01
-1.767351049299904275e+01
-1.768912180090066855e+01
-1.781593070523939204e+01
-1.790573574058155870e+01
-1.775253299881752511e+01
-1.776339156897542182e+01
-1.774593036648180089e+01
-1.770429932703655140e+01
-1.776798366006055474e+01
-1.777197320091562105e+01
-1.771575973599172471e+01
-1.775960370661709220e+01
-1.782419937804760934e+01
-1.781127952302352924e+01
-1.776358370536832965e+01
-1.766515046323803517e+01
-1.776918007931632815e+01
-1.763213250002197086e+01
-1.772213643058905674e+01
-1.772052909939711540e+01
-1.770021699580309260e+01
-1.769265327415845235e+01
-1.763543028262397883e+01
-1.773718162117436492e+01
-1.781615271706005288e+01
-1.780330054875402723e+01
-1.783103995160230681e+01
-1.778561134426137258e+01
-1.780385754891212713e+01
-1.768344169847401304e+01
-1.773003799952008563e+01
-1.774925996804457284e+01
-1.779341924586575274e+01
-1.774801445202785288e+01
-1.779281477313768534e+01
-1.780786616576694925e+01
-1.780153587673742877e+01
-1.780942721793300620e+01
-1.782370944897718701e+01
-1.778942650078396781e+01
-1.780221154156293295e+01
-1.787803105059042252e+01
-1.770394451201936903e+01
-1.780727617559974263e+01
-1.775513568775468087e+01
-1.769918552995949312e+01
-1.759786528221858504e+01
-1.756313131724610699e+01
-1.761512727067247042e+01
-1.754471353702808045e+01
-1.753497119366366519e+01
-1.766631243376490445e+01
-1.754618252133264633e+01
-1.765320056415649219e+01
-1.756124374792993592e+01
-1.749923924578532564e+01
-1.745781859409123626e+01
-1.755698076933061103e+01
-1.762467015220382294e+01
-1.753767387549862988e+01
-1.762255900709210721e+01
-1.759301287234185196e+01
-1.764979878536963653e+01
-1.757982950729328664e+01
-1.766476324091737737e+01
-1.758041879407226205e+01
-1.763346792350539260e+01
-1.757548029267406164e+01
-1.749445698330430332e+01
-1.749739149148698303e+01
-1.750144464237017417e+01
-1.747117487468859309e+01
-1.755417523844015903e+01
-1.754662436280511173e+01
-1.749125318141729579e+01
-1.748195159033366153e+01
-1.746899110485279039e+01
-1.747418085189177361e+01
-1.756564422687110039e+01
-1.758709903558998633e+01
-1.756830553829642838e+01
-1.775946309172110560e+01
-1.756003406933576017e+01
-1.748669727869788559e+01
-1.748863500813461513e+01
-1.762608130860427380e+01
-1.752589805032864234e+01
-1.760713464785714777e+01
-1.751617722902691554e+01
-1.749004510394858514e+01
-1.742535191105677228e+01
-1.734073930239919292e+01
-1.748836270396046899e+01
-1.741132962727471778e+01
-1.744000445110169650e+01
-1.740506721922674060e+01
-1.746654068590866160e+01
-1.749231938471360337e+01
-1.743755133168862770e+01
-1.751822986967812312e+01
-1.760360806896507313e+01
-1.777020226860392071e+01
-1.772189042028736239e+01
-1.773000398645435283e+01
-1.758226398092061871e+01
-1.760651614991196112e+01
-1.756975570097151618e+01
-1.757319331227412107e+01
-1.754251366257760836e+01
-1.744528899975055225e+01
-1.741152347030973147e+01
-1.752679021596393838e+01
-1.741471939169440830e+01
-1.747367401476292770e+01
-1.740152943695842325e+01
-1.751488733993353364e+01
-1.747645607254724354e+01
-1.759376638304886953e+01
-1.754078318105998946e+01
-1.761211906667375260e+01
-1.760737199682432674e+01
-1.766659437547069444e+01
-1.767764039445773250e+01
-1.759104532609847382e+01
-1.750906913897669526e+01
-1.755068951962627111e+01
-1.753529736418377993e+01
-1.761962141737687304e+01
-1.771025151235891926e+01
-1.760120806900521018e+01
-1.763099558129657041e+01
-1.758678756743387694e+01
-1.760388757143278582e+01
-1.767088241104746871e+01
-1.764608102022559066e+01
-1.767096013194184678e+01
-1.758105944761582506e+01
-1.763174506339870007e+01
-1.763591731283938202e+01
-1.773832623728986135e+01
-1.765970094911932620e+01
-1.764206536751960996e+01
-1.770676813146886630e+01
-1.768611625555482192e+01
-1.776895848136785716e+01
-1.765564221414374302e+01
-1.769261165318242846e+01
-1.765700462013790784e+01
-1.761249693351116363e+01
-1.755553447646568443e+01
-1.749546415106912889e+01
-1.744839567877930619e+01
-1.740840473525237186e+01
-1.740922787058263310e+01
-1.748503740273185159e+01
-1.753181117357627272e+01
-1.745462817953215051e+01
-1.746157151822319875e+01
-1.751774628786894539e+01
-1.747562434746919635e+01
-1.743049529253197605e+01
-1.739083546966450911e+01
-1.735485367924192701e+01
-1.738648473098441372e+01
-1.746028422819170345e+01
-1.736070853814141302e+01
-1.731448858075662400e+01
-1.724928484516732397e+01
-1.728021188059345192e+01
-1.722856710230217203e+01
-1.720477031917085142e+01
-1.723187775501886776e+01
-1.726241420960906581e+01
-1.731259310580928812e+01
-1.734639146590503600e+01
-1.734775413188081927e+01
-1.730211698964163602e+01
-1.732154169976449865e+01
-1.725850859685295902e+01
-1.733284621425728744e+01
-1.736436969356302740e+01
-1.739056761934103790e+01
-1.736994217525662165e+01
-1.726024198783566987e+01
-1.730558082768735062e+01
-1.734716701126977512e+01
-1.748146233608554567e+01
-1.740904296951352848e+01
-1.756277105944845474e+01
-1.752647610693625779e+01
-1.745534061096884670e+01
-1.755917365787941264e+01
-1.758032594908157620e+01
-1.765045488429975862e+01
-1.775366762996104342e+01
-1.773433932678977953e+01
-1.764196762667688745e+01
-1.748894694495778879e+01
-1.758618570961643712e+01
-1.760935797639285028e+01
-1.758365003778842706e+01
-1.749307468724234127e+01
-1.749764591803667813e+01
-1.750857596932093685e+01
-1.754658188970586963e+01
-1.746395557288319722e+01
-1.735345720051674334e+01
-1.739351003387260874e+01
-1.732514928801318277e+01
-1.736413417063810272e+01
-1.737738702937281587e+01
-1.739097921341329211e+01
-1.739688637830034779e+01
-1.740049604712969256e+01
-1.738142408476585388e+01
-1.750039648683335614e+01
-1.736409414776805349e+01
-1.738123339436696568e+01
-1.721305789675437836e+01
-1.722063906407610290e+01
-1.716070214339751487e+01
-1.716135984214171017e+01
-1.731618226542551398e+01
-1.734827408804811100e+01
-1.727180486213269717e+01
-1.722019280025442001e+01
-1.725042051947084332e+01
-1.715255200317476536e+01
-1.714970522775438866e+01
-1.710956516396538518e+01
-1.717701344028833432e+01
-1.711897596951299150e+01
-1.716867483127917993e+01
-1.713657914092494039e+01
-1.716096021100135260e+01
-1.719749537722217170e+01
-1.718228228736240126e+01
-1.718519474070305009e+01
-1.719239899302190722e+01
-1.718817652107766492e+01
-1.710847306131442025e+01
-1.709007875498278040e+01
-1.705893095024192618e+01
-1.709105895292098865e+01
-1.709927067279114254e+01
-1.715087383648096875e+01
-1.707481097831696815e+01
-1.695180126759478512e+01
-1.692208342374570762e+01
-1.695771908471984801e+01
-1.700765311776297395e+01
-1.702379343994281413e+01
-1.712614443178576096e+01
-1.725266097327398995e+01
-1.726743221532532857e+01
-1.736822219746220952e+01
-1.732004982738418164e+01
-1.739621370791142141e+01
-1.733024894059077425e+01
-1.726016370920503817e+01
-1.728315586333449616e+01
-1.725784106053049527e+01
-1.732941037973369447e+01
-1.743472926552599134e+01
-1.740596906986384340e+01
-1.731192293679549010e+01
-1.730722330672161036e+01
-1.738076331873492819e+01
-1.732002713979703401e+01
-1.731208737797480168e+01
-1.732916329829846802e+01
-1.736833910164698125e+01
-1.731825686506874717e+01
-1.734044649079762124e+01
-1.738485943568581149e+01
-1.744132015539703673e+01
-1.741175736012890241e+01
-1.748808909490127306e+01
-1.738055639632759863e+01
-1.730619454380894240e+01
-1.719960372132691973e+01
-1.729413926060962936e+01
-1.732593840173655764e+01
-1.736029071038579730e+01
-1.725854336313820170e+01
-1.726691438908780185e+01
-1.720972700715181603e+01
-1.730833248792186296e+01
-1.728157642550996798e+01
-1.727669360760081574e+01
-1.731464955716834453e+01
-1.721284104580906060e+01
-1.724346555050207641e+01
-1.738294553256854158e+01
-1.746219604940313985e+01
-1.738184981531814799e+01
-1.734523207664701516e+01
-1.739042241402019329e+01
-1.737345523482852983e+01
-1.738115095023569623e+01
-1.747990845493255563e+01
-1.737219354031519103e+01
-1.738629983346667274e+01
-1.742037481026080670e+01
-1.745580949127279169e+01
-1.732641482234803831e+01
-1.744540688610879542e+01
-1.743788471999364376e+01
-1.742966458703550359e+01
-1.744885171732591544e+01
-1.739372121199103205e+01
-1.733406787492233647e+01
-1.735186246201757143e+01
-1.734995622000087678e+01
-1.735410873318349090e+01
-1.726222305535954860e+01
-1.725520778377245179e+01
-1.720462363347461121e+01
-1.721037293101112908e+01
-1.723947553299993629e+01
-1.728583973312231947e+01
-1.725610517801635524e+01
-1.710659841408243054e+01
-1.712915408605607581e+01
-1.724581122864319838e+01
-1.714814106002137706e+01
-1.726346513508423541e+01
-1.719933238969100131e+01
-1.718131898422408099e+01
-1.726072633726685979e+01
-1.725217850737350034e+01
-1.717300628491778269e+01
-1.714952052947617034e+01
-1.714479268121823807e+01
-1.710817291982994703e+01
-1.710498042038622657e+01
-1.723023571326483960e+01
-1.715528727962187716e+01
-1.707417381418384039e+01
-1.705278905505017306e+01
-1.711536037801251453e+01
-1.709933003379857652e+01
-1.706658663593826475e+01
-1.700137184738881757e+01
-1.704135935439875027e+01
-1.700482038152456710e+01
-1.700951447164630537e+01
-1.693756446592951193e+01
-1.695581987828573034e+01
-1.690014898977657509e+01
-1.692251533193319801e+01
-1.702437597672224356e+01
-1.700277413706247387e+01
-1.696121866690431901e+01
-1.704824284100569542e+01
-1.708239691327083065e+01
-1.700310386443441857e+01
-1.705970726304302332e+01
-1.707604997038695060e+01
-1.700542339174698725e+01
-1.705927467963046951e+01
-1.708449211639819509e+01
-1.710390924322506834e+01
-1.707781437502809396e+01
-1.708255167928240326e+01
-1.716639846059003460e+01
-1.708166272554091591e+01
-1.695983563578190356e+01
-1.700980207649120146e+01
-1.693463013494006830e+01
-1.692448586599656934e+01
-1.697721097851484728e+01
-1.687576298076756842e+01
-1.685198045266351485e+01
-1.695455812208154711e+01
-1.686022019987001030e+01
-1.692317140352624349e+01
-1.687294020483444257e+01
-1.683681522908705475e+01
-1.678389841394237436e+01
-1.685731237872778365e+01
-1.676745605863248656e+01
-1.681959753619198850e+01
-1.689670901668360159e+01
-1.689850879335502754e+01
-1.688106700102579083e+01
-1.691888270765119628e+01
-1.685561907794112102e+01
-1.677337320018268230e+01
-1.682874039166926750e+01
-1.688541452273815580e+01
-1.681080343389342957e+01
-1.677586538558836082e+01
-1.678780345722128686e+01
-1.679015887423304321e+01
-1.682363968673033483e+01
-1.685806387013265706e+01
-1.675245060831529997e+01
-1.672020872974444572e+01
-1.682110793102185653e+01
-1.688344809803016133e+01
-1.685283583883698100e+01
-1.690424826312249351e+01
-1.690015327093601272e+01
-1.689894336757395976e+01
-1.690122996380251763e+01
-1.678884575832233139e+01
-1.685286492952739579e+01
-1.685591307105002556e+01
-1.684042978280785974e+01
-1.683533751907308940e+01
-1.690672488432190335e+01
-1.692854380715696649e+01
-1.691131852449677453e+01
-1.690959525469063962e+01
-1.696069358973048224e+01
-1.696511530594542450e+01
-1.690721102674095278e+01
-1.688417951607929268e+01
-1.689796817175384192e+01
-1.685108029142780595e+01
-1.686354636482978719e+01
-1.685415469553224810e+01
-1.682861296611575597e+01
-1.687152965920493841e+01
-1.687554471815418822e+01
-1.691997454072732765e+01
-1.692752142735961129e+01
-1.699239759037005015e+01
-1.698738013277392511e+01
-1.695123150937120826e+01
-1.702123247482883883e+01
-1.701263946415321726e+01
-1.700434479696480849e+01
-1.693802187232366308e+01
-1.686336344604919901e+01
-1.688671957100773824e+01
-1.681199276284840494e+01
-1.689710720167504121e+01
-1.689893470575666612e+01
-1.688092085279377486e+01
