# 2*np.log[MAD(r)] for 100 flights; 1000 steps per flight; run 44 of 50; mu: 3.50; seed: 43
-2.641066788946010391e+01
-2.393167490552467669e+01
-2.290340180158912275e+01
-2.298896215377645191e+01
-2.221278397712427122e+01
-2.202202846412265558e+01
-2.198718388082918196e+01
-2.229255148423632349e+01
-2.217783746709999448e+01
-2.198098204155112612e+01
-2.190096617207417751e+01
-2.180616654790843612e+01
-2.132045963832784707e+01
-2.125233998269139235e+01
-2.134387947419570608e+01
-2.166384955728328521e+01
-2.138635219404557120e+01
-2.111110381576335016e+01
-2.103009719623324969e+01
-2.102482880478940785e+01
-2.096071754627736539e+01
-2.103259324583617129e+01
-2.086261024830005795e+01
-2.103520153511788848e+01
-2.083221506558624370e+01
-2.058525895373925607e+01
-2.069033960170862585e+01
-2.060301777651741162e+01
-2.060113022819274065e+01
-2.063850661024128996e+01
-2.030370648030111269e+01
-2.032568911446361781e+01
-2.037123257905867391e+01
-2.038476645753117822e+01
-2.046724244577711715e+01
-2.005923596150459431e+01
-2.020028796840560048e+01
-2.040169730036555507e+01
-2.038079690449791670e+01
-2.035042227606030707e+01
-2.012182301516247307e+01
-2.002762586127674282e+01
-2.009316133496486145e+01
-2.038259923087093739e+01
-2.020839918178822714e+01
-2.000628383412488276e+01
-2.026185526955346461e+01
-2.024738022897968293e+01
-2.014213672273702116e+01
-2.042750176036848231e+01
-2.024411218327819384e+01
-2.041071728569348664e+01
-2.027197872373685428e+01
-2.057433455312844472e+01
-2.047757647319507868e+01
-2.028447930444469449e+01
-2.006797895997730308e+01
-2.031043828104815674e+01
-2.013392905196653970e+01
-1.993643526411570832e+01
-1.997166669787887017e+01
-2.003303474417809937e+01
-2.008691590381199532e+01
-2.019722245840366881e+01
-2.003710719378297611e+01
-2.011438538641551332e+01
-2.016344581298314864e+01
-2.018928119204570848e+01
-2.009389635101176452e+01
-1.993507219893258409e+01
-1.998084981364677404e+01
-1.984833873698265094e+01
-1.983468286204698217e+01
-1.979716040609182315e+01
-1.983430395593309470e+01
-2.016817904410405760e+01
-2.011543276071785513e+01
-1.985196838730992042e+01
-2.005823237376486290e+01
-2.008590822513995988e+01
-1.990364634059774929e+01
-1.986063145749109893e+01
-1.991280447733011982e+01
-1.985831375766088058e+01
-1.964089798635317408e+01
-1.968443909173272743e+01
-1.951938520841154912e+01
-1.959347902074786418e+01
-1.977621669188906850e+01
-1.988825932192924739e+01
-2.003056986632740433e+01
-1.980456734174647693e+01
-1.977189284188384022e+01
-1.954145142665793600e+01
-1.959470234531307753e+01
-1.969138748516699877e+01
-1.948938497343542053e+01
-1.968859300526279910e+01
-1.976521530769784007e+01
-1.985711699562450505e+01
-1.980765256788899364e+01
-1.977250806556804008e+01
-1.954900695092607066e+01
-1.966386497482501738e+01
-1.964197569920542463e+01
-1.962394400876276634e+01
-1.936391454962119951e+01
-1.928404221129679641e+01
-1.923322097913546358e+01
-1.939716332636383100e+01
-1.925609560765605721e+01
-1.939254199474638440e+01
-1.950815638958285803e+01
-1.950878086376089726e+01
-1.971091261868684796e+01
-1.949638100607727509e+01
-1.959254524906677020e+01
-1.939745098277161262e+01
-1.938206620108154254e+01
-1.940986485325424837e+01
-1.923008519997581800e+01
-1.923058945154334154e+01
-1.927236407390901718e+01
-1.916801961066812154e+01
-1.919057263815840741e+01
-1.916432567573663093e+01
-1.938258640409453548e+01
-1.946371629157295757e+01
-1.954712928239390024e+01
-1.955940613058908539e+01
-1.954037027669335203e+01
-1.935646102088842824e+01
-1.931329069218996963e+01
-1.920569002715190265e+01
-1.950731239231147995e+01
-1.943411250501960197e+01
-1.933160670311392337e+01
-1.930262862146751601e+01
-1.927700499933159506e+01
-1.917703607696855883e+01
-1.900728049906621919e+01
-1.915673948906579227e+01
-1.899914901550275914e+01
-1.919596602094287618e+01
-1.923179462216779712e+01
-1.924633387821253905e+01
-1.918334696205416279e+01
-1.923615869616677543e+01
-1.916902080768644367e+01
-1.921845226128330708e+01
-1.918910354881668923e+01
-1.933826775642798523e+01
-1.908877689215267281e+01
-1.915588553121564885e+01
-1.905862924426677196e+01
-1.929988485387173824e+01
-1.924053397665579013e+01
-1.927802103415321966e+01
-1.920745001063307811e+01
-1.937334781807591000e+01
-1.918065497896608917e+01
-1.916689159203054516e+01
-1.908294662651102769e+01
-1.884443436506751368e+01
-1.894386644415534704e+01
-1.896657201414831917e+01
-1.880098103278436739e+01
-1.861109672295754081e+01
-1.874816265216300337e+01
-1.859689967373622110e+01
-1.870971216046523367e+01
-1.867100165650708377e+01
-1.891436945854638196e+01
-1.880460554370004900e+01
-1.867716326025374229e+01
-1.868518224873592004e+01
-1.857289560029026987e+01
-1.856734305978749688e+01
-1.849781038178853265e+01
-1.841275997151225141e+01
-1.844108264194205304e+01
-1.846413606566426324e+01
-1.852774557833535241e+01
-1.853763815606325949e+01
-1.850820486714881952e+01
-1.847591650314365452e+01
-1.869817299580874703e+01
-1.858645961890117704e+01
-1.871887295760247127e+01
-1.860860732665724981e+01
-1.870287257017322702e+01
-1.869245825929381866e+01
-1.876612744540095079e+01
-1.880016410055842613e+01
-1.862842531791683598e+01
-1.877084992359086968e+01
-1.863254252082664308e+01
-1.867141042459401135e+01
-1.865835697419235473e+01
-1.852067978603417941e+01
-1.859677677695453468e+01
-1.874656182945826544e+01
-1.859597438297027594e+01
-1.856306334300881034e+01
-1.854469508077730566e+01
-1.840966391299074090e+01
-1.841166614698713033e+01
-1.856152719700411780e+01
-1.850780130127646217e+01
-1.845956774890205310e+01
-1.848809711852643289e+01
-1.844212068669915894e+01
-1.834444562617732544e+01
-1.830254289064326656e+01
-1.832332470435066440e+01
-1.832136118585389895e+01
-1.824699417505154031e+01
-1.829294228538200784e+01
-1.821376281334262970e+01
-1.831544692397470087e+01
-1.831707287222595681e+01
-1.836798501615911050e+01
-1.840450780884209792e+01
-1.834697325839711723e+01
-1.831909602015926097e+01
-1.816549542491041791e+01
-1.828303850079032955e+01
-1.830429887870641537e+01
-1.822789281227197478e+01
-1.827530717439771735e+01
-1.840253710487225192e+01
-1.821879409060655419e+01
-1.819365284439453134e+01
-1.830063799194042318e+01
-1.824948843896546791e+01
-1.827868597345075585e+01
-1.818855765417533021e+01
-1.817302170739494471e+01
-1.820746644887790211e+01
-1.842098034621998082e+01
-1.828946974365716827e+01
-1.843473849173198786e+01
-1.854224266071701166e+01
-1.839470791732645694e+01
-1.847752568743569768e+01
-1.857135657129070694e+01
-1.848899668170026089e+01
-1.836087472105105434e+01
-1.828406809286037671e+01
-1.835961572165127365e+01
-1.832686806707745220e+01
-1.826506206800273446e+01
-1.810663918816535656e+01
-1.819216694409400148e+01
-1.817652584457161069e+01
-1.818197183725006028e+01
-1.820228154177972968e+01
-1.809001421321096359e+01
-1.806891723234909719e+01
-1.809331595658610681e+01
-1.805668181181624377e+01
-1.799328796899725802e+01
-1.813705463016705011e+01
-1.809760142134046390e+01
-1.821575669336547421e+01
-1.821202790920514047e+01
-1.812710224956406080e+01
-1.805990661916838391e+01
-1.810208621590668443e+01
-1.804058140467826377e+01
-1.809983795484440350e+01
-1.813366122326586094e+01
-1.822435089426119603e+01
-1.812795466323930782e+01
-1.807642232350830724e+01
-1.798285638703345057e+01
-1.796818624779536222e+01
-1.803455856002481283e+01
-1.807584375826415979e+01
-1.802031814417588862e+01
-1.797644393599730961e+01
-1.789811418994620595e+01
-1.794366127123402777e+01
-1.792468127903852704e+01
-1.789612068373125453e+01
-1.786207943889393945e+01
-1.792094864598408321e+01
-1.789697435488180233e+01
-1.796439599207439031e+01
-1.793026668758142605e+01
-1.805025328051116418e+01
-1.803049329638780662e+01
-1.807404341639195167e+01
-1.810791078338944615e+01
-1.811644526587496173e+01
-1.814450807931999776e+01
-1.805042696037246941e+01
-1.807378232243215166e+01
-1.805063394093582474e+01
-1.809150121380356779e+01
-1.813912389080667964e+01
-1.809483542127640021e+01
-1.814205902940955184e+01
-1.819938635188897891e+01
-1.822491100900238337e+01
-1.819983028870652575e+01
-1.817885033151069507e+01
-1.809600035959565290e+01
-1.818431323184154635e+01
-1.806012090175400076e+01
-1.808497511315466610e+01
-1.809264747997756473e+01
-1.806549009590235144e+01
-1.807488219228482151e+01
-1.796879629552507751e+01
-1.807022810325634055e+01
-1.822623210463960675e+01
-1.820871553375178920e+01
-1.816192351145105022e+01
-1.831988178342319529e+01
-1.833532869456117709e+01
-1.839617324564628120e+01
-1.839194624250194110e+01
-1.829647452436620370e+01
-1.824725707088987292e+01
-1.824794124870392764e+01
-1.821901235329690394e+01
-1.823868187226538140e+01
-1.820510415944895755e+01
-1.821933063814737608e+01
-1.810222120792798250e+01
-1.806647454498548200e+01
-1.810830983800412852e+01
-1.809828573471755675e+01
-1.814351370134685482e+01
-1.815385294536989136e+01
-1.817104368160349992e+01
-1.819656835709022857e+01
-1.811597023016834029e+01
-1.813974390342736243e+01
-1.817209546207116233e+01
-1.808781940222110407e+01
-1.821065592421328816e+01
-1.820145157666405566e+01
-1.824210177241767639e+01
-1.826275723308374310e+01
-1.830841627151950135e+01
-1.853899957665316123e+01
-1.842351547133976908e+01
-1.850900891683834004e+01
-1.854600937858162268e+01
-1.855176202750180892e+01
-1.842793259180358945e+01
-1.835441533918514168e+01
-1.827099270134902653e+01
-1.833977020548640269e+01
-1.840734670373241855e+01
-1.839070253497995111e+01
-1.843596787035616202e+01
-1.858137169036786318e+01
-1.851478454349859248e+01
-1.837077499916162893e+01
-1.835265173858234178e+01
-1.834382457096937813e+01
-1.848253290540854721e+01
-1.847529757955155461e+01
-1.843514625407660645e+01
-1.831905731757568390e+01
-1.825255963130276982e+01
-1.829619077473664035e+01
-1.824295156268120977e+01
-1.842371175177401454e+01
-1.849305037856922240e+01
-1.831558726572997386e+01
-1.844789155917402113e+01
-1.860660499079757102e+01
-1.853932182305372223e+01
-1.863919775268999146e+01
-1.870381300742414865e+01
-1.854548242045043693e+01
-1.853340132925559303e+01
-1.845362477975799109e+01
-1.849886069290591095e+01
-1.829795837560207872e+01
-1.847141326484784685e+01
-1.845507561841484190e+01
-1.824032461967080465e+01
-1.835489387348354029e+01
-1.840243102715839285e+01
-1.819286320966693893e+01
-1.808446482548706769e+01
-1.810526187741186632e+01
-1.827534479696412717e+01
-1.828644164204617439e+01
-1.826449582904196234e+01
-1.819986029006409467e+01
-1.808992033817646572e+01
-1.804552824803682398e+01
-1.806657671701796986e+01
-1.811912408000352315e+01
-1.798437823713235417e+01
-1.790536498225405282e+01
-1.799417037872503755e+01
-1.801893125780822302e+01
-1.817417728262611476e+01
-1.807456047725162307e+01
-1.817361495013954098e+01
-1.805422418361465020e+01
-1.813717422554658398e+01
-1.825657282986896846e+01
-1.827955451455176572e+01
-1.821308056267060493e+01
-1.822320225571960961e+01
-1.822428386300255809e+01
-1.821269767151526153e+01
-1.821709321391999126e+01
-1.823094363128871720e+01
-1.825432392097663836e+01
-1.832728071528658376e+01
-1.821860671730761183e+01
-1.802332124577867845e+01
-1.817161816518960293e+01
-1.825363167601827996e+01
-1.817975951056243389e+01
-1.826757021555025062e+01
-1.818434049827504140e+01
-1.809309326006982488e+01
-1.807643426404678166e+01
-1.800358179013424831e+01
-1.802499266300185354e+01
-1.794329608528763131e+01
-1.786758190640311739e+01
-1.802257239195487060e+01
-1.807550189745566982e+01
-1.796295452291811046e+01
-1.802017657420108421e+01
-1.793526400722999270e+01
-1.784230032182834691e+01
-1.793569401462719171e+01
-1.796239630645419894e+01
-1.781863461347853672e+01
-1.787373046209157224e+01
-1.791245804127985153e+01
-1.792325161052467308e+01
-1.791333920079551945e+01
-1.789378754612565103e+01
-1.787806589711974325e+01
-1.785626132445145231e+01
-1.782109928089016648e+01
-1.775244665723695547e+01
-1.775915822794716448e+01
-1.770578368740117270e+01
-1.769690087549215463e+01
-1.761918219256392604e+01
-1.761383721904725519e+01
-1.762787940993793967e+01
-1.766299081839516916e+01
-1.774516971768383655e+01
-1.776426291774658850e+01
-1.776837376375130262e+01
-1.763720466600052106e+01
-1.762550081671054514e+01
-1.766240117483979688e+01
-1.762053229494086182e+01
-1.763656369254769984e+01
-1.767575504177703749e+01
-1.765480365686915221e+01
-1.758003036040275546e+01
-1.761501273294273417e+01
-1.756705548741261325e+01
-1.774059713963863061e+01
-1.772281653624664699e+01
-1.771744996250318138e+01
-1.763757372308835158e+01
-1.761348053426625171e+01
-1.764248939740352640e+01
-1.759086339798597365e+01
-1.757912604064548390e+01
-1.751310868656329234e+01
-1.753970085572135673e+01
-1.759218117713557916e+01
-1.762343696890640388e+01
-1.760303306810236634e+01
-1.779610179026443362e+01
-1.771899948523284607e+01
-1.765331036259326680e+01
-1.770270152201718972e+01
-1.762636056227655956e+01
-1.776928299416138302e+01
-1.757382794401256021e+01
-1.760591674469974421e+01
-1.761405145165137398e+01
-1.762233438724767609e+01
-1.753386305441996740e+01
-1.765219731010629189e+01
-1.766411500710435334e+01
-1.764128279118952847e+01
-1.767640985873881476e+01
-1.761894094247923093e+01
-1.776755819933108782e+01
-1.760514504241735523e+01
-1.773062534742620144e+01
-1.768880871645206909e+01
-1.767182778017360079e+01
-1.762732103331506295e+01
-1.759413397640350141e+01
-1.771384413829038706e+01
-1.771271282347516873e+01
-1.775293288943626990e+01
-1.777472738215569592e+01
-1.771257807663837625e+01
-1.774844349450034287e+01
-1.769677965514137696e+01
-1.765132929072251144e+01
-1.776154864891563534e+01
-1.776531887098341755e+01
-1.782132109122566632e+01
-1.779346824352185408e+01
-1.784499024033829073e+01
-1.783499766148307231e+01
-1.775826306981668878e+01
-1.771961367804238208e+01
-1.759118191626275163e+01
-1.778507202822461153e+01
-1.774071836322786666e+01
-1.769430952046692695e+01
-1.773696519461864440e+01
-1.764140014691801994e+01
-1.756899307435476132e+01
-1.753495282656832899e+01
-1.756105453057708843e+01
-1.750136897031190486e+01
-1.753407907919099529e+01
-1.752223354427802349e+01
-1.755123756795459400e+01
-1.754307798929349005e+01
-1.754210914379870090e+01
-1.768778564146177956e+01
-1.759830151263057374e+01
-1.756715246189791912e+01
-1.772357645401180193e+01
-1.767281599245998791e+01
-1.781301885375472338e+01
-1.778069310413919979e+01
-1.776094490731949094e+01
-1.775267867772373620e+01
-1.765701067202497399e+01
-1.765118386650961213e+01
-1.761935443590633454e+01
-1.758312125851906771e+01
-1.760520590259502782e+01
-1.759837826175426656e+01
-1.764387058455843516e+01
-1.761345268417907306e+01
-1.768600647519913238e+01
-1.766290590681804318e+01
-1.764081791574385960e+01
-1.763818842414827870e+01
-1.766743441733819253e+01
-1.769239561797390436e+01
-1.766591771051877302e+01
-1.778676933842116625e+01
-1.775009291637737263e+01
-1.781575842252714637e+01
-1.774346305074451280e+01
-1.776709424447117414e+01
-1.765621665037906141e+01
-1.767822485542476585e+01
-1.753061642147121546e+01
-1.761539552170306777e+01
-1.758931188949493318e+01
-1.765153094299223113e+01
-1.758445988443088481e+01
-1.763541630079329536e+01
-1.763934381339875301e+01
-1.754296520811243809e+01
-1.758150198202495673e+01
-1.753273636842301642e+01
-1.752191255076270338e+01
-1.757332113901716752e+01
-1.763219168783711055e+01
-1.765358071234260962e+01
-1.757417490478906785e+01
-1.758952824080950350e+01
-1.758976491183614499e+01
-1.755509359433246175e+01
-1.750351640302736911e+01
-1.744534775732402565e+01
-1.742022589777252151e+01
-1.746392622689936758e+01
-1.752411499482839830e+01
-1.751931542211227821e+01
-1.753052252979021119e+01
-1.744706394901982094e+01
-1.742146065854540282e+01
-1.752617100405872463e+01
-1.756305773428019990e+01
-1.763370687727526231e+01
-1.764844153701218232e+01
-1.760351923493412940e+01
-1.758549149587751259e+01
-1.755570819389411241e+01
-1.745003867122564145e+01
-1.749798309467815827e+01
-1.749708559386572659e+01
-1.752725735097069659e+01
-1.747809882599081632e+01
-1.746322763345632723e+01
-1.752469648959068493e+01
-1.755925076967441356e+01
-1.746202282890562785e+01
-1.754358150825182250e+01
-1.759302339223379974e+01
-1.760825919273472095e+01
-1.767277998639618630e+01
-1.757099088106254570e+01
-1.760971709695571974e+01
-1.758940783836892408e+01
-1.752129973568649035e+01
-1.759624818518867428e+01
-1.755858351746710611e+01
-1.748559752634860232e+01
-1.761148844715772910e+01
-1.748606479537096092e+01
-1.746022125429418992e+01
-1.764613907784863756e+01
-1.754711528249226049e+01
-1.758462320208206009e+01
-1.765423244268500724e+01
-1.760485484221502972e+01
-1.757884388582186475e+01
-1.771106294912827650e+01
-1.774647060499913209e+01
-1.767351651405099489e+01
-1.750201639573330326e+01
-1.754618643795386390e+01
-1.753711012127164182e+01
-1.760123514353798768e+01
-1.759021799660417784e+01
-1.752193209044265743e+01
-1.750314004536862456e+01
-1.758550489205593692e+01
-1.755029495726398281e+01
-1.754404417437161712e+01
-1.761038131307535792e+01
-1.764401290747191808e+01
-1.761429135417277791e+01
-1.771045634968449534e+01
-1.772222041086822841e+01
-1.778882516372434353e+01
-1.773716788972003400e+01
-1.777053216251127310e+01
-1.777976017987648305e+01
-1.767248040194485270e+01
-1.772455176038133118e+01
-1.760236167339901314e+01
-1.761054629840090868e+01
-1.767515895780625712e+01
-1.768912779320578466e+01
-1.772691841077342190e+01
-1.772072189438444667e+01
-1.778197234452959918e+01
-1.778927947113028551e+01
-1.777141711715237093e+01
-1.764452893780774545e+01
-1.770795402935873852e+01
-1.762670616815097446e+01
-1.772426080978983265e+01
-1.777718024818229026e+01
-1.765027990604816566e+01
-1.755301026198648628e+01
-1.764644560773869841e+01
-1.776777603079123580e+01
-1.775112229041966927e+01
-1.765333216898373081e+01
-1.769966251971881732e+01
-1.783390644477029952e+01
-1.772256535428429558e+01
-1.778153096151299550e+01
-1.768651089500972873e+01
-1.767519751307108677e+01
-1.763599558938890866e+01
-1.764166514070750580e+01
-1.764098174449678780e+01
-1.765946685119562076e+01
-1.757866618323622987e+01
-1.757792176072653589e+01
-1.759296241614022449e+01
-1.746280639658792211e+01
-1.752608487803231085e+01
-1.753809384755257739e+01
-1.756294692425578674e+01
-1.763733809820244858e+01
-1.765894994047994615e+01
-1.764203237551384262e+01
-1.760837731250141047e+01
-1.770737849517803753e+01
-1.779549411550490134e+01
-1.794416887510232783e+01
-1.780372619099355092e+01
-1.779208913094724664e+01
-1.789241502429133135e+01
-1.782718339486581982e+01
-1.791602431135097717e+01
-1.799856972669412514e+01
-1.795546124665567689e+01
-1.781311084754990048e+01
-1.774664282533134241e+01
-1.774300744441918454e+01
-1.787288955542265612e+01
-1.764512296391032464e+01
-1.780232874775650131e+01
-1.772742332179238645e+01
-1.762898522720493943e+01
-1.767682236058792711e+01
-1.782445955025172069e+01
-1.772347036832327660e+01
-1.768617591452312610e+01
-1.751999887970265135e+01
-1.761590762599622906e+01
-1.757443380288736989e+01
-1.752464446870591530e+01
-1.752011458405171140e+01
-1.739096445137807478e+01
-1.735860549672860742e+01
-1.739548123382384048e+01
-1.743980735018703143e+01
-1.749851862340180730e+01
-1.758146545607811362e+01
-1.761824473039536443e+01
-1.776720526146286971e+01
-1.771793603992946942e+01
-1.770198334229027992e+01
-1.766673686945780020e+01
-1.762802026434211200e+01
-1.766539198686749756e+01
-1.754832930260203483e+01
-1.742818813027112768e+01
-1.744838429716874373e+01
-1.757401559873049735e+01
-1.742023771492507223e+01
-1.755252892735188652e+01
-1.740697822070567824e+01
-1.729071684079460169e+01
-1.730186150537318923e+01
-1.735252391458955401e+01
-1.726032635803494486e+01
-1.730298217298026486e+01
-1.721738062202491193e+01
-1.737071196193923228e+01
-1.738240290453510184e+01
-1.738248604186522428e+01
-1.723125934815559646e+01
-1.728685966234364457e+01
-1.731951215853822035e+01
-1.739485000465735709e+01
-1.732598418831956621e+01
-1.731776835415207927e+01
-1.732837636408570958e+01
-1.722059881810346482e+01
-1.728203420566152460e+01
-1.717706134124632555e+01
-1.718677791148763490e+01
-1.718888388745925511e+01
-1.714106506186251977e+01
-1.704272360354531557e+01
-1.709370621096550380e+01
-1.707092532183391853e+01
-1.710705624611540188e+01
-1.711312081037248589e+01
-1.716002393191069331e+01
-1.721907404397569508e+01
-1.720782983128445665e+01
-1.720854094927903333e+01
-1.722942987463664011e+01
-1.721794261422184036e+01
-1.729699671589703414e+01
-1.716988152060234896e+01
-1.725662847569423164e+01
-1.715081809212039943e+01
-1.727699484692887566e+01
-1.730753209346019617e+01
-1.729923663165343584e+01
-1.738219132149218993e+01
-1.740741790513616394e+01
-1.731643727744249972e+01
-1.738127423170513097e+01
-1.738230462551046074e+01
-1.740895475484149202e+01
-1.733617225244737625e+01
-1.743697378704434087e+01
-1.741769411352886365e+01
-1.735938848418404135e+01
-1.746258862036109250e+01
-1.743758242364797795e+01
-1.736152371154656038e+01
-1.746547792942212496e+01
-1.746854803398874267e+01
-1.731774223877508945e+01
-1.726461089213611189e+01
-1.714947009869844763e+01
-1.730974384489293882e+01
-1.731795775042020225e+01
-1.726869120250456291e+01
-1.729244497951535209e+01
-1.727734083457333725e+01
-1.723003603564258057e+01
-1.728628168113257857e+01
-1.725495706553120101e+01
-1.726019332340330692e+01
-1.725985871535923266e+01
-1.719498997489463932e+01
-1.720733731288390800e+01
-1.722984819827586023e+01
-1.722207131661789958e+01
-1.737585190779851629e+01
-1.753072297689736203e+01
-1.766212408608076956e+01
-1.762046906973652582e+01
-1.745941040784339648e+01
-1.743228639390952139e+01
-1.732812080831944712e+01
-1.746389127734440905e+01
-1.744047725103506963e+01
-1.746046783769903143e+01
-1.734534978162617591e+01
-1.722512943732133905e+01
-1.721872081305971136e+01
-1.732725463172648617e+01
-1.726597706078868555e+01
-1.728167706951191107e+01
-1.724554429195518424e+01
-1.728050484341714466e+01
-1.731866292492993509e+01
-1.730023292718409778e+01
-1.729741538787746791e+01
-1.741877857104363159e+01
-1.761904762969156479e+01
-1.759714837267414467e+01
-1.751862509234476661e+01
-1.750992616467660667e+01
-1.758222197675515019e+01
-1.754144305206286347e+01
-1.775568645952841251e+01
-1.773911781907265706e+01
-1.769706605293907486e+01
-1.766457881354241621e+01
-1.765515839400773146e+01
-1.751712731014683300e+01
-1.764440178155344796e+01
-1.767040865062391930e+01
-1.777377055270900641e+01
-1.770781107977040136e+01
-1.785281682636774647e+01
-1.768403181090226539e+01
-1.773925546337256165e+01
-1.776325851312600079e+01
-1.767321869529395428e+01
-1.773509048553502154e+01
-1.764093144938096458e+01
-1.764842449738549135e+01
-1.759261248458106408e+01
-1.759817949761940170e+01
-1.762725186105049957e+01
-1.747297180695674612e+01
-1.752609109165613788e+01
-1.762077731627335453e+01
-1.753876466809761681e+01
-1.761896834507061982e+01
-1.761584832357791086e+01
-1.763454881258318707e+01
-1.758311576731523473e+01
-1.763845217560758982e+01
-1.752785364699219173e+01
-1.751604789424901298e+01
-1.753872330095110854e+01
-1.758989968649594360e+01
-1.765166036813155515e+01
-1.771137045434497281e+01
-1.759021478050074450e+01
-1.766992923341076605e+01
-1.759481965799641756e+01
-1.758170994591235825e+01
-1.760629930660789455e+01
-1.770577212602847794e+01
-1.755963362947808548e+01
-1.768587062443522484e+01
-1.755229655860367188e+01
-1.740044199332091068e+01
-1.735956164322005435e+01
-1.743423058936912540e+01
-1.730770886998715241e+01
-1.722878650479312057e+01
-1.718292786620554580e+01
-1.708012032914530565e+01
-1.708041862006119516e+01
-1.712803370548912341e+01
-1.711244314407112199e+01
-1.713302073838413975e+01
-1.715695802819918114e+01
-1.723948847993935019e+01
-1.725753262234736241e+01
-1.724709367406821769e+01
-1.723564891549310829e+01
-1.721710357045191486e+01
-1.720605272229538585e+01
-1.716182241450764678e+01
-1.713667321857930048e+01
-1.725808815265443741e+01
-1.730173593870305382e+01
-1.731592239758330010e+01
-1.725745195613303551e+01
-1.715515563294365720e+01
-1.715560323120732633e+01
-1.716657525086937142e+01
-1.709694205120008093e+01
-1.715437114716884892e+01
-1.710334752667418456e+01
-1.708468691216001645e+01
-1.718476129438047906e+01
-1.728563239079187142e+01
-1.711960589755977225e+01
-1.712969787964231827e+01
-1.699380525082480631e+01
-1.705921653622386458e+01
-1.703635979958770719e+01
-1.702258863103461195e+01
-1.697918969767625441e+01
-1.705022614660454749e+01
-1.713330039475912514e+01
-1.738281342589984746e+01
-1.738631555707764420e+01
-1.737362001957652069e+01
-1.717036993320843408e+01
-1.716138243305217870e+01
-1.719963524366391638e+01
-1.716726992565030230e+01
-1.718905816379588813e+01
-1.702327623075677820e+01
-1.704695647902208222e+01
-1.707890599340482751e+01
-1.705785700919739512e+01
-1.712329101559226885e+01
-1.710256386478489432e+01
-1.702767158294707883e+01
-1.709290527562247419e+01
-1.707785353415479079e+01
-1.703706712704119397e+01
-1.692801468765750172e+01
-1.694455923438797740e+01
-1.693004659443210613e+01
-1.691344821392225484e+01
-1.689478566290775774e+01
-1.684763418670662105e+01
-1.681830941092325915e+01
-1.685451588804383150e+01
-1.693042530930297929e+01
-1.684026204612467126e+01
-1.684168027974657988e+01
-1.683371515975947830e+01
-1.691625185531240305e+01
-1.692960250200621886e+01
-1.688593902143857051e+01
-1.683969801441700298e+01
-1.686550904038719878e+01
-1.682354202175609359e+01
-1.684460432212773995e+01
-1.677971657912935299e+01
-1.676503027070931040e+01
-1.677634066641044797e+01
-1.685350384632929632e+01
-1.693700866702549135e+01
-1.681887301980720650e+01
-1.675766891891177934e+01
-1.678796646311250029e+01
-1.678094660085120893e+01
-1.681214632871801840e+01
-1.678244879216464724e+01
-1.675479428367007628e+01
-1.674058604764971037e+01
-1.672426301934785542e+01
-1.677806297819990178e+01
-1.685172843055420344e+01
-1.682254770855069737e+01
-1.683893213305935177e+01
-1.691518212479166650e+01
-1.686887903368809205e+01
-1.685649392122880386e+01
-1.696395470317685295e+01
-1.691068812299678115e+01
-1.687802735277281485e+01
-1.695728941773165843e+01
-1.699951294138313074e+01
-1.706381500056139799e+01
-1.709383076281253722e+01
-1.706748472578367526e+01
-1.703732052690709509e+01
-1.706185475996001699e+01
-1.709975187668686658e+01
-1.705318401097008874e+01
