# 2*np.log[MAD(r)] for 100 flights; 1000 steps per flight; run 3 of 50; mu: 3.50; seed: 2
-2.568085781644440857e+01
-2.326423843550915649e+01
-2.306288511960671173e+01
-2.287525692077912609e+01
-2.238743511852138823e+01
-2.254519019538616931e+01
-2.217199423574480477e+01
-2.218662017941443310e+01
-2.234312607300074660e+01
-2.219905853076954116e+01
-2.164263168925877423e+01
-2.170318463729711311e+01
-2.164902164284024977e+01
-2.165944352360360980e+01
-2.140836741391217046e+01
-2.174747226631835062e+01
-2.151275498247117568e+01
-2.115954690547986772e+01
-2.112832344111870597e+01
-2.090140700598518109e+01
-2.106686126842523521e+01
-2.105176776819913087e+01
-2.092737147550213450e+01
-2.080421265422911503e+01
-2.084064649779514156e+01
-2.068876892369504716e+01
-2.082810232417519813e+01
-2.058781634138340877e+01
-2.063515955686098380e+01
-2.066466356618293787e+01
-2.045102326756674671e+01
-2.039799178166171600e+01
-2.050532055119609964e+01
-2.034419227748495373e+01
-2.037023035831639461e+01
-2.010185798553947478e+01
-2.020318528168690975e+01
-2.001094031125344230e+01
-2.003169116135468997e+01
-1.989645650972443036e+01
-1.993995198701550109e+01
-1.998680516846413369e+01
-2.011090475067079808e+01
-2.000440110670838578e+01
-2.017694103476195622e+01
-1.990956678400964819e+01
-1.973359405673346956e+01
-1.979430205856047564e+01
-1.988972296715989430e+01
-1.983473309501245652e+01
-1.971408289937667746e+01
-1.972950841087386564e+01
-1.969384653254947892e+01
-1.982137411118173986e+01
-1.979844632067470300e+01
-1.979850445045338958e+01
-1.985480594892577955e+01
-1.960611768954995426e+01
-1.967001547396337813e+01
-1.959874699170354972e+01
-1.946358687615364857e+01
-1.947087210384434641e+01
-1.981753732447573668e+01
-1.970514822945581201e+01
-1.969848199046954562e+01
-1.960879935338831004e+01
-1.965010766351717564e+01
-1.972861009654234365e+01
-1.985889510331907815e+01
-1.968239886871043609e+01
-1.956690307668409190e+01
-1.957852962388608731e+01
-1.954808259305206519e+01
-1.962066044872207726e+01
-1.941501237161295634e+01
-1.934904825325757116e+01
-1.935934608568320314e+01
-1.922337524456948543e+01
-1.903427761592153189e+01
-1.912743329440799656e+01
-1.914160074879762163e+01
-1.917881815255080369e+01
-1.921387092686569176e+01
-1.934965577145054638e+01
-1.948380837019997713e+01
-1.938541306003565268e+01
-1.936910520785484380e+01
-1.937545738115759519e+01
-1.934743783223417779e+01
-1.914308779647224057e+01
-1.930475486601294222e+01
-1.920655907888176728e+01
-1.915349378530259372e+01
-1.922796571894200213e+01
-1.916537051920043311e+01
-1.916304372763837449e+01
-1.922527751337630875e+01
-1.918395419564566851e+01
-1.932509600977641639e+01
-1.933754291374291512e+01
-1.926202353947728341e+01
-1.934441095078665995e+01
-1.926439207235467066e+01
-1.922703031760910619e+01
-1.935708859793342640e+01
-1.938660479165940487e+01
-1.951281074491785716e+01
-1.945550123710515322e+01
-1.950254582192643582e+01
-1.938838672273355712e+01
-1.938010142730983887e+01
-1.935879070315602135e+01
-1.917712661931488327e+01
-1.930389862335811912e+01
-1.933091610664548554e+01
-1.943431252024639733e+01
-1.939583260914822560e+01
-1.932014473750587058e+01
-1.938300939641981557e+01
-1.929560520909935661e+01
-1.935535341026426082e+01
-1.914999875459880130e+01
-1.913129879840914782e+01
-1.907234499540058437e+01
-1.904682603622791248e+01
-1.903066348740934188e+01
-1.898497490294557366e+01
-1.924907941448690707e+01
-1.926068093995497676e+01
-1.917889836742992316e+01
-1.919191848894412544e+01
-1.917037407182727904e+01
-1.906722334753343517e+01
-1.896091358820403627e+01
-1.910021243200045404e+01
-1.900531807522871119e+01
-1.895702977983733817e+01
-1.902328721689771029e+01
-1.887796269967547502e+01
-1.878313864528594834e+01
-1.895376317525317944e+01
-1.901568294042543883e+01
-1.900274620543583382e+01
-1.904243962069326201e+01
-1.897502449815696579e+01
-1.890098328896635138e+01
-1.898659789559811273e+01
-1.888305696869072392e+01
-1.887993667642805207e+01
-1.891075265090253055e+01
-1.893936244648612188e+01
-1.882824357451788799e+01
-1.886256429728324946e+01
-1.869223321587926989e+01
-1.878077690885616136e+01
-1.887737841242445569e+01
-1.877203320572854395e+01
-1.877833948688499532e+01
-1.865750167601067133e+01
-1.869314268263466872e+01
-1.857830227118299149e+01
-1.861281334196527837e+01
-1.878224393759522215e+01
-1.868466050080186847e+01
-1.874163073146399228e+01
-1.867450908793305686e+01
-1.869988198907556054e+01
-1.871111186750878375e+01
-1.865438131986897474e+01
-1.869744282756897036e+01
-1.837751834613273161e+01
-1.844705029634913984e+01
-1.858214207773048443e+01
-1.853091086778416496e+01
-1.849891656888270575e+01
-1.853427668116899341e+01
-1.847733534381870868e+01
-1.843834184795378661e+01
-1.849576207170049003e+01
-1.860423235538580755e+01
-1.871495791366845296e+01
-1.866037946293003458e+01
-1.867785855742041079e+01
-1.876610557211237307e+01
-1.853047431137490264e+01
-1.854400904192213417e+01
-1.854647261712306872e+01
-1.859965158450610545e+01
-1.866558105303547066e+01
-1.861902319174368614e+01
-1.869791081638491903e+01
-1.854221811066539161e+01
-1.845240503490336792e+01
-1.868622111008457409e+01
-1.870766487007248102e+01
-1.864192511274988107e+01
-1.861879363304264245e+01
-1.860242909370474607e+01
-1.854836007448265889e+01
-1.858728243431697891e+01
-1.856117472532849177e+01
-1.870048934658366946e+01
-1.857436935072801631e+01
-1.860211697601111780e+01
-1.842489815977986112e+01
-1.836379435647424074e+01
-1.856994875670339340e+01
-1.844372411954736535e+01
-1.833776831538765251e+01
-1.847433669473970852e+01
-1.850651254651704747e+01
-1.860070477985879478e+01
-1.861485135401410673e+01
-1.850341175487900358e+01
-1.860326490924746423e+01
-1.855325537712653627e+01
-1.860293475712136413e+01
-1.882294012362932989e+01
-1.860214548360235653e+01
-1.873205898625812083e+01
-1.875875235586263301e+01
-1.851051097276850044e+01
-1.852492178404096279e+01
-1.853921748446440532e+01
-1.847874020043889232e+01
-1.858009653814869466e+01
-1.847366131954510138e+01
-1.855435888073283124e+01
-1.840269362562439426e+01
-1.853401421506547919e+01
-1.841062537673263222e+01
-1.837187773778981281e+01
-1.851634478333638612e+01
-1.840392441899282616e+01
-1.846128749696507043e+01
-1.840969001288372908e+01
-1.840119821564899638e+01
-1.840062685893119721e+01
-1.860275096967368214e+01
-1.848625499872622768e+01
-1.856064224614977576e+01
-1.858956230711330804e+01
-1.853153975499722605e+01
-1.838750259456559277e+01
-1.855436229286127059e+01
-1.856736029094533080e+01
-1.858222209595277263e+01
-1.845965134821790699e+01
-1.845163467871431706e+01
-1.855310621849201524e+01
-1.850914584370495319e+01
-1.849373093591760053e+01
-1.850328400977263499e+01
-1.838996406120668681e+01
-1.828988640871160598e+01
-1.832195733689633954e+01
-1.838086709253428097e+01
-1.849786542164011394e+01
-1.839660947599971408e+01
-1.852326330437155377e+01
-1.842582555359103225e+01
-1.828008995657690150e+01
-1.842030859530995457e+01
-1.837965300941395697e+01
-1.828704537253005924e+01
-1.826089889488278928e+01
-1.823806142374099437e+01
-1.830774426112830255e+01
-1.819824556969928508e+01
-1.823184562906743977e+01
-1.827589616387291471e+01
-1.827635625216117177e+01
-1.830982830829647057e+01
-1.829206450590845279e+01
-1.827523396185940996e+01
-1.812743457401412783e+01
-1.803828466440258538e+01
-1.813664159983407131e+01
-1.810186304908643606e+01
-1.806515785340520708e+01
-1.819265138253491543e+01
-1.824126221926693603e+01
-1.809539070232714764e+01
-1.800698472269576911e+01
-1.801821281579676537e+01
-1.796293853364292659e+01
-1.811858191686770780e+01
-1.813476535465482442e+01
-1.791366753055770999e+01
-1.801940657742910545e+01
-1.794518762687983582e+01
-1.815569957562483694e+01
-1.812723244689594182e+01
-1.827241984292355426e+01
-1.821360988814330284e+01
-1.821892337797437378e+01
-1.820603496473252036e+01
-1.812768881877402904e+01
-1.820622262592114993e+01
-1.821500758723577107e+01
-1.804916571616932330e+01
-1.818584005904066458e+01
-1.830792083625978606e+01
-1.822483590485629179e+01
-1.807445699629636593e+01
-1.827965572264092131e+01
-1.815487474379191823e+01
-1.824211915773721415e+01
-1.816867155199022932e+01
-1.819334844594778033e+01
-1.835821278190750050e+01
-1.830254089272275309e+01
-1.830372595463876451e+01
-1.849875211092350114e+01
-1.828438014067161888e+01
-1.828304910736450140e+01
-1.808749967741599463e+01
-1.808561128165710485e+01
-1.804021726401475334e+01
-1.805221399864153398e+01
-1.814745084523992702e+01
-1.818765382541283415e+01
-1.796120934530166480e+01
-1.797786163205312349e+01
-1.785267235855064882e+01
-1.795447868428670191e+01
-1.797865014710744802e+01
-1.795986649380551370e+01
-1.797075491946059245e+01
-1.790437110135072274e+01
-1.796943814133701878e+01
-1.794767500510683789e+01
-1.795722552830131846e+01
-1.788000074195260680e+01
-1.794890565551810013e+01
-1.798889483227257102e+01
-1.795156684773920830e+01
-1.794882866159372981e+01
-1.798832408445848330e+01
-1.801574494058032627e+01
-1.801357628257278520e+01
-1.809419506065152561e+01
-1.802327824398694389e+01
-1.800797732953939700e+01
-1.807385809277099042e+01
-1.805861204796479669e+01
-1.790323035970525112e+01
-1.784598573748428052e+01
-1.772037200918105526e+01
-1.773690772859766795e+01
-1.777762122216874374e+01
-1.793638843638358438e+01
-1.792409525427994765e+01
-1.816279347409758671e+01
-1.802820315084086289e+01
-1.815468143569851378e+01
-1.806764352692029973e+01
-1.798010050738030330e+01
-1.795696107603727398e+01
-1.807949813562602159e+01
-1.804181693415718257e+01
-1.794728370546568286e+01
-1.800148658500485510e+01
-1.789748314258501694e+01
-1.784141506714684766e+01
-1.791597198468277341e+01
-1.774014089910460967e+01
-1.786181616827796503e+01
-1.772795218188729294e+01
-1.781013929045122879e+01
-1.778063625406029402e+01
-1.773150959838990914e+01
-1.775916721947231025e+01
-1.772231842016167036e+01
-1.769555801162198705e+01
-1.782841999448912063e+01
-1.786517922981776607e+01
-1.781101273739187363e+01
-1.780494597571970772e+01
-1.780528731095209949e+01
-1.796176015479439769e+01
-1.799142808265540339e+01
-1.785724352267708070e+01
-1.773435616922743563e+01
-1.786087970315990603e+01
-1.789568996848894500e+01
-1.780421173724875317e+01
-1.779239340306054018e+01
-1.785592502129275871e+01
-1.787676346535144134e+01
-1.781042366448469494e+01
-1.776335034658628231e+01
-1.763941345952720852e+01
-1.757699616728407577e+01
-1.771967848124182154e+01
-1.766728921775673911e+01
-1.760449573864447359e+01
-1.771624084281717515e+01
-1.772976067869016958e+01
-1.772069459837842942e+01
-1.775116653771023678e+01
-1.760342777193637787e+01
-1.767099870055176325e+01
-1.767737629446139636e+01
-1.764580706493443429e+01
-1.770487311219677906e+01
-1.779668582881144090e+01
-1.773898926666850073e+01
-1.765719702422593684e+01
-1.769233660008759301e+01
-1.769752441548668997e+01
-1.764402992494651201e+01
-1.770917154518313197e+01
-1.772788639180515347e+01
-1.784242526918236393e+01
-1.786004516359583860e+01
-1.786925680753087420e+01
-1.771965359848400823e+01
-1.780682694281121314e+01
-1.764128888273631901e+01
-1.763681890616981818e+01
-1.770078789342255021e+01
-1.772121124587558327e+01
-1.778285125907507336e+01
-1.780134449826475418e+01
-1.775332323749368868e+01
-1.767091016627280808e+01
-1.761782822184626696e+01
-1.765271131676047744e+01
-1.772823182951118426e+01
-1.767434873286444130e+01
-1.757158243104836615e+01
-1.779723461289421493e+01
-1.784547330039807633e+01
-1.779312514155266456e+01
-1.779665062983916712e+01
-1.767605698268353009e+01
-1.760265694753786647e+01
-1.754801383394130809e+01
-1.755990426682534178e+01
-1.750824924556276230e+01
-1.761525804463278533e+01
-1.747866899853163503e+01
-1.761711891706254107e+01
-1.751998206323487750e+01
-1.750003697360574506e+01
-1.737722496139082295e+01
-1.740807986454386835e+01
-1.745114064286024558e+01
-1.741439531217066516e+01
-1.749528093029937281e+01
-1.744064636006739732e+01
-1.747363442522024357e+01
-1.755799576637368631e+01
-1.762803640552662543e+01
-1.753614596108057100e+01
-1.745145650055730613e+01
-1.748851840119242240e+01
-1.748368090200850489e+01
-1.763673988653589220e+01
-1.768042531551716934e+01
-1.752109240152271852e+01
-1.760652085892770913e+01
-1.756517251127690571e+01
-1.747517768105362990e+01
-1.756132015214094722e+01
-1.741743567657883318e+01
-1.738976153922476442e+01
-1.744756963949529549e+01
-1.744690467180653215e+01
-1.744499919362755591e+01
-1.753014984749743377e+01
-1.757485117831404509e+01
-1.763432452593892563e+01
-1.762732111984095340e+01
-1.754110223770084076e+01
-1.753538287610564339e+01
-1.765142497364347562e+01
-1.757456961334903767e+01
-1.760759327799819474e+01
-1.763800604100677560e+01
-1.761951136519342853e+01
-1.761936051146142290e+01
-1.766897225913382741e+01
-1.763573036180062559e+01
-1.755512161357529877e+01
-1.776900718394549372e+01
-1.772277880990528942e+01
-1.781439377540156954e+01
-1.772277781044021339e+01
-1.775355099355264343e+01
-1.770261267550584350e+01
-1.766265132600296894e+01
-1.779169381781609971e+01
-1.769404391322992609e+01
-1.762490440823248505e+01
-1.749257996870585075e+01
-1.750606867610333239e+01
-1.759440257746753744e+01
-1.763907383662116146e+01
-1.767265840657585230e+01
-1.759746492713372490e+01
-1.762735432020157944e+01
-1.753908581925353971e+01
-1.756818606059259835e+01
-1.773836017411301569e+01
-1.763420540021062166e+01
-1.759009688381958725e+01
-1.768478955011276810e+01
-1.773163398146913039e+01
-1.764529590297888362e+01
-1.766913980837653853e+01
-1.748980671475511883e+01
-1.743540135985412221e+01
-1.740904541038473141e+01
-1.751976021574683529e+01
-1.753151586382832150e+01
-1.747983848097035775e+01
-1.750958239732389288e+01
-1.745280037611999902e+01
-1.752122041420233955e+01
-1.759705106659950857e+01
-1.774926090260515110e+01
-1.768615371244516510e+01
-1.766025629335072011e+01
-1.757131594440138755e+01
-1.758871092975789807e+01
-1.753366890110561016e+01
-1.748823591113590936e+01
-1.751292957482184320e+01
-1.760405369267346742e+01
-1.750108980970493988e+01
-1.753808855270678180e+01
-1.742871534873798822e+01
-1.744768867365662146e+01
-1.745450646592013300e+01
-1.744146270570237789e+01
-1.747836175451104523e+01
-1.743852560240367566e+01
-1.751430904313668435e+01
-1.767385608771829553e+01
-1.754865780609891601e+01
-1.748581924888328842e+01
-1.749204791811254367e+01
-1.751508785386248235e+01
-1.758754186275454146e+01
-1.758007476042025630e+01
-1.752534806885528695e+01
-1.757046767803692333e+01
-1.769771901256813251e+01
-1.763253397627682517e+01
-1.768664902256497484e+01
-1.766962302893469783e+01
-1.758266656665495020e+01
-1.758269643364545232e+01
-1.765802383994446600e+01
-1.762942113614466422e+01
-1.763795514214953641e+01
-1.787294524570382848e+01
-1.787508057561601404e+01
-1.789796304470834798e+01
-1.773568263901142927e+01
-1.769667895309937933e+01
-1.774858078786952120e+01
-1.788482927751450546e+01
-1.776126553536801822e+01
-1.776163574765378783e+01
-1.776239648611765176e+01
-1.778325452185955058e+01
-1.781260226897678223e+01
-1.783666363898808882e+01
-1.762440875462804968e+01
-1.774282955405362117e+01
-1.768314234593368539e+01
-1.768706346227080672e+01
-1.785323057884642495e+01
-1.781721511973508143e+01
-1.763908040700268387e+01
-1.765737378321629336e+01
-1.750549200544348594e+01
-1.761535655227889308e+01
-1.763115167326509081e+01
-1.767317121763268162e+01
-1.768988450873705531e+01
-1.770002801679730098e+01
-1.785674390475340800e+01
-1.780957978091083405e+01
-1.759338940890545189e+01
-1.759454902774094975e+01
-1.760881007445460966e+01
-1.757787183302861322e+01
-1.762908815018406372e+01
-1.762848352752743253e+01
-1.769528843549972308e+01
-1.765694933719290916e+01
-1.774591675779218036e+01
-1.780050897013598288e+01
-1.774838544221419312e+01
-1.780698744164173775e+01
-1.777625012489430389e+01
-1.766455793872927771e+01
-1.777046601112530766e+01
-1.772867046512130784e+01
-1.768343568979225111e+01
-1.762663486434942683e+01
-1.768245296668837696e+01
-1.782367507171212395e+01
-1.780759905587135705e+01
-1.777546243340091436e+01
-1.772317339766391697e+01
-1.768863437715161524e+01
-1.781375436375567745e+01
-1.761927184513590205e+01
-1.755467704091636705e+01
-1.757956577237693452e+01
-1.767763944606340232e+01
-1.764144881178975766e+01
-1.765922542306669030e+01
-1.757063614777058902e+01
-1.758306858245137505e+01
-1.749795188847643601e+01
-1.754241815468871124e+01
-1.750946676104189947e+01
-1.762093141256292839e+01
-1.766477235552111580e+01
-1.767212681079492853e+01
-1.765349579072285380e+01
-1.765661119934939194e+01
-1.778164110647849228e+01
-1.775037997868217943e+01
-1.774419373836491332e+01
-1.767974806451201886e+01
-1.765731063345720031e+01
-1.760954317577978756e+01
-1.758044955475149251e+01
-1.758221870881942905e+01
-1.742979825522554194e+01
-1.749825244597666440e+01
-1.755296633269935214e+01
-1.756374255317610888e+01
-1.757736996760536741e+01
-1.757259213183153435e+01
-1.760957271699496829e+01
-1.763233873647389416e+01
-1.763315317080009592e+01
-1.771669962040239099e+01
-1.759808173014404176e+01
-1.756635674626173937e+01
-1.754191254783403409e+01
-1.758180776685951230e+01
-1.756754444962949790e+01
-1.750667066953795370e+01
-1.746927273900687894e+01
-1.750887063373554398e+01
-1.747996941507166113e+01
-1.755515901565931003e+01
-1.763197666846460976e+01
-1.755075994655244287e+01
-1.754347885840845223e+01
-1.748305166588869497e+01
-1.748585535472964025e+01
-1.741318893397216527e+01
-1.739064251841786302e+01
-1.736580698524211996e+01
-1.732856357436346428e+01
-1.734895696306183055e+01
-1.741155648481860041e+01
-1.734351001945135806e+01
-1.736512262256521666e+01
-1.727400123373475438e+01
-1.726986363003367231e+01
-1.733255062387633672e+01
-1.738100193636745061e+01
-1.739692472916634003e+01
-1.726124630135060656e+01
-1.743887437113995276e+01
-1.729676501160205149e+01
-1.730271117800080560e+01
-1.738643774530303787e+01
-1.743468020792331430e+01
-1.733052468705855631e+01
-1.735529853849848081e+01
-1.732622559164506981e+01
-1.724172300902639776e+01
-1.710870798863906828e+01
-1.707973637849650927e+01
-1.708839376323312820e+01
-1.714745482570769752e+01
-1.710611711724160244e+01
-1.706681189404241650e+01
-1.712383664047666798e+01
-1.718103805569933940e+01
-1.711221388737498827e+01
-1.717752320725023196e+01
-1.716346847088128769e+01
-1.720505428522201186e+01
-1.717809360439297706e+01
-1.720385469650231158e+01
-1.721998732995214354e+01
-1.729658344047804874e+01
-1.721439843859673502e+01
-1.718467783951853534e+01
-1.717620161308335369e+01
-1.714362930869409141e+01
-1.715785327369985680e+01
-1.713737040069280582e+01
-1.717144394114306394e+01
-1.717095957917007709e+01
-1.714824614202328945e+01
-1.723694149638016526e+01
-1.721539720039138999e+01
-1.720077951350590340e+01
-1.719590347626226645e+01
-1.728839410178095903e+01
-1.721865024840953140e+01
-1.723631453233602429e+01
-1.725512776996011155e+01
-1.719687812560577811e+01
-1.723613312501951000e+01
-1.720934127267731739e+01
-1.726591928346777038e+01
-1.718019274829451248e+01
-1.725204179358717127e+01
-1.733042959766520141e+01
-1.731079107601200562e+01
-1.729741725623426873e+01
-1.728038660997392029e+01
-1.737432556015298601e+01
-1.735336231562201803e+01
-1.750843164351925552e+01
-1.743640998547896359e+01
-1.742806754486260346e+01
-1.736075244506678672e+01
-1.725334567473950997e+01
-1.731150787115346290e+01
-1.728795439938071965e+01
-1.728622116650733886e+01
-1.735887389198676800e+01
-1.726986548527793630e+01
-1.721545288343291702e+01
-1.724276422219859484e+01
-1.721831832419732322e+01
-1.730834475769765390e+01
-1.727193830679357589e+01
-1.724104986073266943e+01
-1.722100600754571431e+01
-1.727933467211797236e+01
-1.732251540320386596e+01
-1.732817255565812431e+01
-1.720569060371385817e+01
-1.729223000827359158e+01
-1.719604316775847508e+01
-1.715956840821428031e+01
-1.715519082000249185e+01
-1.728995920751154713e+01
-1.724963125212791581e+01
-1.718432912918390798e+01
-1.721629366422245511e+01
-1.718796882292603811e+01
-1.717266242107077545e+01
-1.717412443014447021e+01
-1.725804629638560428e+01
-1.719577042380628384e+01
-1.727886825739717835e+01
-1.717942818398804405e+01
-1.715978734629067759e+01
-1.732833336296497606e+01
-1.738354282744308676e+01
-1.730785368468843188e+01
-1.737396877834430242e+01
-1.712898148861856384e+01
-1.708706759812123011e+01
-1.718186871613989197e+01
-1.710124344029548737e+01
-1.719960257465949383e+01
-1.706195325693348863e+01
-1.711035627726292319e+01
-1.705150627554425924e+01
-1.698657319617334949e+01
-1.701324038562595931e+01
-1.707189685174630611e+01
-1.702681168994507033e+01
-1.699331402214228959e+01
-1.710362683714416931e+01
-1.705160667529151652e+01
-1.701241472141750677e+01
-1.700306277831719015e+01
-1.706423463167312704e+01
-1.703379968172628267e+01
-1.708287981702258662e+01
-1.709775891653312030e+01
-1.700924445909458882e+01
-1.693723637682990102e+01
-1.697585137944620470e+01
-1.695407858166795378e+01
-1.693422163046091455e+01
-1.693050801815794415e+01
-1.703609393084420276e+01
-1.698583740966709144e+01
-1.695066301810690845e+01
-1.687752697795126267e+01
-1.684209328997227217e+01
-1.685286804128734062e+01
-1.688704439407763047e+01
-1.691269665965339541e+01
-1.686842009436723799e+01
-1.696746582807714887e+01
-1.692555541686621368e+01
-1.698233749552555238e+01
-1.685475779779978112e+01
-1.690283857325175632e+01
-1.677826023684087531e+01
-1.675504946168511822e+01
-1.679680947397067925e+01
-1.679060488725546918e+01
-1.685114712828798034e+01
-1.668734523301207417e+01
-1.668239438396818031e+01
-1.672160219878366050e+01
-1.674467319032239132e+01
-1.669017551763874252e+01
-1.672939735132193562e+01
-1.680321593333334818e+01
-1.688581449711788807e+01
-1.686742715765847578e+01
-1.694014997821236790e+01
-1.683252650090125613e+01
-1.693375267077762558e+01
-1.696211458382402881e+01
-1.689593814773371250e+01
-1.685874550152519546e+01
-1.677535846015377174e+01
-1.672024859382029405e+01
-1.678120942134689031e+01
-1.673682823303511213e+01
-1.680794622116236425e+01
-1.691792090198346443e+01
-1.682567198728395041e+01
-1.675972709527037807e+01
-1.669604217193579743e+01
-1.672161821285815719e+01
-1.672352586887755521e+01
-1.674997263959957294e+01
-1.674156112623207804e+01
-1.678810135221426592e+01
-1.677257780729177838e+01
-1.675739602104487247e+01
-1.661989265287019535e+01
-1.665548190259363892e+01
-1.669079455263763023e+01
-1.668942131117563221e+01
-1.666992063725657758e+01
-1.668788891918900319e+01
-1.672338405727069244e+01
-1.675912515150721305e+01
-1.684328349351771692e+01
-1.674775300119989652e+01
-1.681201721759807910e+01
-1.672219281531214108e+01
-1.672729747611542805e+01
-1.673415641862846570e+01
-1.671120196598588237e+01
-1.665949444497974596e+01
-1.660010080364102691e+01
-1.658290057670649276e+01
-1.654678456525794772e+01
-1.665846215107209360e+01
-1.662823086571650677e+01
-1.666679917204150740e+01
-1.666957251611065516e+01
-1.667118704363936388e+01
-1.655355473349336393e+01
-1.669144760125140792e+01
-1.663273981412709546e+01
-1.663354569579690789e+01
-1.664107885470298243e+01
-1.668229733725038955e+01
-1.669607148789138051e+01
-1.670925796678426067e+01
-1.675651992529823886e+01
-1.657077336113568578e+01
-1.659957644538570776e+01
-1.669814250434703595e+01
-1.672020940703689007e+01
-1.666738681676015332e+01
-1.664884488098445914e+01
-1.661930716147330855e+01
-1.660011271492786733e+01
-1.665429212170348094e+01
-1.665680801809330092e+01
-1.671916796615741418e+01
-1.674597057302579373e+01
-1.676937997390012214e+01
-1.674344667260900721e+01
-1.675525220839556440e+01
-1.680435982580472043e+01
-1.683362548921416391e+01
-1.680166620424364865e+01
-1.679792278417217588e+01
-1.685133927189587766e+01
-1.687672093790683547e+01
-1.686829383132280569e+01
-1.685767603811869364e+01
-1.687412185008059140e+01
-1.681912136474391417e+01
-1.690419949671809263e+01
-1.682492469710008365e+01
-1.679010419699539014e+01
-1.674168492935175934e+01
-1.677750384689250396e+01
-1.680472408599192136e+01
-1.678404084378416172e+01
-1.688354555624923847e+01
-1.681027996464256447e+01
-1.684783488632062287e+01
-1.677009234676988569e+01
-1.680707101584732754e+01
-1.684605975633035868e+01
-1.679805271695240521e+01
-1.685058645858104853e+01
-1.691885815532449655e+01
-1.679407682609790697e+01
-1.681377069619885489e+01
-1.685711649119281930e+01
-1.677716427201704619e+01
-1.690815253655745920e+01
-1.676172373725983533e+01
-1.683684669411100288e+01
-1.685945252671734451e+01
-1.679876358279492266e+01
-1.681983235346397620e+01
-1.684646338485494610e+01
-1.682452633268176001e+01
-1.679307347926043548e+01
-1.688278647043986069e+01
-1.690394336882097193e+01
-1.684715710420431023e+01
-1.689022947949374753e+01
-1.684329972122621655e+01
-1.684784706896907025e+01
-1.684403042907669601e+01
-1.677728367167353341e+01
-1.680689062134084111e+01
-1.684869569059190297e+01
-1.688461087621003287e+01
-1.695562263673496162e+01
-1.682127020440267984e+01
-1.683058059465736989e+01
-1.683793257617301720e+01
-1.685263047588741614e+01
-1.685810569137126436e+01
-1.679252310903303425e+01
-1.677839326768115313e+01
-1.683519924806251922e+01
-1.672056060673332922e+01
-1.680057877263244137e+01
-1.678776917162773685e+01
-1.686674746367992839e+01
-1.684495415410486174e+01
-1.683191408366823794e+01
-1.693824813422261855e+01
-1.690113090384267736e+01
-1.687804729374084189e+01
-1.696785136248736237e+01
-1.683492964532106839e+01
-1.684382019770038852e+01
-1.687869448626810964e+01
-1.695238082167159988e+01
-1.691614793810635931e+01
-1.688355005547027332e+01
-1.679399683294799672e+01
-1.668829136417804548e+01
-1.666395581768642842e+01
-1.664478358449319728e+01
-1.667713392014193374e+01
-1.665779429073093709e+01
-1.665014772051109659e+01
-1.662983704097073812e+01
-1.663916385577253010e+01
-1.663555633274480172e+01
-1.659681425120526299e+01
-1.658736663673141720e+01
-1.669310214555755678e+01
-1.668830947332739001e+01
-1.668576920869161029e+01
-1.671421169340781887e+01
-1.678966718839657446e+01
-1.669020551478977055e+01
-1.669138830889821534e+01
-1.667114689225828528e+01
-1.669391562366656956e+01
-1.676953050736698358e+01
-1.673244502176610027e+01
-1.672116964651320714e+01
-1.671680502692390036e+01
-1.672996945445496664e+01
-1.663344733842130907e+01
-1.664183852708921307e+01
-1.670844425302014713e+01
-1.659702601335173000e+01
