# 2*np.log[MAD(r)] for 100 flights; 1000 steps per flight; run 15 of 50; mu: 3.50; seed: 14
-2.590572479169653164e+01
-2.373582260461405724e+01
-2.278961266434717459e+01
-2.255650567024407493e+01
-2.260657980032136649e+01
-2.214526690995360170e+01
-2.211230346003809544e+01
-2.206565605186468559e+01
-2.170695867256528544e+01
-2.154849641259614401e+01
-2.167406451069592066e+01
-2.183214159287341971e+01
-2.148888883486638690e+01
-2.168450564825183235e+01
-2.138175714842284592e+01
-2.160870320390642974e+01
-2.142861557434564546e+01
-2.124063503588731905e+01
-2.120680665223249761e+01
-2.154520987669594945e+01
-2.115665995104685848e+01
-2.131629823291806147e+01
-2.114982677754152718e+01
-2.101524525346201600e+01
-2.082384679388111692e+01
-2.079037320957169754e+01
-2.051305058020386696e+01
-2.045854365329013902e+01
-2.036056624461890863e+01
-2.032471481746164343e+01
-2.039441767425173069e+01
-2.022582531528225758e+01
-2.046779519014766180e+01
-2.044936796432214265e+01
-2.028684415234290128e+01
-2.036079240085347664e+01
-2.007218471752269551e+01
-2.007597332981586291e+01
-2.004991995716590125e+01
-2.008432993995631222e+01
-2.021669205669217817e+01
-2.011154180481173626e+01
-2.011247861902407053e+01
-2.021713221233880020e+01
-2.007816411482536267e+01
-1.994663594084467917e+01
-2.020763976362426817e+01
-1.996568012689325045e+01
-1.983241793512351236e+01
-1.989779824336270053e+01
-1.985241049675095226e+01
-1.982236776958629676e+01
-1.985002786485636150e+01
-1.998654474647453938e+01
-1.977496790274012284e+01
-1.979592433925134998e+01
-1.990720428868321434e+01
-1.968786511917025095e+01
-1.972380692348383491e+01
-1.991441837202861009e+01
-2.001547365300427117e+01
-2.003264260509186911e+01
-2.005372769907163288e+01
-1.991556535165758390e+01
-2.004625036198865473e+01
-2.005937443872891990e+01
-1.980181927307765477e+01
-2.006370842659754317e+01
-2.006931232405710119e+01
-2.016960258782036775e+01
-2.030465461082635770e+01
-2.032117359972596304e+01
-1.987486015530705075e+01
-2.013328470466094444e+01
-1.989289340770159953e+01
-2.007803835811695237e+01
-1.978060305121334750e+01
-2.002427755657657826e+01
-1.975449295265463334e+01
-1.986584040039215182e+01
-2.004112670248014183e+01
-1.983992629950301634e+01
-1.999062832082800867e+01
-1.998025511675252730e+01
-1.998628498966895606e+01
-1.983221866788672472e+01
-1.959924407060301021e+01
-1.945430860181826205e+01
-1.953391552303000367e+01
-1.943167477318506542e+01
-1.936674223076466461e+01
-1.940704171255942612e+01
-1.933921718121812816e+01
-1.945355835643933773e+01
-1.937861509533235349e+01
-1.931117319269907284e+01
-1.937904735403915168e+01
-1.932987804385724218e+01
-1.929829112244800271e+01
-1.938212890358062168e+01
-1.942646135492348947e+01
-1.929526081283880146e+01
-1.945821295694037545e+01
-1.951001150651529059e+01
-1.938265852490782137e+01
-1.962558251019280675e+01
-1.948255844915484758e+01
-1.949914904683773287e+01
-1.946396452675273991e+01
-1.945100114595006247e+01
-1.935399901577442350e+01
-1.936805878383232482e+01
-1.940765991388774125e+01
-1.933543123108339401e+01
-1.922756103119597171e+01
-1.914467125577999340e+01
-1.905844006076642216e+01
-1.914601169643452749e+01
-1.904899905839253904e+01
-1.918329926659648521e+01
-1.923574404336824628e+01
-1.913707023201607527e+01
-1.905460660125061523e+01
-1.889696121941632967e+01
-1.881814678798935958e+01
-1.899978706938602357e+01
-1.884289392946514852e+01
-1.879463208790774686e+01
-1.878535541669338471e+01
-1.891733132025279929e+01
-1.881073440774531846e+01
-1.867570890849190590e+01
-1.886030265258113303e+01
-1.881683312808981867e+01
-1.883339484051217383e+01
-1.885027247787356686e+01
-1.883699365130403436e+01
-1.892000596587866923e+01
-1.899837052928154790e+01
-1.874598687914283346e+01
-1.880636298168338172e+01
-1.874045072165091597e+01
-1.872905380187239643e+01
-1.865472467126078016e+01
-1.853988376270369542e+01
-1.859769723336196634e+01
-1.863250679604838922e+01
-1.862038404088804455e+01
-1.862442281759137330e+01
-1.861469531367386310e+01
-1.864879348783745527e+01
-1.853707718978627028e+01
-1.845922268392292409e+01
-1.859328228039831998e+01
-1.859525813541061012e+01
-1.866807048436117000e+01
-1.862129384561055190e+01
-1.834800549888800347e+01
-1.839709518398325727e+01
-1.829491809845436023e+01
-1.832696617310580578e+01
-1.852840018588020854e+01
-1.865793197356977373e+01
-1.851161113844777617e+01
-1.854331679468491956e+01
-1.840958350476886096e+01
-1.859514140700306228e+01
-1.850110837885695148e+01
-1.836942268766246045e+01
-1.835335724711618965e+01
-1.842840575906421918e+01
-1.837072429193764478e+01
-1.832756649649856584e+01
-1.829207413830872042e+01
-1.834298173266187248e+01
-1.827380181573342455e+01
-1.828306200701979733e+01
-1.829915696980193829e+01
-1.825604531537046782e+01
-1.838863142492126102e+01
-1.830413297191748256e+01
-1.815932804112104293e+01
-1.821981604656193099e+01
-1.819199807956236725e+01
-1.836941149846649424e+01
-1.823002136525352768e+01
-1.845668572916133954e+01
-1.833600963952891405e+01
-1.825871612046242021e+01
-1.822194049099752888e+01
-1.822088879832293884e+01
-1.835250607146851465e+01
-1.824191743214225880e+01
-1.822911774172755983e+01
-1.827215052386269178e+01
-1.815869482599177331e+01
-1.815597290309426626e+01
-1.825412551334406785e+01
-1.815451612723777686e+01
-1.814009065786700603e+01
-1.817365866216055537e+01
-1.815849964625624935e+01
-1.811955625394279323e+01
-1.822092888490255547e+01
-1.808242394714440238e+01
-1.808764682033981686e+01
-1.807356916485671405e+01
-1.804146266514481312e+01
-1.799085929712780541e+01
-1.803916504065688997e+01
-1.804137841079605664e+01
-1.806146775578434216e+01
-1.788436772566412714e+01
-1.799914689254820743e+01
-1.805494529669866566e+01
-1.811219870387817465e+01
-1.812296943892913248e+01
-1.821199380817790114e+01
-1.811934282927936124e+01
-1.821157356801826666e+01
-1.806124897274062491e+01
-1.805054360500291821e+01
-1.811503065768734544e+01
-1.810437434022261982e+01
-1.811269547020646797e+01
-1.813084595055966375e+01
-1.810223461066344086e+01
-1.829327744603330785e+01
-1.827558824250974112e+01
-1.824184860024643839e+01
-1.824608340963428788e+01
-1.816680321344474081e+01
-1.805753302267524063e+01
-1.812482709772471523e+01
-1.803694227330948863e+01
-1.807900398440395051e+01
-1.813113602274359337e+01
-1.801830111123072697e+01
-1.799531153793642702e+01
-1.807318357760082606e+01
-1.804185835517695580e+01
-1.798692348882625680e+01
-1.806256032858079408e+01
-1.806826129816954207e+01
-1.806351963244684811e+01
-1.813935037787768323e+01
-1.825511557305810584e+01
-1.819114455638138850e+01
-1.824309558234656237e+01
-1.819244816061516090e+01
-1.825506027133412701e+01
-1.817188932408177138e+01
-1.819498942371940942e+01
-1.821888607191819531e+01
-1.826899315651435884e+01
-1.817067461221648372e+01
-1.826093042376070130e+01
-1.811482528248517454e+01
-1.799178673061369693e+01
-1.802129534819047052e+01
-1.802371876332913914e+01
-1.802677150499249592e+01
-1.803839057430578663e+01
-1.799283980127032834e+01
-1.799353685632222266e+01
-1.795665182496486167e+01
-1.803438157008767462e+01
-1.801299748714166427e+01
-1.793361490182385865e+01
-1.787237531543424751e+01
-1.786677031801214000e+01
-1.797278456973208094e+01
-1.776851695018873656e+01
-1.779947509793212745e+01
-1.787242317191574514e+01
-1.775826855696590911e+01
-1.770416943514093333e+01
-1.779254813471646912e+01
-1.776764512188280420e+01
-1.768586739504398153e+01
-1.777745028068594024e+01
-1.789100579720950890e+01
-1.783184706947641018e+01
-1.792245134654776351e+01
-1.793881302881286999e+01
-1.793947057609043227e+01
-1.795020377881909823e+01
-1.785070084958869430e+01
-1.787143788952054635e+01
-1.790934005252311323e+01
-1.789829641648030290e+01
-1.787424052508921690e+01
-1.781219209670910786e+01
-1.774865032482574989e+01
-1.773928330227561645e+01
-1.776858773378553025e+01
-1.773846684877475255e+01
-1.771408322932511581e+01
-1.765049843884624536e+01
-1.769773013630589631e+01
-1.778668163196774543e+01
-1.769116884080189678e+01
-1.772277264740214875e+01
-1.772695914230363101e+01
-1.765926961504500170e+01
-1.773091424380938719e+01
-1.767603415564986946e+01
-1.767410021625282468e+01
-1.771827781786603140e+01
-1.764665884194634060e+01
-1.769433249055175850e+01
-1.780196220851856381e+01
-1.780802233056202155e+01
-1.773812832046847277e+01
-1.773285754853694840e+01
-1.775218859690876982e+01
-1.772909199193097862e+01
-1.776727815637028129e+01
-1.772320607997765762e+01
-1.753315034680406725e+01
-1.754550116735400422e+01
-1.756263708274903124e+01
-1.752264118174663921e+01
-1.740571669601768079e+01
-1.756510928752864586e+01
-1.756410484812699124e+01
-1.759172495622256704e+01
-1.758351744358826352e+01
-1.756223533071576526e+01
-1.747692168661021839e+01
-1.744511794611462818e+01
-1.746672566944645055e+01
-1.742459187266088705e+01
-1.736938977136327011e+01
-1.739875803319059244e+01
-1.739649930291065871e+01
-1.749466988171701942e+01
-1.754673348537848909e+01
-1.745422647556609874e+01
-1.743640843339548496e+01
-1.743454263622857781e+01
-1.735099973952474173e+01
-1.736958500380617565e+01
-1.743672498446271746e+01
-1.744550668994561704e+01
-1.734636352234738510e+01
-1.736531034879241631e+01
-1.746196486398439873e+01
-1.750014726524619846e+01
-1.748735367982468247e+01
-1.751188480024179839e+01
-1.750751108992524863e+01
-1.744429099263383875e+01
-1.749726788192458571e+01
-1.744501332578867903e+01
-1.745256656420243146e+01
-1.740006479375550086e+01
-1.752284359283202164e+01
-1.758824535333179284e+01
-1.751222421414355424e+01
-1.746131512637818872e+01
-1.742628675773354630e+01
-1.753239479306979121e+01
-1.746276478292191925e+01
-1.739190611451613222e+01
-1.740848404871333699e+01
-1.736820955991529658e+01
-1.738126731625080623e+01
-1.742189434510406798e+01
-1.733920009343952628e+01
-1.742591994141098866e+01
-1.738673420762578914e+01
-1.736759555909911512e+01
-1.743014590880371983e+01
-1.735156855037413592e+01
-1.736758691963710888e+01
-1.729384672022128200e+01
-1.735644026760459369e+01
-1.737012608763553345e+01
-1.723252642981547567e+01
-1.729059994745126616e+01
-1.722804177903962142e+01
-1.732187189423586915e+01
-1.727773547433997336e+01
-1.731687491923176125e+01
-1.727313065069030529e+01
-1.730832621423135365e+01
-1.722187262778060202e+01
-1.720663117766566330e+01
-1.724084543839542150e+01
-1.724596943279482275e+01
-1.725113244995948136e+01
-1.721014259736111640e+01
-1.714157129087130471e+01
-1.708801418689998641e+01
-1.704683728893560257e+01
-1.712124843197171131e+01
-1.712298119723106637e+01
-1.705351075079725831e+01
-1.706984618922645680e+01
-1.707850338670335688e+01
-1.705528693515674377e+01
-1.706345337334949264e+01
-1.709605230501171746e+01
-1.702761855913807665e+01
-1.706164622065504943e+01
-1.705509702721308685e+01
-1.719493282553280267e+01
-1.708388549647182941e+01
-1.708538811743874319e+01
-1.706861223082518464e+01
-1.714484904964750100e+01
-1.711624276427928493e+01
-1.710647266662925858e+01
-1.707244862472684233e+01
-1.712244007960993386e+01
-1.717593709358944309e+01
-1.711463490152271305e+01
-1.714192147401510624e+01
-1.710928615988313695e+01
-1.709857544278806074e+01
-1.703835881898370985e+01
-1.702860409958199384e+01
-1.706332799494719410e+01
-1.708360995394245307e+01
-1.713674205491190961e+01
-1.710600554055418954e+01
-1.710512004124693775e+01
-1.713536012146269627e+01
-1.710441521627654637e+01
-1.705496973609373512e+01
-1.705018978766761961e+01
-1.717942151002808870e+01
-1.702305641081407472e+01
-1.696031163298344424e+01
-1.704945285063471161e+01
-1.700604189735055272e+01
-1.695136486846612200e+01
-1.698732595728553108e+01
-1.697112085226967793e+01
-1.699454602073091181e+01
-1.699559201868840930e+01
-1.694334265619118796e+01
-1.696791586309644728e+01
-1.695107168245939278e+01
-1.706513033935003421e+01
-1.711436540566472431e+01
-1.713375725290806173e+01
-1.718321976844397270e+01
-1.708997137788082554e+01
-1.704551775559781746e+01
-1.708047324970574721e+01
-1.707935887367485606e+01
-1.705571638849325566e+01
-1.708469533278276131e+01
-1.709311457312659854e+01
-1.709898498100578834e+01
-1.712888195648223899e+01
-1.714365022093613433e+01
-1.716418542235401645e+01
-1.715024153061652967e+01
-1.715808083226886183e+01
-1.707855993623696023e+01
-1.712244766754117009e+01
-1.710979051520376970e+01
-1.719184175937873249e+01
-1.719722352252102482e+01
-1.727932966535695414e+01
-1.714358205446400518e+01
-1.709806509272610242e+01
-1.710922145117335802e+01
-1.711643721845371857e+01
-1.711946731263788379e+01
-1.712371124291825453e+01
-1.715503009018330260e+01
-1.713823267559596530e+01
-1.718346554228964962e+01
-1.713086336726383863e+01
-1.720357747005573756e+01
-1.719572486334324068e+01
-1.720708384030877980e+01
-1.723372480886232339e+01
-1.719832846153760642e+01
-1.716833048169296561e+01
-1.715612986810276297e+01
-1.716380758569372844e+01
-1.716846350399018917e+01
-1.720772981403377955e+01
-1.722610970150143572e+01
-1.724437025410650293e+01
-1.722545348304134549e+01
-1.724485913733041542e+01
-1.729705094222391892e+01
-1.733389775456580395e+01
-1.735805949606534071e+01
-1.735487080431080287e+01
-1.735351790012661155e+01
-1.739897075223457534e+01
-1.733008938721631509e+01
-1.732086089363551196e+01
-1.725563713848028158e+01
-1.727443444110203430e+01
-1.727613629031278109e+01
-1.730659013306207683e+01
-1.733292751305664581e+01
-1.730600850960585646e+01
-1.730469208093168376e+01
-1.730488505219623008e+01
-1.733276897217077561e+01
-1.727203453848698445e+01
-1.729230060044304906e+01
-1.725271282834933118e+01
-1.721802893791214828e+01
-1.728619027128986474e+01
-1.730741353354362388e+01
-1.723917773702774525e+01
-1.719250587198796154e+01
-1.725501540780313903e+01
-1.726446486296983096e+01
-1.725375496873013503e+01
-1.735186827062587867e+01
-1.722457043036843416e+01
-1.725819828432522129e+01
-1.726053426968385551e+01
-1.729621033871950075e+01
-1.726855291617078336e+01
-1.727369692464381856e+01
-1.721928168614002175e+01
-1.719889435280768808e+01
-1.719622483818545788e+01
-1.723428294231452540e+01
-1.724503547524250635e+01
-1.731282873393557509e+01
-1.725058467682950791e+01
-1.736639354149338743e+01
-1.726020372268596859e+01
-1.728119619342715296e+01
-1.732406252801251156e+01
-1.733154201265514160e+01
-1.730027936401643274e+01
-1.732988925959850945e+01
-1.734403905594820117e+01
-1.736937821754555245e+01
-1.742904285338409309e+01
-1.742833651168825071e+01
-1.742154069613107481e+01
-1.747353638641223128e+01
-1.742893151307750799e+01
-1.751743053059106714e+01
-1.758270512718881662e+01
-1.755151560286901002e+01
-1.750566308837376184e+01
-1.756961768569594540e+01
-1.747960996506022724e+01
-1.747367690991159606e+01
-1.750608995283885960e+01
-1.753282985587154030e+01
-1.749473996482072025e+01
-1.753468710526835039e+01
-1.752404676365780034e+01
-1.751508154131067840e+01
-1.750673388424754862e+01
-1.740331085549625811e+01
-1.737679788177430140e+01
-1.737669662956682615e+01
-1.732475115269855337e+01
-1.737781890137213381e+01
-1.737681313152264195e+01
-1.741523739273359084e+01
-1.736686531341908690e+01
-1.739451764205854190e+01
-1.741765163656351589e+01
-1.744664879414123604e+01
-1.756302539755850844e+01
-1.742894958259009996e+01
-1.745865745272953262e+01
-1.763904542806681519e+01
-1.766612888761574141e+01
-1.765401305230940210e+01
-1.756376663454398468e+01
-1.765290826634205601e+01
-1.762548799932033106e+01
-1.771525354919337403e+01
-1.771484872096260332e+01
-1.759927041780909462e+01
-1.753118496406863969e+01
-1.749818330348378481e+01
-1.766388456807314711e+01
-1.766763340584719089e+01
-1.754206768283903273e+01
-1.758209861742613711e+01
-1.754587807181124148e+01
-1.759971186070515259e+01
-1.754375717820317249e+01
-1.755155614985666190e+01
-1.751062366202411624e+01
-1.755342181249190148e+01
-1.756933173113177915e+01
-1.759463340970965106e+01
-1.758679567552328393e+01
-1.747905451978729019e+01
-1.746903718547505946e+01
-1.761710511459584083e+01
-1.755249089576328458e+01
-1.767520512312823655e+01
-1.751241612407847015e+01
-1.749370678260598666e+01
-1.763330765367871678e+01
-1.769594343299023720e+01
-1.753830623602354066e+01
-1.763062752533541300e+01
-1.764526469405406317e+01
-1.754572396828224612e+01
-1.750649270557337900e+01
-1.747612774387595991e+01
-1.740639661249837999e+01
-1.752547133388448586e+01
-1.756413255779278160e+01
-1.757931444112388064e+01
-1.757767767414578231e+01
-1.758537488478775046e+01
-1.758987955944748549e+01
-1.761239258732027579e+01
-1.757332030900271747e+01
-1.766388481573311253e+01
-1.770775902238482757e+01
-1.777701174858476207e+01
-1.760457830583194649e+01
-1.763019258758493280e+01
-1.770448974538641096e+01
-1.776499347775126125e+01
-1.764079475699483979e+01
-1.762186282573525631e+01
-1.779605740335550479e+01
-1.778528448676867413e+01
-1.779201911031014305e+01
-1.772074023431802203e+01
-1.773209050964445055e+01
-1.773940624735154614e+01
-1.768527276898401723e+01
-1.767277221055213943e+01
-1.758444587003267756e+01
-1.764602835395623970e+01
-1.756366875297092633e+01
-1.759708330640388496e+01
-1.747236725457624829e+01
-1.747959696998239210e+01
-1.754269854160908793e+01
-1.751450519168562181e+01
-1.750353863588797765e+01
-1.741788221959589933e+01
-1.740437988802076319e+01
-1.751194702718771978e+01
-1.743914831389491482e+01
-1.738193235664029501e+01
-1.762159572566856269e+01
-1.758962200695789946e+01
-1.750072806610422660e+01
-1.749839187044377908e+01
-1.755321981761040107e+01
-1.759438068791767407e+01
-1.755364897983000461e+01
-1.756950046535401455e+01
-1.744147978464732063e+01
-1.745080263156969025e+01
-1.733841992240265384e+01
-1.746032704649662648e+01
-1.739106871484011307e+01
-1.750873017263555909e+01
-1.737962600702399030e+01
-1.747046457147990495e+01
-1.743474482099344414e+01
-1.729800655055412406e+01
-1.729320090924705866e+01
-1.743921075720131952e+01
-1.742170107226801790e+01
-1.739712195537633832e+01
-1.734926534723287617e+01
-1.750725990431040557e+01
-1.750322527119286420e+01
-1.747487660582613245e+01
-1.747161920811717906e+01
-1.731305760926029436e+01
-1.729717537662013882e+01
-1.732974052407046983e+01
-1.735912037541291753e+01
-1.746676569076014474e+01
-1.730933676332519866e+01
-1.738234034017105500e+01
-1.730406715554626373e+01
-1.742954593413326592e+01
-1.741881771782564314e+01
-1.752135722037256116e+01
-1.753833877310698242e+01
-1.736529272891904796e+01
-1.735735094559875691e+01
-1.738925313046275178e+01
-1.731822387551031284e+01
-1.751543009203309254e+01
-1.743991768796634645e+01
-1.746482319666097283e+01
-1.747270606446513952e+01
-1.746935237717704226e+01
-1.749426017496235986e+01
-1.750824008187693792e+01
-1.755071528709607165e+01
-1.741115023447292032e+01
-1.748707209464495449e+01
-1.738451455090779163e+01
-1.748274320959584927e+01
-1.741019759641417153e+01
-1.739549350806384709e+01
-1.734457293247148613e+01
-1.733061100062010951e+01
-1.732375654765886708e+01
-1.725548456415122800e+01
-1.735918836430135670e+01
-1.739703173864936048e+01
-1.734330611093517405e+01
-1.739681812583801346e+01
-1.753563773588109598e+01
-1.731768618242089630e+01
-1.729756877816630478e+01
-1.734226420375660283e+01
-1.738327086860603998e+01
-1.734974408457630801e+01
-1.750476432383455005e+01
-1.743657522588619102e+01
-1.734208690658217122e+01
-1.741817966529491102e+01
-1.728114304923626321e+01
-1.735459836586159810e+01
-1.738781313444942001e+01
-1.734247065786202668e+01
-1.730974159930945788e+01
-1.723906003383510566e+01
-1.724826961567889327e+01
-1.728638521714853482e+01
-1.732997259927314104e+01
-1.729881440815948679e+01
-1.735530299540366528e+01
-1.732856553492946006e+01
-1.732575790862418685e+01
-1.733235317147033783e+01
-1.737988208009329583e+01
-1.748527899228377436e+01
-1.742053972310098331e+01
-1.745695173488811847e+01
-1.740737137463598572e+01
-1.744932885759501318e+01
-1.744561532022260764e+01
-1.736990722261337794e+01
-1.746098107072560879e+01
-1.740621465009488134e+01
-1.747437896374035660e+01
-1.743940517234483423e+01
-1.726712952401234347e+01
-1.732845100740708233e+01
-1.734795835953390153e+01
-1.740747002086930806e+01
-1.730962407909992251e+01
-1.735004083166380084e+01
-1.740410853850318063e+01
-1.749897524351687750e+01
-1.741388528995886631e+01
-1.742378325355811342e+01
-1.739053459815826841e+01
-1.740220286879912237e+01
-1.734219963398432185e+01
-1.740506195504532272e+01
-1.736788152098770155e+01
-1.736810980047873443e+01
-1.727439221234680033e+01
-1.732415078591847291e+01
-1.731030200506258154e+01
-1.737262629116257528e+01
-1.733428985029221181e+01
-1.725702155307041963e+01
-1.724809038010391760e+01
-1.727493679084998135e+01
-1.723999069809654117e+01
-1.727914210807695383e+01
-1.721291252722319243e+01
-1.727477939375591731e+01
-1.728440685954290146e+01
-1.739510958639725757e+01
-1.743418903524890240e+01
-1.734884203136511260e+01
-1.738400582437024156e+01
-1.735903652007194253e+01
-1.741684766140107854e+01
-1.737570686378459328e+01
-1.753636093717770450e+01
-1.737441320301753223e+01
-1.743400379018731527e+01
-1.745460212126957344e+01
-1.738593879305753376e+01
-1.755601133617576792e+01
-1.754696693600020652e+01
-1.756158990793827002e+01
-1.751070490256540424e+01
-1.759754277992854909e+01
-1.755032731275021618e+01
-1.755685743589175374e+01
-1.753112219013311446e+01
-1.753889377889145962e+01
-1.741113874537527551e+01
-1.741496071333400764e+01
-1.737997921673462898e+01
-1.738116335066675333e+01
-1.727117595843706610e+01
-1.724859697197750208e+01
-1.727902478391975905e+01
-1.726529305985038576e+01
-1.720003882856033783e+01
-1.718780415179864463e+01
-1.704002266098398977e+01
-1.717624690408582566e+01
-1.719028149449708565e+01
-1.725964660762876335e+01
-1.718067842586716409e+01
-1.726160961550761286e+01
-1.726451180783963224e+01
-1.735079226600593216e+01
-1.727121272663309881e+01
-1.732477338255904442e+01
-1.727180177520438420e+01
-1.734300662448400132e+01
-1.732105064667435101e+01
-1.730111080186559391e+01
-1.732068928666128471e+01
-1.728960829301612989e+01
-1.733315486872778877e+01
-1.733331006115779260e+01
-1.738031083493410023e+01
-1.740796938753627998e+01
-1.748406223269588367e+01
-1.744467326342317648e+01
-1.749655099663377200e+01
-1.742538826145881714e+01
-1.740591930776209395e+01
-1.747005573192328853e+01
-1.741993879288136782e+01
-1.739305535252877633e+01
-1.742868520377490427e+01
-1.740153410164074899e+01
-1.730191989297042099e+01
-1.727732319918323256e+01
-1.721706732809430207e+01
-1.714668538697892686e+01
-1.725515262861414101e+01
-1.719298571564958422e+01
-1.715078586292794682e+01
-1.713388364187989410e+01
-1.704877067743935015e+01
-1.713055294891162461e+01
-1.709564844990584120e+01
-1.711117646257371305e+01
-1.710853880275404748e+01
-1.723735264216143648e+01
-1.726506329411244778e+01
-1.731579651789383689e+01
-1.722145609936906752e+01
-1.715524222454376257e+01
-1.714431155907109527e+01
-1.718413817885218009e+01
-1.718683315108829035e+01
-1.731183319085213768e+01
-1.731648273420920958e+01
-1.732126832914050851e+01
-1.721546681899762987e+01
-1.717743173460752359e+01
-1.717958750886809582e+01
-1.713892677566252587e+01
-1.719020279661109996e+01
-1.714380517520094216e+01
-1.720611100955288819e+01
-1.720376940131053445e+01
-1.719042250018052798e+01
-1.707994284812509633e+01
-1.704433117161158862e+01
-1.707283831667437823e+01
-1.716465319180545279e+01
-1.708794069490956957e+01
-1.704814075963912146e+01
-1.706841710048475491e+01
-1.707200542997798820e+01
-1.713084125802460278e+01
-1.722621927236646044e+01
-1.722106437699593329e+01
-1.726401003501355547e+01
-1.722785644790036486e+01
-1.721139475336538993e+01
-1.724072465155547462e+01
-1.727100723192940279e+01
-1.712615728042140617e+01
-1.711631802964885551e+01
-1.710203285481513191e+01
-1.701984957630885731e+01
-1.708130371817484772e+01
-1.708839288967234182e+01
-1.701825777130220274e+01
-1.699786879888521440e+01
-1.706770813956745414e+01
-1.698218471873977009e+01
-1.695972619292433592e+01
-1.703822134690665635e+01
-1.712149165597283584e+01
-1.699793211261566839e+01
-1.696946411210202754e+01
-1.701471677447072395e+01
-1.703082719347590057e+01
-1.701062112364078160e+01
-1.692166949604999715e+01
-1.696096675099216355e+01
-1.693110132554520675e+01
-1.702818564534905477e+01
-1.692730346354834126e+01
-1.686236050601142011e+01
-1.700086957983602076e+01
-1.698242298636850478e+01
-1.696196529116802054e+01
-1.697032236721563692e+01
-1.700643143352397502e+01
-1.696217165959087936e+01
-1.694835602278463327e+01
-1.713238955840970945e+01
-1.714118939809621267e+01
-1.706196602236661164e+01
-1.702070575427075383e+01
-1.705097085830812276e+01
-1.702892433358277557e+01
-1.710635608811818997e+01
-1.711084892254581646e+01
-1.715507877025620331e+01
-1.694959384143290748e+01
-1.700207309520110144e+01
-1.705973802006845830e+01
-1.704692269713102348e+01
-1.705650600082153190e+01
-1.706385061853073282e+01
-1.707459860620569714e+01
-1.694906977904755507e+01
-1.702451796030332076e+01
-1.706559990001452931e+01
-1.714743880052757774e+01
-1.705797103274000293e+01
-1.710828045853637036e+01
-1.714891179931915843e+01
-1.712585128322890782e+01
-1.727107258322978467e+01
-1.723102079423318500e+01
-1.708801697209005255e+01
-1.712190622826590314e+01
-1.713904257314902679e+01
-1.705485130262696813e+01
-1.714518126649558383e+01
-1.712047019181538587e+01
-1.715538903743633270e+01
-1.711268058847087659e+01
-1.705858290073481953e+01
-1.710671219039970836e+01
-1.704348051667535913e+01
-1.698633839168526194e+01
-1.705659637033460285e+01
-1.709841769279661250e+01
-1.711956433913250564e+01
-1.705753534280316330e+01
-1.701848651988990113e+01
-1.702395870857230165e+01
-1.695569492728076000e+01
-1.691033342067663270e+01
-1.696900482560721457e+01
-1.692524691457483144e+01
-1.698725734676427379e+01
-1.703052379891871482e+01
-1.702718761442463347e+01
-1.704084108035637257e+01
-1.710846299647812785e+01
-1.714500184139355454e+01
-1.705900852768117915e+01
-1.699407122560456429e+01
-1.696151224140555769e+01
-1.699194040504224290e+01
-1.698015702604299548e+01
-1.696797231505005144e+01
-1.696386392625261763e+01
-1.692290073948210605e+01
-1.700806058087671957e+01
-1.681477196691571763e+01
-1.687246784409993694e+01
-1.694610442154017704e+01
-1.690842332030398865e+01
-1.702290753218010977e+01
-1.703894710164303206e+01
-1.703022394922377458e+01
-1.700750511403622056e+01
-1.697818572202215037e+01
-1.702163540480048809e+01
-1.698818049622445159e+01
