# 2*np.log[MAD(r)] for 100 flights; 1000 steps per flight; run 30 of 50; mu: 3.50; seed: 29
-2.582697090013966701e+01
-2.419500640340553588e+01
-2.332101291249859898e+01
-2.291580254350048662e+01
-2.256678888356328727e+01
-2.206968666776093002e+01
-2.209265877759004582e+01
-2.179562517418349898e+01
-2.196776522930364450e+01
-2.155382036519332800e+01
-2.186249948203247584e+01
-2.134258886579143777e+01
-2.133135106141985204e+01
-2.122307337963185958e+01
-2.113614920533155583e+01
-2.108924539241869311e+01
-2.088901822936075803e+01
-2.084959218368839373e+01
-2.075185449298185247e+01
-2.059683221412165466e+01
-2.060894935178791343e+01
-2.044287525888515589e+01
-2.058032211800499311e+01
-2.051904429342959091e+01
-2.064360955270200648e+01
-2.065957617114148093e+01
-2.074448776533518313e+01
-2.080104821697904427e+01
-2.076542532139263741e+01
-2.058437464044203935e+01
-2.065947597012311476e+01
-2.057030230721551689e+01
-2.077604567256673107e+01
-2.086034293059561762e+01
-2.078883045214794834e+01
-2.049685380596303119e+01
-2.053202410836692948e+01
-2.047021730966600828e+01
-2.072968265255497755e+01
-2.057035663459350516e+01
-2.049413517675481700e+01
-2.029240676999069137e+01
-2.033762853607432675e+01
-2.034041121566541932e+01
-2.035874081226418397e+01
-2.005952230867342223e+01
-2.005290069606504488e+01
-1.996262234789995560e+01
-2.005620047440320874e+01
-2.005848202138385972e+01
-2.002044518955143815e+01
-2.018371506794461467e+01
-1.993855036345794929e+01
-2.000092077134270596e+01
-2.003904484537985553e+01
-2.006003501583723292e+01
-2.023561627571747223e+01
-2.005825654873267538e+01
-2.011984283069670454e+01
-2.009008905262134803e+01
-2.024724919761562347e+01
-2.021433982595383227e+01
-2.021057063678469845e+01
-1.980426234336421842e+01
-1.966765592715564992e+01
-2.007337764208543618e+01
-1.975317323013870663e+01
-1.985221611095580130e+01
-1.998943381693005250e+01
-1.989315631960059250e+01
-2.010244918013870574e+01
-1.985176962048350546e+01
-1.971854289622858047e+01
-1.976059234668357334e+01
-1.969612609608348919e+01
-1.969518173887556856e+01
-1.950209748505469776e+01
-1.971780918727219500e+01
-1.987077585168177762e+01
-1.984623436277242092e+01
-1.968904078486729503e+01
-1.970405359238840859e+01
-1.977173899585075745e+01
-1.968053466142320573e+01
-1.962902312243293323e+01
-1.985801038694888732e+01
-1.944010144286128039e+01
-1.955056600568621050e+01
-1.952626309824668027e+01
-1.962454390916443359e+01
-1.966369756819216263e+01
-1.969195686737978335e+01
-1.962554239923220933e+01
-1.939632949530806272e+01
-1.944600721627940132e+01
-1.929799186197281813e+01
-1.945362776375353064e+01
-1.951092602287938504e+01
-1.936791784721514631e+01
-1.935032888115531335e+01
-1.922691634750049161e+01
-1.917554115404900017e+01
-1.928008642908827497e+01
-1.943411613372570912e+01
-1.930380551582247506e+01
-1.932234378426351284e+01
-1.943910413509663471e+01
-1.948090337475496270e+01
-1.962192731412789115e+01
-1.940399501474133004e+01
-1.939334664845775436e+01
-1.929954549722281953e+01
-1.921339320619746971e+01
-1.912128389499222081e+01
-1.914069874244199099e+01
-1.905324897116050664e+01
-1.917462301275040204e+01
-1.917262132714212441e+01
-1.922032912434654506e+01
-1.928830341325969044e+01
-1.932893630608887392e+01
-1.914563071670540495e+01
-1.921695513573664016e+01
-1.911698204178518523e+01
-1.909162774616494573e+01
-1.899068065901064628e+01
-1.887120891444059367e+01
-1.874262568770900117e+01
-1.881684094099886906e+01
-1.877739655188867829e+01
-1.889548868138194848e+01
-1.885877096462978031e+01
-1.884681015723238673e+01
-1.881251392060592664e+01
-1.877508112580472499e+01
-1.888659140492054433e+01
-1.871530339602540138e+01
-1.879020159719796723e+01
-1.869744524742111835e+01
-1.864237280130376107e+01
-1.858072295669450114e+01
-1.863904048059092844e+01
-1.870197021014966410e+01
-1.878160886894946913e+01
-1.884324678661143437e+01
-1.897863231348781099e+01
-1.876858816785460959e+01
-1.892506242215667811e+01
-1.873490621474439877e+01
-1.877970541949588323e+01
-1.907765511238240563e+01
-1.931692782326322444e+01
-1.927437215723132979e+01
-1.946443816462528531e+01
-1.940652019202604706e+01
-1.941540675540237615e+01
-1.911408929752456132e+01
-1.908002966798465039e+01
-1.917612991029168157e+01
-1.925159373302044585e+01
-1.912648414715375722e+01
-1.932469270426375374e+01
-1.916796615707286833e+01
-1.922511905726076620e+01
-1.913010678853861890e+01
-1.930941213433935388e+01
-1.900923641329115554e+01
-1.903549086837999837e+01
-1.898868709966605905e+01
-1.902203501555384335e+01
-1.885282190670245939e+01
-1.896459046353442801e+01
-1.897253370148411022e+01
-1.913740690821974155e+01
-1.900056415204084459e+01
-1.888645410607569630e+01
-1.903622968247358926e+01
-1.897410740077654978e+01
-1.888264242535380433e+01
-1.883473558976060147e+01
-1.894549191973044344e+01
-1.900758558715822133e+01
-1.882831468203611180e+01
-1.902450094925271884e+01
-1.910222597389884314e+01
-1.901659689166935152e+01
-1.890316063037143124e+01
-1.891709402222105041e+01
-1.901512303823410477e+01
-1.883329362377954297e+01
-1.888667221026649656e+01
-1.892341071194811519e+01
-1.893181002377807332e+01
-1.882349399997911732e+01
-1.887110444898332773e+01
-1.876454150615723648e+01
-1.874913782759623615e+01
-1.868771066375302325e+01
-1.877578935295561990e+01
-1.873839058250564094e+01
-1.858568723897267105e+01
-1.879682070141013384e+01
-1.871526133513016532e+01
-1.873426194538556189e+01
-1.881993410867406880e+01
-1.868747807453821252e+01
-1.867982182007183667e+01
-1.864428972344236257e+01
-1.861838042609947408e+01
-1.873282951373323968e+01
-1.852993692628485434e+01
-1.861541126954426772e+01
-1.855438890741339719e+01
-1.866233139887079062e+01
-1.861316300762907971e+01
-1.849671183930726315e+01
-1.841076956643384577e+01
-1.860614519554821911e+01
-1.851045237195738835e+01
-1.855216650635767550e+01
-1.859798519807313255e+01
-1.855142996755836293e+01
-1.848556292368257559e+01
-1.838479293361655564e+01
-1.846219736542116152e+01
-1.846787430108614458e+01
-1.844950680610762461e+01
-1.835218160808092591e+01
-1.832528243922118349e+01
-1.823381821436971961e+01
-1.817356466630810274e+01
-1.819408559814314685e+01
-1.826443476387054687e+01
-1.816044621415882432e+01
-1.804815444458901297e+01
-1.811365640554981837e+01
-1.822286402550829365e+01
-1.816565261190855551e+01
-1.815532359960114661e+01
-1.810086760155093089e+01
-1.820228432511303751e+01
-1.821957071801436001e+01
-1.828506260101929826e+01
-1.814508531372801770e+01
-1.816221695873327491e+01
-1.819268353957721374e+01
-1.822754799643307777e+01
-1.828267507058142272e+01
-1.816572368327017273e+01
-1.816148193271398625e+01
-1.823232221548876453e+01
-1.824419819482000094e+01
-1.829734443466935190e+01
-1.847569556928462831e+01
-1.829535085190173405e+01
-1.837337603915936413e+01
-1.828321502599842319e+01
-1.812400902905662292e+01
-1.806918050494201822e+01
-1.814765813193179511e+01
-1.806020240433918289e+01
-1.804475606739945093e+01
-1.797759226817660405e+01
-1.809265817360671846e+01
-1.811775379454038060e+01
-1.811613659553752953e+01
-1.796322751184917266e+01
-1.806443337889611911e+01
-1.816581421112881856e+01
-1.809386815086964972e+01
-1.816293846600245487e+01
-1.821105326065534413e+01
-1.811673865808241501e+01
-1.819038350872383702e+01
-1.830683480477967606e+01
-1.815921130973988085e+01
-1.804885657865947834e+01
-1.803811913816374002e+01
-1.807413083421663202e+01
-1.806319640222291056e+01
-1.805558187178163720e+01
-1.812525213178934180e+01
-1.807694202436951869e+01
-1.806007586373476315e+01
-1.800883564308528406e+01
-1.802465951410696832e+01
-1.804322430062995508e+01
-1.810770472557772237e+01
-1.822859191923675581e+01
-1.813629031932544677e+01
-1.810810217439447811e+01
-1.818383428152928616e+01
-1.812063545352054206e+01
-1.810811891023556797e+01
-1.812889242471558049e+01
-1.822324954393342011e+01
-1.816282322494729584e+01
-1.826688083220192382e+01
-1.815266022430147075e+01
-1.806059503430687485e+01
-1.812589666277870393e+01
-1.818310184927493367e+01
-1.821088069608457261e+01
-1.820336522957142122e+01
-1.821569523755893272e+01
-1.811614181452623740e+01
-1.799128611451354232e+01
-1.799881601064601711e+01
-1.796597527480197698e+01
-1.808916326049677892e+01
-1.800850774421762779e+01
-1.805024273111140332e+01
-1.806135514529799124e+01
-1.808116364533428921e+01
-1.815772447706007142e+01
-1.816009129076751805e+01
-1.809157111950349517e+01
-1.831032002501418177e+01
-1.830554522604086642e+01
-1.820455470715052471e+01
-1.817578781067366833e+01
-1.814574087492295007e+01
-1.815368448714296790e+01
-1.809543695979770561e+01
-1.816667922448433714e+01
-1.802761048734120308e+01
-1.814850153917411646e+01
-1.815684045015286685e+01
-1.801078631207521497e+01
-1.811169619679540688e+01
-1.808069145231797137e+01
-1.806357098499430691e+01
-1.793200539811660832e+01
-1.798036527336067891e+01
-1.804041774390720221e+01
-1.816051946429221786e+01
-1.801376489183806839e+01
-1.800555916730606398e+01
-1.800177748494543195e+01
-1.798543755048933335e+01
-1.797306456238818129e+01
-1.788714073499928858e+01
-1.768642021336345138e+01
-1.781289930201772265e+01
-1.776101646415129665e+01
-1.788149870519056961e+01
-1.781660345078265451e+01
-1.779281839281839694e+01
-1.795070777296951903e+01
-1.799223706274828771e+01
-1.784034186447042458e+01
-1.785570695309175804e+01
-1.791725378945243463e+01
-1.792528847583258056e+01
-1.789043383029505563e+01
-1.800727038001740254e+01
-1.791850411182831593e+01
-1.801274069672314582e+01
-1.795841450658850746e+01
-1.806719716709282153e+01
-1.800803663177541125e+01
-1.795883685147661168e+01
-1.784453069585514839e+01
-1.785466397322745991e+01
-1.771483659400294997e+01
-1.781455665845292557e+01
-1.779304191662646417e+01
-1.776778875680130554e+01
-1.783397228417755187e+01
-1.776254384289473620e+01
-1.767837199979615548e+01
-1.764379430118801650e+01
-1.762737852628464807e+01
-1.762980248645333248e+01
-1.761139012460250797e+01
-1.769055461034350074e+01
-1.772469962011933831e+01
-1.776871630630195753e+01
-1.773713551166697400e+01
-1.767760713082359203e+01
-1.768634244000376299e+01
-1.770061064226245762e+01
-1.778239548920161894e+01
-1.782862856310531541e+01
-1.780015198709756064e+01
-1.778240618098358539e+01
-1.777646606312255173e+01
-1.778975105397496748e+01
-1.784110539098062631e+01
-1.775577465008763411e+01
-1.764235750865492491e+01
-1.767289087754533128e+01
-1.768620830924836440e+01
-1.763474156184015840e+01
-1.761396474249086452e+01
-1.771306998538617350e+01
-1.766047816336026344e+01
-1.758082488125163323e+01
-1.772750216771651566e+01
-1.757504216852321477e+01
-1.770646210764350315e+01
-1.766208717922751248e+01
-1.776609892303058658e+01
-1.768075273332321373e+01
-1.770151368770394384e+01
-1.761351698154999568e+01
-1.770445067257298533e+01
-1.766335055622653982e+01
-1.759330718793694359e+01
-1.744404750641207613e+01
-1.746192959180320514e+01
-1.749800244801181037e+01
-1.751839618746543792e+01
-1.759108468540524939e+01
-1.753005724420803801e+01
-1.765845874939553894e+01
-1.763656799416615328e+01
-1.751945765200844463e+01
-1.754822201747309052e+01
-1.747313415708862294e+01
-1.766487099335162725e+01
-1.773117429695191660e+01
-1.775377784989046148e+01
-1.777609279888659088e+01
-1.766070717427536962e+01
-1.774812647280038647e+01
-1.765625567792789496e+01
-1.761827430202202649e+01
-1.777604148459836964e+01
-1.770244219940042285e+01
-1.778251369545916560e+01
-1.774203250736533377e+01
-1.784096888432758732e+01
-1.767007631328259976e+01
-1.765559023840669894e+01
-1.764528511869985294e+01
-1.765138400495037274e+01
-1.763871328475672584e+01
-1.768196784529839150e+01
-1.781522967205302876e+01
-1.756802633334836372e+01
-1.759921831702282091e+01
-1.763462281133337228e+01
-1.760526592072805130e+01
-1.753279053819446531e+01
-1.758051512477843659e+01
-1.765740696769098150e+01
-1.756124745787279551e+01
-1.743866552712742646e+01
-1.748683527373142610e+01
-1.756558460863489302e+01
-1.754662277269449788e+01
-1.753667012529173874e+01
-1.744918526563859373e+01
-1.747780237363707911e+01
-1.741915158405954855e+01
-1.744005008743983609e+01
-1.746060828580938207e+01
-1.757767310469906619e+01
-1.749216702184374483e+01
-1.756766677344395333e+01
-1.753845495947632926e+01
-1.761993869848262761e+01
-1.758178955574999591e+01
-1.745330561161247118e+01
-1.759702603798722009e+01
-1.762126815363670573e+01
-1.750241685580857975e+01
-1.749778091433751825e+01
-1.752581725548806801e+01
-1.745496702617018414e+01
-1.750908983314904077e+01
-1.751143913535163321e+01
-1.728718299907988509e+01
-1.737683110499610706e+01
-1.747087748362556425e+01
-1.753191275788077164e+01
-1.741702678722588260e+01
-1.752527692734698661e+01
-1.749314748921663565e+01
-1.747092950820607982e+01
-1.758010439261558489e+01
-1.758533107508966609e+01
-1.748509521493048524e+01
-1.750992602760157624e+01
-1.737343988285321572e+01
-1.750147557967487089e+01
-1.748148596550069911e+01
-1.752122991970355415e+01
-1.757564337749688477e+01
-1.769185234399057549e+01
-1.762416666009346145e+01
-1.763340912955546003e+01
-1.752779331816931929e+01
-1.760586348727862571e+01
-1.754113308743571409e+01
-1.741121601678147002e+01
-1.748664886474157143e+01
-1.741522684677941157e+01
-1.740435556459771149e+01
-1.732242613921190255e+01
-1.729552830523685714e+01
-1.726229408384027053e+01
-1.727524652648525105e+01
-1.720496567638054941e+01
-1.724978263668677414e+01
-1.722926598618541760e+01
-1.714824581982072615e+01
-1.711329562752860767e+01
-1.724830848555916063e+01
-1.725426834691600675e+01
-1.732412578248564472e+01
-1.741358240872462559e+01
-1.746945307689675175e+01
-1.751146778722452169e+01
-1.742510040200676613e+01
-1.742383055661844082e+01
-1.738940278503844894e+01
-1.752051379387487628e+01
-1.753893599161037287e+01
-1.745289555088088562e+01
-1.741942963868912742e+01
-1.750653400721026998e+01
-1.749240928538118567e+01
-1.745976728585862148e+01
-1.756183002473030186e+01
-1.762811762369481272e+01
-1.764055356465955171e+01
-1.765672073356092042e+01
-1.758195083636617539e+01
-1.764740890818226049e+01
-1.761004948876849951e+01
-1.761009653036783007e+01
-1.762505708165929974e+01
-1.768957714614625942e+01
-1.765628417035393838e+01
-1.773348681611836852e+01
-1.749650647427871775e+01
-1.742903426316956939e+01
-1.749019587907581652e+01
-1.742478890586681217e+01
-1.742128676408508881e+01
-1.744475730543583225e+01
-1.753972447135195978e+01
-1.762343572899623823e+01
-1.752020467496271294e+01
-1.759067398499085400e+01
-1.764951501187685778e+01
-1.752828015160291741e+01
-1.747087913575694174e+01
-1.749158917997739593e+01
-1.759073593620885134e+01
-1.755434338610101364e+01
-1.747217991831126227e+01
-1.747118856657644770e+01
-1.744112303244618545e+01
-1.731290550810232887e+01
-1.739957872743693557e+01
-1.742534165317358941e+01
-1.739755675132241208e+01
-1.741071761786677996e+01
-1.748768144075531694e+01
-1.748202758906565890e+01
-1.747999446681570035e+01
-1.757924252637166518e+01
-1.743729798051707292e+01
-1.752550530982825450e+01
-1.747348484990225614e+01
-1.739726741452200187e+01
-1.735308967647646838e+01
-1.737638393329845599e+01
-1.739455318650461990e+01
-1.737764244857807583e+01
-1.740760739853310213e+01
-1.752933411101491501e+01
-1.747456337985707364e+01
-1.740133456824825586e+01
-1.735034246170104311e+01
-1.733758331367867811e+01
-1.732444179530391892e+01
-1.742651142336380943e+01
-1.747048337701989595e+01
-1.746482311386821706e+01
-1.756479614586158178e+01
-1.755846759430502146e+01
-1.759013831546279860e+01
-1.754837937457473629e+01
-1.756374732769021563e+01
-1.743462654180773441e+01
-1.727743991933118295e+01
-1.736409941865709783e+01
-1.736626951972243305e+01
-1.735953773845740500e+01
-1.737588893260343070e+01
-1.738884468524026516e+01
-1.740379146876670191e+01
-1.743227856503738593e+01
-1.739108291343739054e+01
-1.738169574226629877e+01
-1.736244214173870759e+01
-1.735189236854714778e+01
-1.738519348686065058e+01
-1.724413319412742851e+01
-1.726818277571266691e+01
-1.733611404796591415e+01
-1.734075610669836820e+01
-1.729323526357683605e+01
-1.725528684655494160e+01
-1.724207526207876384e+01
-1.729652869888716893e+01
-1.721087800925860734e+01
-1.723986249180631702e+01
-1.732952011540817594e+01
-1.727960291245867808e+01
-1.731772155635252020e+01
-1.725363923495892138e+01
-1.714934047844672449e+01
-1.714290255673669350e+01
-1.722849416277350088e+01
-1.717789033155001022e+01
-1.723499374275873208e+01
-1.723199725172284147e+01
-1.717144697112667373e+01
-1.721752679261711805e+01
-1.714045638874851107e+01
-1.719175525075172928e+01
-1.717897117679101626e+01
-1.729822809670822892e+01
-1.728719452206584251e+01
-1.739328495425830567e+01
-1.728371987154457656e+01
-1.728354534093427120e+01
-1.737212418487034782e+01
-1.731383414842736457e+01
-1.738867154049981778e+01
-1.729388199893081435e+01
-1.731647493160603446e+01
-1.723124022896250906e+01
-1.732655323956572957e+01
-1.733740611169139356e+01
-1.731020996811612633e+01
-1.721099099446356107e+01
-1.719897919281909182e+01
-1.722261112150357576e+01
-1.729280841684212078e+01
-1.726535504443593183e+01
-1.704934261933942707e+01
-1.716703207506862938e+01
-1.720059612220958556e+01
-1.730263479237820690e+01
-1.731393674475991418e+01
-1.726382926558145314e+01
-1.728959663661515478e+01
-1.731292144100623887e+01
-1.721636992707692571e+01
-1.725512785893181089e+01
-1.727398190057371963e+01
-1.709742804657346227e+01
-1.711515046883314284e+01
-1.718353239948773137e+01
-1.719872037944864829e+01
-1.715069856178134700e+01
-1.717197110117052716e+01
-1.718720582216663928e+01
-1.713494221513091986e+01
-1.714468060113484071e+01
-1.719026276956166299e+01
-1.714876095251617016e+01
-1.712238855641185609e+01
-1.716522631439539026e+01
-1.710336885406945839e+01
-1.704680901763180856e+01
-1.705270973387980504e+01
-1.705443777823968787e+01
-1.713037466122722918e+01
-1.714741909775210615e+01
-1.715231741772012697e+01
-1.721063177357398999e+01
-1.722863782556935064e+01
-1.722587050734508907e+01
-1.725345015476596444e+01
-1.727036101244464561e+01
-1.725367292830719990e+01
-1.724370144882151124e+01
-1.722627944516120735e+01
-1.721003446044425900e+01
-1.712918779598053121e+01
-1.710162110550354342e+01
-1.717008780498213838e+01
-1.714876784705697332e+01
-1.720957053341082243e+01
-1.716305040771285206e+01
-1.707622607998095887e+01
-1.716053576562288185e+01
-1.714348254352205103e+01
-1.713126696390953185e+01
-1.702993265981572790e+01
-1.713920594204395798e+01
-1.717994363949489056e+01
-1.713925774684039283e+01
-1.705716535176934912e+01
-1.707996615582785793e+01
-1.710182217553459338e+01
-1.711701488471406662e+01
-1.715731433286811836e+01
-1.708515051777226645e+01
-1.705517325336989387e+01
-1.708874503293239755e+01
-1.708289726589783086e+01
-1.710027723823491286e+01
-1.706847608204883571e+01
-1.707286529382114892e+01
-1.702846175558567055e+01
-1.700930891800542355e+01
-1.702189158034573069e+01
-1.707666177907871585e+01
-1.713270046915474865e+01
-1.705417820936050077e+01
-1.711335137072138934e+01
-1.703797943265461612e+01
-1.707249333724030649e+01
-1.703661127935753328e+01
-1.706634319478403938e+01
-1.714056681394431081e+01
-1.710648260544582300e+01
-1.703142169661385452e+01
-1.715509710386659492e+01
-1.713482136689385271e+01
-1.721268802726199709e+01
-1.710882704415539735e+01
-1.715266160213444380e+01
-1.710964692881502458e+01
-1.707738238900024541e+01
-1.715269811908464703e+01
-1.718404950718462487e+01
-1.728528314825993206e+01
-1.723522421092908274e+01
-1.716407960760045626e+01
-1.711374471565988742e+01
-1.725566208128497081e+01
-1.720158650241397780e+01
-1.722781346034466310e+01
-1.714984518301310956e+01
-1.702986793238533281e+01
-1.708632815693560758e+01
-1.705477262729003840e+01
-1.705791455322824035e+01
-1.706222832916336429e+01
-1.709056883096889834e+01
-1.704961047711243083e+01
-1.712463500450487786e+01
-1.720479351821037284e+01
-1.716805767713861641e+01
-1.724032983151149168e+01
-1.724289949237231312e+01
-1.717685636521153469e+01
-1.712234390912276183e+01
-1.724411087092931183e+01
-1.719433576737621294e+01
-1.721586240950573554e+01
-1.720766045369844122e+01
-1.720544598336661224e+01
-1.719601805993633903e+01
-1.712961018100227406e+01
-1.720045277134197192e+01
-1.718518344447872082e+01
-1.712222324927597938e+01
-1.710354872661534742e+01
-1.716995273283176715e+01
-1.719234766393534031e+01
-1.720279655091587401e+01
-1.723979309499200241e+01
-1.723645336435980724e+01
-1.725275197194427790e+01
-1.711528531505147654e+01
-1.714367342661820004e+01
-1.718242618981893699e+01
-1.707304953067174935e+01
-1.717095960986051040e+01
-1.717667095584675252e+01
-1.709622039347333455e+01
-1.704553661000468523e+01
-1.712588299552097482e+01
-1.714787313069850683e+01
-1.706717337859651451e+01
-1.713153400978873009e+01
-1.701159252326748827e+01
-1.703528958895316947e+01
-1.711495459934945629e+01
-1.706846720002305773e+01
-1.711586694081921323e+01
-1.709467637819237140e+01
-1.699694971725640258e+01
-1.707760874407687268e+01
-1.704432256781856481e+01
-1.696595219280417766e+01
-1.698366932213182423e+01
-1.695385432320882657e+01
-1.701932002943098610e+01
-1.694674785948628326e+01
-1.695807886261202668e+01
-1.690486671296961774e+01
-1.689044608295055383e+01
-1.686859397190051979e+01
-1.682290137615321868e+01
-1.684197508793685216e+01
-1.683611415671445855e+01
-1.686051763779419588e+01
-1.686024465334934774e+01
-1.683195123635382018e+01
-1.685988921985651601e+01
-1.690366397498441842e+01
-1.694498805031296484e+01
-1.701763222261859099e+01
-1.703806686050124952e+01
-1.705747467229923586e+01
-1.708902446728390245e+01
-1.697847838595297532e+01
-1.697524288543870696e+01
-1.688801062270507103e+01
-1.675506928843963550e+01
-1.683618138304568035e+01
-1.685879221002863204e+01
-1.689704662683078951e+01
-1.684683315589637687e+01
-1.682366646684807776e+01
-1.684459131019600520e+01
-1.690031093251658945e+01
-1.683445279026442520e+01
-1.682875096578744589e+01
-1.690255426309277809e+01
-1.694525242090520578e+01
-1.693002924122514585e+01
-1.695287291992351797e+01
-1.693350731238730233e+01
-1.694106100640270185e+01
-1.684060636432904445e+01
-1.691754706122350527e+01
-1.689439367300718686e+01
-1.695472554256240372e+01
-1.695348369617572715e+01
-1.696642806244853574e+01
-1.690515859587781478e+01
-1.683905232004985564e+01
-1.691144766211028383e+01
-1.681121321871566465e+01
-1.682699769508100118e+01
-1.678023483325616638e+01
-1.669635953613297730e+01
-1.667144502103382919e+01
-1.663906669538548044e+01
-1.673618709612152600e+01
-1.678922729899036526e+01
-1.676025301260594347e+01
-1.675788673029370557e+01
-1.672086664040863013e+01
-1.677772777660091919e+01
-1.684190554235340898e+01
-1.690029357289216705e+01
-1.685449340580688826e+01
-1.686269966441324897e+01
-1.688599511169439538e+01
-1.685894784769550370e+01
-1.681763573588139238e+01
-1.690336624498742779e+01
-1.687106048695659055e+01
-1.689221041783181221e+01
-1.685967941944894122e+01
-1.683876554227718003e+01
-1.679932832996201952e+01
-1.679820153592651621e+01
-1.678184451576543168e+01
-1.671965668742047484e+01
-1.678930383641895929e+01
-1.680644487932397624e+01
-1.682986863494460650e+01
-1.678521234305604537e+01
-1.680660186805609158e+01
-1.676609822666926419e+01
-1.675053867764922089e+01
-1.680240522012945448e+01
-1.679530725519555645e+01
-1.676807702031807068e+01
-1.672839434933093727e+01
-1.673394181530619917e+01
-1.673626335847165336e+01
-1.675018522806164611e+01
-1.680226754472550965e+01
-1.678367514862734922e+01
-1.675341158145339548e+01
-1.672406996422681402e+01
-1.674252600003566371e+01
-1.678246367557323993e+01
-1.678756814711660184e+01
-1.677100413417541702e+01
-1.680332607973606684e+01
-1.681919875609934323e+01
-1.674550769318143040e+01
-1.676673986679371708e+01
-1.675799617486904936e+01
-1.679442982033084419e+01
-1.681584917793035316e+01
-1.681415268438562194e+01
-1.677312648540624807e+01
-1.673790365000034086e+01
-1.673843627017927815e+01
-1.671421444859309346e+01
-1.676732850942921615e+01
-1.669963431080154592e+01
-1.670708578844060099e+01
-1.681560178244039605e+01
-1.681900508296538987e+01
-1.682726401419868623e+01
-1.680957404436433222e+01
-1.685480067272889215e+01
-1.681656731193419674e+01
-1.680112033213852030e+01
-1.683370547678124041e+01
-1.678721510435096320e+01
-1.677733781234285004e+01
-1.675397555839720809e+01
-1.675667222731193462e+01
-1.673929270506200595e+01
-1.670252203262786139e+01
-1.668729581478513779e+01
-1.671669267870877107e+01
-1.670357671120594389e+01
-1.667199816914635591e+01
-1.668043557998873894e+01
-1.672711198089223572e+01
-1.673698038641627406e+01
-1.672086812057494498e+01
-1.682437482337726919e+01
-1.676566439872339842e+01
-1.678215530867804617e+01
-1.678025177684190439e+01
-1.681395760832823427e+01
-1.674903611476808507e+01
-1.685232091480527927e+01
-1.678010551026956776e+01
-1.678293567166212341e+01
-1.679450375874895585e+01
-1.673993240961451789e+01
-1.690623979097457763e+01
-1.698896228265637731e+01
-1.693849390864314230e+01
-1.685206421921041553e+01
-1.686480552484857398e+01
-1.683770116541249351e+01
-1.689614287797880010e+01
-1.690547129356541944e+01
-1.687748224437301303e+01
-1.685538782351278186e+01
-1.684920324840355477e+01
-1.688357118578776550e+01
-1.688205206764460087e+01
-1.688530317558021920e+01
-1.687507716397548663e+01
-1.690962149571462803e+01
-1.686986418207407468e+01
-1.681830261581741226e+01
-1.674081445037575477e+01
-1.672341863238190740e+01
-1.674652109329167615e+01
-1.676842472348115010e+01
-1.677504811189937328e+01
-1.663103416294853787e+01
-1.651684267176564092e+01
-1.659800704325527221e+01
-1.658379122964000985e+01
-1.657850679533552096e+01
-1.667915385558230312e+01
-1.671261199069878955e+01
-1.671563742374505779e+01
-1.667558983438786413e+01
-1.667063555089998772e+01
-1.665187143287936777e+01
-1.670070859148182407e+01
-1.681815309496625943e+01
-1.673971776261565836e+01
-1.663199454773827668e+01
-1.676414682764354325e+01
-1.673134531043850259e+01
-1.665698285935064504e+01
-1.669804503521439898e+01
-1.659809205092123108e+01
-1.662659202301570005e+01
-1.661379055694970219e+01
-1.654304944239211750e+01
-1.665596177315600812e+01
-1.666143704695761230e+01
-1.666616642173108431e+01
-1.672182390664184481e+01
-1.666804125895501798e+01
-1.664649174567061962e+01
-1.659611108815938607e+01
-1.652923890450329125e+01
-1.657282246713251084e+01
-1.664549578076925584e+01
-1.663415285982821601e+01
