# 2*np.log[MAD(r)] for 100 flights; 1000 steps per flight; run 35 of 50; mu: 3.50; seed: 34
-2.563142890589524825e+01
-2.333375202894732681e+01
-2.288985967045360681e+01
-2.278455089422584123e+01
-2.220290303399361420e+01
-2.210754106318315237e+01
-2.197824779303160625e+01
-2.198791564326549874e+01
-2.160618951870266713e+01
-2.150951077739498984e+01
-2.185562345141263307e+01
-2.170014713772786408e+01
-2.145833147498627369e+01
-2.181620964386049266e+01
-2.190574259992323647e+01
-2.174141194188366555e+01
-2.155401984603545884e+01
-2.109225329749421718e+01
-2.073082850954048695e+01
-2.088000840492397714e+01
-2.084064654554932972e+01
-2.070343073608579232e+01
-2.091989848231619931e+01
-2.070195697384940203e+01
-2.090910938144402920e+01
-2.080283201497527656e+01
-2.060694606266334006e+01
-2.075540078100089048e+01
-2.067518771561996971e+01
-2.080573853597838152e+01
-2.075185421603955760e+01
-2.093725135276705984e+01
-2.088539169389800421e+01
-2.055637643258794611e+01
-2.035082750001921070e+01
-2.034077354142052840e+01
-2.011672306138010313e+01
-2.001698772848734009e+01
-1.999977410847382586e+01
-1.989326271116270206e+01
-2.007563757559178796e+01
-2.015514321314096691e+01
-1.999688783400221226e+01
-1.971115788838493899e+01
-1.986003588264513908e+01
-1.989235303633034846e+01
-1.997998334548872279e+01
-2.015914014097722529e+01
-2.023052841329782225e+01
-2.023147649235673029e+01
-2.008141486406006848e+01
-2.008311439672291243e+01
-2.006633945038392497e+01
-2.019518361109817306e+01
-2.007394509958009365e+01
-1.979640493158930070e+01
-1.978952643482957541e+01
-1.980978141444612817e+01
-1.989200357735559876e+01
-1.982538653623151959e+01
-1.985553827471639465e+01
-1.980826143388896909e+01
-2.003732897790610323e+01
-1.992499830771990332e+01
-1.995555298029271185e+01
-2.012943737265205613e+01
-2.003821290140712463e+01
-1.997275571803049488e+01
-1.988397149810979414e+01
-1.994814911668390423e+01
-2.010342422180345778e+01
-1.982241991592784203e+01
-1.987559246722208783e+01
-1.997155564116188131e+01
-1.993885919026249454e+01
-1.983687556691327103e+01
-2.002329514764997143e+01
-1.976675453029705665e+01
-1.976283292291536497e+01
-1.971952769138140127e+01
-1.956407389398710350e+01
-1.965883686512830408e+01
-1.966009943453542519e+01
-1.962643707123735481e+01
-1.968358905902947598e+01
-1.987339762773589058e+01
-1.951391122559901348e+01
-1.962969525900919621e+01
-1.955205345615615542e+01
-1.962917461571620237e+01
-1.943218207145395127e+01
-1.950105381832053197e+01
-1.917970650258196841e+01
-1.934123558919300834e+01
-1.921180932855780199e+01
-1.925272201757210411e+01
-1.933553852604831036e+01
-1.930793203804880420e+01
-1.931272521141202958e+01
-1.926794355671832548e+01
-1.948069998551241255e+01
-1.935128648155367515e+01
-1.918786789790575398e+01
-1.929671857125238787e+01
-1.899799552365848498e+01
-1.912386949000345737e+01
-1.913490202968479892e+01
-1.915896997314005290e+01
-1.917996104088094000e+01
-1.916485574613991005e+01
-1.919847449151405527e+01
-1.939520827431779892e+01
-1.914042085081140954e+01
-1.911718355259001001e+01
-1.924308463526926616e+01
-1.915237630503915511e+01
-1.907646649399849181e+01
-1.901469594219787496e+01
-1.907582632233406272e+01
-1.922979278985828344e+01
-1.931283127712631398e+01
-1.925719917028596484e+01
-1.911489601692690243e+01
-1.912057181365693026e+01
-1.900813865467670638e+01
-1.897430058604019010e+01
-1.901919075024243355e+01
-1.913167319468660210e+01
-1.893154788103303687e+01
-1.902515852410203934e+01
-1.889339264819170339e+01
-1.874565009673559501e+01
-1.887981901246986283e+01
-1.893758681275536659e+01
-1.887982409321781319e+01
-1.890580919791598191e+01
-1.894234607486198740e+01
-1.891455125441912344e+01
-1.884400700157591046e+01
-1.885898926874054737e+01
-1.889243510116168423e+01
-1.880151172076579158e+01
-1.884053895566737324e+01
-1.883209829822071768e+01
-1.881414250205657623e+01
-1.893500946010265551e+01
-1.878459273273002239e+01
-1.881694280510532380e+01
-1.868117851746016811e+01
-1.881312344330504871e+01
-1.882802662513904934e+01
-1.895633302101215278e+01
-1.904175837191217369e+01
-1.906110091637491877e+01
-1.913627438689549010e+01
-1.922076852154043536e+01
-1.932837243001865701e+01
-1.925751196906688278e+01
-1.926647015627639092e+01
-1.912953099310395189e+01
-1.921096650595865185e+01
-1.923920468748199397e+01
-1.933415588215634884e+01
-1.921905090159201634e+01
-1.909379751360236099e+01
-1.893469192596307948e+01
-1.885655603781711420e+01
-1.884969318700387220e+01
-1.899845726816189639e+01
-1.895871763375075858e+01
-1.882952542508797578e+01
-1.883071834594503713e+01
-1.880760838376443544e+01
-1.883347883209768270e+01
-1.902873760427104699e+01
-1.896219328517008051e+01
-1.890216148691168740e+01
-1.878545021551132876e+01
-1.865971795822393631e+01
-1.869823784574828807e+01
-1.872854519325240830e+01
-1.881045234207594063e+01
-1.884420571954703760e+01
-1.894578921493195267e+01
-1.910837555841633417e+01
-1.893519186178657776e+01
-1.886067577909668458e+01
-1.888254195998997886e+01
-1.890722922540613737e+01
-1.887611758994623301e+01
-1.898765451004041083e+01
-1.902348218822760373e+01
-1.893336998370716984e+01
-1.889846142456545053e+01
-1.904878848915067024e+01
-1.890573655578657153e+01
-1.901641035614194308e+01
-1.877465173197015247e+01
-1.872487191885008073e+01
-1.865488933771473157e+01
-1.893453096419924364e+01
-1.878490139635061595e+01
-1.862086633784507228e+01
-1.875012632953707836e+01
-1.873994833921937797e+01
-1.866031124094106275e+01
-1.882625648469086599e+01
-1.883556838783782084e+01
-1.887394609328542572e+01
-1.883608025798600849e+01
-1.875606673983446626e+01
-1.883531865251492476e+01
-1.891159701643151436e+01
-1.886258243030800941e+01
-1.863811293169457528e+01
-1.871062451273381555e+01
-1.869103583020129733e+01
-1.874347201278594710e+01
-1.893020131059360978e+01
-1.879388681882246104e+01
-1.885407960275439621e+01
-1.908895848355260583e+01
-1.937137979315870240e+01
-1.924404486687532767e+01
-1.912630033709544009e+01
-1.923032159839667798e+01
-1.900096228934247122e+01
-1.908837461490302445e+01
-1.913219375872253281e+01
-1.911101406464623764e+01
-1.903035138290130845e+01
-1.906713180373501970e+01
-1.929349240401197108e+01
-1.910883318385228691e+01
-1.933007970973671519e+01
-1.908327283517663275e+01
-1.899208203671690853e+01
-1.887827915772100340e+01
-1.895249813713889253e+01
-1.885432420851182655e+01
-1.885372304559090395e+01
-1.875642644690623939e+01
-1.887599445161897549e+01
-1.877887743298464684e+01
-1.863714593051130919e+01
-1.864188720626193785e+01
-1.870012636560950625e+01
-1.843877786818765685e+01
-1.842912092987274164e+01
-1.847308335277208613e+01
-1.853365582246483356e+01
-1.860832912829661723e+01
-1.845550366880945958e+01
-1.852184940677962643e+01
-1.845151018632318340e+01
-1.851267066114108317e+01
-1.865517677276832842e+01
-1.870138895796447898e+01
-1.848252051885805614e+01
-1.846473930626681792e+01
-1.829551097719174280e+01
-1.841990337819693480e+01
-1.862130001798157863e+01
-1.850073446184919490e+01
-1.832028534371048067e+01
-1.830673238822638282e+01
-1.833182156259442053e+01
-1.846990863059806642e+01
-1.851402361982186306e+01
-1.851544375240938933e+01
-1.840687021295396875e+01
-1.840131172196023357e+01
-1.830879544163122219e+01
-1.842394341652834555e+01
-1.833792199489841579e+01
-1.833525133398120843e+01
-1.811003993733510242e+01
-1.798716797980969773e+01
-1.811711854425505663e+01
-1.807905147108557031e+01
-1.814175774890435733e+01
-1.809494727673263981e+01
-1.812003954972566433e+01
-1.810254590909896777e+01
-1.823539032273837890e+01
-1.821129551040424488e+01
-1.809231687123457633e+01
-1.812272366544958047e+01
-1.821976888661579608e+01
-1.819990670256531473e+01
-1.831228316336073902e+01
-1.819387603222170924e+01
-1.827757552975318944e+01
-1.823701379606010065e+01
-1.819639735823878013e+01
-1.815625544237450129e+01
-1.816854438606228328e+01
-1.805343569061565390e+01
-1.804811386759524439e+01
-1.812523103734324792e+01
-1.815829812777165131e+01
-1.813845180656804601e+01
-1.818594464495433627e+01
-1.813775734856007915e+01
-1.811305209626336321e+01
-1.814656486230798293e+01
-1.811232370270631264e+01
-1.821643575781493141e+01
-1.810664617547336164e+01
-1.815093329310560932e+01
-1.805620378918374058e+01
-1.810411586278451068e+01
-1.798754462580978952e+01
-1.799729982685706986e+01
-1.788644183569848067e+01
-1.790472291868267973e+01
-1.794161633298228153e+01
-1.812005685085017959e+01
-1.798071229260652970e+01
-1.793073757335200469e+01
-1.791903513172577789e+01
-1.786755054839205314e+01
-1.784131277162565965e+01
-1.785534249566999776e+01
-1.789615469308391482e+01
-1.799886333662261961e+01
-1.792946191576806214e+01
-1.796904676206889206e+01
-1.796543750935627770e+01
-1.797968107637461443e+01
-1.801152158336264364e+01
-1.810765098445902055e+01
-1.807592604867151564e+01
-1.804165527896227417e+01
-1.809945380930246017e+01
-1.810295130584309575e+01
-1.818894095805881506e+01
-1.813379370985585126e+01
-1.813709306659693965e+01
-1.800030562982018623e+01
-1.798494460141682794e+01
-1.802134798567958285e+01
-1.796817491563067648e+01
-1.777211187127191394e+01
-1.791156441472929828e+01
-1.792212648035847877e+01
-1.790060302183087160e+01
-1.796510332947395838e+01
-1.792489027044449657e+01
-1.811379168614056567e+01
-1.812905011891928453e+01
-1.812824374093824531e+01
-1.812927633858321741e+01
-1.804182986292305557e+01
-1.821053942254861369e+01
-1.816729070246236688e+01
-1.809767468175872906e+01
-1.819383901641884904e+01
-1.827884721407097146e+01
-1.819977434371509517e+01
-1.812554555844939941e+01
-1.809150663948616256e+01
-1.806019343700837609e+01
-1.795251960821912718e+01
-1.794354633651550657e+01
-1.801228524640464457e+01
-1.798364988744249260e+01
-1.803604544440027979e+01
-1.802969024452106339e+01
-1.799367044822108141e+01
-1.799568397604897996e+01
-1.803205089576087516e+01
-1.811319716292106818e+01
-1.808116607224323857e+01
-1.820284829147852079e+01
-1.808599578092449889e+01
-1.787535123743035825e+01
-1.777518371993778246e+01
-1.779553476485820340e+01
-1.784731509618231016e+01
-1.782898878562505374e+01
-1.775780641934047921e+01
-1.784635092378113796e+01
-1.782579120884554769e+01
-1.789679613234340039e+01
-1.779517899315797536e+01
-1.775751691444239455e+01
-1.782425669426245207e+01
-1.776111063714891358e+01
-1.788298434995773079e+01
-1.778660672969671452e+01
-1.783817135760587647e+01
-1.777051964825791330e+01
-1.787466808287316056e+01
-1.804703880121761372e+01
-1.799251625596681592e+01
-1.792508439525933639e+01
-1.785826127091494442e+01
-1.796520165314627349e+01
-1.803553697074133311e+01
-1.796473729357453664e+01
-1.802962735288818052e+01
-1.785254307009281760e+01
-1.792338725193491200e+01
-1.788427244302848607e+01
-1.791865304087877675e+01
-1.787272615414424948e+01
-1.788877032213999030e+01
-1.792548831424603506e+01
-1.795791550391770386e+01
-1.776966353095147255e+01
-1.795501412823185206e+01
-1.790385849171985910e+01
-1.799374035576457942e+01
-1.792423409899103248e+01
-1.777072143848324259e+01
-1.770651249267639571e+01
-1.766571292373220103e+01
-1.766874029953250158e+01
-1.760273728957433192e+01
-1.775614745490920399e+01
-1.780017034462056102e+01
-1.772156856413237591e+01
-1.762786365418708101e+01
-1.766879712661241442e+01
-1.767029614236973600e+01
-1.776070527957386602e+01
-1.763432283967095771e+01
-1.773124443871464351e+01
-1.771485729441708656e+01
-1.775978786250685104e+01
-1.771575677225872170e+01
-1.768058640663820213e+01
-1.778883998698161406e+01
-1.766715437338090311e+01
-1.759823451786749615e+01
-1.762307549916255667e+01
-1.763169769855011282e+01
-1.767264888695605762e+01
-1.776445462549136423e+01
-1.766458473679621122e+01
-1.778076969945288965e+01
-1.762267794042027091e+01
-1.764526775136049963e+01
-1.764616468786551806e+01
-1.764632934715812951e+01
-1.757506399407408182e+01
-1.753142502835525818e+01
-1.764005691440413770e+01
-1.769416699416820649e+01
-1.771356578820622829e+01
-1.776584833207884984e+01
-1.772188869680661227e+01
-1.779201752271791293e+01
-1.780567481093011395e+01
-1.775310618584595446e+01
-1.777360425910590180e+01
-1.773400240914477166e+01
-1.777549147813832420e+01
-1.766956588671363448e+01
-1.783043251704152965e+01
-1.785125603510170578e+01
-1.781673865613185725e+01
-1.768489613981967778e+01
-1.773555973225488103e+01
-1.773200625031496358e+01
-1.775859756452435434e+01
-1.773048148404951974e+01
-1.772000749296276467e+01
-1.764301250439801194e+01
-1.758746311151305619e+01
-1.765114282236341481e+01
-1.769390823431203330e+01
-1.773287834207084401e+01
-1.774669218731601106e+01
-1.772079020258939863e+01
-1.781906600599063140e+01
-1.780998448358497299e+01
-1.787428060543568975e+01
-1.781873618701966322e+01
-1.777783798932564707e+01
-1.785199891918458448e+01
-1.778911067134286128e+01
-1.778573252879363054e+01
-1.777889606890570562e+01
-1.779261248331410883e+01
-1.778950465042339246e+01
-1.785734167217558266e+01
-1.782472816545815064e+01
-1.774577870298714188e+01
-1.770119177081064521e+01
-1.768268119028204666e+01
-1.785521987370179531e+01
-1.775994376006954667e+01
-1.776130514806500926e+01
-1.772910860764773844e+01
-1.770026438023883486e+01
-1.778301080487482722e+01
-1.779580444079786261e+01
-1.776282615827802047e+01
-1.775017996003440501e+01
-1.781976369040897623e+01
-1.791503746370911188e+01
-1.796998564599473980e+01
-1.786907997503797318e+01
-1.791939481782270605e+01
-1.788055231257496303e+01
-1.778712344469936468e+01
-1.782967180796161344e+01
-1.787042975953799129e+01
-1.785634259343623853e+01
-1.785381514497164446e+01
-1.800832266170493767e+01
-1.798174412357012031e+01
-1.800720434071642373e+01
-1.787970366358892704e+01
-1.796487927554145259e+01
-1.784703352085767136e+01
-1.778195482223088320e+01
-1.792220511273349004e+01
-1.783825220628409269e+01
-1.783327611778818067e+01
-1.796915020151732634e+01
-1.794111689378681262e+01
-1.779740268563395489e+01
-1.786605690936153934e+01
-1.786556568412102308e+01
-1.776619916979637637e+01
-1.786430411787357642e+01
-1.788936928499495593e+01
-1.793431356784446606e+01
-1.806001039733997260e+01
-1.808200958315152107e+01
-1.794773487558343561e+01
-1.799743118593645619e+01
-1.801600912530019727e+01
-1.795554607464665153e+01
-1.785971663998911652e+01
-1.779894668108406108e+01
-1.784279182546371345e+01
-1.780941826032617570e+01
-1.779645948559056023e+01
-1.773582261023069151e+01
-1.783804307092638197e+01
-1.774167172157132555e+01
-1.772533937852189823e+01
-1.771044487876958229e+01
-1.765680334538756568e+01
-1.767862627813966014e+01
-1.757215597117419392e+01
-1.756653265878634329e+01
-1.755876557889374823e+01
-1.754408741341991274e+01
-1.753330540532239468e+01
-1.754570020822155385e+01
-1.743503567317265635e+01
-1.733624309825304621e+01
-1.723311535948972661e+01
-1.725872626241480035e+01
-1.730048927676210013e+01
-1.733144130113934622e+01
-1.728429444687926875e+01
-1.737982279865439139e+01
-1.734434603235585826e+01
-1.739352028363723690e+01
-1.734527095734512514e+01
-1.723496316784147808e+01
-1.721087331938856835e+01
-1.725410836349078281e+01
-1.725287264356934358e+01
-1.727094095165014664e+01
-1.729289496546555327e+01
-1.728936681198985426e+01
-1.729431536235226119e+01
-1.719856334092860806e+01
-1.724057951106850339e+01
-1.723377382742048880e+01
-1.732368916900776057e+01
-1.738275195996427769e+01
-1.722398928066185064e+01
-1.723587405625951874e+01
-1.719532907040516534e+01
-1.716583044537036429e+01
-1.718217391485827505e+01
-1.723963723249628188e+01
-1.724249655614798371e+01
-1.732914189209766320e+01
-1.740733911228145558e+01
-1.743076221227135392e+01
-1.745983930791237881e+01
-1.738653838937532470e+01
-1.726533096484491736e+01
-1.728946344280247516e+01
-1.735183393378854433e+01
-1.737569780190725410e+01
-1.740120531115734792e+01
-1.735750193955822951e+01
-1.740751867236522443e+01
-1.742870515012721100e+01
-1.751781785143499448e+01
-1.760586555020446653e+01
-1.754253774867814997e+01
-1.748328506835288465e+01
-1.748294306233921702e+01
-1.745439829484931238e+01
-1.754870863855026286e+01
-1.751585569340875637e+01
-1.747731317262472572e+01
-1.748018435713319008e+01
-1.750690069578814345e+01
-1.738896037371080538e+01
-1.747615587343591059e+01
-1.737616741080581306e+01
-1.738259872091463976e+01
-1.747032206183338587e+01
-1.734929118283637806e+01
-1.734047051552506247e+01
-1.740469870372275807e+01
-1.727272283656477114e+01
-1.733829648665184564e+01
-1.731347612660905355e+01
-1.736817230288513159e+01
-1.735612903181571198e+01
-1.739237201615597428e+01
-1.734631026106101359e+01
-1.734748639015805693e+01
-1.727025868085961946e+01
-1.728156623493041621e+01
-1.740029647896054854e+01
-1.727964546823652725e+01
-1.719208921345013152e+01
-1.718332331530052670e+01
-1.725139537092492859e+01
-1.723425630849745716e+01
-1.723242951691349489e+01
-1.728443770265359802e+01
-1.721893040399274000e+01
-1.711423837653564917e+01
-1.714694552898859570e+01
-1.717595423163801271e+01
-1.715200164475978539e+01
-1.718435052579543054e+01
-1.724641843700398880e+01
-1.725198749236337648e+01
-1.721477116088173531e+01
-1.728660979906639739e+01
-1.729139661566111386e+01
-1.719479012817366481e+01
-1.722048516573369170e+01
-1.733243416085325350e+01
-1.727143919575877007e+01
-1.731429092802803638e+01
-1.733941695547864015e+01
-1.732156708293345204e+01
-1.733246117815128429e+01
-1.725322865779115133e+01
-1.718492331873592249e+01
-1.732669819117586840e+01
-1.730159604004320428e+01
-1.735501029617157798e+01
-1.727613984308159445e+01
-1.727835906648761366e+01
-1.735023168147015227e+01
-1.745128401357638381e+01
-1.739179066486215319e+01
-1.737930278788342875e+01
-1.728848032960988945e+01
-1.738577536966780102e+01
-1.729095812966522061e+01
-1.727033226807700217e+01
-1.737138893592416622e+01
-1.738455394173244528e+01
-1.729560397278205386e+01
-1.731835683673439874e+01
-1.729500309697544580e+01
-1.733129313907954483e+01
-1.735195206829823178e+01
-1.736221007344950706e+01
-1.731919608353823747e+01
-1.731529322893034006e+01
-1.739162330154415059e+01
-1.741295235228263749e+01
-1.732719309266987651e+01
-1.731055083083206370e+01
-1.742543694675445565e+01
-1.747839816671136148e+01
-1.740901970242247643e+01
-1.726385569617754356e+01
-1.730600316961007579e+01
-1.738676797575521960e+01
-1.741473794932683461e+01
-1.739533319030361724e+01
-1.748457762521121950e+01
-1.757270071815858259e+01
-1.753502224665719567e+01
-1.746221972196726568e+01
-1.740064874838444808e+01
-1.738922966514106250e+01
-1.744026586050002692e+01
-1.739809514694876924e+01
-1.752994632276239528e+01
-1.748534989945736839e+01
-1.751070922420121434e+01
-1.753629364511963473e+01
-1.759189890696138647e+01
-1.754775452139110925e+01
-1.756643026937297591e+01
-1.779201139040034008e+01
-1.772414660080652027e+01
-1.767086681771176870e+01
-1.750630179337929349e+01
-1.741293424406954315e+01
-1.756457028696894795e+01
-1.762641206862210908e+01
-1.770037084025318563e+01
-1.752798161126618126e+01
-1.748367947595229310e+01
-1.749209334002205196e+01
-1.752961909899008219e+01
-1.764469597949370083e+01
-1.762433567349540908e+01
-1.760551628842887339e+01
-1.766488554846754866e+01
-1.760913733178126961e+01
-1.758857025946163333e+01
-1.757921049657334578e+01
-1.756600794086769568e+01
-1.754993154898222940e+01
-1.756631588126950660e+01
-1.750006107456865934e+01
-1.748292748915393702e+01
-1.748045557974079500e+01
-1.745731786503825944e+01
-1.760529682519955230e+01
-1.755508559247204303e+01
-1.749284637071527726e+01
-1.749782415935228386e+01
-1.745555294029781734e+01
-1.729826995333555573e+01
-1.748959988640459073e+01
-1.743012140381447850e+01
-1.741403748953473851e+01
-1.742610244101484085e+01
-1.749396862994406376e+01
-1.736421514398029942e+01
-1.726669006777651560e+01
-1.731208196430548796e+01
-1.730103112772321694e+01
-1.717346467451048397e+01
-1.720531018716681260e+01
-1.725414550466949137e+01
-1.714687486913966197e+01
-1.714007149747288494e+01
-1.727355403841621140e+01
-1.727851307278845994e+01
-1.725231168151142214e+01
-1.714711281091643258e+01
-1.707251892839850527e+01
-1.716048529573082959e+01
-1.721585845987609886e+01
-1.724083776292837911e+01
-1.723634365577454730e+01
-1.722129917727099624e+01
-1.724036160999483513e+01
-1.722962897071599997e+01
-1.719307611266003377e+01
-1.716169952974709645e+01
-1.724336553845780529e+01
-1.720686458687045217e+01
-1.710542543119998626e+01
-1.709949081740877475e+01
-1.721174425309443023e+01
-1.709824474318525134e+01
-1.719768361654428901e+01
-1.717838776004418833e+01
-1.719242648836075560e+01
-1.719620025879257241e+01
-1.723479254300696084e+01
-1.715133260592449460e+01
-1.716149091570139262e+01
-1.722997795500176466e+01
-1.720416420742136410e+01
-1.728549928981069428e+01
-1.722078901428886510e+01
-1.721684279839660547e+01
-1.722211253817386734e+01
-1.713810728387542071e+01
-1.719097440712446101e+01
-1.725321119736584663e+01
-1.719494513559778426e+01
-1.723312131637228717e+01
-1.718088370504798235e+01
-1.715298361414676620e+01
-1.704370855865689549e+01
-1.720685995485062136e+01
-1.724653451375918323e+01
-1.722968420875290008e+01
-1.722377774740781575e+01
-1.714603734308026262e+01
-1.721851753951648689e+01
-1.724627744498371484e+01
-1.730285955380745477e+01
-1.736847570836741994e+01
-1.735679953312887847e+01
-1.730255402993994451e+01
-1.735131712490247224e+01
-1.739859102256459167e+01
-1.746568819306482823e+01
-1.742259674330068364e+01
-1.738690952568337877e+01
-1.728214375179407369e+01
-1.739391880608376084e+01
-1.744371025467437164e+01
-1.743797568204394821e+01
-1.743687062253437858e+01
-1.747399917006139702e+01
-1.736944171696128691e+01
-1.740787389565722165e+01
-1.736010414097808408e+01
-1.744281097388704183e+01
-1.741346182150273592e+01
-1.742713976352272809e+01
-1.729200065104363659e+01
-1.714957923736881895e+01
-1.718104473915980179e+01
-1.715239938735967939e+01
-1.725882994991150454e+01
-1.733362446657806544e+01
-1.734363186446349658e+01
-1.731950491854942342e+01
-1.731629774311635472e+01
-1.730554960936526143e+01
-1.728149989762185612e+01
-1.720314814257765690e+01
-1.716887203919420202e+01
-1.725974747367757089e+01
-1.724779868550678685e+01
-1.716330897509216058e+01
-1.715565347222949200e+01
-1.720910653649301025e+01
-1.710617519492061689e+01
-1.696332127421510449e+01
-1.701273911546660145e+01
-1.704408287699860480e+01
-1.710605462096432916e+01
-1.714862133850338566e+01
-1.718638284657241044e+01
-1.732453637626663934e+01
-1.723027846667563523e+01
-1.729049685189094276e+01
-1.742209502698147716e+01
-1.735306549758020722e+01
-1.729963063131467749e+01
-1.723276322886105305e+01
-1.725868410312392598e+01
-1.716651084575238428e+01
-1.722525689453338060e+01
-1.727784461647260628e+01
-1.731993734680513342e+01
-1.737921166707727494e+01
-1.737440071794642549e+01
-1.730025663946416969e+01
-1.743578842812726393e+01
-1.742915274939654324e+01
-1.735674250693298859e+01
-1.739639531464714750e+01
-1.748105566365025609e+01
-1.733534085270193614e+01
-1.734550577634925617e+01
-1.741970700664019844e+01
-1.735633078155165876e+01
-1.749661028060534207e+01
-1.742009350437958304e+01
-1.747886641153396070e+01
-1.751390570839196315e+01
-1.753099318524649419e+01
-1.745647024951379578e+01
-1.748779964913383367e+01
-1.729156061901318608e+01
-1.737974781894664744e+01
-1.740007687913941226e+01
-1.738155563991116281e+01
-1.728392585668761328e+01
-1.713401416058210813e+01
-1.722186279688031973e+01
-1.735421368184640656e+01
-1.733191235847136014e+01
-1.728435128237995855e+01
-1.720568592518130302e+01
-1.716497705466937518e+01
-1.719516632448493709e+01
-1.720441011198590786e+01
-1.719245984443893960e+01
-1.720718298669117274e+01
-1.711694273178689940e+01
-1.722140063899021101e+01
-1.708949835317759636e+01
-1.715763028937582035e+01
-1.706345840226641641e+01
-1.703731809386786722e+01
-1.707275137621629213e+01
-1.705324005138293231e+01
-1.703146242971099511e+01
-1.704925488635465314e+01
-1.708297755335085455e+01
-1.712972915976351018e+01
-1.721637420704698940e+01
-1.715132509690589657e+01
-1.735680977810012138e+01
-1.733886258083231269e+01
-1.725520043481590449e+01
-1.730500177162070585e+01
-1.729237895228538946e+01
-1.728682583913181503e+01
-1.730611161734680792e+01
-1.722147768742690133e+01
-1.723862677468030924e+01
-1.732439562166443636e+01
-1.733152185582673965e+01
-1.723433168405017213e+01
-1.723751678430442880e+01
-1.719623557252322854e+01
-1.714430249672202322e+01
-1.719897315010372196e+01
-1.716366321010297469e+01
-1.716050270542127265e+01
-1.716461104212577737e+01
-1.714884005160337921e+01
-1.713429772785638505e+01
-1.725859581943145216e+01
-1.720835159922756574e+01
-1.723333073553617822e+01
-1.728556809142392225e+01
-1.723114143303120116e+01
-1.724969434793060685e+01
-1.722377555998880183e+01
-1.719689400510209154e+01
-1.718258771369837845e+01
-1.709006410460012404e+01
-1.711894750754422390e+01
-1.704727871473361844e+01
-1.702810699549153384e+01
-1.699329449875162013e+01
-1.701571646622531020e+01
-1.717781941974730131e+01
-1.715664887487283963e+01
-1.723025959875764812e+01
-1.722548348934259721e+01
-1.720882171822831452e+01
-1.719300698639025526e+01
-1.725037834554002103e+01
-1.730924529464910933e+01
-1.731158527092753019e+01
-1.726203708290377747e+01
-1.725996416103562225e+01
-1.720614728057566722e+01
-1.721039162482320251e+01
-1.716517465031445511e+01
-1.720149952360986845e+01
-1.721993518026357961e+01
-1.729417490769386490e+01
-1.723109843286777831e+01
-1.722792888478371864e+01
-1.724434918011216666e+01
-1.719800328184617655e+01
-1.719654287598514486e+01
-1.723360137888751353e+01
-1.713188764177697720e+01
-1.715887792658261191e+01
-1.735529126770748221e+01
-1.723773072289203512e+01
-1.727991617686549830e+01
-1.718409855062350999e+01
-1.716140269670353291e+01
-1.718710476219051131e+01
-1.709651138447520680e+01
-1.715073391838381767e+01
-1.715832952628075603e+01
-1.714875243227507440e+01
-1.708205841604339881e+01
-1.711031057608827055e+01
-1.713172140587084513e+01
-1.723994240014943458e+01
-1.727784409319691150e+01
-1.722706974266640145e+01
-1.725907218293714251e+01
-1.724832941577275847e+01
-1.724772172809555926e+01
-1.723017663895452856e+01
-1.730438119475669012e+01
-1.729567135634185959e+01
-1.723174852864752182e+01
-1.727867701279324208e+01
-1.734949713966545204e+01
-1.721038736203964703e+01
-1.723917920187351172e+01
-1.725239763332765364e+01
-1.725015123054417643e+01
-1.715159504071750973e+01
-1.704167032507210777e+01
