# 2*np.log[MAD(r)] for 100 flights; 1000 steps per flight; run 38 of 50; mu: 3.50; seed: 37
-2.593516617562021054e+01
-2.405006617044167783e+01
-2.298628795507450207e+01
-2.284504498713685194e+01
-2.259309595512030810e+01
-2.227097037744161412e+01
-2.199824249744006011e+01
-2.191512746603822848e+01
-2.164482548955105301e+01
-2.167336382158820740e+01
-2.182449946962578480e+01
-2.161653862509307444e+01
-2.142866871996013600e+01
-2.163697292739805178e+01
-2.117470039604086196e+01
-2.133298963072558152e+01
-2.125898319208480913e+01
-2.144613969311669166e+01
-2.151940411648850571e+01
-2.115780883027753845e+01
-2.091073297083162430e+01
-2.127148149245560660e+01
-2.104986070365275097e+01
-2.111563039822099341e+01
-2.112817792276598894e+01
-2.105889609687884345e+01
-2.107757947792861941e+01
-2.087422587539813534e+01
-2.104663312930548713e+01
-2.089511905691013283e+01
-2.099796162813350975e+01
-2.078565520034303304e+01
-2.052964942726234554e+01
-2.060432470717471887e+01
-2.052450053136633912e+01
-2.018696290284941597e+01
-2.002644890850584858e+01
-2.003699689516236049e+01
-1.984487132077659766e+01
-2.020541948166797042e+01
-2.026372108163745978e+01
-2.018618743152750028e+01
-2.000964494276809447e+01
-2.008669988326992240e+01
-2.036699249611125495e+01
-2.035007355406094831e+01
-2.031551104463501289e+01
-2.023996647855127762e+01
-2.018705888523218306e+01
-1.989418532148654961e+01
-2.019550368159197618e+01
-2.028428730210450226e+01
-2.035190617463364049e+01
-1.990951506540055505e+01
-1.998970326846906786e+01
-1.973517700377526651e+01
-1.981616805462268971e+01
-2.001216328863112182e+01
-1.996302903810536833e+01
-1.978815174416256539e+01
-1.977947690254721280e+01
-1.971458264534429361e+01
-1.973249721004390622e+01
-1.974716838175626776e+01
-1.972248328056677380e+01
-1.960783788947487949e+01
-1.949362298077101485e+01
-1.954659775279197476e+01
-1.967437037751626505e+01
-1.951470450765620157e+01
-1.957471535268817320e+01
-1.952087499666386350e+01
-1.944080264590301965e+01
-1.967911011181034908e+01
-1.954006976943402307e+01
-1.966173309009726466e+01
-1.959785317253137649e+01
-1.968678342762436628e+01
-1.959936026675084975e+01
-1.989021233358366203e+01
-1.956503084610517007e+01
-1.963936723628770054e+01
-1.963807789565270667e+01
-1.968721458841122285e+01
-1.974533039626592057e+01
-1.972902039652844408e+01
-1.955771401646472185e+01
-1.975684093650573203e+01
-1.980502385960861744e+01
-1.964288859619705363e+01
-1.939513838504277743e+01
-1.951627994063217741e+01
-1.966918766677879660e+01
-1.959794239177135466e+01
-1.938240402904531123e+01
-1.925030370088573761e+01
-1.917174419826963572e+01
-1.933751103390004644e+01
-1.928035406706007038e+01
-1.939141126579338703e+01
-1.967333206185638517e+01
-1.953848124598577130e+01
-1.940404331712381847e+01
-1.925245023602775518e+01
-1.923152415631869161e+01
-1.947374781336478833e+01
-1.940206157309703272e+01
-1.962694105323097560e+01
-1.950353396252270599e+01
-1.960290418064428408e+01
-1.953986823567708342e+01
-1.955937968107598124e+01
-1.979884113009373792e+01
-1.967060691542125639e+01
-1.936848157977232532e+01
-1.936521868316221884e+01
-1.937260915276058526e+01
-1.925182704248903320e+01
-1.923948695859224500e+01
-1.929393085317773426e+01
-1.945056198931956359e+01
-1.941366831972786855e+01
-1.921742918468937233e+01
-1.944828359152849373e+01
-1.928307416539739449e+01
-1.906167097201311478e+01
-1.876892393088134270e+01
-1.884290247914773175e+01
-1.878295045959587029e+01
-1.875220915565850888e+01
-1.896596681102834125e+01
-1.898154166870557802e+01
-1.896325826080681409e+01
-1.880114909589465100e+01
-1.895557945435165692e+01
-1.904370775955197814e+01
-1.903646091236337412e+01
-1.899473697820476303e+01
-1.886288702309085252e+01
-1.886053096867978240e+01
-1.875321541584004592e+01
-1.874366031079485850e+01
-1.884648505407787056e+01
-1.890683833662241042e+01
-1.874117328392515702e+01
-1.879005906922753155e+01
-1.869403441468878668e+01
-1.863036998856439297e+01
-1.841822467423666865e+01
-1.847483241456774294e+01
-1.856037683038553965e+01
-1.860837124816656285e+01
-1.859613431746743473e+01
-1.863316728482308804e+01
-1.875300733286713140e+01
-1.883563141850861555e+01
-1.884669725329283452e+01
-1.890021537517377226e+01
-1.889093882710658434e+01
-1.896733892157697454e+01
-1.872767270310979271e+01
-1.872638533607052125e+01
-1.846283902398267429e+01
-1.860476411239971739e+01
-1.882761897717185562e+01
-1.869531951913443280e+01
-1.887424695002859210e+01
-1.883263375156886710e+01
-1.879713393488061257e+01
-1.880191006711410040e+01
-1.874697279756943757e+01
-1.885152979958010633e+01
-1.875567344963365457e+01
-1.867946453539395435e+01
-1.864126780882655154e+01
-1.872372311973035508e+01
-1.864944088069534800e+01
-1.864409053830264895e+01
-1.846790497847375789e+01
-1.843573369116050387e+01
-1.849735548801343299e+01
-1.852801309044013323e+01
-1.856890212215585123e+01
-1.852072038422780054e+01
-1.847901795164266403e+01
-1.848712127269412520e+01
-1.851980935624441926e+01
-1.865357135988051951e+01
-1.857601117700897575e+01
-1.852013575168032133e+01
-1.854119438410912224e+01
-1.834241804183691116e+01
-1.839259920532165538e+01
-1.848462145231016507e+01
-1.870300635406082179e+01
-1.875797163802386791e+01
-1.857109314216393514e+01
-1.860230930513817427e+01
-1.855145028333756585e+01
-1.859957913368495852e+01
-1.832409440991942517e+01
-1.837365041721055547e+01
-1.821176418442990297e+01
-1.826074319641476151e+01
-1.832076432722641002e+01
-1.855253181002119689e+01
-1.855794910620880245e+01
-1.860256156773233016e+01
-1.851398462756561969e+01
-1.857638078910357748e+01
-1.867008703264776770e+01
-1.865134451537631577e+01
-1.856611310933221404e+01
-1.840046570024050610e+01
-1.845270356768185493e+01
-1.851561448880528715e+01
-1.839895691853420701e+01
-1.847688078149357693e+01
-1.828889071159069601e+01
-1.827851337991405956e+01
-1.832902898018046400e+01
-1.834688051135139375e+01
-1.839379987933692462e+01
-1.835414274945095769e+01
-1.862875716649835667e+01
-1.851202552453960593e+01
-1.834639786356812152e+01
-1.841573073655466075e+01
-1.845057981712904649e+01
-1.828987913726357561e+01
-1.830006567748285917e+01
-1.828052331592477842e+01
-1.833306835242291655e+01
-1.840990689343110986e+01
-1.836548308821701170e+01
-1.829704482223898410e+01
-1.830151264780552012e+01
-1.833015331046397378e+01
-1.829073822461464616e+01
-1.847701669155262394e+01
-1.841503423489014324e+01
-1.855575716154546839e+01
-1.868156718227629653e+01
-1.850320632005836075e+01
-1.862404614475800457e+01
-1.858739840335651294e+01
-1.847183415957590569e+01
-1.847131050062803226e+01
-1.836333018555093588e+01
-1.830477357268578942e+01
-1.837502364765781238e+01
-1.827235434126899705e+01
-1.819860315110810234e+01
-1.823959763564532466e+01
-1.829958990471346780e+01
-1.833205402925527494e+01
-1.836128173564933164e+01
-1.833566619479748638e+01
-1.836154848179193166e+01
-1.825370184611237079e+01
-1.828760758416972365e+01
-1.823005090716507581e+01
-1.808805331184751708e+01
-1.816944838482898561e+01
-1.827643122864588676e+01
-1.813553031105277213e+01
-1.825475812080426152e+01
-1.838428610272500663e+01
-1.823635648502344253e+01
-1.829972900760782650e+01
-1.822608131946511634e+01
-1.830006849949623060e+01
-1.822778344515056759e+01
-1.825081887609994169e+01
-1.839640526714953594e+01
-1.820006901904546481e+01
-1.829726529768575460e+01
-1.830364357807972908e+01
-1.822196843809038214e+01
-1.822233681263582739e+01
-1.833582931584965792e+01
-1.827737658465957793e+01
-1.805650721819235116e+01
-1.818022044157107331e+01
-1.822842604549672529e+01
-1.823017955582430361e+01
-1.823724787039140338e+01
-1.817835437681505439e+01
-1.815106218623353129e+01
-1.814625481920762695e+01
-1.826163609904168084e+01
-1.826502744228925934e+01
-1.824995014574764340e+01
-1.822165667377755938e+01
-1.823227582188133411e+01
-1.820466386514064183e+01
-1.817366707815221716e+01
-1.837445565816371129e+01
-1.836651565853107826e+01
-1.841113191008169281e+01
-1.824744626056221009e+01
-1.836246312363702771e+01
-1.849592362037281035e+01
-1.841565597062052362e+01
-1.835450201271872572e+01
-1.828992760490710623e+01
-1.832520472040000215e+01
-1.831880096791442014e+01
-1.828230564962952087e+01
-1.829838038935308830e+01
-1.832107024687944730e+01
-1.826155678058067622e+01
-1.829422743475890556e+01
-1.833711259224926593e+01
-1.845384972323218520e+01
-1.824216961491747213e+01
-1.829303448721206848e+01
-1.813161451677033753e+01
-1.810990873479066110e+01
-1.817735713930043318e+01
-1.817699583259038576e+01
-1.830325503789796571e+01
-1.825096802011927721e+01
-1.832444030557910253e+01
-1.826353301706805254e+01
-1.838623596819935457e+01
-1.857661415855804066e+01
-1.840752850321316458e+01
-1.847373938042464303e+01
-1.852882829766604544e+01
-1.833594826048947724e+01
-1.842023728733135712e+01
-1.829657373638341156e+01
-1.831880438153126889e+01
-1.828374126203825156e+01
-1.834263497276341326e+01
-1.837300552580605384e+01
-1.826995804593226680e+01
-1.833822462214127569e+01
-1.830754012330457670e+01
-1.821306551405998064e+01
-1.824038692643456372e+01
-1.815518301475556129e+01
-1.817602618715099894e+01
-1.821451103369037838e+01
-1.807178728616882779e+01
-1.820712076415762581e+01
-1.809090303495997176e+01
-1.814526630907425897e+01
-1.799845252245292571e+01
-1.809517779688727046e+01
-1.813438737759446084e+01
-1.820638492023015687e+01
-1.824538289855357220e+01
-1.824171668200900953e+01
-1.822098507674262535e+01
-1.833679677035013711e+01
-1.826980383471542879e+01
-1.824844736006547308e+01
-1.823666469182123251e+01
-1.829291399320066702e+01
-1.830198398201117627e+01
-1.826428743777782060e+01
-1.827862527933896430e+01
-1.835831580358665960e+01
-1.834299742695948510e+01
-1.826718300282511009e+01
-1.820831538565667884e+01
-1.822356029645388986e+01
-1.824403606886112783e+01
-1.838345476866466299e+01
-1.839589531164747882e+01
-1.838152190989886847e+01
-1.820756258746450129e+01
-1.824400110516869944e+01
-1.812813747374150353e+01
-1.816987236924035898e+01
-1.820801418989559650e+01
-1.810963542458460651e+01
-1.828496965124585927e+01
-1.826348150785240065e+01
-1.833862225025069748e+01
-1.843423038190817920e+01
-1.828573103286796098e+01
-1.824727132094733761e+01
-1.831342235457420031e+01
-1.841546073087998892e+01
-1.851462297185404893e+01
-1.845978225026274089e+01
-1.832054396602825364e+01
-1.843994863605582424e+01
-1.823979346546150992e+01
-1.832734731071285239e+01
-1.819509546499596908e+01
-1.834600110101921899e+01
-1.827987836433161917e+01
-1.817817237961170207e+01
-1.804979470278765774e+01
-1.824748990216739486e+01
-1.808071920653979348e+01
-1.814132199914413590e+01
-1.816316469392336685e+01
-1.806750476547897932e+01
-1.814259078032463890e+01
-1.808354231285496994e+01
-1.788517845194486000e+01
-1.796396867266962971e+01
-1.788685929714923972e+01
-1.789061944760879896e+01
-1.800676497810194476e+01
-1.807068316776111061e+01
-1.801281901261848972e+01
-1.808727369251277750e+01
-1.797614988954161674e+01
-1.802445216605426381e+01
-1.797569716316784394e+01
-1.808770024807101251e+01
-1.803243296161359766e+01
-1.796303971039822756e+01
-1.788763600718377944e+01
-1.782732486021332008e+01
-1.794554656903661183e+01
-1.781556962826083534e+01
-1.781881660955353652e+01
-1.781550826624065564e+01
-1.792287450323605213e+01
-1.776818118052063156e+01
-1.777551931237136529e+01
-1.764123902113660591e+01
-1.771444994559907471e+01
-1.770652450031996850e+01
-1.781416034207453691e+01
-1.766096533652168787e+01
-1.762438885340539585e+01
-1.764069680974587584e+01
-1.774227504654430021e+01
-1.770946415912955629e+01
-1.776220823319873077e+01
-1.777889545283963457e+01
-1.775856211197841006e+01
-1.778123060491375540e+01
-1.776655638066979748e+01
-1.778432202022119313e+01
-1.780576807411194551e+01
-1.767898752422279429e+01
-1.772520734207991921e+01
-1.776325975269205060e+01
-1.788488095702197711e+01
-1.804703750785638405e+01
-1.805794176816710461e+01
-1.794509058159298576e+01
-1.789580352741891289e+01
-1.783322164934093834e+01
-1.786596601106697335e+01
-1.792066201933509717e+01
-1.785609411364633203e+01
-1.784813648669654285e+01
-1.791030143290857524e+01
-1.794705258126159109e+01
-1.794289383792774117e+01
-1.789922528083108233e+01
-1.792263712602990466e+01
-1.792677276441490974e+01
-1.791110028516233044e+01
-1.803480973009289556e+01
-1.800410585454985934e+01
-1.797765895521548529e+01
-1.793347079900159713e+01
-1.793355126511473330e+01
-1.795366999217371884e+01
-1.782807448155630681e+01
-1.795762512812216727e+01
-1.782572983530979371e+01
-1.782349491289988563e+01
-1.774243360377925782e+01
-1.772589165731938721e+01
-1.786083063201193610e+01
-1.789023555029853441e+01
-1.782113110659553001e+01
-1.773197261791586854e+01
-1.768902951375790877e+01
-1.755634900588078295e+01
-1.761876837262466466e+01
-1.767668597938284947e+01
-1.768611575388532842e+01
-1.764657768040363450e+01
-1.756861417000281733e+01
-1.766286854715254151e+01
-1.763493613530154036e+01
-1.758032822445125376e+01
-1.756730917836397055e+01
-1.752016517262761042e+01
-1.768951524877965298e+01
-1.762346083148174714e+01
-1.756961955222710969e+01
-1.756431119310990141e+01
-1.756518668248520854e+01
-1.749230148478550362e+01
-1.751451249223714512e+01
-1.746356392420373638e+01
-1.742787652378266827e+01
-1.743155421974302755e+01
-1.760204444417772152e+01
-1.753698130069704675e+01
-1.765598600204545221e+01
-1.756375568893616546e+01
-1.753022814560057085e+01
-1.751785546372268243e+01
-1.750507803095155168e+01
-1.746669690352192461e+01
-1.757218503951535737e+01
-1.764285281333455302e+01
-1.763717577463933495e+01
-1.759373500208652530e+01
-1.765339013453467132e+01
-1.755303923697221791e+01
-1.781612576170315521e+01
-1.779657113823069636e+01
-1.771244177873927583e+01
-1.773750080278375663e+01
-1.786232759834539863e+01
-1.786441085084499036e+01
-1.802123057835818187e+01
-1.797518079163348048e+01
-1.796924747252321808e+01
-1.796234214169840726e+01
-1.795474887864342151e+01
-1.798444313869260114e+01
-1.789118140900622222e+01
-1.780971823206856186e+01
-1.784419394523797564e+01
-1.793628689504392781e+01
-1.782867925981339141e+01
-1.774824417620128258e+01
-1.778026215660063158e+01
-1.755041280056429898e+01
-1.738558840838328123e+01
-1.753476807370811841e+01
-1.744409006691296327e+01
-1.762702183063723282e+01
-1.760280577409940861e+01
-1.748493314547806676e+01
-1.753899830603493015e+01
-1.750985988730102960e+01
-1.750455136070218387e+01
-1.756726005767522736e+01
-1.770102318969290778e+01
-1.763761379959113640e+01
-1.762864418299380276e+01
-1.763784756758136751e+01
-1.755954218426025903e+01
-1.764153414345480542e+01
-1.762259113199322869e+01
-1.767599936840017349e+01
-1.768061394718578327e+01
-1.748990504125947254e+01
-1.760631769884014730e+01
-1.758721133558494287e+01
-1.753481855831297409e+01
-1.749236464767913191e+01
-1.747784879207418030e+01
-1.752706810448457730e+01
-1.746971230995933766e+01
-1.761158083471325497e+01
-1.768109593177798544e+01
-1.762245613989293602e+01
-1.769878643558265807e+01
-1.768726045951681414e+01
-1.765830151129515357e+01
-1.752921389619539383e+01
-1.757807199992768332e+01
-1.758737870215843913e+01
-1.761621610589308062e+01
-1.753587562537649092e+01
-1.758694244214959568e+01
-1.750233153309599032e+01
-1.756169020350698773e+01
-1.756571984034889766e+01
-1.753638168502896733e+01
-1.754720711160965507e+01
-1.748852431324798218e+01
-1.754914854901207732e+01
-1.755248787412610767e+01
-1.755199279975108695e+01
-1.752331192433249996e+01
-1.755679840379334067e+01
-1.758101323727127863e+01
-1.762047975904629027e+01
-1.777267802883117653e+01
-1.772391197461326939e+01
-1.776577781165660852e+01
-1.774651138122381155e+01
-1.763215456302482664e+01
-1.748130813221789737e+01
-1.763463618929665344e+01
-1.755136208142921106e+01
-1.742956777153505854e+01
-1.744028843605866186e+01
-1.740773578020854018e+01
-1.737156827713736362e+01
-1.734347880326872726e+01
-1.737466815028470890e+01
-1.728000364341749062e+01
-1.722190014571358674e+01
-1.722553875422546099e+01
-1.729705963273438485e+01
-1.721702980715605591e+01
-1.704212727645633763e+01
-1.716287585287521722e+01
-1.733031648994140284e+01
-1.737940515189521307e+01
-1.733649183556541118e+01
-1.729639271426698244e+01
-1.716578534107582144e+01
-1.717370313120374803e+01
-1.722168522608549068e+01
-1.728552288688288741e+01
-1.733116512809028009e+01
-1.727992876104444875e+01
-1.723742932587179055e+01
-1.723774868367749846e+01
-1.723552861573714168e+01
-1.705171412610409121e+01
-1.703158627208733833e+01
-1.710054505997442931e+01
-1.702848906636973325e+01
-1.699657435173943654e+01
-1.704259295960965304e+01
-1.707376647582784557e+01
-1.719249051233673953e+01
-1.723265401395079621e+01
-1.719063003267823930e+01
-1.713940944932837240e+01
-1.710643692517755454e+01
-1.716232340236310705e+01
-1.714252442738981230e+01
-1.712954900200567110e+01
-1.721815223080087875e+01
-1.723960038581933318e+01
-1.723428438745855829e+01
-1.719444928645064863e+01
-1.726581395690566012e+01
-1.726530101373852943e+01
-1.722850886172969709e+01
-1.716060056972186842e+01
-1.716946728956074963e+01
-1.707099905838386888e+01
-1.702887521563803119e+01
-1.701867838956345835e+01
-1.704668586866460700e+01
-1.709998218238110113e+01
-1.711072703700562769e+01
-1.726313459780180182e+01
-1.723999052758787442e+01
-1.719217186339246339e+01
-1.721767795348760188e+01
-1.715070477653157255e+01
-1.716553391973520348e+01
-1.711409515936003700e+01
-1.712344788390568340e+01
-1.723957029331786472e+01
-1.725686795558904407e+01
-1.721212783465149698e+01
-1.718732824589626418e+01
-1.716142715418929399e+01
-1.710769159202585143e+01
-1.714127099510563923e+01
-1.703952450421365583e+01
-1.709344233889007114e+01
-1.706441215565680025e+01
-1.702785473289157281e+01
-1.707653319606081510e+01
-1.703194436645858900e+01
-1.700355875224321522e+01
-1.701721856053405446e+01
-1.696027264184338534e+01
-1.700119019343604521e+01
-1.703684120174912664e+01
-1.709001315121965803e+01
-1.712316319844504875e+01
-1.719508181192308527e+01
-1.712083723053840956e+01
-1.702778199782099122e+01
-1.708202986890887587e+01
-1.703720035992702364e+01
-1.705935683983170037e+01
-1.707271421162165481e+01
-1.722252150854886210e+01
-1.724429320597933213e+01
-1.722513692577496514e+01
-1.722723980913344732e+01
-1.726118622238186617e+01
-1.716575762573927477e+01
-1.722031648130141690e+01
-1.716713379644906468e+01
-1.721407565008109231e+01
-1.727651820180057740e+01
-1.727048655836149393e+01
-1.726666975481971278e+01
-1.716804769184632207e+01
-1.713751456079796398e+01
-1.721902227440716260e+01
-1.724643307117750979e+01
-1.718450915664060119e+01
-1.723902909920359150e+01
-1.716225246191558540e+01
-1.707796376607010558e+01
-1.705392727050417889e+01
-1.696422810254268043e+01
-1.707976724432105797e+01
-1.699973703196911501e+01
-1.702038044234381076e+01
-1.708940233721156687e+01
-1.697378966581526782e+01
-1.701612648347824219e+01
-1.703596075975289992e+01
-1.702305365258537861e+01
-1.698786948983220313e+01
-1.702122746519176744e+01
-1.690449301357925904e+01
-1.695918770616392734e+01
-1.689418849875749018e+01
-1.688656346970611821e+01
-1.699279205289728267e+01
-1.697141025080778221e+01
-1.689153115882568201e+01
-1.688054864058963389e+01
-1.692618730906313473e+01
-1.691409984845081738e+01
-1.693407128253517513e+01
-1.694467412337127499e+01
-1.701762469132966515e+01
-1.694875181046019463e+01
-1.699496765384806096e+01
-1.698953564201597999e+01
-1.684583935973816793e+01
-1.684787310070354494e+01
-1.680065926581835356e+01
-1.683182654563544745e+01
-1.683102690990483552e+01
-1.691956762452037566e+01
-1.686289352960279686e+01
-1.682699910784319641e+01
-1.688868712103380787e+01
-1.685413740643329916e+01
-1.691275184817582655e+01
-1.687069257523578258e+01
-1.690249769621733478e+01
-1.693611123966739740e+01
-1.697646217875788111e+01
-1.697671747785740948e+01
-1.696923943158727610e+01
-1.693986678977584148e+01
-1.698924308297048213e+01
-1.697273238408812190e+01
-1.697366363396614020e+01
-1.694700294164760734e+01
-1.695797869574643357e+01
-1.692865483062324472e+01
-1.690685612652908532e+01
-1.691592275697677294e+01
-1.696338351649230702e+01
-1.689460137936845285e+01
-1.689919956993901096e+01
-1.690055531957364465e+01
-1.691759650532540959e+01
-1.688999161403421567e+01
-1.694772537342842966e+01
-1.692077694252665765e+01
-1.689801839259409988e+01
-1.690332751172934067e+01
-1.691830458342262844e+01
-1.693018817174015922e+01
-1.692543155497489238e+01
-1.694469781515031670e+01
-1.690586174586442425e+01
-1.688366736055715833e+01
-1.685884097583256036e+01
-1.679228242219100764e+01
-1.686764917920953266e+01
-1.689137355391159900e+01
-1.690132253959896502e+01
-1.689953536920571864e+01
-1.695518814048422129e+01
-1.700320111632995079e+01
-1.699488163070475721e+01
-1.694270380794290176e+01
-1.691208946269872371e+01
-1.689823052417061433e+01
-1.694988244534455646e+01
-1.693892479720944166e+01
-1.698410957681448963e+01
-1.698736395637205732e+01
-1.700293117810020149e+01
-1.708918692065439870e+01
-1.709859955512522944e+01
-1.703695153882402735e+01
-1.698580430808864961e+01
-1.689892572151719818e+01
-1.692256581155856665e+01
-1.691049036022731755e+01
-1.698475775364346774e+01
-1.695898620116780009e+01
-1.699284563400034287e+01
-1.701942177070841566e+01
-1.704830141073929539e+01
-1.702195041229483863e+01
-1.701860738511813409e+01
-1.697466077667257167e+01
-1.695151247460525212e+01
-1.692831406288450324e+01
-1.689892154400874347e+01
-1.694312858314881964e+01
-1.694176778430732710e+01
-1.690198736197327278e+01
-1.696821678026188351e+01
-1.692606375534785812e+01
-1.683908723274361208e+01
-1.684921935737868282e+01
-1.682240047212305356e+01
-1.688200885638975635e+01
-1.680328029453103511e+01
-1.676158709069085262e+01
-1.681660891559647197e+01
-1.689576126218215890e+01
-1.687695072261729834e+01
-1.683083045017160373e+01
-1.687023590865299028e+01
-1.676050614474959843e+01
-1.691969726911833760e+01
-1.689589654993647017e+01
-1.681126413555744392e+01
-1.689520797090857229e+01
-1.682542478498435301e+01
-1.678925590902594323e+01
-1.683388842370830574e+01
-1.677864774523986569e+01
-1.688489315156283510e+01
-1.680197339979703131e+01
-1.692300881047971828e+01
-1.689832119624044537e+01
-1.689767582857193773e+01
-1.693452920129698569e+01
-1.690735039720967237e+01
-1.697591045279274979e+01
-1.691466478278568175e+01
-1.691263139271703864e+01
-1.695422353171830210e+01
-1.691361837325487016e+01
-1.688447647686568232e+01
-1.693941674524041474e+01
-1.693735158906664395e+01
-1.689695095180705664e+01
-1.687322011240971875e+01
-1.693239976804352409e+01
-1.682956444799173568e+01
-1.677190288078157465e+01
-1.680497975769765517e+01
-1.674381879111832205e+01
-1.691236596989265806e+01
-1.697416787566840668e+01
-1.695418843363790273e+01
-1.692578483968098979e+01
-1.697549382398623052e+01
-1.695737741139691579e+01
-1.680381662295160794e+01
-1.689224006876282402e+01
-1.683673628076652662e+01
-1.689055806830037909e+01
-1.684448744137879572e+01
-1.677863365818425834e+01
-1.679179529574786400e+01
-1.682651536241241530e+01
-1.680132255630397964e+01
-1.676745532579434439e+01
-1.680167518799909843e+01
-1.680355114603890954e+01
-1.675073841592091739e+01
-1.688056306088197189e+01
-1.685655962514048412e+01
-1.691398068111472242e+01
-1.692943981555962552e+01
-1.687758666143987796e+01
-1.680758998466869869e+01
-1.686366255945114290e+01
-1.683394605187007897e+01
-1.679310974755709296e+01
-1.684943733849325653e+01
-1.687864690167312176e+01
-1.691024851111687255e+01
-1.689950597563372270e+01
-1.680528526827402303e+01
-1.678521249839050355e+01
-1.676885649092266206e+01
-1.671892115034156490e+01
-1.676000882088348476e+01
-1.682823960461981372e+01
-1.676673071363061140e+01
-1.671572023163714960e+01
-1.666616677385852086e+01
-1.665242222138326511e+01
-1.668017827158873700e+01
-1.660269461532189084e+01
-1.668547198896904504e+01
-1.667818177526004320e+01
-1.680994298784524688e+01
-1.679021901057477706e+01
-1.671366688216420471e+01
-1.679038150397854423e+01
-1.678756255285380661e+01
-1.678452696666391120e+01
-1.677495192610295405e+01
-1.670199267214167449e+01
-1.663649388202869162e+01
-1.662612992954345259e+01
-1.662157648748000938e+01
-1.666068392328029901e+01
-1.665036076254587627e+01
-1.675019251905922246e+01
-1.668337248600224498e+01
-1.673234394915865408e+01
-1.674886320478980650e+01
-1.681909502422947966e+01
-1.677903501500518857e+01
-1.680237153807182438e+01
-1.678078455644713074e+01
-1.677042402698393531e+01
-1.676569804389031049e+01
-1.672915800928984709e+01
-1.684129510758596737e+01
-1.682740087013058883e+01
-1.686426869574729537e+01
-1.682208446631321763e+01
-1.670273468427457786e+01
-1.675174380224594728e+01
-1.679304876177260653e+01
-1.673887316545794945e+01
-1.681309778226948382e+01
-1.683845906397017700e+01
-1.684248497825632285e+01
-1.687472143739449848e+01
-1.683004030215860070e+01
-1.679423570081145911e+01
-1.683847563093169342e+01
-1.678861383314401579e+01
-1.678325791353012164e+01
-1.676450712141254940e+01
-1.677174310680182501e+01
-1.684082679537704763e+01
-1.691582069175976599e+01
-1.677374114360496193e+01
-1.673229808729837131e+01
-1.672572052444262170e+01
-1.678081493239107758e+01
-1.681705108209347799e+01
-1.676531135830959940e+01
-1.678410439705675472e+01
-1.678155759710983119e+01
-1.676367308134391720e+01
-1.682062360499395481e+01
-1.678490200425806833e+01
-1.674245473629979131e+01
-1.680573684645021970e+01
-1.685542132195708120e+01
-1.689750449320240833e+01
-1.686523307465696320e+01
-1.693872331164934764e+01
-1.690747384607416848e+01
-1.687114923586062432e+01
-1.689170234903369305e+01
-1.683050889850636267e+01
-1.685329989672816708e+01
-1.687011325874819434e+01
-1.685176332782931397e+01
-1.678220538965503295e+01
-1.681642646862284707e+01
-1.683334545842915375e+01
-1.687205718511703623e+01
-1.690070545428283921e+01
-1.691652037752371029e+01
-1.697972816496522341e+01
-1.697422008327463061e+01
-1.702549752923780346e+01
-1.694666216650896118e+01
-1.698255529974031930e+01
-1.706613200506184924e+01
-1.702655749642397254e+01
-1.698401066396956338e+01
-1.692069333960522215e+01
-1.691491644516695914e+01
-1.689071042901908015e+01
-1.684003929966555546e+01
-1.681843844142719036e+01
-1.688251251058710167e+01
-1.686435928205126089e+01
-1.685254854687046233e+01
-1.682728374536149474e+01
-1.688332036827676319e+01
-1.683759571840794678e+01
-1.687848381562390898e+01
