# 2*np.log[MAD(r)] for 100 flights; 1000 steps per flight; run 5 of 50; mu: 3.50; seed: 4
-2.567248826981040821e+01
-2.389889571904987164e+01
-2.295768772423415527e+01
-2.309894235973184706e+01
-2.292083041971135771e+01
-2.289826263774023118e+01
-2.215189048100007696e+01
-2.202649024093601682e+01
-2.192628849648720291e+01
-2.153747217977333861e+01
-2.168779662522201335e+01
-2.159924154185819489e+01
-2.167788165222626517e+01
-2.157346462830066613e+01
-2.107252106818059900e+01
-2.122895243518815889e+01
-2.103029253041586344e+01
-2.106229072149630710e+01
-2.112194707012363537e+01
-2.106499543190941282e+01
-2.082654749974658870e+01
-2.074104811776613033e+01
-2.066358585781494028e+01
-2.058736397211123759e+01
-2.050445290757743422e+01
-2.053298061856990842e+01
-2.043125920465751122e+01
-2.025772396837957601e+01
-2.044591925017780554e+01
-2.039918876806780546e+01
-2.062775476306034506e+01
-2.039425757197635036e+01
-2.045637144444334155e+01
-2.036214330227287306e+01
-2.002756270422949569e+01
-2.011078161053667301e+01
-2.015882067595175542e+01
-2.030879008701778687e+01
-2.030375292474347404e+01
-2.017193593540233110e+01
-2.005630081338140869e+01
-1.998996022506365122e+01
-1.982967102792956027e+01
-1.997019273830720110e+01
-1.985255138102698780e+01
-1.998620489872469719e+01
-1.986484962903796969e+01
-1.981189292023707438e+01
-1.983329597551130874e+01
-2.002061369330712637e+01
-1.977959813208122597e+01
-1.967740791366366082e+01
-1.941394098958851444e+01
-1.949953213627537352e+01
-1.942337160516487415e+01
-1.962473416950417970e+01
-1.965965411983060562e+01
-1.974176955852725968e+01
-1.969648018392707201e+01
-1.965067014625460473e+01
-1.963864535835695335e+01
-1.955611620246025240e+01
-1.957740993912196359e+01
-1.970563187283596562e+01
-1.978424187255752997e+01
-1.971956360198260683e+01
-1.970928556568125600e+01
-1.984936634597395866e+01
-1.973770036570257602e+01
-1.953289122928431709e+01
-1.953264483805519447e+01
-1.960190796813901670e+01
-1.950364081238373615e+01
-1.946157753947470326e+01
-1.945114293142611928e+01
-1.930345476748551548e+01
-1.926809729368197210e+01
-1.916584148893883821e+01
-1.927191388830416585e+01
-1.934786456872972948e+01
-1.913920620779202153e+01
-1.914834014699743037e+01
-1.924616621804453942e+01
-1.918290392007643774e+01
-1.916941979542777119e+01
-1.912582525659438204e+01
-1.925304075234737766e+01
-1.930887603222116766e+01
-1.917974977748411192e+01
-1.903608902754396226e+01
-1.917071067681315100e+01
-1.920613364630030162e+01
-1.919441807051069304e+01
-1.926040730540464452e+01
-1.903742061123088547e+01
-1.901260269763575295e+01
-1.906355476372554492e+01
-1.913597386556685365e+01
-1.906705649854172080e+01
-1.895938075659556787e+01
-1.893653424491858317e+01
-1.897084760905481815e+01
-1.900322568834107528e+01
-1.905100760948332450e+01
-1.920662050445659474e+01
-1.921617332161597957e+01
-1.907855327708282545e+01
-1.924656018052418816e+01
-1.929395623425730477e+01
-1.943180831552594512e+01
-1.899834957371045263e+01
-1.900257440266061693e+01
-1.893159798189075360e+01
-1.893733816501271150e+01
-1.896254384273535720e+01
-1.898004776979028563e+01
-1.887484739698037473e+01
-1.873357338056021604e+01
-1.883644628312061542e+01
-1.883244884442958522e+01
-1.885708932968715246e+01
-1.912891966923507070e+01
-1.901187692921459060e+01
-1.895225989688816171e+01
-1.889719105025652723e+01
-1.902758952270591308e+01
-1.900038391373499636e+01
-1.892051700723462204e+01
-1.890709888847831621e+01
-1.886156426339827519e+01
-1.895579759127993924e+01
-1.888187367467015321e+01
-1.884667870666758205e+01
-1.884837784236081148e+01
-1.903379249700967435e+01
-1.904742938742802139e+01
-1.909586478573809742e+01
-1.911734944577191087e+01
-1.917292511416352241e+01
-1.927715288979845454e+01
-1.914592208356862457e+01
-1.910627454343342890e+01
-1.895674986655891203e+01
-1.900955172062125698e+01
-1.897896917521136118e+01
-1.919109415768300053e+01
-1.916685606156588406e+01
-1.911973430219752856e+01
-1.900969138535500491e+01
-1.904266060930931559e+01
-1.890372644372487798e+01
-1.884233462406021076e+01
-1.903874075456867132e+01
-1.919113644341532421e+01
-1.909628976673334222e+01
-1.912717593654330628e+01
-1.923032077855895494e+01
-1.898539001541835347e+01
-1.897561630611545525e+01
-1.885255711843940318e+01
-1.893314591116016388e+01
-1.896833455821079895e+01
-1.897564153604135484e+01
-1.864568985514844002e+01
-1.896380670500047572e+01
-1.891166166900070778e+01
-1.887606969286533953e+01
-1.873506162299307931e+01
-1.870527104900328297e+01
-1.874143080287147356e+01
-1.870195743114811648e+01
-1.878001553041325877e+01
-1.886072698555986804e+01
-1.859376830999984165e+01
-1.870281491393408402e+01
-1.860948563945076373e+01
-1.868054573813175878e+01
-1.852589234551037833e+01
-1.858911445666508300e+01
-1.851066614077891614e+01
-1.855587593192006324e+01
-1.858102858641337107e+01
-1.857775048481212110e+01
-1.855282193891433451e+01
-1.870175585468574297e+01
-1.866168564578675770e+01
-1.864992320835125383e+01
-1.879782931231556375e+01
-1.871453238751600523e+01
-1.875683446098138774e+01
-1.861177149415948762e+01
-1.850580752435996956e+01
-1.857828971236527948e+01
-1.848806629158971759e+01
-1.850775267685312997e+01
-1.838027811773455866e+01
-1.842608224173400799e+01
-1.860530296962401309e+01
-1.842762441657895067e+01
-1.839355073906539673e+01
-1.839514847904223416e+01
-1.852174390617631872e+01
-1.846570960228235592e+01
-1.867875602767780308e+01
-1.870546333734662170e+01
-1.856507432042379691e+01
-1.868680327680155884e+01
-1.859687728068598034e+01
-1.843166489455042267e+01
-1.853831932373363856e+01
-1.843540639989880603e+01
-1.844331238554797991e+01
-1.846722474606841402e+01
-1.842556460366186855e+01
-1.844964009213891742e+01
-1.848542302619805966e+01
-1.852665403179970127e+01
-1.871227849112982966e+01
-1.869174565709368707e+01
-1.856714488856480827e+01
-1.856402032970137128e+01
-1.854461221214627997e+01
-1.863866307710830128e+01
-1.871781463109513410e+01
-1.866529035300141715e+01
-1.858691268620520631e+01
-1.866883736501944213e+01
-1.853556213999154778e+01
-1.858127315036060523e+01
-1.847407885584474485e+01
-1.849789078535134479e+01
-1.855110388704206414e+01
-1.851770961730049692e+01
-1.853605994945345969e+01
-1.861175289598028115e+01
-1.863738960870567851e+01
-1.857681659351277759e+01
-1.852069350042487628e+01
-1.842197092982551254e+01
-1.848645278673557968e+01
-1.846779616602895757e+01
-1.845854145534296364e+01
-1.857749274553609453e+01
-1.867985151084022633e+01
-1.854248050679768056e+01
-1.857553741357564903e+01
-1.854526823450105155e+01
-1.852238685694445763e+01
-1.846670386580779422e+01
-1.854714367071321135e+01
-1.851292082297985431e+01
-1.840320368403455475e+01
-1.837041576359519013e+01
-1.843610740501885914e+01
-1.858167563013558521e+01
-1.842007926022629860e+01
-1.827027730941799533e+01
-1.838640288583157911e+01
-1.839006061776898449e+01
-1.827275766072686025e+01
-1.831633129183141406e+01
-1.847762645513541102e+01
-1.840778074406228271e+01
-1.850001257675836186e+01
-1.850941721184821276e+01
-1.852801973811400416e+01
-1.848124155852977069e+01
-1.851662433299350496e+01
-1.851514281611183677e+01
-1.845400984381788234e+01
-1.856001087218381684e+01
-1.851666230015612058e+01
-1.860321244070207669e+01
-1.856205364636271327e+01
-1.845141318176470335e+01
-1.837247390974730976e+01
-1.835761316169948643e+01
-1.848826167223241868e+01
-1.829744879576428573e+01
-1.844787641707495141e+01
-1.838572474958238345e+01
-1.825382483557719127e+01
-1.817200780964861551e+01
-1.812832848969146227e+01
-1.816666854885662019e+01
-1.807559361149814947e+01
-1.807844362440425456e+01
-1.815022423145442332e+01
-1.807530791686414062e+01
-1.809776746780027779e+01
-1.824494360140473148e+01
-1.834925971774079301e+01
-1.830704567118339199e+01
-1.827720019147721331e+01
-1.813606613254931688e+01
-1.807683038347947857e+01
-1.812764843271354565e+01
-1.812850862097202764e+01
-1.831513663508720668e+01
-1.802630282108087911e+01
-1.811858938057207524e+01
-1.799427601106004460e+01
-1.804187110719188425e+01
-1.800872233076752948e+01
-1.792617672730104772e+01
-1.801071707976428371e+01
-1.805266635221635596e+01
-1.804915817243182019e+01
-1.816563387529504681e+01
-1.821909372618551970e+01
-1.818838090743768987e+01
-1.832502266841169103e+01
-1.830495018845304500e+01
-1.837591361326122552e+01
-1.818191401623903403e+01
-1.835835064640119185e+01
-1.835205940449697692e+01
-1.850088339313199626e+01
-1.846481589283154179e+01
-1.828129720118969459e+01
-1.824741139663754197e+01
-1.819871081961603565e+01
-1.810685236949040444e+01
-1.806514610688142142e+01
-1.817485926487298542e+01
-1.811007202955851625e+01
-1.805674150608875905e+01
-1.797080303995640804e+01
-1.790191677956269700e+01
-1.794214615692067838e+01
-1.788810248489093624e+01
-1.794294216042703738e+01
-1.808798817806796322e+01
-1.797392713591720792e+01
-1.790491423855025133e+01
-1.796448672775834154e+01
-1.797928328819620347e+01
-1.797305237607632478e+01
-1.808328305128781821e+01
-1.816989018307774373e+01
-1.819769491152112195e+01
-1.808475059577067157e+01
-1.801506471067510873e+01
-1.800441791179395068e+01
-1.798961543067111180e+01
-1.796498804350104805e+01
-1.787978650416504678e+01
-1.780398120631340930e+01
-1.780385589200169605e+01
-1.777900320892922181e+01
-1.773222035629927618e+01
-1.766342616327485615e+01
-1.761496236878022614e+01
-1.760744498304264383e+01
-1.763905001962093522e+01
-1.764270478498961126e+01
-1.772483111189801974e+01
-1.774828274847324749e+01
-1.784187810327635759e+01
-1.773076584392974553e+01
-1.763832697161421947e+01
-1.765644159897051324e+01
-1.763684097573773712e+01
-1.766402844323289756e+01
-1.763470218568529901e+01
-1.773503510100162828e+01
-1.778163843047645898e+01
-1.781860182960207339e+01
-1.772636518703516018e+01
-1.789490421949234999e+01
-1.775542884845317460e+01
-1.778779019979205955e+01
-1.776036540420926002e+01
-1.768976675742727167e+01
-1.774850296216404999e+01
-1.768888335034298720e+01
-1.780539734500532134e+01
-1.780544371756739608e+01
-1.783056682579778496e+01
-1.776336077214287101e+01
-1.778796928659561516e+01
-1.770142608628661662e+01
-1.773723319973303703e+01
-1.770760644169534004e+01
-1.770787126682600388e+01
-1.776197754440652332e+01
-1.778422212872671793e+01
-1.784637039134474890e+01
-1.774514553711418330e+01
-1.761432766447031995e+01
-1.758573229354899681e+01
-1.759913689791573788e+01
-1.771607343299385917e+01
-1.757012908450445821e+01
-1.754583707749120691e+01
-1.766495255478320558e+01
-1.758018607788720900e+01
-1.768590643848041211e+01
-1.764163102706788422e+01
-1.762694546225402092e+01
-1.773686270963371214e+01
-1.769863281271429756e+01
-1.769422137199959622e+01
-1.767638211759237166e+01
-1.763743003706123247e+01
-1.768616887623669953e+01
-1.766438632137990794e+01
-1.763811849924286435e+01
-1.765415884434285587e+01
-1.762445307450628107e+01
-1.773615971132267433e+01
-1.769923964234647329e+01
-1.769057413552996039e+01
-1.764450997778457975e+01
-1.779108132784421770e+01
-1.766586296652761945e+01
-1.777286740023189893e+01
-1.783907426450117839e+01
-1.769354510886862997e+01
-1.772412231503222912e+01
-1.779114141067764976e+01
-1.764349394479925337e+01
-1.770049691938254455e+01
-1.782303214020894089e+01
-1.769325757036729385e+01
-1.764647743378544931e+01
-1.758336754964596338e+01
-1.755802665388408457e+01
-1.757526638966852062e+01
-1.755232016939817541e+01
-1.753989729827473454e+01
-1.751169850344367873e+01
-1.753795401500688200e+01
-1.750461143734372982e+01
-1.744243936050521171e+01
-1.746955354665442428e+01
-1.743997514822822836e+01
-1.747641250563637527e+01
-1.741828287629965999e+01
-1.737488373633047800e+01
-1.744568827253196375e+01
-1.748671739806806613e+01
-1.741567760173094115e+01
-1.738767364902657064e+01
-1.740361819184367675e+01
-1.744727426250537405e+01
-1.739038326630453213e+01
-1.747612726831317431e+01
-1.740503364247314977e+01
-1.739303840233485232e+01
-1.736324415605335858e+01
-1.734042310494271888e+01
-1.735899834916732587e+01
-1.748364147866811891e+01
-1.739762414574462923e+01
-1.739702951020678867e+01
-1.741944103264368238e+01
-1.742390459633692856e+01
-1.743326244908870848e+01
-1.733431386223053394e+01
-1.748619567342389303e+01
-1.747287971163711617e+01
-1.738017173795794079e+01
-1.741251620139397005e+01
-1.729731698148011176e+01
-1.748322755871379286e+01
-1.751058481153010149e+01
-1.749699247558661952e+01
-1.748830948501020188e+01
-1.741157739084564327e+01
-1.748340954829502536e+01
-1.753217090587462224e+01
-1.752513372333324071e+01
-1.749357387303012246e+01
-1.758451393334603452e+01
-1.752618446108755634e+01
-1.754910737372851770e+01
-1.756345046006876132e+01
-1.753633288802089041e+01
-1.747702522794564217e+01
-1.737951703066065789e+01
-1.738168622809485697e+01
-1.742047977676429582e+01
-1.740176107164880293e+01
-1.746001482601162280e+01
-1.755062531665130265e+01
-1.753640151881417353e+01
-1.743728878513315905e+01
-1.742033792561000993e+01
-1.745466254202722922e+01
-1.744729795827045038e+01
-1.743604522168438109e+01
-1.740635170009987931e+01
-1.743805943906788514e+01
-1.741426699945602508e+01
-1.727024220646115893e+01
-1.733577541329958294e+01
-1.725541210018921845e+01
-1.727225672255052658e+01
-1.731764864456862441e+01
-1.725152747410422904e+01
-1.730482787524258015e+01
-1.731817718351432589e+01
-1.732237371136596948e+01
-1.741165908017363151e+01
-1.728923441874381695e+01
-1.731120175029510833e+01
-1.735973664287590168e+01
-1.728780623321711474e+01
-1.728459566036310591e+01
-1.731615758611221523e+01
-1.730220882690204931e+01
-1.732219472103587776e+01
-1.734869610460701850e+01
-1.741659266899644365e+01
-1.739519523451004090e+01
-1.738975894897309971e+01
-1.734248333288298838e+01
-1.735294673565708123e+01
-1.743797676234671457e+01
-1.744548522330300599e+01
-1.738577357873470319e+01
-1.749347596876491906e+01
-1.752895784679417801e+01
-1.744977794596545451e+01
-1.743637643722525965e+01
-1.738398084762750528e+01
-1.731407897961467057e+01
-1.729317689938345382e+01
-1.728435689532424746e+01
-1.729047055453864346e+01
-1.733361242241861078e+01
-1.727640865601223652e+01
-1.737311502767955673e+01
-1.729591333411525511e+01
-1.731303126037962770e+01
-1.734220475116591587e+01
-1.734904376216794120e+01
-1.741085142829060928e+01
-1.749500640717990407e+01
-1.754204929421509718e+01
-1.758894610625109678e+01
-1.760163559724657034e+01
-1.747683730495324284e+01
-1.749744617983760975e+01
-1.729066523469515815e+01
-1.734135888710600426e+01
-1.736189060589326516e+01
-1.741577427148478208e+01
-1.744078912018688499e+01
-1.743575856068165564e+01
-1.744374642414811660e+01
-1.744629650317583724e+01
-1.742181853423274163e+01
-1.745727134112273404e+01
-1.751288644218896806e+01
-1.752018503397199467e+01
-1.750247484555001165e+01
-1.737581655888019938e+01
-1.740561493946244909e+01
-1.740361590785599688e+01
-1.737444069125383805e+01
-1.730309185050806775e+01
-1.720691292763709512e+01
-1.723319573735909316e+01
-1.720838893893430210e+01
-1.721974329213713162e+01
-1.732857000967413441e+01
-1.736090093477605834e+01
-1.731718817512622266e+01
-1.741350972203391834e+01
-1.731303748458588032e+01
-1.716821577504184759e+01
-1.721554155581964096e+01
-1.728479536500614699e+01
-1.721353911588778018e+01
-1.728032165933524311e+01
-1.724373668138800397e+01
-1.730795335202302354e+01
-1.732437143280803582e+01
-1.740216675571437932e+01
-1.738592859628545995e+01
-1.731095547775264620e+01
-1.724171665977673840e+01
-1.743873598003422742e+01
-1.742457221910610699e+01
-1.746622685074272141e+01
-1.737197607017536782e+01
-1.738675897505393664e+01
-1.737038971880935634e+01
-1.737637286409163906e+01
-1.735546516775364267e+01
-1.737717130989943826e+01
-1.743723315219572001e+01
-1.744221652154232416e+01
-1.747262915333850941e+01
-1.739407207611130701e+01
-1.717629136974336390e+01
-1.723414553523695858e+01
-1.713342870507740301e+01
-1.716877250773998753e+01
-1.726768832804459208e+01
-1.728087004310127739e+01
-1.718758906897517491e+01
-1.733112852910693036e+01
-1.724369443675285751e+01
-1.718094304962500729e+01
-1.717018684705749720e+01
-1.706499292384846100e+01
-1.716292152364840007e+01
-1.717250070038349818e+01
-1.712266702680542707e+01
-1.711550927558913315e+01
-1.732457149932197282e+01
-1.728654226381269154e+01
-1.726522471781552781e+01
-1.713749938398739658e+01
-1.711524751289130108e+01
-1.714546887118443053e+01
-1.724398111928952915e+01
-1.726031562282951981e+01
-1.734609534987923141e+01
-1.738554532345260739e+01
-1.734573117516831431e+01
-1.731312664725786732e+01
-1.723453772036338094e+01
-1.730806271962464749e+01
-1.719372386286655185e+01
-1.718061688652696262e+01
-1.720153845662430925e+01
-1.703830166885643038e+01
-1.707099434435511753e+01
-1.708406792204224800e+01
-1.709476037191664588e+01
-1.721888284795997137e+01
-1.718091871950511518e+01
-1.711332577253806519e+01
-1.709545958801791343e+01
-1.708141121932035489e+01
-1.712413878650669474e+01
-1.706494318198248195e+01
-1.711304757778897567e+01
-1.711845564519952489e+01
-1.710621544572742181e+01
-1.713936840717424914e+01
-1.716636454909923160e+01
-1.713824839818656187e+01
-1.710605232111438312e+01
-1.713465692773938898e+01
-1.718474808675708232e+01
-1.711900749654984466e+01
-1.714791183263596963e+01
-1.711714619633905698e+01
-1.711919044126618417e+01
-1.706419160881999630e+01
-1.702828047660292299e+01
-1.705580298649270432e+01
-1.698712947526207984e+01
-1.713774471522954812e+01
-1.694813650831788721e+01
-1.710149728377006184e+01
-1.701104129498200379e+01
-1.704809548835400435e+01
-1.713122974712281277e+01
-1.720234183463452737e+01
-1.723269312549914645e+01
-1.714918522869800199e+01
-1.711013911748609218e+01
-1.720470344232514037e+01
-1.717087270909701857e+01
-1.715788243773197408e+01
-1.714537854218170665e+01
-1.718821630398613109e+01
-1.715336313265551027e+01
-1.705182516990903707e+01
-1.699495507025014973e+01
-1.701181609528007499e+01
-1.702911397187655140e+01
-1.709705608845469627e+01
-1.708442888245618008e+01
-1.709396305515240044e+01
-1.719005741589250036e+01
-1.708718751511051082e+01
-1.714462796038237613e+01
-1.716223516690606843e+01
-1.718612205389627334e+01
-1.720617975407658662e+01
-1.717006628428614690e+01
-1.721780897746095462e+01
-1.720327556136586367e+01
-1.718357875318645611e+01
-1.724470908728347851e+01
-1.727612835351813203e+01
-1.726420683921818267e+01
-1.722215213242686715e+01
-1.728171807017675121e+01
-1.722958471112281842e+01
-1.719005904748054192e+01
-1.715206341909664189e+01
-1.718294708892011968e+01
-1.717271144540580607e+01
-1.720149513799958640e+01
-1.719045612309267312e+01
-1.716434407500757331e+01
-1.714250014703237923e+01
-1.719291614425506509e+01
-1.729980336774692873e+01
-1.721763650037686944e+01
-1.721771263187643797e+01
-1.708697594413563436e+01
-1.721333884546485038e+01
-1.733135928959897498e+01
-1.736071674879248405e+01
-1.731315231751617745e+01
-1.734730090133330549e+01
-1.725965114053781591e+01
-1.729871913302462616e+01
-1.720975643597742533e+01
-1.725084859201846399e+01
-1.722144319677405022e+01
-1.731188463610376260e+01
-1.727800936796763409e+01
-1.723668167395944195e+01
-1.743007050474194486e+01
-1.727804149466292571e+01
-1.720995309198596601e+01
-1.720045457136960820e+01
-1.712973563574924185e+01
-1.718030572802495826e+01
-1.713853285991938691e+01
-1.711817716547342627e+01
-1.717289526350080564e+01
-1.719757118903356030e+01
-1.704053635217693241e+01
-1.705912801548751645e+01
-1.710290719083911881e+01
-1.700837002028677958e+01
-1.716424559195889543e+01
-1.704928897949941557e+01
-1.709790883629700531e+01
-1.709091785388956097e+01
-1.708914021652035231e+01
-1.700487043885156169e+01
-1.698939392501874224e+01
-1.700188678658556896e+01
-1.701514029309929299e+01
-1.709092383679747229e+01
-1.709091401264972632e+01
-1.714240875725053570e+01
-1.709773858861857221e+01
-1.710853331797797949e+01
-1.712863341309210341e+01
-1.718207813190191757e+01
-1.712015478497727017e+01
-1.721827108118662508e+01
-1.707553527503200286e+01
-1.716898845808421470e+01
-1.716865103914950552e+01
-1.712603211257985691e+01
-1.711265510772858534e+01
-1.714440727813348886e+01
-1.719389052329506740e+01
-1.723108080165043532e+01
-1.726068195765925850e+01
-1.721303747086916047e+01
-1.728398887489267466e+01
-1.719287542024170179e+01
-1.728784253849450181e+01
-1.727505043335694523e+01
-1.727215016543227577e+01
-1.722580133314858841e+01
-1.718663865794026080e+01
-1.720142131355699888e+01
-1.708283220664993962e+01
-1.718203724751012018e+01
-1.719059899206289899e+01
-1.724301700441326801e+01
-1.716507991693698187e+01
-1.717681349748784214e+01
-1.712751151817333550e+01
-1.711852282580304774e+01
-1.722734250209338924e+01
-1.733831483423988118e+01
-1.728546073324462284e+01
-1.717416410501489921e+01
-1.723510189185741837e+01
-1.724193068066443146e+01
-1.727480055902808687e+01
-1.730434938690499180e+01
-1.723994090952885472e+01
-1.735041916805453610e+01
-1.738594856999221605e+01
-1.734356957696102342e+01
-1.729178125903017005e+01
-1.728139158882715876e+01
-1.723230810976384930e+01
-1.725822663514930255e+01
-1.727010137471947715e+01
-1.732648085122593784e+01
-1.730463933216813643e+01
-1.726752394810222313e+01
-1.727978273032974599e+01
-1.728495532405808177e+01
-1.724932103571479658e+01
-1.731489106995273630e+01
-1.720330510557512227e+01
-1.708303655862816228e+01
-1.708692580972193653e+01
-1.707174344810389144e+01
-1.712123268757569150e+01
-1.700589654163504605e+01
-1.707088258829718797e+01
-1.714577946477938752e+01
-1.727682561994682686e+01
-1.729799295203794784e+01
-1.729152392165789465e+01
-1.719312484103743444e+01
-1.719504344538122353e+01
-1.716131061898662935e+01
-1.716174377514691329e+01
-1.724151049557651660e+01
-1.705627646758064841e+01
-1.709720207905911948e+01
-1.702777131345164108e+01
-1.712325204236833187e+01
-1.724807324994627322e+01
-1.709024876251380221e+01
-1.702515675699119413e+01
-1.702174991240263324e+01
-1.712799887828568046e+01
-1.715463163702474603e+01
-1.718175053324777224e+01
-1.709004145833248955e+01
-1.715289038034274682e+01
-1.712266887382253344e+01
-1.719067805550694672e+01
-1.709699238008080258e+01
-1.713160171086786931e+01
-1.710656215417726855e+01
-1.716692819980351814e+01
-1.723620804032093545e+01
-1.717065055925155548e+01
-1.714786152567022981e+01
-1.715140697678815229e+01
-1.709908098483392536e+01
-1.712664458674701962e+01
-1.719456954196742515e+01
-1.716196892012161257e+01
-1.716499860120373100e+01
-1.707817872588755392e+01
-1.721982950618087571e+01
-1.728809712556756750e+01
-1.719975818328540029e+01
-1.722909688774896608e+01
-1.716612351696154448e+01
-1.725844546677384628e+01
-1.724430409010782483e+01
-1.724348586453292143e+01
-1.706714431517511699e+01
-1.720309083032035247e+01
-1.713652156147237449e+01
-1.720726948433097192e+01
-1.714496845459644092e+01
-1.718513582978825838e+01
-1.719815879666866465e+01
-1.723840281384176620e+01
-1.718156434143110189e+01
-1.723201581227278467e+01
-1.724309614833767412e+01
-1.727911674756159499e+01
-1.725346356290626915e+01
-1.721567746629351703e+01
-1.725060493331434230e+01
-1.720565217035721517e+01
-1.725718633967058935e+01
-1.728741095140036421e+01
-1.729245815054721191e+01
-1.732548904755285335e+01
-1.724783347722931737e+01
-1.720971560605787687e+01
-1.719233446721296588e+01
-1.721346218431603958e+01
-1.722859848951470241e+01
-1.725534931809390571e+01
-1.737095317144562401e+01
-1.742932713858305149e+01
-1.737704052268113486e+01
-1.739684275080790599e+01
-1.744041535356345207e+01
-1.741682615753348173e+01
-1.742481964050442755e+01
-1.745369979154869000e+01
-1.737275331148171986e+01
-1.740093785774245205e+01
-1.746317468844675247e+01
-1.742248843030496630e+01
-1.750020064160587907e+01
-1.749499465017356670e+01
-1.743063949484818664e+01
-1.739055189833180393e+01
-1.740175433309035924e+01
-1.730317049913320560e+01
-1.731801182024408092e+01
-1.737802651157033296e+01
-1.728483324288449907e+01
-1.726597743260957429e+01
-1.733274527175122159e+01
-1.724727712486470921e+01
-1.729075798456516821e+01
-1.736698906522730113e+01
-1.742868599398653018e+01
-1.728487552863207100e+01
-1.720707832598483833e+01
-1.718127615530695707e+01
-1.721508136961976376e+01
-1.726717307622424968e+01
-1.726763494080050876e+01
-1.720543800317902594e+01
-1.720720524690929665e+01
-1.729188210674799819e+01
-1.720097195229762477e+01
-1.718273637380275787e+01
-1.724725387239546492e+01
-1.730076433901713173e+01
-1.718346446459320376e+01
-1.739495794047064692e+01
-1.723252170916622461e+01
-1.735952041048261307e+01
-1.726295846865676964e+01
-1.721662002142954151e+01
-1.730407271021305249e+01
-1.738369609899412538e+01
-1.734770678181669723e+01
-1.732343638316888956e+01
-1.724665298175657924e+01
-1.734614263495715747e+01
-1.739131742295751692e+01
-1.744699502323019757e+01
-1.744349783949090948e+01
-1.740971737850658485e+01
-1.738787659726324719e+01
-1.741753423287907054e+01
-1.724245849487937932e+01
-1.732336071578000514e+01
-1.727402411999805310e+01
-1.730479792827303243e+01
-1.727078111528404492e+01
-1.712409626065190693e+01
-1.713234380496257003e+01
-1.711490886828876867e+01
-1.724133165254830757e+01
-1.718135639073774001e+01
-1.729986486920971345e+01
-1.726032999185094141e+01
-1.714141174887812724e+01
-1.702900185620447004e+01
-1.716757727513438425e+01
-1.715447223096951390e+01
-1.717874139502853126e+01
-1.705607505804907120e+01
-1.707108868187271966e+01
-1.706602670725992255e+01
-1.702874558766977842e+01
-1.701983921313797765e+01
-1.711871166233839148e+01
-1.718730600497320893e+01
-1.713372607944635106e+01
-1.712005048832849496e+01
-1.715646957385074600e+01
-1.706165603140777165e+01
-1.711150050563870906e+01
-1.704826516835083439e+01
-1.704887072567798256e+01
-1.697446233227035606e+01
-1.707486068177999528e+01
-1.706302844336520508e+01
-1.714982077331125154e+01
-1.710629041154411567e+01
-1.701328022826240982e+01
-1.714651636314470551e+01
-1.716777026378568038e+01
-1.716257875379603703e+01
-1.722647483699136117e+01
-1.718942355910522934e+01
-1.717824758424497134e+01
-1.715468781433379775e+01
-1.720764041793759347e+01
-1.712324109356054436e+01
-1.705525432365256577e+01
-1.702162683614152527e+01
-1.705174215951135253e+01
-1.700023275106835641e+01
-1.705525543764397156e+01
-1.708641410182665155e+01
-1.711063736296563675e+01
-1.710541266782739456e+01
-1.713695148249451705e+01
-1.717494513760766850e+01
-1.710357355444067906e+01
-1.709429575006254964e+01
