# 2*np.log[MAD(r)] for 100 flights; 1000 steps per flight; run 11 of 50; mu: 3.50; seed: 10
-2.552132827399049120e+01
-2.349788696469425986e+01
-2.296623540507693306e+01
-2.256903586592126487e+01
-2.191847252109761968e+01
-2.207553636764669847e+01
-2.159261803330348783e+01
-2.201336493404418704e+01
-2.171992009272424085e+01
-2.198062485941589372e+01
-2.166158975462330361e+01
-2.174535739885524777e+01
-2.149489740712637342e+01
-2.146897136665429784e+01
-2.145438379052523814e+01
-2.140078231652414686e+01
-2.162441498504870552e+01
-2.142970110754518842e+01
-2.132014561102526784e+01
-2.145353562062677710e+01
-2.127415383726118847e+01
-2.095698439328720752e+01
-2.077111455436096676e+01
-2.087682019006013334e+01
-2.099154224062849394e+01
-2.101975700369119693e+01
-2.078246048269433643e+01
-2.061359803703757620e+01
-2.065031079622035293e+01
-2.054413787331858643e+01
-2.039160316279139806e+01
-2.037013019269849323e+01
-2.049201720515204173e+01
-2.044855099344498939e+01
-2.031136860137679179e+01
-2.004149612179983819e+01
-2.033798185415884063e+01
-2.026945575188844373e+01
-2.023256608198540363e+01
-2.042453138786678224e+01
-2.025988067208052001e+01
-2.023506560533904874e+01
-2.006264663096456147e+01
-2.014973565731909488e+01
-2.034258141729829816e+01
-2.022722771148605148e+01
-2.019893077242845081e+01
-2.034071513914151552e+01
-2.008861811987443602e+01
-2.025370751771400890e+01
-2.043802795510286074e+01
-2.038113947587014252e+01
-2.011027840209223072e+01
-2.009189470106388598e+01
-1.999931853944921301e+01
-2.008441914301607412e+01
-2.017913138196971090e+01
-1.996312770549084448e+01
-2.004071208226076806e+01
-2.018573730609077543e+01
-1.999895305897077336e+01
-2.009531227070351633e+01
-1.985861709582196610e+01
-1.992159545731644243e+01
-1.995403830813635082e+01
-1.985115011976374788e+01
-1.988700011344232976e+01
-2.002473966948538120e+01
-1.998552229957097737e+01
-1.980579831512710953e+01
-1.956417255944382561e+01
-1.951169267968004561e+01
-1.968224196996423458e+01
-1.959065734673610848e+01
-1.943228096031643304e+01
-1.971813687103214363e+01
-1.952501862830887802e+01
-1.938688519452313130e+01
-1.950371582246195601e+01
-1.943925825558573095e+01
-1.973279769215220014e+01
-1.947844097844206956e+01
-1.943462940749421719e+01
-1.959485629263465611e+01
-1.968712304038077576e+01
-1.943565625122608154e+01
-1.942259452321228608e+01
-1.926416319860331683e+01
-1.938575199208153066e+01
-1.935954195967929081e+01
-1.946088233416586988e+01
-1.954281862482845966e+01
-1.946290793622730320e+01
-1.932371708129768706e+01
-1.940871845788162986e+01
-1.927908946474189733e+01
-1.929138995202401219e+01
-1.942789473651894028e+01
-1.942813528933539402e+01
-1.950577181178449848e+01
-1.938367064419374941e+01
-1.948847927391530988e+01
-1.947687813649053368e+01
-1.937173228077996257e+01
-1.949008361780791532e+01
-1.970298593526011288e+01
-1.967978947533638134e+01
-1.959573307188087909e+01
-1.944522251799877921e+01
-1.941711721518731082e+01
-1.940868901064153462e+01
-1.928798265022241054e+01
-1.929095190406243177e+01
-1.939275963563143890e+01
-1.943845127456609845e+01
-1.941652787672085623e+01
-1.928296169069860966e+01
-1.933832735850118922e+01
-1.937199347884541822e+01
-1.947586764766757739e+01
-1.963756970693811255e+01
-1.947151173768901700e+01
-1.928399100224539708e+01
-1.927884795073404689e+01
-1.911643790196914239e+01
-1.927515532639827001e+01
-1.908288652398472252e+01
-1.907448850964686216e+01
-1.891063725521026839e+01
-1.907509859566151533e+01
-1.887090690679762517e+01
-1.896100133656984710e+01
-1.900290956102206152e+01
-1.889739892482351280e+01
-1.893802541928002725e+01
-1.888354256128752340e+01
-1.879965907611449083e+01
-1.870290345915201158e+01
-1.877061040381393653e+01
-1.846024175539123036e+01
-1.855238961066241643e+01
-1.857822698342622658e+01
-1.870368928606503545e+01
-1.852777194937187488e+01
-1.874166799827943208e+01
-1.871146712279542257e+01
-1.875703435927911400e+01
-1.864033169499197129e+01
-1.872774797490786369e+01
-1.867942477807021362e+01
-1.879113831642166588e+01
-1.872059167137204838e+01
-1.885920982003717938e+01
-1.869717116393627876e+01
-1.866631051286795540e+01
-1.862879599526936403e+01
-1.879156974905199107e+01
-1.878936533936131070e+01
-1.871520901111468405e+01
-1.875133202049884318e+01
-1.878793955439866892e+01
-1.886432999760988594e+01
-1.873840954467052100e+01
-1.883113813032484174e+01
-1.895452293547675993e+01
-1.881760013766872319e+01
-1.887771695382539860e+01
-1.885195620226654611e+01
-1.886544378126919597e+01
-1.871876859831572659e+01
-1.887534449814565107e+01
-1.901877073288934383e+01
-1.896297853295448377e+01
-1.893583829885525560e+01
-1.884567357542244181e+01
-1.878875081666214442e+01
-1.888885583136655910e+01
-1.870945710794873662e+01
-1.876533860636494566e+01
-1.877342755016404752e+01
-1.865345143456330490e+01
-1.878344847713118426e+01
-1.879095368507419295e+01
-1.886977274699873419e+01
-1.885832756374486152e+01
-1.888967631038501693e+01
-1.910398372182614679e+01
-1.882652668498115034e+01
-1.877235205189135314e+01
-1.873661195116360645e+01
-1.880595472115766142e+01
-1.855365337706579254e+01
-1.859354363446565372e+01
-1.852062930781137950e+01
-1.861124846823316403e+01
-1.864038349862775945e+01
-1.860303081988286777e+01
-1.856903739338791937e+01
-1.870827624678107526e+01
-1.870038253659434702e+01
-1.875089234146046735e+01
-1.877372956613488242e+01
-1.873109614600252470e+01
-1.880044062973900409e+01
-1.870948326303052767e+01
-1.869239306422656455e+01
-1.879420640229955808e+01
-1.877369833475516359e+01
-1.888834324488188798e+01
-1.860972885193940485e+01
-1.852368713862237470e+01
-1.843401524363621746e+01
-1.854861091609057056e+01
-1.861493262004078986e+01
-1.863671215522920832e+01
-1.862143319083450521e+01
-1.861012847501655898e+01
-1.870144492255546709e+01
-1.861232685399682651e+01
-1.862666691784682271e+01
-1.871671182475228079e+01
-1.877561408555381206e+01
-1.889019804751553266e+01
-1.876594649556489003e+01
-1.884204255878405831e+01
-1.888899910660711967e+01
-1.882996519482693643e+01
-1.864201316371052286e+01
-1.866767865841181262e+01
-1.868920718976921336e+01
-1.871101100750751556e+01
-1.875314295933967301e+01
-1.863888590955675539e+01
-1.857164466393232871e+01
-1.865436062517721183e+01
-1.861326319220149728e+01
-1.853527170517573808e+01
-1.872880769778984344e+01
-1.867927462645337755e+01
-1.858994952198239403e+01
-1.862825296847866241e+01
-1.862732444181669678e+01
-1.878492481815635173e+01
-1.866311034169321559e+01
-1.880984038704479744e+01
-1.870739476087980435e+01
-1.877429327379321933e+01
-1.871845342585341143e+01
-1.881704495039134528e+01
-1.877657696296078882e+01
-1.869464755140845469e+01
-1.873686189830340965e+01
-1.869078615482857586e+01
-1.868214181943034191e+01
-1.887031948449603647e+01
-1.877461606491630874e+01
-1.873836469404129801e+01
-1.862816006380413114e+01
-1.859944261423047251e+01
-1.852710227516950070e+01
-1.838395244857323974e+01
-1.861189500838588984e+01
-1.862478576593982993e+01
-1.871516925669548215e+01
-1.856644654566517971e+01
-1.864994829114363029e+01
-1.859784177333872179e+01
-1.863408304275665017e+01
-1.856173144173068223e+01
-1.859918603298322637e+01
-1.843342815423142511e+01
-1.862084699280418576e+01
-1.860038730387071837e+01
-1.858543579042585137e+01
-1.870230725367050439e+01
-1.858880371254839048e+01
-1.861679903287181759e+01
-1.864313999899481544e+01
-1.849703869529015066e+01
-1.861643369835851303e+01
-1.846085483692580098e+01
-1.857706594622009533e+01
-1.841113219870219453e+01
-1.883558801435235353e+01
-1.884622011864154345e+01
-1.892833572870243941e+01
-1.882438178805288942e+01
-1.855130247784331132e+01
-1.847427119546112095e+01
-1.844965286102906177e+01
-1.852298638829951116e+01
-1.854376508281065128e+01
-1.841403635644878989e+01
-1.841267403704570427e+01
-1.833304040748104313e+01
-1.834195045851782524e+01
-1.840282273407522595e+01
-1.832683209883812481e+01
-1.825297195210002599e+01
-1.824074652617781567e+01
-1.817216536013618011e+01
-1.821927359701231808e+01
-1.824530434148247338e+01
-1.820449579878297186e+01
-1.825439199903804877e+01
-1.830906044775512242e+01
-1.829053699507834096e+01
-1.829783444455826924e+01
-1.841911914307237907e+01
-1.840196780545396038e+01
-1.827821121178426012e+01
-1.818036323958005340e+01
-1.829024790307776627e+01
-1.826528466454975330e+01
-1.816391508657927645e+01
-1.833240736695535844e+01
-1.830056887197109106e+01
-1.826935183536586393e+01
-1.807641253561449446e+01
-1.812991854671082592e+01
-1.817839189668848121e+01
-1.823404966499950319e+01
-1.826747443852182329e+01
-1.815173660346260576e+01
-1.824936790227900474e+01
-1.812376511458636585e+01
-1.799367864031331266e+01
-1.801222069916921598e+01
-1.791705091864490740e+01
-1.808965897912156606e+01
-1.798553671970001488e+01
-1.799634522070057585e+01
-1.806562750402078166e+01
-1.789323819496357260e+01
-1.794799263610952167e+01
-1.801490919107065025e+01
-1.803878720290071414e+01
-1.807158640703309871e+01
-1.801768369758096711e+01
-1.793161780048826870e+01
-1.797009565092255912e+01
-1.798488804895029602e+01
-1.806866816292424360e+01
-1.803743857154787378e+01
-1.815615770461903011e+01
-1.808374798351178825e+01
-1.814940416178010452e+01
-1.829031144496234518e+01
-1.814487380455814858e+01
-1.806474283248994439e+01
-1.806157978560011301e+01
-1.815033149697294945e+01
-1.830653520430125170e+01
-1.815742435024384349e+01
-1.811176311753533597e+01
-1.813191189207369902e+01
-1.798435441850253724e+01
-1.803393883268260467e+01
-1.800735253452051055e+01
-1.810563193048599828e+01
-1.811900584504526890e+01
-1.802081599430618297e+01
-1.812340209226104903e+01
-1.797353780006049462e+01
-1.786369016332902859e+01
-1.803984697425635630e+01
-1.796423786761793195e+01
-1.783485009016468936e+01
-1.793108113977043772e+01
-1.788340243983361688e+01
-1.790944451627760259e+01
-1.796321782728184147e+01
-1.798671716380528807e+01
-1.791053017564146543e+01
-1.784369946052116518e+01
-1.781731214591284385e+01
-1.790516008285283078e+01
-1.785334535576968662e+01
-1.784774020200164202e+01
-1.789463077330576368e+01
-1.781031175977247472e+01
-1.786306542435172062e+01
-1.795154242136832323e+01
-1.800523978935631675e+01
-1.794414975616001229e+01
-1.778699635729128303e+01
-1.786360427462287959e+01
-1.787171330539792535e+01
-1.783651640533928528e+01
-1.781571506714317366e+01
-1.794493856666885989e+01
-1.790014234069928278e+01
-1.780042050486091298e+01
-1.780261010200869976e+01
-1.782867181333644524e+01
-1.794719642019958883e+01
-1.779398565504269314e+01
-1.777931399083866282e+01
-1.785916237752316604e+01
-1.785927701370169274e+01
-1.796230417355180720e+01
-1.786184336978609721e+01
-1.785660655865277846e+01
-1.782885474206097243e+01
-1.790826536197740992e+01
-1.802537528370742592e+01
-1.779151717279542666e+01
-1.772761380659666841e+01
-1.791536164471978410e+01
-1.794554341456187885e+01
-1.801250276488062596e+01
-1.795146771125989460e+01
-1.787817319445276709e+01
-1.799346352227426138e+01
-1.807726879155012512e+01
-1.812648443676890153e+01
-1.809660214493955976e+01
-1.791556378756884982e+01
-1.783833784557731406e+01
-1.786744259927075262e+01
-1.795466821607978503e+01
-1.795099927595516931e+01
-1.791535620289556618e+01
-1.786890142435664686e+01
-1.774843667720644902e+01
-1.791922737413174360e+01
-1.777915414894660984e+01
-1.777670787731281266e+01
-1.781708757659371045e+01
-1.776121637188909119e+01
-1.776029813390533718e+01
-1.775894373746566757e+01
-1.771224724091136338e+01
-1.761390660661145802e+01
-1.761946213246599058e+01
-1.766378363998484957e+01
-1.767869069005462634e+01
-1.764645690974015224e+01
-1.776650022068073298e+01
-1.783613353646801869e+01
-1.757755614737531857e+01
-1.767152336425289505e+01
-1.754638351355045600e+01
-1.756137300884681451e+01
-1.761269128789654559e+01
-1.759568569364178003e+01
-1.754198176141309773e+01
-1.744136964222727570e+01
-1.740119255540160381e+01
-1.742252603015213808e+01
-1.746836203438283874e+01
-1.749330872525509051e+01
-1.753140111573745941e+01
-1.744560376515704192e+01
-1.744939441406396696e+01
-1.739263937830212470e+01
-1.734993430512701096e+01
-1.749071414051112683e+01
-1.749789850814164893e+01
-1.754642710151891905e+01
-1.748325370529652290e+01
-1.751067164462142856e+01
-1.743747603768065346e+01
-1.747250618108567721e+01
-1.744178179341392010e+01
-1.736163275076471990e+01
-1.748499405473866020e+01
-1.748692276272269197e+01
-1.755907526517589190e+01
-1.750296343972130586e+01
-1.755032958500863316e+01
-1.753796338523952159e+01
-1.758634946269039645e+01
-1.758995723300089864e+01
-1.757249945476756992e+01
-1.751321768009703916e+01
-1.749356157224527308e+01
-1.741334440581063703e+01
-1.731804686134238835e+01
-1.726812664282668308e+01
-1.737992879705288374e+01
-1.723004856188979161e+01
-1.723294745914321169e+01
-1.737092706354883731e+01
-1.736416300768288323e+01
-1.728764514887604875e+01
-1.730917038723380230e+01
-1.727904530098624036e+01
-1.739665921373449109e+01
-1.728828484720247616e+01
-1.727738117100341242e+01
-1.732152171064512913e+01
-1.721868178566739971e+01
-1.729332025273807005e+01
-1.729188851160001761e+01
-1.724507908339949580e+01
-1.731298705680439909e+01
-1.733621964894174994e+01
-1.723983276416201349e+01
-1.727552313514886606e+01
-1.729216286785929668e+01
-1.735454480075534534e+01
-1.728012023615028880e+01
-1.726519756679322626e+01
-1.734252907418252576e+01
-1.725542279869064544e+01
-1.726561992225757436e+01
-1.722859165080875954e+01
-1.721533971801652996e+01
-1.716689832281067041e+01
-1.722255128421521064e+01
-1.720661143414640293e+01
-1.722231394754274802e+01
-1.722485251903939840e+01
-1.716993455563894244e+01
-1.716713474632028635e+01
-1.714343334334270708e+01
-1.728291856631688006e+01
-1.732081396287744468e+01
-1.727422878929213113e+01
-1.737656781965582553e+01
-1.733313710102810745e+01
-1.733527113509616413e+01
-1.724365676506992529e+01
-1.717338841461663534e+01
-1.731189815408469457e+01
-1.728859129657393012e+01
-1.724564242499346989e+01
-1.730622228656451966e+01
-1.722559371049572263e+01
-1.727778996392386190e+01
-1.731158670043610215e+01
-1.725515177515429954e+01
-1.727963275107925867e+01
-1.736804612701159556e+01
-1.742277152219462621e+01
-1.731938936091045989e+01
-1.728931307783739868e+01
-1.743291410766033422e+01
-1.736241072102005489e+01
-1.745383529182861437e+01
-1.739058496782257635e+01
-1.736083061605353350e+01
-1.736746746349261628e+01
-1.733635098426502807e+01
-1.747937412507421584e+01
-1.750718573268337508e+01
-1.741335262056890798e+01
-1.743850681316936502e+01
-1.742994731096723626e+01
-1.730613244443497223e+01
-1.732834957545579257e+01
-1.738805812475950319e+01
-1.736034453731032912e+01
-1.729387259975130320e+01
-1.738006694653979523e+01
-1.733242059017515402e+01
-1.723199846717658446e+01
-1.725929967866347425e+01
-1.729531963026934349e+01
-1.727781601219257013e+01
-1.730665051633374318e+01
-1.725015960894744182e+01
-1.721310930458416877e+01
-1.710988580794662894e+01
-1.717466503533679401e+01
-1.712345109861442793e+01
-1.710452047888234617e+01
-1.718521172824894805e+01
-1.725484223655095306e+01
-1.719860123317722866e+01
-1.719822535016499643e+01
-1.730021831277738187e+01
-1.717813573627936918e+01
-1.721260866749954133e+01
-1.731338787579225169e+01
-1.732826099008177323e+01
-1.744437844951167449e+01
-1.740506172788056105e+01
-1.733187018146826830e+01
-1.744492445567738770e+01
-1.746096301920831806e+01
-1.745956857173876742e+01
-1.736458137210338037e+01
-1.743392372791424805e+01
-1.738745569794822998e+01
-1.732261663564052867e+01
-1.731860189120081372e+01
-1.735824965384104246e+01
-1.721859890091731060e+01
-1.719050732114518354e+01
-1.732829381667491120e+01
-1.732082335344411561e+01
-1.731571320321869223e+01
-1.739619644464315940e+01
-1.731735478674941575e+01
-1.731642146818082750e+01
-1.732784470062342663e+01
-1.727634553793779659e+01
-1.736201673249448518e+01
-1.732376988882182189e+01
-1.731864716913127467e+01
-1.720234022579261790e+01
-1.726976776873159736e+01
-1.735424145663886009e+01
-1.737703792482913556e+01
-1.728938404196620127e+01
-1.730215705821313676e+01
-1.730410334327762456e+01
-1.742299682883830059e+01
-1.738463120259276451e+01
-1.741722316329686748e+01
-1.736151617352289733e+01
-1.733392731963405708e+01
-1.737110166039729364e+01
-1.733222145081090204e+01
-1.731208598683750921e+01
-1.738922723180413854e+01
-1.735213414350336336e+01
-1.737722649733841607e+01
-1.740835156227014835e+01
-1.738925159850617419e+01
-1.731985418667202836e+01
-1.728022780608557696e+01
-1.728015219149162718e+01
-1.729269507784862370e+01
-1.736932890055074807e+01
-1.729439681224295100e+01
-1.723718382448237918e+01
-1.720877637085996525e+01
-1.734213854242718611e+01
-1.728182227553017825e+01
-1.725624105228378369e+01
-1.729827737007789779e+01
-1.725556143879800786e+01
-1.733153428114592387e+01
-1.734903808957346172e+01
-1.740228479384284910e+01
-1.736193789929797049e+01
-1.740089746679792881e+01
-1.739686590543415790e+01
-1.731136839459122001e+01
-1.721485739939026161e+01
-1.727197149253701269e+01
-1.718036346148875282e+01
-1.722234715476344036e+01
-1.739576456786176450e+01
-1.732770397018234831e+01
-1.724085931898757806e+01
-1.725497122636874181e+01
-1.732284302852234958e+01
-1.727378793473513952e+01
-1.727973618290676683e+01
-1.721743412851433774e+01
-1.717455668746033481e+01
-1.727401120463043682e+01
-1.727680802496951529e+01
-1.738029886627579756e+01
-1.732128224899246760e+01
-1.727972479150022878e+01
-1.720958226276983538e+01
-1.725876712196597751e+01
-1.728519835927156123e+01
-1.720867189313017676e+01
-1.720077321879279353e+01
-1.718825268612460633e+01
-1.715774440599127360e+01
-1.724435587265189085e+01
-1.717676134755576456e+01
-1.720698836095751361e+01
-1.720877714426918104e+01
-1.728972123845031206e+01
-1.736114618046776670e+01
-1.722025469738785119e+01
-1.730404012435941752e+01
-1.734257919326367769e+01
-1.728282958843405837e+01
-1.719354375257179868e+01
-1.730588956745321383e+01
-1.728502532487877374e+01
-1.728087257509277919e+01
-1.742085082963809128e+01
-1.726823194135474537e+01
-1.719547945275751388e+01
-1.722147638589942531e+01
-1.728026734699396627e+01
-1.719983381756468432e+01
-1.712779959513180827e+01
-1.724364133068099036e+01
-1.716071149034907961e+01
-1.724966977739212837e+01
-1.724008034566870862e+01
-1.730224216745989096e+01
-1.723805582960723370e+01
-1.726557896414809079e+01
-1.711492452732114700e+01
-1.710197806374009488e+01
-1.702497316944707606e+01
-1.706235966504188895e+01
-1.709353944634982270e+01
-1.717516059810349915e+01
-1.715324031334995780e+01
-1.716202800132525752e+01
-1.713435890019307450e+01
-1.706227369093022972e+01
-1.703253083512532484e+01
-1.709027050965055139e+01
-1.709723544273075646e+01
-1.708058245078985138e+01
-1.714667661994690917e+01
-1.718225627479106521e+01
-1.716652880608303633e+01
-1.718352455793096567e+01
-1.720380763315712258e+01
-1.725518618268882065e+01
-1.719587756034723469e+01
-1.723374511355038408e+01
-1.716195954686550706e+01
-1.730148650246709607e+01
-1.725069169486678788e+01
-1.722192529511348624e+01
-1.732278274862897405e+01
-1.717355985239525040e+01
-1.711936823350408332e+01
-1.711212050722417288e+01
-1.708359032763310381e+01
-1.716659372720717869e+01
-1.706332856511342300e+01
-1.714073797311098346e+01
-1.703964285326250305e+01
-1.709335026328669471e+01
-1.718510008686789448e+01
-1.710537815724248745e+01
-1.714977287575483444e+01
-1.723667283728973842e+01
-1.724306803952582356e+01
-1.728205436060181555e+01
-1.733090062770266471e+01
-1.730271991540150722e+01
-1.730251170899277824e+01
-1.733837947521097078e+01
-1.722435827331137048e+01
-1.724733865390964382e+01
-1.732890101893212531e+01
-1.736309557297702355e+01
-1.731795959568616539e+01
-1.743760589501696145e+01
-1.730765958750577127e+01
-1.722264285655020544e+01
-1.724767077397343940e+01
-1.732796605640024623e+01
-1.729460660389327487e+01
-1.710273247445192624e+01
-1.712582403383137830e+01
-1.716257884295891145e+01
-1.708736881743121927e+01
-1.720133439957923116e+01
-1.720025663114219938e+01
-1.722783205706391385e+01
-1.726853251244549980e+01
-1.723245474921651166e+01
-1.719368316397675400e+01
-1.718822332245468587e+01
-1.706948844121009401e+01
-1.720790757608699195e+01
-1.720571110252908298e+01
-1.713899210544728291e+01
-1.708880229421752972e+01
-1.715012144711791819e+01
-1.721837051341680436e+01
-1.722023769041323860e+01
-1.719895836299929570e+01
-1.734411198597703319e+01
-1.732158391017390997e+01
-1.725482488050984742e+01
-1.722526148371917643e+01
-1.730721640433098329e+01
-1.731481073166437668e+01
-1.722824278499366457e+01
-1.725360828932787172e+01
-1.719032258781206224e+01
-1.729055516551294147e+01
-1.722877751003446889e+01
-1.730489277882853472e+01
-1.721411477344057772e+01
-1.720962544897357560e+01
-1.718393681997702771e+01
-1.736031301779862446e+01
-1.742655094719123454e+01
-1.744809175855956340e+01
-1.717533677859262298e+01
-1.727642378533855805e+01
-1.724174151906162678e+01
-1.731851781201340046e+01
-1.729741103969703531e+01
-1.733738479318012082e+01
-1.740785289442727901e+01
-1.741688879025314662e+01
-1.740863321376464512e+01
-1.744827609530630497e+01
-1.742062390257269655e+01
-1.741508492304894062e+01
-1.728637807716080488e+01
-1.734688417175655673e+01
-1.737768332648762737e+01
-1.732336624727309626e+01
-1.740804375135829574e+01
-1.736793315988782282e+01
-1.738683283655338840e+01
-1.731926930128295083e+01
-1.730231265903248072e+01
-1.729121676904418692e+01
-1.731644369510744852e+01
-1.726598285814988643e+01
-1.712951985958141776e+01
-1.716533505554207295e+01
-1.705146579551298913e+01
-1.709536332939006087e+01
-1.709266702150068795e+01
-1.717092495581011136e+01
-1.715891311524957175e+01
-1.715602805905641048e+01
-1.717313335256079299e+01
-1.714099053368700964e+01
-1.715007250125835370e+01
-1.703987299262441724e+01
-1.709543159355245479e+01
-1.718296639517825142e+01
-1.712905658489479421e+01
-1.724562015901367573e+01
-1.710599251259260001e+01
-1.712657471643079887e+01
-1.712039001739911370e+01
-1.719327464195286836e+01
-1.714622157326151708e+01
-1.707814796671058133e+01
-1.708256048026266782e+01
-1.718375011797765950e+01
-1.715290059099191211e+01
-1.712105213976046514e+01
-1.713823913648030839e+01
-1.707384901131473853e+01
-1.706601433364735954e+01
-1.703922289679191238e+01
-1.705866268291668675e+01
-1.703647727813577362e+01
-1.718637345209114287e+01
-1.724985587884845373e+01
-1.729476372177925114e+01
-1.719533043205666090e+01
-1.731960957270683821e+01
-1.746897546666604839e+01
-1.747711264957358424e+01
-1.758530103908474373e+01
-1.741212278007209591e+01
-1.748423573186734714e+01
-1.751503903849572552e+01
-1.750499318582230757e+01
-1.745789440888723476e+01
-1.744682785851621531e+01
-1.740645220392783799e+01
-1.740586718760828688e+01
-1.742249766114895237e+01
-1.737520039587183263e+01
-1.737804891554898390e+01
-1.748531783885251656e+01
-1.745316942793546744e+01
-1.757714045284452098e+01
-1.754128349870152093e+01
-1.740352734773074062e+01
-1.732224594817219909e+01
-1.727356688344484681e+01
-1.729095665492348033e+01
-1.718889689447842883e+01
-1.724843034275665588e+01
-1.720641863926337933e+01
-1.722882544312322040e+01
-1.722843311624015072e+01
-1.721073787695966573e+01
-1.714954352557815653e+01
-1.707413207075491712e+01
-1.708942275504579200e+01
-1.708004012368374092e+01
-1.709410256144473905e+01
-1.703869709086830753e+01
-1.708788251379407441e+01
-1.705873646047953329e+01
-1.711196517942868667e+01
-1.715045808196194344e+01
-1.701957316411603571e+01
-1.702070205272854864e+01
-1.712230898885708186e+01
-1.711366470641694093e+01
-1.708767737127333319e+01
-1.709111199270671477e+01
-1.711181758494437233e+01
-1.718290180353868735e+01
-1.720529643582405654e+01
-1.713411627833697182e+01
-1.715928434998366825e+01
-1.713451942808350026e+01
-1.724065937746528832e+01
-1.727780648624372262e+01
-1.717204974020519259e+01
-1.708793325403394547e+01
-1.710972573660421503e+01
-1.710269994128215743e+01
-1.710819553848703833e+01
-1.730200515079603463e+01
-1.735405429172156744e+01
-1.729165982414276570e+01
-1.738298817644373528e+01
-1.743397931802960343e+01
-1.720908187927611976e+01
-1.727338849861281389e+01
-1.730823054186453902e+01
-1.724045367001915352e+01
-1.722234823544902937e+01
-1.723076325466162118e+01
-1.721972416866012523e+01
-1.715694217500955077e+01
-1.716707498811921084e+01
-1.720466301676821530e+01
-1.718929306802676038e+01
-1.720419017205271217e+01
-1.722946386219691917e+01
-1.720914998392775175e+01
-1.724389310543379494e+01
-1.723582413548489001e+01
-1.725875167059579596e+01
-1.727218874527833137e+01
-1.715053914724733986e+01
-1.726401805735381600e+01
-1.723096074620848484e+01
-1.727206049126061771e+01
-1.723316805548619257e+01
-1.719668212285948528e+01
-1.723411683814135031e+01
-1.715886415818187416e+01
-1.715103134321439882e+01
-1.704555020251600439e+01
-1.707853426858338253e+01
-1.709197585289103927e+01
-1.703793633416095687e+01
-1.705517987034862060e+01
-1.704569962026388197e+01
-1.711266416259369549e+01
-1.708950849322795307e+01
-1.713115623861733638e+01
-1.712425718562635879e+01
-1.712592708658035434e+01
-1.720698159550749295e+01
-1.731712452832045557e+01
-1.720749670762375771e+01
-1.721502957292609892e+01
-1.725820661967499348e+01
-1.725787782591309139e+01
-1.721923942291635257e+01
-1.720071238525466839e+01
-1.720603339802954679e+01
-1.724730695011197668e+01
-1.723652555302396294e+01
-1.732653812539207294e+01
-1.720311123424735200e+01
-1.715748760256536443e+01
-1.716556163078703179e+01
-1.717795783636952578e+01
-1.724233125668001421e+01
-1.712926610468194966e+01
-1.722919634380247800e+01
-1.718281000380915557e+01
-1.716940758497689856e+01
-1.723976404384338323e+01
-1.731054597911083448e+01
-1.717578269236317823e+01
-1.716680720293246409e+01
-1.724814580839982270e+01
-1.728020835111263054e+01
-1.728544676373553202e+01
-1.725699805384703822e+01
-1.715963504294535724e+01
-1.724392927243539475e+01
-1.715594914777097202e+01
-1.715486161480230720e+01
-1.712294397896742737e+01
-1.706824697805188507e+01
-1.712313833118443895e+01
-1.701508571136726289e+01
-1.708398460532123764e+01
-1.704484118423773964e+01
-1.706466933944158271e+01
-1.705903969759809158e+01
-1.713111550194706112e+01
-1.715759893369261135e+01
-1.715514340400325466e+01
-1.720080298910871619e+01
-1.714069515870563265e+01
-1.719711402777398490e+01
-1.716639601845913887e+01
-1.716018118213931132e+01
