# 2*np.log[MAD(r)] for 100 flights; 1000 steps per flight; run 22 of 50; mu: 3.50; seed: 21
-2.578978117362103362e+01
-2.372381353786721192e+01
-2.329317921875824382e+01
-2.309128668277423557e+01
-2.234056263117420471e+01
-2.200803305220944495e+01
-2.217450899161575606e+01
-2.226371517985934645e+01
-2.155897027944306288e+01
-2.146575708592285991e+01
-2.140737271867468650e+01
-2.137953161048734074e+01
-2.153811404520478590e+01
-2.148035098989238634e+01
-2.130493630299176644e+01
-2.137407605587931414e+01
-2.117928847198203712e+01
-2.104906396464650697e+01
-2.095295748863110319e+01
-2.084721917946477276e+01
-2.088952462896959972e+01
-2.054807517094533509e+01
-2.068988445607062587e+01
-2.070513820510334924e+01
-2.059724693566628773e+01
-2.056102153715572101e+01
-2.071832792716117666e+01
-2.050426550891382860e+01
-2.033508809978499698e+01
-2.041460068718799903e+01
-2.054061231532917020e+01
-2.039573512294159485e+01
-2.059101417536750844e+01
-2.046405150598723210e+01
-2.042406277207182441e+01
-2.037622504338454732e+01
-2.049437548540100451e+01
-2.065691792264004079e+01
-2.065554169512294891e+01
-2.017433374051501360e+01
-2.038225512737786005e+01
-2.031558742107418070e+01
-2.013046315116665852e+01
-2.002716869698483748e+01
-2.005516359466696841e+01
-2.002564257380615587e+01
-1.992343015906677195e+01
-2.002823913533482170e+01
-2.013541428311757997e+01
-1.994793879422979899e+01
-2.009303754889466731e+01
-2.044371353905837907e+01
-2.028876403931772998e+01
-2.003222916930637965e+01
-2.015239681871518229e+01
-2.014105025445002184e+01
-2.011632543377537274e+01
-1.991927320359999953e+01
-1.998130022282879636e+01
-1.991529152050059892e+01
-2.001892335452142646e+01
-1.980091581140534629e+01
-1.984034998472971623e+01
-1.999792128464642005e+01
-1.999038100462324863e+01
-1.991353246824427004e+01
-1.991687005308633829e+01
-1.993169421525248097e+01
-2.002697877521057990e+01
-1.989783129048631949e+01
-1.973401204213931237e+01
-1.978350152025446462e+01
-1.996241906005442956e+01
-1.974517721265253201e+01
-1.962223681928983154e+01
-1.963898603136149035e+01
-1.971434804601582869e+01
-1.969113615317680299e+01
-1.967843238925578930e+01
-1.970201988947421867e+01
-1.946779867059267133e+01
-1.952543283089497095e+01
-1.952648177757708581e+01
-1.951769469598745488e+01
-1.953316309159398756e+01
-1.936158317753920954e+01
-1.946365277158992058e+01
-1.943687677191978835e+01
-1.953844911117972671e+01
-1.959147290292341026e+01
-1.946465989129062635e+01
-1.952487314337017210e+01
-1.979851499604108511e+01
-1.965037851574070871e+01
-1.965294162043856829e+01
-1.988524407400281646e+01
-1.971554364665843195e+01
-1.993852615800601313e+01
-1.980382776837535630e+01
-1.975541109924069261e+01
-1.957135304758146432e+01
-1.961956838640656997e+01
-1.959872324195419324e+01
-1.937756725509603584e+01
-1.941704248492317575e+01
-1.939592635289092115e+01
-1.948815201863229518e+01
-1.952840931446641548e+01
-1.946825478090469730e+01
-1.939178086915164556e+01
-1.951363678329214224e+01
-1.948003056575132774e+01
-1.949737207598016298e+01
-1.971247740692521333e+01
-1.971648411009879354e+01
-1.977188410840975052e+01
-1.992092630928400254e+01
-1.973096644021972068e+01
-1.978026729987826116e+01
-1.967026565481733869e+01
-1.992085263934322725e+01
-1.976612995606379286e+01
-1.972113418342867064e+01
-1.960303434898230535e+01
-1.966011287269460439e+01
-1.969293704469405171e+01
-1.966372703784585596e+01
-1.966462314909361453e+01
-1.970055415044125979e+01
-1.949210377941304984e+01
-1.932367999824120730e+01
-1.939584781381266865e+01
-1.926685690508140070e+01
-1.917043207789395964e+01
-1.907352472672249277e+01
-1.936108344951754390e+01
-1.932375257195874951e+01
-1.935688247460662836e+01
-1.932158604389917400e+01
-1.938207012400228990e+01
-1.945885413876196068e+01
-1.944815855101214552e+01
-1.953457875723946557e+01
-1.936906176031366300e+01
-1.965406555336950234e+01
-1.942246965667341030e+01
-1.949269995173172276e+01
-1.942328082335853168e+01
-1.937876228696727310e+01
-1.923409144171629848e+01
-1.916265200927076862e+01
-1.940131110592848884e+01
-1.938979578338054566e+01
-1.921599413895244979e+01
-1.944833089278090554e+01
-1.948738186907094416e+01
-1.918914848624402225e+01
-1.913715997932516899e+01
-1.914118578391044068e+01
-1.903410454863333356e+01
-1.928551500507596828e+01
-1.930230004133424515e+01
-1.923011356745432465e+01
-1.926276737793451233e+01
-1.939365806809502857e+01
-1.927923645695349109e+01
-1.909207959484883688e+01
-1.920850091134401438e+01
-1.936621996697006765e+01
-1.938144355807334662e+01
-1.939791365798712164e+01
-1.932632673152957992e+01
-1.921297767443977378e+01
-1.937274202868562512e+01
-1.946561955736350669e+01
-1.915726293059696772e+01
-1.927135728602472398e+01
-1.908151426637131820e+01
-1.922635962092837758e+01
-1.933401345721944509e+01
-1.924990635526949134e+01
-1.919812998096372780e+01
-1.900990204688679341e+01
-1.907328316342445973e+01
-1.931565613257847858e+01
-1.930052798928715774e+01
-1.917587548703067668e+01
-1.930741232738493807e+01
-1.924065030790365682e+01
-1.905292713479128608e+01
-1.900558915106483227e+01
-1.904923203913931573e+01
-1.898841693256523655e+01
-1.918786052157183519e+01
-1.906943422251793052e+01
-1.901728447395347388e+01
-1.913037050259432803e+01
-1.915884430886966072e+01
-1.919610789662191408e+01
-1.918171377858355697e+01
-1.926051194098861785e+01
-1.937344914386034844e+01
-1.891125316216771779e+01
-1.871826373787791198e+01
-1.871626598435558009e+01
-1.885907775301809863e+01
-1.900143129932254027e+01
-1.870548440031589621e+01
-1.883591383116188211e+01
-1.885381134397458780e+01
-1.879902490217640221e+01
-1.868542618830282009e+01
-1.880460510475126767e+01
-1.875083783834149287e+01
-1.875236828143471968e+01
-1.870596439979788528e+01
-1.873650140056195568e+01
-1.875057521145509654e+01
-1.887954096373896107e+01
-1.888324308572055088e+01
-1.886981549847582329e+01
-1.894114325506920693e+01
-1.884625079458641750e+01
-1.896182879157110790e+01
-1.897178113037446323e+01
-1.882778840651471697e+01
-1.881237548965070516e+01
-1.868934518085309193e+01
-1.875874570808264252e+01
-1.875306607232222689e+01
-1.870226728555790885e+01
-1.871317252980408341e+01
-1.869936077257509410e+01
-1.871197276195721315e+01
-1.855562591522260618e+01
-1.848759534121313308e+01
-1.857168998044641484e+01
-1.862275026995819971e+01
-1.855883564871549396e+01
-1.834803388117053302e+01
-1.834893199266538133e+01
-1.842372069036693460e+01
-1.833432434135051992e+01
-1.822544224939132107e+01
-1.829254786515481257e+01
-1.825080008332369630e+01
-1.831398045731686253e+01
-1.840734225089295961e+01
-1.835889996636332100e+01
-1.844533324529243501e+01
-1.834103548199152200e+01
-1.843348554843419507e+01
-1.840692705088710923e+01
-1.845413646843194044e+01
-1.853744864450397500e+01
-1.827928462122597253e+01
-1.846735632352552159e+01
-1.847179716170854746e+01
-1.835493160934697343e+01
-1.838199582268898880e+01
-1.837356918448003285e+01
-1.830847914072936788e+01
-1.827701790199253651e+01
-1.824145477444065477e+01
-1.821958242011458040e+01
-1.828932026084148887e+01
-1.821502237663328927e+01
-1.823307041122580685e+01
-1.833648491270961856e+01
-1.823485037033378475e+01
-1.814749557582308981e+01
-1.804830979656820844e+01
-1.814666874814599851e+01
-1.808817908991937529e+01
-1.827264649356788340e+01
-1.814806824264148233e+01
-1.802250511658639809e+01
-1.803348134226148147e+01
-1.811954787442279979e+01
-1.811964333913591929e+01
-1.809573520757648524e+01
-1.817403879725522486e+01
-1.815323727156166100e+01
-1.798278063129545501e+01
-1.808151675939478054e+01
-1.805102885109177180e+01
-1.815169050547855534e+01
-1.824495689806842691e+01
-1.826049990954577140e+01
-1.818381298201401819e+01
-1.815942282064467150e+01
-1.811755427503721805e+01
-1.816627718126182600e+01
-1.817347603986319982e+01
-1.809121476608460455e+01
-1.810701584244912610e+01
-1.821768153862431916e+01
-1.816001928251328579e+01
-1.812256157861964923e+01
-1.817505400907527502e+01
-1.826524913465793531e+01
-1.836099340467361429e+01
-1.821558426850091905e+01
-1.820399714128387458e+01
-1.825038560945580102e+01
-1.830098562896241177e+01
-1.820590428669332894e+01
-1.821845008824862333e+01
-1.823393873404542376e+01
-1.831948101101473725e+01
-1.825624242217013204e+01
-1.819951099175790787e+01
-1.813579804367519444e+01
-1.821812766256925187e+01
-1.813606569967811311e+01
-1.809573033353786897e+01
-1.820432914306534045e+01
-1.825449555437883475e+01
-1.799250972567046603e+01
-1.809340248792693728e+01
-1.817808652780284717e+01
-1.806232964255697482e+01
-1.808339318983673394e+01
-1.803728133822766821e+01
-1.803638043916084044e+01
-1.809823973870005887e+01
-1.802248524451106348e+01
-1.788317615572399077e+01
-1.793848771541533438e+01
-1.794087580285308903e+01
-1.778800429354744850e+01
-1.788133908501824720e+01
-1.782805938327575745e+01
-1.783819169851352981e+01
-1.788660954524666735e+01
-1.789278826598907912e+01
-1.783439885829714910e+01
-1.781496874490856186e+01
-1.784005562357143759e+01
-1.797198001603513617e+01
-1.784839306768365574e+01
-1.791746414751496985e+01
-1.794019790916176404e+01
-1.790843805891005047e+01
-1.798596843704819648e+01
-1.792056495956321172e+01
-1.794360789028802827e+01
-1.802981199945154600e+01
-1.785630183790966541e+01
-1.779092649008725857e+01
-1.772067713944840861e+01
-1.789046823971861144e+01
-1.785373622201506549e+01
-1.789141686522762598e+01
-1.787771437729080404e+01
-1.806647159406621839e+01
-1.792695050818879920e+01
-1.812062901615227517e+01
-1.805025256150539903e+01
-1.821216348713653232e+01
-1.809187945428630684e+01
-1.801021730606599647e+01
-1.806387779210602673e+01
-1.802496487728615193e+01
-1.807052202033558075e+01
-1.806664891289695518e+01
-1.805815780521449909e+01
-1.806696590073973496e+01
-1.814402846994164875e+01
-1.811692475754395915e+01
-1.811836862920104352e+01
-1.821555518146612940e+01
-1.823171868343818147e+01
-1.812711939708488273e+01
-1.806363841720038010e+01
-1.815970666517395671e+01
-1.811609425382547300e+01
-1.810871554706861630e+01
-1.820429136685385529e+01
-1.812879844409706109e+01
-1.815410209600329239e+01
-1.806674781486227843e+01
-1.803953417604072840e+01
-1.809467778762683920e+01
-1.812021378839627062e+01
-1.804888818943704720e+01
-1.807480585482002056e+01
-1.809226151970207752e+01
-1.791390689801923841e+01
-1.795254130480790877e+01
-1.798509525471868997e+01
-1.792268382727055354e+01
-1.805048329211717828e+01
-1.804935653924544781e+01
-1.799781232827933408e+01
-1.793819756397038390e+01
-1.794665002411779042e+01
-1.788715848899379068e+01
-1.777257827674401014e+01
-1.777192317900314222e+01
-1.781457394546110606e+01
-1.779345713905306425e+01
-1.792952623512172394e+01
-1.788656548699541204e+01
-1.794104894586097743e+01
-1.790384309737740764e+01
-1.787282471458658506e+01
-1.780984101856082802e+01
-1.776322028422296029e+01
-1.783300870350377920e+01
-1.782432673757192276e+01
-1.776688337621540725e+01
-1.784610712316768044e+01
-1.803310650006888949e+01
-1.803843874785543377e+01
-1.789131493940546491e+01
-1.797012008887799439e+01
-1.801241276489024301e+01
-1.806152016010399208e+01
-1.808447058069440416e+01
-1.794925725798603722e+01
-1.786050296212435029e+01
-1.783365758383617816e+01
-1.793843842795667243e+01
-1.781005292937373952e+01
-1.786505436199150054e+01
-1.774411574409944592e+01
-1.772574258958329452e+01
-1.775897986176869026e+01
-1.767316260732293998e+01
-1.773855203331292429e+01
-1.771191487853683455e+01
-1.777861072659209185e+01
-1.771346146049490500e+01
-1.764191931563200910e+01
-1.770932631373237598e+01
-1.761311097065697595e+01
-1.783343586287018923e+01
-1.779702375528690084e+01
-1.774690288412288552e+01
-1.777592971812334355e+01
-1.764713351392029494e+01
-1.777767561077688541e+01
-1.774122828192715318e+01
-1.772948176326575265e+01
-1.761940837635981438e+01
-1.769939244010612711e+01
-1.761684849648056428e+01
-1.756068027685303790e+01
-1.757675618073323065e+01
-1.760281135996200064e+01
-1.759672298515902966e+01
-1.757060546703708326e+01
-1.754300193261662955e+01
-1.748231932156457802e+01
-1.753534651169137959e+01
-1.755067887041404973e+01
-1.747598333363907486e+01
-1.747167214327933138e+01
-1.739818527536183623e+01
-1.755536395384861237e+01
-1.752489302799315496e+01
-1.743586902001995398e+01
-1.740777929463969542e+01
-1.748574880424836664e+01
-1.749597032524765794e+01
-1.757165719244596858e+01
-1.751699782746492673e+01
-1.749770637150716013e+01
-1.754858254124339467e+01
-1.749201170084575807e+01
-1.756921198191009026e+01
-1.754663856424856050e+01
-1.760608926268494656e+01
-1.762298293012637984e+01
-1.755671549025670686e+01
-1.760955968093330526e+01
-1.771720174453260199e+01
-1.768307951537640577e+01
-1.772374227533630631e+01
-1.759261605672447715e+01
-1.762023600351282937e+01
-1.763538781487003249e+01
-1.757241295207968079e+01
-1.760609609410143861e+01
-1.760752875390111782e+01
-1.759953197847203654e+01
-1.759443783538381112e+01
-1.763949367789918199e+01
-1.755226968812480948e+01
-1.760148722334991689e+01
-1.748798495446945367e+01
-1.758214294752384887e+01
-1.758086829066497714e+01
-1.748046646104252488e+01
-1.750871005716634699e+01
-1.749543583213122488e+01
-1.751859306167982666e+01
-1.752511140383282395e+01
-1.758082473723345984e+01
-1.751559949878646094e+01
-1.765887111088328609e+01
-1.777530896725708232e+01
-1.770996352991650369e+01
-1.777991679017640081e+01
-1.775439488128388632e+01
-1.776182694219106750e+01
-1.786142485335247088e+01
-1.777963651479491247e+01
-1.774534934656860230e+01
-1.775805592678791456e+01
-1.785160462562288686e+01
-1.779184643362865614e+01
-1.772501010355681927e+01
-1.770737884104747195e+01
-1.768122343096976934e+01
-1.765519204348471050e+01
-1.757524495227903927e+01
-1.757190790030097460e+01
-1.761566162472899677e+01
-1.777034028924263609e+01
-1.771597771043551006e+01
-1.776387377001626078e+01
-1.766073302264861056e+01
-1.765317259307099107e+01
-1.768128904985269401e+01
-1.775000509909898128e+01
-1.767123898730510234e+01
-1.798822643836561141e+01
-1.793776232694079908e+01
-1.793017255926050879e+01
-1.767862410301066234e+01
-1.767817230576109466e+01
-1.768830014371705062e+01
-1.783064609669226286e+01
-1.777227894397700325e+01
-1.763593672276544666e+01
-1.769571755946350322e+01
-1.780962155270570335e+01
-1.766843760438273137e+01
-1.765770232824672092e+01
-1.776067527935475354e+01
-1.781896781600697111e+01
-1.775448492395025468e+01
-1.757716835227226682e+01
-1.757324564844049419e+01
-1.756636080101592157e+01
-1.757681652190996502e+01
-1.763764976087080072e+01
-1.768077120194831409e+01
-1.776261603021310620e+01
-1.769455236222997030e+01
-1.769107454860631634e+01
-1.756842003985689260e+01
-1.765382067220191686e+01
-1.770437351113252689e+01
-1.771884700049923111e+01
-1.771481622381407561e+01
-1.773476255123019385e+01
-1.777283982047110200e+01
-1.777326959679088958e+01
-1.777738487788055721e+01
-1.775936168141336680e+01
-1.773887762012187608e+01
-1.771123943046210414e+01
-1.758671960794701761e+01
-1.775828461292181615e+01
-1.781511749391048838e+01
-1.759908626344159188e+01
-1.755398795713617943e+01
-1.759876577519645835e+01
-1.752801368121516390e+01
-1.764482841792408507e+01
-1.754326848984525711e+01
-1.754799744066113476e+01
-1.765270453977348097e+01
-1.761499384224235598e+01
-1.761452754886166616e+01
-1.751663580127283382e+01
-1.757451482544072263e+01
-1.769602421957862148e+01
-1.765399063272083069e+01
-1.772327107679356928e+01
-1.765359063718624100e+01
-1.762669188122671926e+01
-1.758885597559425307e+01
-1.763823273725783025e+01
-1.771088834902577247e+01
-1.768649358148153183e+01
-1.765927348831974442e+01
-1.758126980993395350e+01
-1.749271211879287691e+01
-1.759371905214253928e+01
-1.749628392654024012e+01
-1.745212384931036098e+01
-1.740138592200045409e+01
-1.744010509030544753e+01
-1.742864624961854148e+01
-1.749983271677372443e+01
-1.740973238547907442e+01
-1.742686729012429936e+01
-1.743553395835199638e+01
-1.742203950144187985e+01
-1.741867543980066557e+01
-1.745527474838239712e+01
-1.749101095413423579e+01
-1.752484348462557051e+01
-1.755902088342783784e+01
-1.748576009705887913e+01
-1.753274941745996429e+01
-1.741045141602621271e+01
-1.738268327553115355e+01
-1.741825129714289844e+01
-1.734070465313918774e+01
-1.739988242182263178e+01
-1.734989604525670259e+01
-1.738979035498059034e+01
-1.739289361857311533e+01
-1.739001521604715350e+01
-1.742518453942191670e+01
-1.742537166707725049e+01
-1.731368006310781738e+01
-1.733248968645415644e+01
-1.732518597594747689e+01
-1.741072960364896360e+01
-1.744245902303726581e+01
-1.748407223539719624e+01
-1.744811468454436465e+01
-1.751492110783284062e+01
-1.747312121483712843e+01
-1.749278638797008156e+01
-1.750302977784816250e+01
-1.747553314600277119e+01
-1.749499651345171003e+01
-1.741955461931980054e+01
-1.741999757130582793e+01
-1.736294639286516173e+01
-1.735227776085893581e+01
-1.737829314793020785e+01
-1.737861808964481369e+01
-1.742403840932092152e+01
-1.744728996329572723e+01
-1.748772791700440976e+01
-1.752729639090429359e+01
-1.752758143565769089e+01
-1.742540361508892133e+01
-1.743199276955364496e+01
-1.751353332126372209e+01
-1.750569434295851323e+01
-1.748700577512193277e+01
-1.752688672500284994e+01
-1.734915043123530864e+01
-1.726900216116519005e+01
-1.729423757078004797e+01
-1.724736437597563210e+01
-1.726918748210094989e+01
-1.722935358988116761e+01
-1.723100833521202091e+01
-1.721506310116825844e+01
-1.732339281419457322e+01
-1.734170603190773363e+01
-1.738783172781753805e+01
-1.730368559853229016e+01
-1.731647510351836416e+01
-1.741635868726271141e+01
-1.749041925603837200e+01
-1.748981142347955142e+01
-1.757634404111179904e+01
-1.747949477247027872e+01
-1.747009459843160784e+01
-1.749444296473368254e+01
-1.756653642204548760e+01
-1.763038982619289641e+01
-1.753860520736254003e+01
-1.749740950372044423e+01
-1.744632608001855090e+01
-1.733795457643911320e+01
-1.745563903822972307e+01
-1.744196589347569670e+01
-1.727942756032826921e+01
-1.731966863207184204e+01
-1.732907983420449938e+01
-1.742022314861659282e+01
-1.733259518257898080e+01
-1.744755196549624898e+01
-1.727649762897463503e+01
-1.734068131629648946e+01
-1.740400792264523488e+01
-1.733848150898459650e+01
-1.734446539568266843e+01
-1.732327970035771258e+01
-1.731752781977737143e+01
-1.730297084815919817e+01
-1.740059917082919227e+01
-1.730912029497105920e+01
-1.739387696366491909e+01
-1.737779797733237075e+01
-1.741025997027758265e+01
-1.743459994757744269e+01
-1.731734427711923985e+01
-1.732707554242346148e+01
-1.718299586783985688e+01
-1.730757404858698223e+01
-1.729293648354777702e+01
-1.738790646066951595e+01
-1.742284365210242569e+01
-1.740849364641914576e+01
-1.752254794881249111e+01
-1.750566599903964971e+01
-1.740013523051627686e+01
-1.745368701998766525e+01
-1.745697606763548393e+01
-1.745267045620468593e+01
-1.738646195793075933e+01
-1.732702595664836664e+01
-1.729895681426285492e+01
-1.717558179943616636e+01
-1.718228729301537427e+01
-1.716827187278342493e+01
-1.724696355008764215e+01
-1.723165386526001086e+01
-1.717732329357135512e+01
-1.724398835778022843e+01
-1.738112888669333245e+01
-1.734865967501049155e+01
-1.735779428305036376e+01
-1.738551469900735569e+01
-1.729713181641504605e+01
-1.734925602021568380e+01
-1.733506631180026858e+01
-1.726694235798702337e+01
-1.730671185321194372e+01
-1.733826131397152537e+01
-1.720832194448447439e+01
-1.716640800060689642e+01
-1.717864927050379364e+01
-1.718249169210078620e+01
-1.722065028563859101e+01
-1.725681317134885973e+01
-1.723640831609301927e+01
-1.723461103496603997e+01
-1.723210139886861114e+01
-1.722825918051027827e+01
-1.735085820204820450e+01
-1.733447205770523780e+01
-1.732027156442231686e+01
-1.726908967739392864e+01
-1.731919522985252868e+01
-1.728421903751095456e+01
-1.735377762449410000e+01
-1.731535292078682531e+01
-1.734634515866122584e+01
-1.739301955736409511e+01
-1.725315381576672280e+01
-1.721078657445526972e+01
-1.733196691827768632e+01
-1.733771514720807971e+01
-1.726598237539971947e+01
-1.734516736242601098e+01
-1.731888157739875211e+01
-1.725574617581220949e+01
-1.724001550915768988e+01
-1.727283507258148632e+01
-1.721742565981923434e+01
-1.722172467731433443e+01
-1.722422630052586001e+01
-1.726192992877673404e+01
-1.726566984548869854e+01
-1.728673139411675308e+01
-1.728830076952565875e+01
-1.732572810335671321e+01
-1.737304153569528253e+01
-1.734232479466603394e+01
-1.730937034330110791e+01
-1.725428126233980564e+01
-1.728783205361093422e+01
-1.726606637917958409e+01
-1.728104604473040595e+01
-1.734089929784903816e+01
-1.733328375266964372e+01
-1.736865730925650197e+01
-1.737613368490906041e+01
-1.747296181313787500e+01
-1.739462981728162561e+01
-1.722390272060591698e+01
-1.729089472474229083e+01
-1.735015168586872747e+01
-1.739267085510514121e+01
-1.733565788355168280e+01
-1.732610848142354598e+01
-1.740729064745865173e+01
-1.750120394104182253e+01
-1.738487112293073977e+01
-1.741561387372508563e+01
-1.736893853407072896e+01
-1.729568629739132390e+01
-1.727647422615827821e+01
-1.729302673107488886e+01
-1.732552461822961121e+01
-1.722898032343912789e+01
-1.720131003923370372e+01
-1.720509420697582925e+01
-1.722891150084114997e+01
-1.741120445344989776e+01
-1.735777008947338729e+01
-1.728769498447384478e+01
-1.727174231005602323e+01
-1.732800325930371699e+01
-1.724959956004179062e+01
-1.734102093499281239e+01
-1.727292329873382926e+01
-1.731565613538781179e+01
-1.727518175052934168e+01
-1.728103853399204937e+01
-1.727791764825389009e+01
-1.728423610851924508e+01
-1.719887351860584701e+01
-1.722057919487701838e+01
-1.724640995303249369e+01
-1.725080994262087586e+01
-1.710913895371846749e+01
-1.712356427647457480e+01
-1.707558118314465290e+01
-1.705046779320693773e+01
-1.699977820576771492e+01
-1.697906737186750092e+01
-1.708228688085856817e+01
-1.709348563877282601e+01
-1.708831504474214569e+01
-1.720600188107573913e+01
-1.719316976467473523e+01
-1.719758259675427325e+01
-1.722546209586347388e+01
-1.713209048081599661e+01
-1.716361451183545483e+01
-1.703886407700750638e+01
-1.699297001858283096e+01
-1.701639061202751435e+01
-1.707918732929328343e+01
-1.707968258198082978e+01
-1.721154170115821458e+01
-1.720891627536259350e+01
-1.715669263908802122e+01
-1.718339605795084069e+01
-1.726040287881609459e+01
-1.731382350568254935e+01
-1.726569717705709550e+01
-1.722098637192736348e+01
-1.721847036981239043e+01
-1.721780003038424667e+01
-1.711679226079826321e+01
-1.722609792178683463e+01
-1.725679543271450100e+01
-1.724152034831122648e+01
-1.718500643544576434e+01
-1.714567930959402986e+01
-1.720712664209541387e+01
-1.726495307335604679e+01
-1.719554251365380537e+01
-1.711906830103371746e+01
-1.715730295912447545e+01
-1.709473066651239037e+01
-1.708121450360747673e+01
-1.717849682816543577e+01
-1.714955867884065199e+01
-1.717707235909415431e+01
-1.712341269833152424e+01
-1.710902406939088394e+01
-1.708278733996786158e+01
-1.704215205215365003e+01
-1.710895908330933679e+01
-1.713288587944034802e+01
-1.710509453142729797e+01
-1.709645719736903757e+01
-1.707012566783101448e+01
-1.714198409165708270e+01
-1.707543321824432070e+01
-1.710659468764968949e+01
-1.717867985958810806e+01
-1.711767732439715672e+01
-1.715369918172751085e+01
-1.719868645120280704e+01
-1.714661616548382739e+01
-1.722494975713314602e+01
-1.711501122010605513e+01
-1.720401821497770456e+01
-1.716911146665298205e+01
-1.730917467872619397e+01
-1.727042961183505199e+01
-1.713376384834022303e+01
-1.718148843082595079e+01
-1.720106241409087744e+01
-1.719290405611237915e+01
-1.718214481484211476e+01
-1.727914738637979397e+01
-1.727923954313289912e+01
-1.728057676515425456e+01
-1.722684007235047332e+01
-1.725537569562107265e+01
-1.722401028957759550e+01
-1.729174034103020929e+01
-1.732894363941883853e+01
-1.740822962979790489e+01
-1.735329327899691876e+01
-1.740119599225141300e+01
-1.733939228763747309e+01
-1.728037997064988929e+01
-1.717761359216822115e+01
-1.713759178813288031e+01
-1.716544136974704671e+01
-1.721847487721619885e+01
-1.734759002775528458e+01
-1.736677785312029698e+01
-1.745211169868869661e+01
-1.738022748519173177e+01
-1.736869984412862067e+01
-1.723382921245765687e+01
-1.738291352683235758e+01
-1.729973269382516676e+01
-1.733264852099611630e+01
-1.743293881252290944e+01
-1.738162671540112569e+01
-1.746559944094226680e+01
-1.738968677350610648e+01
-1.747596454518602016e+01
-1.750453300768007381e+01
-1.752582295465032303e+01
-1.737949572200335524e+01
-1.737478038055260399e+01
-1.737106669461720188e+01
-1.738118696667052987e+01
-1.739978007889722988e+01
-1.738874805074884122e+01
-1.747001526384518044e+01
-1.744151516014372660e+01
-1.741263062441043985e+01
-1.739167724436246942e+01
-1.735516544248783788e+01
-1.729012366375057397e+01
-1.729574609854349632e+01
-1.727439540277915597e+01
-1.722951292413897662e+01
-1.724362222738148631e+01
-1.725432218323695466e+01
-1.723703689734587385e+01
-1.724594816653456775e+01
-1.731477860082230436e+01
-1.727689735455195930e+01
-1.719122144329727675e+01
-1.721715954898535017e+01
-1.715222425509964310e+01
-1.716356930518398016e+01
-1.724287227235139142e+01
-1.726266011744498030e+01
-1.718412181836867703e+01
-1.712081482716149594e+01
-1.717204021505829914e+01
-1.707272942943204086e+01
-1.717722896941655009e+01
-1.714719477503361134e+01
-1.705076715250579866e+01
-1.708770105455819888e+01
-1.713866428452191215e+01
-1.703973444716337937e+01
-1.708768860413753288e+01
-1.709041913866812834e+01
-1.704130873153807357e+01
-1.705166695362159501e+01
-1.699840659704430124e+01
-1.700006899964746765e+01
-1.706735067699334962e+01
-1.712048641921793646e+01
-1.709561714168431834e+01
-1.706708768990283431e+01
-1.714025618985376198e+01
-1.720727222966959147e+01
-1.720856678411330520e+01
-1.720724100290014036e+01
-1.716659712710829666e+01
-1.715213811987784709e+01
-1.720562828196954541e+01
-1.713296230961633171e+01
-1.717913351710777903e+01
-1.720951468530621753e+01
-1.714105795315260039e+01
-1.710798449892454443e+01
-1.716087993923765964e+01
-1.713934404455627458e+01
-1.710825049363059591e+01
-1.708349828534925408e+01
-1.702687598305963590e+01
-1.700704467253316565e+01
-1.700983010185458610e+01
-1.701596290876022977e+01
-1.699498433179894974e+01
-1.702237010001615047e+01
-1.696094291240235563e+01
-1.697333472307984437e+01
-1.696145510207695040e+01
-1.704332551405245511e+01
