# 2*np.log[MAD(r)] for 100 flights; 1000 steps per flight; run 19 of 50; mu: 3.50; seed: 18
-2.542464038147191729e+01
-2.383698552160714712e+01
-2.314473931847192034e+01
-2.273465711630248975e+01
-2.221186137238326808e+01
-2.179179210034149250e+01
-2.180706283351781138e+01
-2.183190546958814338e+01
-2.139255577830677169e+01
-2.153390658889502518e+01
-2.140624922183012302e+01
-2.140741049034757637e+01
-2.158628984098689685e+01
-2.150348797345872143e+01
-2.178837521524146581e+01
-2.161170155010976401e+01
-2.166158324608084129e+01
-2.156899764107711093e+01
-2.117862304519229610e+01
-2.148513147485935448e+01
-2.133536014432866779e+01
-2.094417931653114806e+01
-2.096382686288761477e+01
-2.091528290691177716e+01
-2.066855838706537085e+01
-2.094588943139214621e+01
-2.093828556276411135e+01
-2.086280963319455850e+01
-2.068037359842840317e+01
-2.046373449290595659e+01
-2.060709392922889904e+01
-2.096036287900495054e+01
-2.061004122356413149e+01
-2.043876034806397612e+01
-2.030584378462033612e+01
-2.030984482101282396e+01
-2.042431970236221517e+01
-2.026168385503377323e+01
-2.035523243920485115e+01
-2.021015211003581413e+01
-2.019731017878327606e+01
-2.008719607921813122e+01
-2.005162719083839207e+01
-2.010236919352862017e+01
-2.003066444912169430e+01
-2.021429599659937892e+01
-2.008351814729094187e+01
-1.998849408263770755e+01
-1.975514222234187756e+01
-1.982235701622892066e+01
-1.965284044310846667e+01
-1.953875532607321475e+01
-1.957439557550610942e+01
-1.955121585843587440e+01
-1.966258146968526788e+01
-1.971169367504057490e+01
-1.963114526229321299e+01
-1.957375020847251434e+01
-1.985629444823850775e+01
-1.971582530194681127e+01
-1.984001850989824689e+01
-1.964961670658179571e+01
-1.979777096967306349e+01
-1.956495270813000076e+01
-1.971725955593959156e+01
-1.967026337543433101e+01
-1.984193467493354035e+01
-1.988218946103783935e+01
-1.978457998001809059e+01
-1.962224793787934018e+01
-1.980385596250859948e+01
-2.000691469472019079e+01
-1.974633688966773448e+01
-1.989162800902082040e+01
-1.993056802981269371e+01
-1.978811835665303320e+01
-1.987697309855292715e+01
-1.993036025092485630e+01
-1.978859031895104792e+01
-1.978445466377851858e+01
-1.950525571151971960e+01
-1.958915383179485659e+01
-1.953304362044238829e+01
-1.948683247621091752e+01
-1.964406069922183207e+01
-1.945433527149292985e+01
-1.954822189705888746e+01
-1.945312090491572832e+01
-1.937664502403426070e+01
-1.924955231731529892e+01
-1.917660069296755410e+01
-1.908385217125799826e+01
-1.928851339507002649e+01
-1.927310437027919576e+01
-1.926784894610453946e+01
-1.940508630535858359e+01
-1.936534472712459731e+01
-1.943628975712783458e+01
-1.938433347396079753e+01
-1.940269465758171918e+01
-1.945135967465222038e+01
-1.973931879438048398e+01
-1.968298817341585405e+01
-1.941917483448699144e+01
-1.948393610368471940e+01
-1.932340812916186223e+01
-1.930938890803761865e+01
-1.923199447337504253e+01
-1.927733200580573580e+01
-1.929685798778077199e+01
-1.915616825789817312e+01
-1.897451512531612394e+01
-1.908538643139966950e+01
-1.907770220035162012e+01
-1.898407953088445410e+01
-1.897181795790847048e+01
-1.892614985029197783e+01
-1.898239877039736712e+01
-1.890914168280250252e+01
-1.915966056418853825e+01
-1.901108593504790534e+01
-1.903007143681597313e+01
-1.887300584363755718e+01
-1.900532681598242135e+01
-1.892002198790657985e+01
-1.900502933553560680e+01
-1.900295420501435117e+01
-1.911434602606812660e+01
-1.917140039648008099e+01
-1.924336672897976896e+01
-1.919920076237326612e+01
-1.916123191285599248e+01
-1.915198789276593416e+01
-1.925740098072043693e+01
-1.915543680264132220e+01
-1.930069491296184836e+01
-1.914547842336734362e+01
-1.920785593421160797e+01
-1.915239118224514314e+01
-1.902055376901957828e+01
-1.909050516750645343e+01
-1.910949234254450957e+01
-1.921550771499499177e+01
-1.919399323207337460e+01
-1.915671029206925979e+01
-1.921371653949248781e+01
-1.905968989973171190e+01
-1.892274452848337063e+01
-1.902645585230876080e+01
-1.876802112035622017e+01
-1.882086231906786367e+01
-1.904834207956322700e+01
-1.889236047282571462e+01
-1.914846772035236810e+01
-1.915303472394539952e+01
-1.913530845999115826e+01
-1.912056641648576161e+01
-1.901342379479063283e+01
-1.911277997346111590e+01
-1.921196802048025276e+01
-1.911768468444764935e+01
-1.907789584350889101e+01
-1.897421410068838910e+01
-1.904307472715372640e+01
-1.895861366103858714e+01
-1.903365695663169532e+01
-1.907655558552144370e+01
-1.898356909497109157e+01
-1.905183600520781795e+01
-1.907203453082364675e+01
-1.901079221578393330e+01
-1.905689733371269767e+01
-1.886390112384981421e+01
-1.893190468481970257e+01
-1.884290041387082582e+01
-1.870379943403838041e+01
-1.868488701993160461e+01
-1.864957876834402484e+01
-1.865844035486617258e+01
-1.861488369032385748e+01
-1.865622456917138905e+01
-1.859879747005987838e+01
-1.854561803582100410e+01
-1.860256976754433822e+01
-1.842008537547948777e+01
-1.854308780477078145e+01
-1.862476863360208412e+01
-1.854806001043985475e+01
-1.852305864414729086e+01
-1.849993169718516484e+01
-1.853227034570583953e+01
-1.850696145344286592e+01
-1.845501309468188111e+01
-1.843340707313081239e+01
-1.832975707245208596e+01
-1.829629463092818042e+01
-1.829619569597679174e+01
-1.829215836255859529e+01
-1.839952860227244358e+01
-1.830255800593542759e+01
-1.839878468522486088e+01
-1.837359360241608996e+01
-1.854537120405248984e+01
-1.861456845540887173e+01
-1.864481293400704942e+01
-1.846300461193533238e+01
-1.854215964830944330e+01
-1.858271008506539346e+01
-1.884851313525150829e+01
-1.872813857599542686e+01
-1.878566921728208783e+01
-1.856507714339734960e+01
-1.847785744165967969e+01
-1.854988374389528616e+01
-1.847984560505522467e+01
-1.852605026472744498e+01
-1.850091803988979677e+01
-1.869181584042528144e+01
-1.863546825960911235e+01
-1.847687283034120043e+01
-1.849247563163794794e+01
-1.859567086259513502e+01
-1.859399902517584025e+01
-1.869830543944423340e+01
-1.839580146876028977e+01
-1.867682382328604263e+01
-1.857924459876045020e+01
-1.846960160324073996e+01
-1.855375617659570864e+01
-1.862365524591329802e+01
-1.850432428983280531e+01
-1.853876458072078037e+01
-1.854904763889890873e+01
-1.859095112029142172e+01
-1.861542140335356876e+01
-1.857280996135015982e+01
-1.851647395941194318e+01
-1.841885596009954540e+01
-1.844171902881461378e+01
-1.834931560907677550e+01
-1.832901225152994584e+01
-1.839842902490808640e+01
-1.839307142027115205e+01
-1.839744029894725230e+01
-1.836674154549322324e+01
-1.819891784314436478e+01
-1.829735327297834147e+01
-1.835000031602472959e+01
-1.838635561365142124e+01
-1.830163124423084398e+01
-1.826031968178055820e+01
-1.834233750887106140e+01
-1.833735727630113743e+01
-1.840726432487347708e+01
-1.839027105184225874e+01
-1.841980215177127178e+01
-1.844992255161518813e+01
-1.842607796419562760e+01
-1.838136406076723262e+01
-1.837493604147832471e+01
-1.829486495654166944e+01
-1.834648357087946025e+01
-1.835662300228497301e+01
-1.835230537384773797e+01
-1.837913365928875820e+01
-1.840059898970216423e+01
-1.843148998277197492e+01
-1.838953709568546557e+01
-1.822113087957774624e+01
-1.818304719992110918e+01
-1.808189913925526326e+01
-1.815429865389367947e+01
-1.823550104052260679e+01
-1.837779125208444242e+01
-1.837393109810259872e+01
-1.819784451751325705e+01
-1.823045564713455846e+01
-1.812436884832382589e+01
-1.817170682221765077e+01
-1.826763146563673956e+01
-1.823968844210995499e+01
-1.817566627336814022e+01
-1.810861413337950410e+01
-1.814455492167103401e+01
-1.801590392570114929e+01
-1.804894987960605590e+01
-1.800849629568888943e+01
-1.799843147729059112e+01
-1.802239879276529777e+01
-1.797411480396835515e+01
-1.787093080633599484e+01
-1.796214265810150934e+01
-1.795160882459725116e+01
-1.796320129247724040e+01
-1.797043000184891426e+01
-1.798387511603853639e+01
-1.800064744550875062e+01
-1.808646179715933400e+01
-1.805466757250676579e+01
-1.799927670044257866e+01
-1.802524655918704966e+01
-1.804065854003825109e+01
-1.835199123042155378e+01
-1.822080581972548430e+01
-1.791221590645973549e+01
-1.796717012231267319e+01
-1.791806564918346822e+01
-1.792806014529529435e+01
-1.794498693516020538e+01
-1.785964920257038813e+01
-1.789240122850532799e+01
-1.767152147214793700e+01
-1.765295915023995477e+01
-1.764467736795522157e+01
-1.767735906691785175e+01
-1.767280834218082219e+01
-1.759709336719271633e+01
-1.770155359101354264e+01
-1.774501062372713278e+01
-1.782351483647381940e+01
-1.774120354193196292e+01
-1.781689396865759534e+01
-1.774185392322950960e+01
-1.777800237532236238e+01
-1.795570323622459696e+01
-1.785468144178586414e+01
-1.802633514360959310e+01
-1.789629974515850463e+01
-1.796744402212339509e+01
-1.797921655521892603e+01
-1.785945211896070717e+01
-1.799465729208118603e+01
-1.787126502698613351e+01
-1.792045729178349944e+01
-1.773006732917395922e+01
-1.771378140306067550e+01
-1.771282466850304260e+01
-1.769651473392096008e+01
-1.765474770271222127e+01
-1.778862248702974114e+01
-1.759971753597763566e+01
-1.763728704179963813e+01
-1.761466355439661768e+01
-1.770933245867984951e+01
-1.762554234224581862e+01
-1.770937200039220016e+01
-1.781212183581054020e+01
-1.784623157804098170e+01
-1.798718568251571881e+01
-1.793414659413980061e+01
-1.786137078758083518e+01
-1.799322598660842942e+01
-1.803882819634306856e+01
-1.800298069783344701e+01
-1.797499488061757589e+01
-1.792458136203180530e+01
-1.805519578796813462e+01
-1.805936037424420704e+01
-1.797062466413927240e+01
-1.795344746399483782e+01
-1.790591870321440027e+01
-1.798607303313715633e+01
-1.803021461339434595e+01
-1.791342881494724892e+01
-1.795820525742105644e+01
-1.799524904665991443e+01
-1.812712796703567264e+01
-1.807443331399553443e+01
-1.807242357464295068e+01
-1.799099111928385497e+01
-1.806209232377946705e+01
-1.805208849252581516e+01
-1.808080910770471661e+01
-1.809279315262727295e+01
-1.809006020860484654e+01
-1.815519826926781377e+01
-1.826738845939778599e+01
-1.821322098519642196e+01
-1.831273426156200657e+01
-1.834849795751118862e+01
-1.828198490064344028e+01
-1.818898813500582534e+01
-1.816950525306713971e+01
-1.816067223720812862e+01
-1.800992268952135689e+01
-1.800816348201232486e+01
-1.797395129092762645e+01
-1.809819173708183371e+01
-1.815930544650642986e+01
-1.809788094069769926e+01
-1.801863292658429216e+01
-1.805871129522180141e+01
-1.802011900911561426e+01
-1.801830193559262483e+01
-1.808145101367667351e+01
-1.785612892412658681e+01
-1.782846071856505077e+01
-1.788308035964879394e+01
-1.777543924627049421e+01
-1.774599193878790970e+01
-1.766457774446232776e+01
-1.765340066770897209e+01
-1.760341073470679518e+01
-1.763795450488314032e+01
-1.764107870433480585e+01
-1.779540661446922911e+01
-1.784335815504983103e+01
-1.777439687457489370e+01
-1.789303095375035468e+01
-1.778050362060421818e+01
-1.782053698159557698e+01
-1.791971354345512779e+01
-1.787991441268822612e+01
-1.804785786057537322e+01
-1.798554212339159974e+01
-1.800475811817636540e+01
-1.797411642044153268e+01
-1.799456732335007914e+01
-1.789815867199342847e+01
-1.788353687368229217e+01
-1.791131060853544099e+01
-1.797109155763397936e+01
-1.797906665165469065e+01
-1.792572286665846093e+01
-1.785592568077916553e+01
-1.786464484581134116e+01
-1.790598429147806314e+01
-1.790801408528463767e+01
-1.792500284800196653e+01
-1.796873878653403978e+01
-1.801044783380620729e+01
-1.810515967115727420e+01
-1.809120240230497956e+01
-1.797877786138173661e+01
-1.806601925513087892e+01
-1.794268206265068244e+01
-1.799078281915863542e+01
-1.800690652870250474e+01
-1.791537175549923688e+01
-1.797862228614991409e+01
-1.801401034323312089e+01
-1.795020731040420614e+01
-1.799420294350605332e+01
-1.811316741051089352e+01
-1.785946382879724226e+01
-1.791570070756048594e+01
-1.781927279113405049e+01
-1.784172127189681589e+01
-1.791224831802672313e+01
-1.802834098459269896e+01
-1.794398842875680344e+01
-1.800670746433133829e+01
-1.799913520068712458e+01
-1.804863031002710372e+01
-1.807609502031514026e+01
-1.811578754975885275e+01
-1.801551413592407869e+01
-1.799597301446641140e+01
-1.798188291820626361e+01
-1.790094352132498301e+01
-1.788424597621656176e+01
-1.788758728465651160e+01
-1.795300644689053371e+01
-1.794302710108594567e+01
-1.793065504449288738e+01
-1.787492734372159831e+01
-1.792587362616997737e+01
-1.787671008913254411e+01
-1.798541550066327233e+01
-1.803351147296616830e+01
-1.795609334943134527e+01
-1.803220457635962504e+01
-1.803479713973778331e+01
-1.792132043976324951e+01
-1.787959124574289760e+01
-1.785353631622979975e+01
-1.788659120493891663e+01
-1.790754023259789562e+01
-1.791556965347550801e+01
-1.809040833141629889e+01
-1.801786897537986221e+01
-1.793522635918125374e+01
-1.807978357969954786e+01
-1.794077255424295814e+01
-1.788810668130451020e+01
-1.788798938787537907e+01
-1.784896321305989986e+01
-1.791898220328430469e+01
-1.785330082781379346e+01
-1.793098888048786321e+01
-1.798600333659333828e+01
-1.792070127386417155e+01
-1.774844697806870286e+01
-1.787977299151507182e+01
-1.764468614420669113e+01
-1.768419246764828046e+01
-1.769705098825237854e+01
-1.766893800124702807e+01
-1.781476346583843551e+01
-1.754915435897121867e+01
-1.762837553883719721e+01
-1.766960680126036110e+01
-1.757773769860510527e+01
-1.766407024907764267e+01
-1.774190705145161573e+01
-1.768961133721002099e+01
-1.769410610489954649e+01
-1.762125530783804450e+01
-1.765445434031487437e+01
-1.764073344240641106e+01
-1.763832760711875380e+01
-1.766200477386513157e+01
-1.764018975206160178e+01
-1.768266605534318003e+01
-1.771381898950406608e+01
-1.772968592515874775e+01
-1.775396989008288884e+01
-1.777197918521751063e+01
-1.763890785905663350e+01
-1.765091895055006432e+01
-1.755792891190440130e+01
-1.750225943981279642e+01
-1.751002250831177420e+01
-1.750873486075161978e+01
-1.754653280775047719e+01
-1.761185847729481324e+01
-1.759184691293648228e+01
-1.764861154570256119e+01
-1.770232492808673186e+01
-1.774654028938969574e+01
-1.767551327842814146e+01
-1.761892536859709324e+01
-1.768767146757645392e+01
-1.767099421075682031e+01
-1.763488086048277736e+01
-1.759536525951424579e+01
-1.761995853470020279e+01
-1.760818696845080211e+01
-1.759305863278959592e+01
-1.764051515863080155e+01
-1.768943004961066023e+01
-1.759771560815450542e+01
-1.762291340644385684e+01
-1.748545826677843351e+01
-1.753759825012361873e+01
-1.758167612333948426e+01
-1.770189003660549787e+01
-1.760601509515086960e+01
-1.762801182704887282e+01
-1.754520805564654395e+01
-1.749399482426758112e+01
-1.746985862475300166e+01
-1.749029882142886194e+01
-1.749451910444439307e+01
-1.755659715462360992e+01
-1.756650837259030951e+01
-1.755097171273456880e+01
-1.753898929011723951e+01
-1.751994961730198952e+01
-1.742556220716893023e+01
-1.755412571188548654e+01
-1.759859294841108124e+01
-1.764599420260504203e+01
-1.758504413774067743e+01
-1.749330671330118392e+01
-1.749248907551335819e+01
-1.761324384316844061e+01
-1.760797957177097217e+01
-1.777240457129488860e+01
-1.764847322165221044e+01
-1.767750130009544307e+01
-1.758158067123723711e+01
-1.759774589740568373e+01
-1.749619277644337245e+01
-1.753025425242264390e+01
-1.748789818857004974e+01
-1.759291626134302788e+01
-1.769901010643395267e+01
-1.761639969395309180e+01
-1.763156079544706856e+01
-1.781580189731432640e+01
-1.783687590948759194e+01
-1.787049072223495472e+01
-1.782751775526567783e+01
-1.780409957649933261e+01
-1.796512138427366523e+01
-1.778914044184505627e+01
-1.789229139597544460e+01
-1.786018049398232677e+01
-1.787675942309830290e+01
-1.772074809171171950e+01
-1.767259254930936407e+01
-1.773318313057723472e+01
-1.765689454849711382e+01
-1.752123794424779746e+01
-1.756567672341752839e+01
-1.761276217230022212e+01
-1.750421975623050130e+01
-1.760673056175399509e+01
-1.772923208029957465e+01
-1.764943143815789384e+01
-1.751907421457773850e+01
-1.747579188602675870e+01
-1.757700531589553705e+01
-1.757392647029796606e+01
-1.748060123233400631e+01
-1.749826439019631152e+01
-1.744425399409878708e+01
-1.748728318422713102e+01
-1.744723941621787233e+01
-1.760006713869773876e+01
-1.752798248102828182e+01
-1.746365171425315665e+01
-1.746124533665688006e+01
-1.746010926196031576e+01
-1.753628207734707800e+01
-1.759044692050924397e+01
-1.752167610661155450e+01
-1.739881101899796789e+01
-1.734928480970317111e+01
-1.751462546105994633e+01
-1.746540877203311126e+01
-1.746018464824818039e+01
-1.757604018308625982e+01
-1.759967667431640947e+01
-1.755402898098370912e+01
-1.760660176051730019e+01
-1.749185300987759817e+01
-1.744668236613250656e+01
-1.743224746054778862e+01
-1.738400669440092372e+01
-1.735712243400574195e+01
-1.750147419741168164e+01
-1.748454071572414037e+01
-1.738209047675641372e+01
-1.731643440591544092e+01
-1.719809171429702133e+01
-1.715743013943466266e+01
-1.724986926234272033e+01
-1.716050639074629558e+01
-1.721390443086750821e+01
-1.731205938971605107e+01
-1.730896073655387468e+01
-1.734210634299220999e+01
-1.727308675653160108e+01
-1.725207567722968705e+01
-1.731646243138297336e+01
-1.729243297457785644e+01
-1.730289450333500056e+01
-1.725700504192288420e+01
-1.729970869983914739e+01
-1.725766734271796210e+01
-1.725895408026863009e+01
-1.723121773412118785e+01
-1.718489423911493219e+01
-1.722003477125970861e+01
-1.714151530658057609e+01
-1.721975027079206555e+01
-1.720653266413200555e+01
-1.720464123676528345e+01
-1.724496867788349874e+01
-1.714968293965508650e+01
-1.715613751930120756e+01
-1.724963533749670219e+01
-1.722881860038426893e+01
-1.730402031716999645e+01
-1.726562446827580288e+01
-1.723406432978619662e+01
-1.717434807571426703e+01
-1.718690106479387580e+01
-1.716734818808868113e+01
-1.717597125108844835e+01
-1.713628219184086632e+01
-1.713589555087609284e+01
-1.711015008990325015e+01
-1.708847370984315361e+01
-1.702448735422465731e+01
-1.696161995325271477e+01
-1.699789509491883166e+01
-1.692898439775430930e+01
-1.697214586201232223e+01
-1.705619685057640211e+01
-1.713497565000222167e+01
-1.710699943998341155e+01
-1.710583947280171913e+01
-1.712882035819719917e+01
-1.720655631830294041e+01
-1.721008480254781858e+01
-1.718172850150557096e+01
-1.718114222711611561e+01
-1.714334007477811639e+01
-1.717452917834222959e+01
-1.714449182130502081e+01
-1.729261931787259599e+01
-1.709723640638076603e+01
-1.717614849634064456e+01
-1.721018954746674368e+01
-1.737319395560131241e+01
-1.731472592098817032e+01
-1.729837820674969961e+01
-1.734577053971205274e+01
-1.728529764428833460e+01
-1.727860605005901462e+01
-1.740781163402944642e+01
-1.746512121603014123e+01
-1.733381352228041195e+01
-1.738345195113697272e+01
-1.735784665338220734e+01
-1.736970987485985773e+01
-1.733439455371348714e+01
-1.737191043297590198e+01
-1.743832785742323210e+01
-1.735714393465878658e+01
-1.750146040389393676e+01
-1.734949070217711764e+01
-1.736550978378648580e+01
-1.733623116110906537e+01
-1.733949855461384360e+01
-1.748249328139865710e+01
-1.755638718360584960e+01
-1.752984721225018561e+01
-1.745279496045776568e+01
-1.742623450930073403e+01
-1.746276137724583322e+01
-1.744949472195834872e+01
-1.734300426822361274e+01
-1.746246511543269619e+01
-1.736942441338273468e+01
-1.745848200128722638e+01
-1.740373348011608456e+01
-1.740614996522894131e+01
-1.733135987008076739e+01
-1.734748391554172287e+01
-1.742743908270247388e+01
-1.745592936092715775e+01
-1.738940968150192745e+01
-1.730553065263138635e+01
-1.723138914240008290e+01
-1.723008764103183665e+01
-1.716176455609967988e+01
-1.723610869974836035e+01
-1.727131566458853129e+01
-1.728140858928941981e+01
-1.722935622356417795e+01
-1.740328328903872190e+01
-1.732692608116933641e+01
-1.732032226212327686e+01
-1.735630108378543213e+01
-1.726115671785929706e+01
-1.728582063979290595e+01
-1.727434222914391526e+01
-1.724258890560821200e+01
-1.721729025476712494e+01
-1.720270998136525620e+01
-1.716198881752290006e+01
-1.721351825484582676e+01
-1.716110502956895090e+01
-1.714374358994545844e+01
-1.724490343574288431e+01
-1.724432538550625793e+01
-1.729964264732609536e+01
-1.734144691488119250e+01
-1.721578328042208383e+01
-1.732792708945017424e+01
-1.735668422277956680e+01
-1.726303599948054668e+01
-1.723546094788559557e+01
-1.716418108201327186e+01
-1.710392071925739543e+01
-1.712531866587475093e+01
-1.702490994135161273e+01
-1.708981626611718951e+01
-1.705857509905225200e+01
-1.719309456691439308e+01
-1.704768225517153724e+01
-1.699272592954390504e+01
-1.700058476964823129e+01
-1.702394260333105080e+01
-1.702828591603054775e+01
-1.700425720790838824e+01
-1.706056424097252844e+01
-1.706797547064238074e+01
-1.705914305524658303e+01
-1.708148870918298101e+01
-1.704701990375250631e+01
-1.711376893822321676e+01
-1.710054833905213556e+01
-1.718253355571180663e+01
-1.701543262740750606e+01
-1.714682668157688639e+01
-1.709825716120554162e+01
-1.702641028806984380e+01
-1.716801290727027052e+01
-1.714442578519204474e+01
-1.700586174936407247e+01
-1.708557010914311647e+01
-1.697662294028612706e+01
-1.694770114753347201e+01
-1.688356007147449844e+01
-1.692015662263402476e+01
-1.696649040133369368e+01
-1.704413594062464199e+01
-1.700754040325259808e+01
-1.695558913404449441e+01
-1.697839656837575362e+01
-1.705576070710242931e+01
-1.701458708018571286e+01
-1.694854892872643859e+01
-1.688076620644775971e+01
-1.691344821391278685e+01
-1.689718118075343156e+01
-1.692342396490928991e+01
-1.697731737967455246e+01
-1.689318413577515443e+01
-1.683958597097575094e+01
-1.697738409239999768e+01
-1.699730196645300140e+01
-1.693850952337534110e+01
-1.695324423782857082e+01
-1.695028144554320093e+01
-1.696586397120197631e+01
-1.679204001694084880e+01
-1.678063720149932436e+01
-1.686616511971000776e+01
-1.683625320495358224e+01
-1.692852749248398325e+01
-1.686193578334180998e+01
-1.680371787864245903e+01
-1.682435245329886797e+01
-1.685266946510847674e+01
-1.682646579647277107e+01
-1.681764690643152349e+01
-1.681686923196291161e+01
-1.683497715832628217e+01
-1.683359435751110667e+01
-1.684438029861195574e+01
-1.689164981608627869e+01
-1.687646791064874918e+01
-1.684999646792067551e+01
-1.685039341716142047e+01
-1.686535524120570173e+01
-1.690891483712039545e+01
-1.695006405950874750e+01
-1.694103048164639347e+01
-1.688081812210164756e+01
-1.688646239026685691e+01
-1.683018779402257437e+01
-1.682578733294205264e+01
-1.690060920862332594e+01
-1.688389425193627602e+01
-1.687995745392557367e+01
-1.684579158723035874e+01
-1.685153688649459269e+01
-1.678901410863697308e+01
-1.677643573123111409e+01
-1.668878559120435412e+01
-1.679926003553084968e+01
-1.681154120033900767e+01
-1.675522012649939541e+01
-1.676181092975164333e+01
-1.675253518558686494e+01
-1.676594673238452060e+01
-1.682311150192781213e+01
-1.673628076430043876e+01
-1.683387954682024912e+01
-1.681897121138748830e+01
-1.673941115768113264e+01
-1.673277272786661030e+01
-1.674507003322904097e+01
-1.677914985665350756e+01
-1.686568137196146466e+01
-1.685333098842462363e+01
-1.698189969746595196e+01
-1.695228734676330973e+01
-1.692791394988866216e+01
-1.696246144615802720e+01
-1.693835507041802302e+01
-1.700358649551702683e+01
-1.690411667660770689e+01
-1.706034245609735933e+01
-1.712642107330141172e+01
-1.711764081913285906e+01
-1.701744913451990016e+01
-1.711448666933652518e+01
-1.703334702068192286e+01
-1.695321730777027014e+01
-1.692547602790087780e+01
-1.688585422288229410e+01
-1.685011901749081531e+01
-1.691547810336637170e+01
-1.689838078350775774e+01
-1.682121567655686434e+01
-1.685775338136878077e+01
-1.681041601035413535e+01
-1.675773825108081994e+01
-1.675034870863212433e+01
-1.683234537998636426e+01
-1.681673505857547113e+01
-1.674384151282099964e+01
-1.672695447755829790e+01
-1.675352555851167580e+01
-1.677433038450147862e+01
-1.678853496793898614e+01
-1.674712725297944971e+01
-1.676320818979969829e+01
-1.676618295708538753e+01
-1.670516386419179256e+01
-1.679856963810738080e+01
-1.680720357028403811e+01
-1.686589825207275695e+01
-1.680425545450496472e+01
-1.683106594960563740e+01
-1.693198398463952614e+01
-1.688962619859917424e+01
-1.688735983674362728e+01
-1.694140599335556274e+01
-1.693963208768355244e+01
-1.693049524514636417e+01
-1.696973953688738490e+01
-1.700292354112855620e+01
-1.703851017559983561e+01
-1.696024567059938448e+01
-1.702102075374324031e+01
-1.698720118237124055e+01
-1.707837149384380382e+01
-1.700218496324674433e+01
-1.702390968748900946e+01
-1.707349021435435787e+01
-1.710064623331735589e+01
-1.711922739855697628e+01
-1.706128745313123218e+01
-1.710001616328986174e+01
-1.718139428940918734e+01
-1.714746772082006387e+01
-1.719045508963084501e+01
-1.711704860085568214e+01
-1.715186467924223024e+01
-1.724337253633025213e+01
-1.720585949218149224e+01
-1.722554050261974012e+01
-1.723728494700416292e+01
-1.721269773865937225e+01
-1.719098568954787254e+01
-1.713397185948293000e+01
-1.711156380233880725e+01
-1.712827373015756294e+01
-1.709952017378184053e+01
-1.708258739858794684e+01
-1.706600481519096135e+01
-1.713930154509486314e+01
-1.711341912031642210e+01
-1.712054922015501290e+01
-1.711674729098325543e+01
-1.713111234537844396e+01
-1.700597329953112435e+01
-1.697098063899830578e+01
-1.698939073697271240e+01
-1.695182167765585035e+01
-1.697452312068885760e+01
-1.692738065495813515e+01
-1.699150137631390223e+01
-1.707577593521516945e+01
-1.704042208657774538e+01
-1.704701943195277281e+01
-1.712273146941878110e+01
-1.713736929406899634e+01
-1.719124261579014856e+01
-1.707966224764627228e+01
-1.702766848773614683e+01
-1.698371754311519766e+01
-1.704834489776396467e+01
-1.707660299996386755e+01
-1.708302755500436376e+01
-1.707313583645404620e+01
-1.701166363995956132e+01
-1.702684689507560734e+01
-1.701739878329246736e+01
-1.695846239425993929e+01
-1.692681000756424226e+01
-1.686438357906221697e+01
-1.677479546153412926e+01
-1.674980870702546198e+01
-1.675848485273881394e+01
-1.674001280906008660e+01
-1.675746716343913434e+01
-1.676710951697214824e+01
-1.675671421794488936e+01
-1.681292938012995464e+01
-1.686472430249470378e+01
-1.682482446754686123e+01
-1.677902047417458675e+01
-1.676284446374716453e+01
-1.674212686227748748e+01
-1.671473792974391515e+01
-1.679147799194394608e+01
-1.672104173320912679e+01
-1.673585178836455967e+01
-1.672194480039243558e+01
-1.665680567233810194e+01
-1.675385924144210037e+01
