# 2*np.log[MAD(r)] for 100 flights; 1000 steps per flight; run 42 of 50; mu: 3.50; seed: 41
-2.587107351218108420e+01
-2.347102138784019232e+01
-2.371355588942651238e+01
-2.325549586353351827e+01
-2.317103207239458840e+01
-2.264754044702391056e+01
-2.229839224949120435e+01
-2.229982807364403641e+01
-2.236852346476323916e+01
-2.195109241014145951e+01
-2.180121247999550249e+01
-2.165906848939832940e+01
-2.161888331469691593e+01
-2.149805382671366516e+01
-2.137480565862450277e+01
-2.136212527511429116e+01
-2.108839740273444718e+01
-2.101894922645309194e+01
-2.107639190029131626e+01
-2.123246982738224276e+01
-2.102348184598269043e+01
-2.126117545481358206e+01
-2.090424974556743365e+01
-2.091331406209980770e+01
-2.109329441953768836e+01
-2.109286774405591558e+01
-2.106980849077498519e+01
-2.108602917985866654e+01
-2.092331424364817494e+01
-2.104851970635576919e+01
-2.064817118841208554e+01
-2.071455623528242640e+01
-2.075408979423555067e+01
-2.081357392787504423e+01
-2.081751344355338063e+01
-2.079910879301025517e+01
-2.064922132403524913e+01
-2.089770317976317315e+01
-2.060533665877021292e+01
-2.063686808302314901e+01
-2.051103631504819802e+01
-2.037732475890497241e+01
-2.034770453256361833e+01
-2.012832015177977496e+01
-2.027604635702083158e+01
-2.040419150239812751e+01
-2.048315761657482170e+01
-2.052263453359141465e+01
-2.059081259430379873e+01
-2.039168997057561938e+01
-2.036108836410693357e+01
-2.035534337240188307e+01
-2.009239226652114851e+01
-2.011012028243706240e+01
-2.019744266004949296e+01
-1.999820127377051548e+01
-2.014571358238079668e+01
-2.004199122989687254e+01
-1.998513159990302768e+01
-1.980206819414355479e+01
-1.981826476913026625e+01
-1.989556667336223583e+01
-1.980722010014641654e+01
-1.995159676397252113e+01
-1.978785339481961714e+01
-2.002384013909544791e+01
-1.996463552854386947e+01
-1.986773296630574137e+01
-1.986251942399577430e+01
-1.987675646775052485e+01
-1.987691617728190252e+01
-1.983049901836988838e+01
-1.973185201834949254e+01
-2.007977219392108026e+01
-2.015339238978699044e+01
-1.985233190335165077e+01
-1.987224132333097515e+01
-1.970364227619856479e+01
-1.962268474423715148e+01
-1.970025762335463071e+01
-1.962373173800170889e+01
-1.988760414865802062e+01
-1.981356915535114638e+01
-1.984008617518388107e+01
-1.966988890926033307e+01
-1.950499816476923343e+01
-1.963010952607677240e+01
-1.950059776442923720e+01
-1.944435411672352032e+01
-1.945668177804681775e+01
-1.943500961636697966e+01
-1.952599117968252074e+01
-1.934627713029063756e+01
-1.942544312060580580e+01
-1.948029500714838491e+01
-1.949235995599874727e+01
-1.942303412345117053e+01
-1.937036246263845385e+01
-1.913246388019732791e+01
-1.907087031422650725e+01
-1.918850126277356338e+01
-1.924248916905869322e+01
-1.935523553730855539e+01
-1.925818131394300536e+01
-1.919032072771354791e+01
-1.919978146006380015e+01
-1.924687173616359104e+01
-1.923358263382672462e+01
-1.928009076156278923e+01
-1.954868989441283844e+01
-1.928519603640903668e+01
-1.931793869588291912e+01
-1.939792914348766928e+01
-1.912831219911901215e+01
-1.923805812869185061e+01
-1.922591255590125670e+01
-1.918571378132967808e+01
-1.905961066670736415e+01
-1.889867095822493326e+01
-1.902903298721342296e+01
-1.914046976812534240e+01
-1.892445120308519790e+01
-1.895785439549176843e+01
-1.899061033042316637e+01
-1.897421171998219336e+01
-1.891979912078825876e+01
-1.897327914496608869e+01
-1.902740004725038858e+01
-1.892166043483690885e+01
-1.893962513023370065e+01
-1.897425411040105914e+01
-1.897084741159739707e+01
-1.907886878459594016e+01
-1.911159212538445118e+01
-1.901125276909034767e+01
-1.884496535179528465e+01
-1.880939971716454195e+01
-1.876898670926463453e+01
-1.877948856114405629e+01
-1.881767549479515012e+01
-1.865475240487301178e+01
-1.888597120014691910e+01
-1.881264463569976186e+01
-1.889881746098234672e+01
-1.868112710850498104e+01
-1.844690147468552155e+01
-1.861585563395339094e+01
-1.864452377418012219e+01
-1.859568981808853394e+01
-1.846272911383687543e+01
-1.832980845260556890e+01
-1.835149173017651592e+01
-1.846774603320434949e+01
-1.845499743573720153e+01
-1.848264213418283575e+01
-1.853437049351661514e+01
-1.835971683504067897e+01
-1.832552167437244606e+01
-1.834648627415557343e+01
-1.820744035959539886e+01
-1.833495158368116051e+01
-1.833274084332835940e+01
-1.833880530960395916e+01
-1.819886293275957456e+01
-1.826556073701738825e+01
-1.820043750021594064e+01
-1.830485472886902798e+01
-1.838503936710107922e+01
-1.829853331038853170e+01
-1.826750887879838459e+01
-1.837090394100764001e+01
-1.818186656787604250e+01
-1.824085304833564081e+01
-1.825937065898728306e+01
-1.835795280450400568e+01
-1.842697060059555625e+01
-1.831579311538530064e+01
-1.821569850111163191e+01
-1.825382982907229845e+01
-1.817754478347746883e+01
-1.821015690926920882e+01
-1.818549020331676758e+01
-1.799835987182439823e+01
-1.793017131014479304e+01
-1.797077686807102026e+01
-1.804213039391011719e+01
-1.802864115933246225e+01
-1.794973383103086917e+01
-1.792469234147882773e+01
-1.801584194485645440e+01
-1.789784883436122342e+01
-1.796876909943735612e+01
-1.790011824453346279e+01
-1.794025611391988662e+01
-1.797322074323136931e+01
-1.798615799402015369e+01
-1.804115933102566416e+01
-1.798176843353683907e+01
-1.790197713351533793e+01
-1.800185419327678460e+01
-1.808448347907004106e+01
-1.820691134042563064e+01
-1.817005177131186144e+01
-1.819560876309387965e+01
-1.806670160098476074e+01
-1.819181006434914494e+01
-1.810813655795595878e+01
-1.809169550110737035e+01
-1.816517635876568093e+01
-1.808343791517817323e+01
-1.820905566887861937e+01
-1.820720070699254833e+01
-1.831051250194887814e+01
-1.823687850825532308e+01
-1.820546194861823253e+01
-1.817508163957978695e+01
-1.827004713680198478e+01
-1.838531354087933423e+01
-1.825148053541359872e+01
-1.831443310602841734e+01
-1.838175121564526648e+01
-1.834318006162980197e+01
-1.841395380411074001e+01
-1.844963342235673665e+01
-1.853842039390655927e+01
-1.854860545946049299e+01
-1.833994740763851539e+01
-1.818722912157229743e+01
-1.799482605837476967e+01
-1.816643928070519820e+01
-1.815124962447569246e+01
-1.811337996964544317e+01
-1.811157931074888339e+01
-1.814551143182834991e+01
-1.824843467185357326e+01
-1.815802459622556597e+01
-1.830443607898793346e+01
-1.833004061536912843e+01
-1.824956132316065549e+01
-1.829207428899579213e+01
-1.829635126969609971e+01
-1.835933836179546574e+01
-1.824774245359729008e+01
-1.824721761543003851e+01
-1.819730579622746092e+01
-1.825804698588391872e+01
-1.826949620725519807e+01
-1.842506060783857791e+01
-1.840338292270415010e+01
-1.829007405366331440e+01
-1.833439565272962568e+01
-1.829494286498596267e+01
-1.815231554794171842e+01
-1.817801683194833728e+01
-1.815690355636288800e+01
-1.812631631089874773e+01
-1.815716650160068468e+01
-1.822059713200165021e+01
-1.813295584750850509e+01
-1.812336572094857701e+01
-1.809983856999872742e+01
-1.812746144777967672e+01
-1.816037310186749210e+01
-1.806029174445000507e+01
-1.798478035277112141e+01
-1.795871003870760063e+01
-1.789097022788563507e+01
-1.791199273914164536e+01
-1.788310744376601491e+01
-1.778912378853553022e+01
-1.786930858738495331e+01
-1.791644194988174021e+01
-1.792111182277944437e+01
-1.791737669013653900e+01
-1.806176211188332914e+01
-1.799630953624854968e+01
-1.788621243211071388e+01
-1.774564101063374011e+01
-1.786676488227294968e+01
-1.788611246789005804e+01
-1.794126462699377811e+01
-1.786785473597885954e+01
-1.782576065875419502e+01
-1.777777855061820489e+01
-1.772291499637961465e+01
-1.771411303910532453e+01
-1.778625301902409106e+01
-1.771282504823395598e+01
-1.777570599700763054e+01
-1.770273419157583916e+01
-1.779233004104947113e+01
-1.771098230996315337e+01
-1.776082627035115991e+01
-1.771206933451083287e+01
-1.768140235107366465e+01
-1.766471602166165056e+01
-1.772631242434889742e+01
-1.771717311383362770e+01
-1.773334285277401179e+01
-1.770449212908314607e+01
-1.783816245692267799e+01
-1.780085272178243017e+01
-1.786837247705382126e+01
-1.782631311727891799e+01
-1.772504828861586290e+01
-1.778177690647768472e+01
-1.785776936350434596e+01
-1.785940482330365953e+01
-1.777233044353297586e+01
-1.782874496266347464e+01
-1.789089520478048456e+01
-1.776379284037322037e+01
-1.776447813699608602e+01
-1.791235927166279396e+01
-1.785070011378143917e+01
-1.792435902087960642e+01
-1.791329053848582475e+01
-1.792745022482281669e+01
-1.794440044587363303e+01
-1.802435941636556649e+01
-1.794412102528120556e+01
-1.802655454782212630e+01
-1.778665193320927784e+01
-1.775608398927425924e+01
-1.776353031668476490e+01
-1.772546575852371831e+01
-1.773226231498123440e+01
-1.767504169110475587e+01
-1.766738132722919730e+01
-1.770828172910029963e+01
-1.774671881054679545e+01
-1.782311822644662058e+01
-1.776818110344907709e+01
-1.768934975513401753e+01
-1.777511173974780689e+01
-1.777936893656297812e+01
-1.779953242504373279e+01
-1.777700840055092257e+01
-1.784186880494972982e+01
-1.780556838933292951e+01
-1.784038339892996561e+01
-1.789839663481511423e+01
-1.778641252509962456e+01
-1.779676509230591464e+01
-1.783629472136585292e+01
-1.781208519156609071e+01
-1.787983463883407964e+01
-1.784254326670259161e+01
-1.779526579036991407e+01
-1.780505218971372727e+01
-1.779962194689311872e+01
-1.775864390236073120e+01
-1.781423320622091211e+01
-1.773374368935641243e+01
-1.776924153984892030e+01
-1.769968198087939015e+01
-1.779248798191159509e+01
-1.788917756710485563e+01
-1.777275488762018796e+01
-1.766205949001324882e+01
-1.784663702517920925e+01
-1.784114820882856733e+01
-1.790015876096991221e+01
-1.778427213481188218e+01
-1.785187492807713028e+01
-1.801776652031378134e+01
-1.799713691429925078e+01
-1.784220923683373883e+01
-1.783825781154331125e+01
-1.800539925431018062e+01
-1.793339943962637051e+01
-1.795537544194147372e+01
-1.789584076824998959e+01
-1.789033490839824836e+01
-1.786084253067112115e+01
-1.789225374712218652e+01
-1.781462925785961815e+01
-1.788415655268419258e+01
-1.781240770218988700e+01
-1.774391360006211471e+01
-1.778810441491180327e+01
-1.773434474649398851e+01
-1.778797943207939625e+01
-1.787098088714741806e+01
-1.786079029676899665e+01
-1.780295576554825132e+01
-1.776574861397782712e+01
-1.784054813169640141e+01
-1.785710907504863343e+01
-1.776911067708262237e+01
-1.787929305905057831e+01
-1.789806044734135071e+01
-1.780276104091697675e+01
-1.781883738019427099e+01
-1.783630274564758267e+01
-1.780062685803831002e+01
-1.791849081426160240e+01
-1.781170532402272499e+01
-1.780591214649925291e+01
-1.781430808110286179e+01
-1.789727804001654121e+01
-1.787170496422021415e+01
-1.804137342895271701e+01
-1.802294907837264049e+01
-1.792382739364099109e+01
-1.789648397953437708e+01
-1.794300592265007666e+01
-1.794562204080192203e+01
-1.799932181378670748e+01
-1.800364270155570878e+01
-1.798932007275423572e+01
-1.788486026907884963e+01
-1.805488219362315050e+01
-1.797053162798223624e+01
-1.797564113372480676e+01
-1.781066283513732529e+01
-1.782370143628832082e+01
-1.781460650590899064e+01
-1.790959957828029303e+01
-1.787388001791120473e+01
-1.777964078650373025e+01
-1.777437813340293360e+01
-1.792304649819859108e+01
-1.774800731821999733e+01
-1.770752444880307763e+01
-1.775274607324445952e+01
-1.778808368107462456e+01
-1.769216440778595967e+01
-1.763153831280434147e+01
-1.755410843859951342e+01
-1.765704167247079326e+01
-1.757004018106286480e+01
-1.756189427616023835e+01
-1.748380252295504889e+01
-1.761080634894766561e+01
-1.747925589373893018e+01
-1.756176244797554276e+01
-1.751737198091296221e+01
-1.753769088373559981e+01
-1.761979277039336722e+01
-1.769504651379885019e+01
-1.753271107655417538e+01
-1.758901301471324885e+01
-1.769143465228719236e+01
-1.755282345150510892e+01
-1.752274309419524201e+01
-1.752264240396856465e+01
-1.758791660956407554e+01
-1.744082756159068737e+01
-1.733248613259257098e+01
-1.745477122521653257e+01
-1.744114111549580315e+01
-1.736619588977483275e+01
-1.754720949478092606e+01
-1.750036084119006929e+01
-1.748670049971728346e+01
-1.739910469796753034e+01
-1.745418964630382064e+01
-1.734944505827358796e+01
-1.741612436771455208e+01
-1.744063881950089012e+01
-1.741401820590415639e+01
-1.738907853897694977e+01
-1.749368951438345121e+01
-1.748705708545916693e+01
-1.754137501484548523e+01
-1.746856938949091997e+01
-1.745809060927036782e+01
-1.747388726273506876e+01
-1.743896700085353046e+01
-1.740327667430262437e+01
-1.731070395036881138e+01
-1.742677951875161568e+01
-1.734351136599070031e+01
-1.729927618752180152e+01
-1.737656452389500572e+01
-1.737587065093488192e+01
-1.735052611725107852e+01
-1.731089912867035352e+01
-1.731252677097677761e+01
-1.728670454304336346e+01
-1.729264253433417053e+01
-1.737969826684780017e+01
-1.729028159131438969e+01
-1.732407618525721560e+01
-1.732770466158558520e+01
-1.729402702851611551e+01
-1.729140904081928909e+01
-1.731959881521674305e+01
-1.725701353357096934e+01
-1.736006944598801383e+01
-1.736702905192682422e+01
-1.734883199828746925e+01
-1.745644678793467364e+01
-1.741973977359452519e+01
-1.738920973309037876e+01
-1.746835106025251250e+01
-1.742670384151142571e+01
-1.736518624148115819e+01
-1.742248682917520952e+01
-1.739112855517683087e+01
-1.732014682818933693e+01
-1.734542309182669939e+01
-1.731236148022685128e+01
-1.734680263871838690e+01
-1.743174740664922240e+01
-1.732536995930606238e+01
-1.732202894787071656e+01
-1.736666088590835955e+01
-1.742852221537260249e+01
-1.748473807991888052e+01
-1.746148155356159037e+01
-1.739902731605108599e+01
-1.744379684665022978e+01
-1.739520021751365775e+01
-1.733438908619505980e+01
-1.747572605684702296e+01
-1.742240133404718350e+01
-1.733851876429510597e+01
-1.744191875524514401e+01
-1.757424028391224979e+01
-1.762285407038287843e+01
-1.740577121874748556e+01
-1.746179859536220391e+01
-1.735865547643865270e+01
-1.731593165653799460e+01
-1.741484445816226412e+01
-1.751340654036682309e+01
-1.738993729435390279e+01
-1.740017062668155390e+01
-1.743295866907919489e+01
-1.730405108506719358e+01
-1.733656318238893945e+01
-1.739047807826793246e+01
-1.743892229263453686e+01
-1.742717805976964129e+01
-1.735135527328159455e+01
-1.745739756974356993e+01
-1.748306305769298064e+01
-1.742521686429441985e+01
-1.745783232355657688e+01
-1.745677234776679043e+01
-1.743352640162762768e+01
-1.749573875733450024e+01
-1.753997072501381638e+01
-1.764624270448559074e+01
-1.759021659794060355e+01
-1.765475126654313698e+01
-1.768999422188400672e+01
-1.768622928248574055e+01
-1.762851203126539801e+01
-1.749256744347182391e+01
-1.748043335586024583e+01
-1.743437397109881459e+01
-1.737582728243089036e+01
-1.732473344863562659e+01
-1.732349866080324574e+01
-1.735516116608079784e+01
-1.737663060264296533e+01
-1.739473230379734758e+01
-1.729196285319143911e+01
-1.743245893686258441e+01
-1.746458309589186086e+01
-1.742140354120873980e+01
-1.744580621915253360e+01
-1.734040286848027890e+01
-1.741159124560768134e+01
-1.735289797812038870e+01
-1.735338030724574310e+01
-1.727203143917047967e+01
-1.728195447088915060e+01
-1.726960800611995595e+01
-1.720378303571958511e+01
-1.710689160022301891e+01
-1.711304455447914208e+01
-1.713484699375154818e+01
-1.703365948724364642e+01
-1.708730890902214128e+01
-1.707843322293080845e+01
-1.713984424767681958e+01
-1.718889421509643967e+01
-1.727365519133013194e+01
-1.715831742960358497e+01
-1.721581430136790658e+01
-1.717553035921762472e+01
-1.715017379685987109e+01
-1.713798713696497700e+01
-1.716079426165012478e+01
-1.729157412797362170e+01
-1.726971214775567987e+01
-1.725077149597861492e+01
-1.724048609224361073e+01
-1.731619046180501797e+01
-1.731554134672180822e+01
-1.730362192088720619e+01
-1.738269534359246649e+01
-1.729758546880429293e+01
-1.723224742816141841e+01
-1.722762274546484562e+01
-1.719435865764824456e+01
-1.715915023533951000e+01
-1.723106860288100606e+01
-1.718684296219930374e+01
-1.717118752340623544e+01
-1.715811554031311914e+01
-1.720920090486675136e+01
-1.718725018660104098e+01
-1.722314531900621049e+01
-1.722896172634344936e+01
-1.725470457465066687e+01
-1.719402595762165475e+01
-1.715229447648821193e+01
-1.714925185799182117e+01
-1.722737253189626472e+01
-1.717896433839908710e+01
-1.712281947333482179e+01
-1.708277680580915714e+01
-1.705141163155384021e+01
-1.709991349109802883e+01
-1.709058894724640609e+01
-1.712806728648567756e+01
-1.707017947858623330e+01
-1.701839852161166533e+01
-1.697633854692205801e+01
-1.710956970050871817e+01
-1.702052211529156267e+01
-1.701236239305371001e+01
-1.699809556704782665e+01
-1.696027865385733691e+01
-1.700102474504479844e+01
-1.701483436717617082e+01
-1.705113396073513954e+01
-1.711396754923195118e+01
-1.718862123879544157e+01
-1.713239759319880307e+01
-1.720637820703685250e+01
-1.715393995383093539e+01
-1.700795539252090549e+01
-1.702303274993605342e+01
-1.691554188888531129e+01
-1.693922610913201154e+01
-1.695694958482101100e+01
-1.688361015118515951e+01
-1.687342497402553931e+01
-1.692705255656798258e+01
-1.696715062131286444e+01
-1.694165929325813735e+01
-1.697251055972163059e+01
-1.695641463491976353e+01
-1.691886073508261390e+01
-1.697041896088608937e+01
-1.696062306981217205e+01
-1.692489553005980696e+01
-1.691561248693237118e+01
-1.693578089708843848e+01
-1.688684241560742549e+01
-1.686438696243598301e+01
-1.685988265316746038e+01
-1.693762998400890396e+01
-1.700677723579063993e+01
-1.695228418018795935e+01
-1.691148807479244809e+01
-1.692246631443322968e+01
-1.688013314776848262e+01
-1.682331356443726023e+01
-1.679548659718212278e+01
-1.683443031098050113e+01
-1.681274499692263547e+01
-1.676057797921024317e+01
-1.692780833478958513e+01
-1.687784418505292550e+01
-1.692301910696129852e+01
-1.688381256318037060e+01
-1.686113322194808717e+01
-1.675518790238042399e+01
-1.674978145890800008e+01
-1.666732964174349974e+01
-1.666447564453735453e+01
-1.676967453599844404e+01
-1.684005777093322109e+01
-1.681080740047104527e+01
-1.683826525842877686e+01
-1.678006534168573083e+01
-1.675235894969288353e+01
-1.673533899030265459e+01
-1.680180826301969432e+01
-1.690314891053102286e+01
-1.693581925270752819e+01
-1.691962550916192498e+01
-1.701741325313039610e+01
-1.694452549786139173e+01
-1.691458414937490673e+01
-1.683673015136414719e+01
-1.698702685947238322e+01
-1.704209317741641527e+01
-1.704605924255004368e+01
-1.704833378958157297e+01
-1.702273880629524427e+01
-1.695406616923539289e+01
-1.692922289809161640e+01
-1.706856431058285750e+01
-1.696613934794545386e+01
-1.700058248929195059e+01
-1.696254181207384448e+01
-1.695145767021442040e+01
-1.706883243908589520e+01
-1.698208676699126940e+01
-1.693927899283508864e+01
-1.687248436335045554e+01
-1.697739180070824005e+01
-1.686156598884411650e+01
-1.684674643431741359e+01
-1.678543015688035567e+01
-1.677136586424757070e+01
-1.686895927109478066e+01
-1.682504306723199505e+01
-1.694964409851705511e+01
-1.689975291144885716e+01
-1.689564587667277706e+01
-1.687503738456802083e+01
-1.677588411087308984e+01
-1.679072763809537960e+01
-1.689616275944640833e+01
-1.683281727354663104e+01
-1.675522497278621969e+01
-1.679368511856913315e+01
-1.678026621871368818e+01
-1.681505959433108544e+01
-1.675861583170273761e+01
-1.684464851681471487e+01
-1.686113441351407261e+01
-1.684064997325035762e+01
-1.691966353468439621e+01
-1.694434700476008260e+01
-1.694930444086694266e+01
-1.702313451828177548e+01
-1.694693836034462464e+01
-1.696237599794331885e+01
-1.694674199132824199e+01
-1.690791067223349842e+01
-1.684879116595253379e+01
-1.679754072764796646e+01
-1.687135756033849177e+01
-1.688783883942592468e+01
-1.689112170766803445e+01
-1.690800194833305525e+01
-1.695129372366356790e+01
-1.700802182510077287e+01
-1.695616324552520027e+01
-1.699713158252152212e+01
-1.700578627387201891e+01
-1.695855784606790095e+01
-1.693448840416490242e+01
-1.689586158060789245e+01
-1.692299018556019163e+01
-1.686514264185216661e+01
-1.695137174094007904e+01
-1.697173304809230032e+01
-1.706624351272620999e+01
-1.703184070011180751e+01
-1.702640236959482323e+01
-1.703555998343389533e+01
-1.694222974857109065e+01
-1.700883366354589654e+01
-1.704286130396907950e+01
-1.694264106176258622e+01
-1.705157895684016367e+01
-1.701139151035900454e+01
-1.701409560620654560e+01
-1.690136932378783285e+01
-1.689334160970439669e+01
-1.698949309746832270e+01
-1.698135753193302122e+01
-1.697137661628838146e+01
-1.692867637452174634e+01
-1.690887194353922851e+01
-1.684752384687929450e+01
-1.692585235784188313e+01
-1.698718280707323913e+01
-1.696873903132091144e+01
-1.699313384545081362e+01
-1.697715111035070379e+01
-1.696493619550621190e+01
-1.702714670644113681e+01
-1.705118494619489766e+01
-1.700227231779841830e+01
-1.697550975014060270e+01
-1.708041197354006258e+01
-1.703776435558100388e+01
-1.706449512721084361e+01
-1.698050164225878689e+01
-1.693054428193987704e+01
-1.692716024105313721e+01
-1.697094337705549805e+01
-1.693700781609871342e+01
-1.692492271607767762e+01
-1.697873249525968831e+01
-1.698114460738967324e+01
-1.701286598480506029e+01
-1.708282122716538254e+01
-1.705410357035802349e+01
-1.701130990450174707e+01
-1.692564978242262086e+01
-1.697630357431783210e+01
-1.694081038406389794e+01
-1.699017728636217583e+01
-1.699530574435535968e+01
-1.702611369024643295e+01
-1.699660114406720268e+01
-1.701776337806462536e+01
-1.711055962556796572e+01
-1.720413118844197697e+01
-1.721363916673222860e+01
-1.718107732732176629e+01
-1.724463207135815423e+01
-1.714136297336322201e+01
-1.720014212596794678e+01
-1.720479597673614336e+01
-1.726028162241781061e+01
-1.728022405906986947e+01
-1.724656501622127180e+01
-1.729764676845876181e+01
-1.728549394057969835e+01
-1.733199726934999774e+01
-1.725201720861801036e+01
-1.730305703079752178e+01
-1.723895378806126644e+01
-1.723756312827629245e+01
-1.722460287249234767e+01
-1.715098549848055143e+01
-1.716558434437261838e+01
-1.717207815274333171e+01
-1.714581562034385698e+01
-1.720284985974539538e+01
-1.722483606527771016e+01
-1.726678159078883823e+01
-1.737048481066016592e+01
-1.732732319729517556e+01
-1.738021235985206303e+01
-1.725249865288541784e+01
-1.715174809419614022e+01
-1.716556464100881385e+01
-1.722890697599693510e+01
-1.724518122579025103e+01
-1.723075351027742741e+01
-1.717105762617066844e+01
-1.723931311389352672e+01
-1.732871347207539614e+01
-1.725650346329137719e+01
-1.728351032101054230e+01
-1.726814390786984532e+01
-1.735657371687024408e+01
-1.722709173742498123e+01
-1.732085094013065785e+01
-1.731961086171302711e+01
-1.727153845395674381e+01
-1.738112442088660003e+01
-1.732971829115830076e+01
-1.730216147197286958e+01
-1.728732053415776804e+01
-1.733665106540704315e+01
-1.733723548165134787e+01
-1.736672114264053945e+01
-1.718723429860800067e+01
-1.726540715921533220e+01
-1.729839659773671912e+01
-1.719797106904760753e+01
-1.722930120288084410e+01
-1.729254727671213487e+01
-1.725853164234075265e+01
-1.720033717507171289e+01
-1.723229164673917779e+01
-1.722432581683523622e+01
-1.725696260042013463e+01
-1.722883486307468104e+01
-1.720202842362582629e+01
-1.720739034984055138e+01
-1.723950950538380411e+01
-1.727357969988824848e+01
-1.730949570147634731e+01
-1.726009070186773897e+01
-1.720075550011730670e+01
-1.719433856385322201e+01
-1.726849491197726394e+01
-1.726185578478633786e+01
-1.731035112210117433e+01
-1.739369769613407257e+01
-1.725084856984766546e+01
-1.722223270473360301e+01
-1.721034755508929948e+01
-1.720499143073152482e+01
-1.725143114289214452e+01
-1.728707921918018187e+01
-1.722217441232367818e+01
-1.716981311916011776e+01
-1.716747432902432635e+01
-1.716745473559117130e+01
-1.729038215872717998e+01
-1.728410366741895388e+01
-1.720005229247054146e+01
-1.715319965627313081e+01
-1.718280930348143443e+01
-1.712779755073387733e+01
-1.723668049178871442e+01
-1.722839588034599956e+01
-1.729796459520576235e+01
-1.729056529731489888e+01
-1.716633772958384441e+01
-1.697270107857913146e+01
-1.698481274106602967e+01
-1.717489319865315878e+01
-1.714169831509454767e+01
-1.720946936269920968e+01
-1.723605310261838852e+01
-1.716123233124822534e+01
-1.720107759664271541e+01
-1.715532792724441435e+01
-1.713767814147755786e+01
-1.725250769609318269e+01
-1.713995874319825674e+01
-1.732682800800026612e+01
-1.724964013538933116e+01
-1.727955224838567361e+01
-1.727547215772328570e+01
-1.715612459401314638e+01
-1.711280672085124976e+01
-1.723697699647515336e+01
-1.720413045347588721e+01
-1.722280730289346096e+01
-1.713219647415008140e+01
-1.714732616973491020e+01
-1.720109869080387810e+01
-1.723167777918664356e+01
-1.716613551147206707e+01
-1.719555096928330329e+01
-1.725436781935368202e+01
-1.717730980362082960e+01
-1.718129703529124441e+01
-1.718347037422323709e+01
-1.727428801402539804e+01
-1.725075767573879659e+01
-1.725192690129074080e+01
-1.709305172694227082e+01
-1.716959152042183590e+01
-1.719289750795934069e+01
-1.717229951983205893e+01
-1.723921348145572097e+01
-1.725638215325990998e+01
-1.727549233402959317e+01
-1.725131206533084693e+01
-1.729653596133054805e+01
-1.722075468374974605e+01
-1.724464811297545452e+01
-1.728746494690654245e+01
-1.733005612605757051e+01
-1.730640483184101086e+01
-1.728812949482870920e+01
-1.722162235949717513e+01
-1.740652604035859952e+01
-1.727590804385654977e+01
-1.728725328671025352e+01
-1.721113445983252532e+01
-1.726312596081841733e+01
-1.734841887426027540e+01
-1.733107818681297374e+01
-1.736154998677357497e+01
-1.728281891760123656e+01
-1.734110340161742769e+01
-1.733895984100885457e+01
-1.738687132832261639e+01
-1.734863141863632308e+01
-1.735233878664920937e+01
-1.730189256624682770e+01
-1.722669281635002392e+01
-1.725242594636164384e+01
-1.724631974306569404e+01
-1.716651986764262716e+01
-1.716577099514721994e+01
-1.721450123576837754e+01
-1.731493343414746633e+01
-1.722205979800830988e+01
-1.726393834257677895e+01
-1.729592268268574884e+01
-1.732869439697956437e+01
-1.727954788732894187e+01
-1.721643263342382113e+01
-1.718303620076844496e+01
-1.718120979258477021e+01
-1.732450892614071591e+01
-1.725401821950341841e+01
-1.717151840614193858e+01
-1.718105426091208798e+01
-1.711333519238845824e+01
-1.712034252715451643e+01
-1.717796974956453582e+01
-1.715686929190970034e+01
-1.719624258454693688e+01
-1.724179768840412308e+01
-1.727707517624121181e+01
-1.725306221537820051e+01
