# 2*np.log[MAD(r)] for 100 flights; 1000 steps per flight; run 20 of 50; mu: 3.50; seed: 19
-2.582753230969207792e+01
-2.395021959117917376e+01
-2.310406105957611800e+01
-2.302478279522926741e+01
-2.293397092521275482e+01
-2.255379719891936929e+01
-2.213082064830413387e+01
-2.213645972298452236e+01
-2.180483742613291653e+01
-2.199033798067912926e+01
-2.213282023404411802e+01
-2.162745333412836857e+01
-2.169951421241901102e+01
-2.171261126025667920e+01
-2.146992101058566149e+01
-2.121538666284904906e+01
-2.091758348826714453e+01
-2.124165314024026685e+01
-2.092898564478721468e+01
-2.126806150102160586e+01
-2.118084955705280592e+01
-2.125833859419214988e+01
-2.095139630996358093e+01
-2.089964121981484624e+01
-2.075499431508426085e+01
-2.054423237007570791e+01
-2.082858380984684743e+01
-2.073219643551280100e+01
-2.064725835046550984e+01
-2.059242296810887751e+01
-2.064221386968018734e+01
-2.077825830646349914e+01
-2.045836429983955895e+01
-2.092364550891199926e+01
-2.056650811784420085e+01
-2.046720993823138812e+01
-2.057003455158493210e+01
-2.043270490733164024e+01
-2.022133709877649466e+01
-2.035756006613170754e+01
-2.046557114231136865e+01
-2.052135736152326828e+01
-2.054041763620377026e+01
-2.047030863944562640e+01
-2.044390397708988871e+01
-2.026831828341272512e+01
-2.045059073729844812e+01
-2.025462988590839686e+01
-2.008383042563688647e+01
-1.996669701576861300e+01
-2.004743675802223990e+01
-2.001934801141057108e+01
-2.005771982955587518e+01
-2.011680021803273988e+01
-2.015852552329961611e+01
-2.033317703312144076e+01
-2.031274334050090147e+01
-2.022847643627040526e+01
-2.023876290999188754e+01
-2.020807806333693435e+01
-2.002502259430896459e+01
-1.992486788510385054e+01
-2.003998473186578622e+01
-1.974079229710402927e+01
-1.990025437014353216e+01
-2.020260871293195137e+01
-2.007772288526151172e+01
-2.000177522075987468e+01
-1.987639755322795665e+01
-1.977906355065854882e+01
-1.955915370713071866e+01
-1.982723352029934105e+01
-1.977694547443209672e+01
-1.976628750653251743e+01
-1.983574392346532633e+01
-1.972054230184002677e+01
-1.956207370393733314e+01
-1.977907305435687135e+01
-1.970406364659524456e+01
-1.962095149522979298e+01
-1.938766139987108161e+01
-1.944349591032110069e+01
-1.927471615502196656e+01
-1.928727863811743148e+01
-1.931656056709744718e+01
-1.919784104681102832e+01
-1.925384864009223662e+01
-1.923801264261288679e+01
-1.941486157161913439e+01
-1.938110097403872345e+01
-1.920252425822821607e+01
-1.928821824943116070e+01
-1.925991418027915714e+01
-1.926190255217748515e+01
-1.927310604250390824e+01
-1.945444160632311892e+01
-1.951787800028467856e+01
-1.952348165425759063e+01
-1.937551350639354908e+01
-1.931599121549708542e+01
-1.936322392851641894e+01
-1.937477044423517825e+01
-1.929652384453533642e+01
-1.920635839567427894e+01
-1.924613229497652256e+01
-1.928878001245793428e+01
-1.930948197081733042e+01
-1.929155831111144082e+01
-1.924938861498460696e+01
-1.916679315044461518e+01
-1.907460583395236497e+01
-1.909190653937050186e+01
-1.893403464545644610e+01
-1.890125981431603464e+01
-1.893675167550301808e+01
-1.881735721522248284e+01
-1.887138588233303693e+01
-1.889283811473860197e+01
-1.881571726053011773e+01
-1.894786623982077245e+01
-1.885631969086458781e+01
-1.873619265318605542e+01
-1.883912649545236917e+01
-1.889105709440299208e+01
-1.900313821935236902e+01
-1.886992950690344983e+01
-1.875381419815710160e+01
-1.884774142545016673e+01
-1.873217852650616067e+01
-1.881913087384002736e+01
-1.903083912794539145e+01
-1.920130039110121345e+01
-1.901054628609785269e+01
-1.894882022190311233e+01
-1.901045548948706809e+01
-1.918956659825298061e+01
-1.887343540173777612e+01
-1.909036071029299109e+01
-1.889794337822474546e+01
-1.878347606521885638e+01
-1.873242283310412049e+01
-1.872292908210975781e+01
-1.882887740943159827e+01
-1.867747542289497176e+01
-1.862403121104263093e+01
-1.882781547218417373e+01
-1.881786519022708859e+01
-1.898118098355286776e+01
-1.885138054194196044e+01
-1.884736831707033033e+01
-1.892579299608417998e+01
-1.878595408898290486e+01
-1.877039094729235202e+01
-1.872312284832999651e+01
-1.890653939497630276e+01
-1.868196789522441037e+01
-1.866508962545055184e+01
-1.873530852073712794e+01
-1.861275696833858007e+01
-1.864329217213973067e+01
-1.861497133567143081e+01
-1.846042115078407164e+01
-1.848255327676733017e+01
-1.843406315061038825e+01
-1.854118534268287277e+01
-1.868267895686582136e+01
-1.874588280916364269e+01
-1.881156800128078999e+01
-1.874947645770820159e+01
-1.875012145399331231e+01
-1.880432675638785156e+01
-1.867043907416237758e+01
-1.862551039264934261e+01
-1.857723307953638070e+01
-1.883563858476668784e+01
-1.873083472428839613e+01
-1.868685584283199574e+01
-1.847341658871988557e+01
-1.845676343535319930e+01
-1.857745737306882106e+01
-1.848729155607975372e+01
-1.833606595615973589e+01
-1.844975246759751997e+01
-1.844358021336739029e+01
-1.851167255508605436e+01
-1.841059120776930058e+01
-1.838783141397543730e+01
-1.841093220293638666e+01
-1.840478081507973229e+01
-1.844319448507799564e+01
-1.850800331892504857e+01
-1.849073922321646890e+01
-1.843108176893511896e+01
-1.842294574434915333e+01
-1.858236211955625805e+01
-1.835860433441019879e+01
-1.848719016440300678e+01
-1.844616561299305957e+01
-1.849092429579939889e+01
-1.848209570932392509e+01
-1.841550407092096364e+01
-1.843791180175804811e+01
-1.825446323776906610e+01
-1.842849381960531119e+01
-1.843155025097930277e+01
-1.834179740290984029e+01
-1.839371756474961828e+01
-1.840677510084747226e+01
-1.852516165556221495e+01
-1.832930543595853123e+01
-1.844906095326339468e+01
-1.830860598132551331e+01
-1.862295248293821004e+01
-1.840319195587565559e+01
-1.855120560098371030e+01
-1.842173991046734471e+01
-1.842177515371354701e+01
-1.864655716341613712e+01
-1.855123144376927513e+01
-1.847308543885295862e+01
-1.844159956238871345e+01
-1.842283036042090316e+01
-1.834681329635505165e+01
-1.847037930114391813e+01
-1.838717590233881438e+01
-1.831884326634805404e+01
-1.823868517568243419e+01
-1.830131183380637694e+01
-1.836303166859078217e+01
-1.836796273855924255e+01
-1.851902101567866410e+01
-1.855520437932465327e+01
-1.850509734612936086e+01
-1.834665827733777732e+01
-1.830847572914385424e+01
-1.830171688020703158e+01
-1.837985129388225403e+01
-1.837518405917854736e+01
-1.836184318805900162e+01
-1.855040759726974997e+01
-1.854941573902117113e+01
-1.856072925181351607e+01
-1.842246521483273369e+01
-1.848082730776579297e+01
-1.855434602588900717e+01
-1.842547622600370616e+01
-1.849112787484608589e+01
-1.833595071366532281e+01
-1.838455088788431624e+01
-1.836388842667044585e+01
-1.848022073180173308e+01
-1.827767959033136691e+01
-1.849279680037156837e+01
-1.842445662422468189e+01
-1.848609389672166259e+01
-1.843523653665905115e+01
-1.831918134167419154e+01
-1.816759975217715350e+01
-1.834592946014183923e+01
-1.832753660592550915e+01
-1.835963100939360260e+01
-1.829924514875430930e+01
-1.830831740908690719e+01
-1.825593066941168274e+01
-1.802979746141285489e+01
-1.808398343641566086e+01
-1.823464297337680051e+01
-1.813945790556973137e+01
-1.817611839797782380e+01
-1.820043363628839828e+01
-1.818794114395966233e+01
-1.824117357722383659e+01
-1.801183395686288335e+01
-1.806666656354139988e+01
-1.804300899037542294e+01
-1.819043179593397497e+01
-1.808154836912069641e+01
-1.815565019345870112e+01
-1.811810964805052038e+01
-1.817173487829970568e+01
-1.819132591550635780e+01
-1.817821506675502263e+01
-1.805224198201439734e+01
-1.817602765504579665e+01
-1.822179772373901940e+01
-1.821396425315560919e+01
-1.812841243870468233e+01
-1.801126286109748875e+01
-1.822465455423670377e+01
-1.830891500399234673e+01
-1.827240724596281751e+01
-1.824450580298600855e+01
-1.811454372983303784e+01
-1.809404543068963278e+01
-1.800352112255860249e+01
-1.817420971233118721e+01
-1.813379598734757181e+01
-1.818246650051592894e+01
-1.821780155027490977e+01
-1.821164426041324447e+01
-1.831903419815220602e+01
-1.806153227143658313e+01
-1.804397422016272756e+01
-1.806380136014648485e+01
-1.811341316824911729e+01
-1.797416701660426952e+01
-1.796846261212701990e+01
-1.800152666676968138e+01
-1.800148894728295090e+01
-1.805427609276970102e+01
-1.810217964856373385e+01
-1.807202082617657268e+01
-1.822739648908405385e+01
-1.805082763333806639e+01
-1.810817400538860866e+01
-1.810986812794090639e+01
-1.808988870097986279e+01
-1.812591412115118317e+01
-1.815102281595068945e+01
-1.812775873279027294e+01
-1.827104057685727057e+01
-1.811644728165130047e+01
-1.813825067088568588e+01
-1.818081569454414748e+01
-1.811741304844734657e+01
-1.810848042673431024e+01
-1.813530112642795444e+01
-1.805473879999193798e+01
-1.803804408668233705e+01
-1.801242711292606913e+01
-1.816672080303791859e+01
-1.810138780930568458e+01
-1.801266962443319741e+01
-1.799625982649444111e+01
-1.807429592452959000e+01
-1.812460281002580231e+01
-1.826715645958507039e+01
-1.850821249453275641e+01
-1.837537029528762744e+01
-1.836059567297927231e+01
-1.835331528170586068e+01
-1.821207070309078446e+01
-1.843984010316413347e+01
-1.847987023771721837e+01
-1.826282917536181216e+01
-1.829999485222592526e+01
-1.823530005897269746e+01
-1.821568006160406838e+01
-1.805525814616980540e+01
-1.805784072591988831e+01
-1.814189556356451405e+01
-1.820698139597509169e+01
-1.807732948762518888e+01
-1.813226752469887870e+01
-1.818099772292171679e+01
-1.809613165152308056e+01
-1.801618958583115315e+01
-1.801117298223345387e+01
-1.816359842168545669e+01
-1.804883603292079997e+01
-1.804410209763253548e+01
-1.812716048323700591e+01
-1.810825456636530717e+01
-1.809847706451597560e+01
-1.797952336123329431e+01
-1.792496966840099759e+01
-1.795475310979332306e+01
-1.795406590914679512e+01
-1.798148559633101584e+01
-1.788595881149773348e+01
-1.798759461400334914e+01
-1.782418278761851838e+01
-1.775920583925632457e+01
-1.789431104021279495e+01
-1.792416161950686160e+01
-1.787098396535174416e+01
-1.786876407166566594e+01
-1.791172971063756592e+01
-1.792329439668662872e+01
-1.801041307005037950e+01
-1.795394065022009755e+01
-1.801367916014907777e+01
-1.799611570578732156e+01
-1.794896935524440806e+01
-1.788941042152308114e+01
-1.802256405726347310e+01
-1.797285433502663565e+01
-1.797788564050177484e+01
-1.797233523495086516e+01
-1.793513319675981421e+01
-1.802069124393593214e+01
-1.800220923718281796e+01
-1.788779255298742754e+01
-1.777797659930756424e+01
-1.801084754377341213e+01
-1.794490701759608697e+01
-1.783631550197163307e+01
-1.782434433864402834e+01
-1.780141983908356096e+01
-1.774641462872882514e+01
-1.772195023748460940e+01
-1.771737989615703057e+01
-1.764110551827986129e+01
-1.767700945472385854e+01
-1.773384006905673616e+01
-1.773605811887301797e+01
-1.774100732577162987e+01
-1.773615391457857626e+01
-1.772602526271208490e+01
-1.773045833113651781e+01
-1.765398098890080192e+01
-1.771596444410670301e+01
-1.778161152696123537e+01
-1.784048697762612790e+01
-1.778594674199347025e+01
-1.769372494569305942e+01
-1.769051971477005836e+01
-1.783131953799179215e+01
-1.782177946350114084e+01
-1.776037535795122935e+01
-1.771524785093378540e+01
-1.778935925398723583e+01
-1.785604079858944715e+01
-1.785035482876314816e+01
-1.800446683234645207e+01
-1.806211303411792457e+01
-1.804731667683106267e+01
-1.799847968216086969e+01
-1.790997633761331542e+01
-1.793701239463814545e+01
-1.792440581840141078e+01
-1.791905556615438400e+01
-1.797767756859114385e+01
-1.801436088016253478e+01
-1.795571800919751837e+01
-1.789119917534480564e+01
-1.789264465018730732e+01
-1.787200627947086318e+01
-1.793896379766793459e+01
-1.808517608991625281e+01
-1.787322652009623170e+01
-1.780647352133821215e+01
-1.785239228189176330e+01
-1.780493439583411686e+01
-1.775466762342643889e+01
-1.784685240739519330e+01
-1.798106516139754163e+01
-1.790532516016162745e+01
-1.780355367807664635e+01
-1.774093715644943714e+01
-1.765619719988473690e+01
-1.769969729528690650e+01
-1.766732571826062781e+01
-1.763972490858027342e+01
-1.756484010428782128e+01
-1.762379047650734520e+01
-1.761111461681178980e+01
-1.757840236693177971e+01
-1.756621768116464821e+01
-1.764868683482302458e+01
-1.763295052707301380e+01
-1.767022688040944089e+01
-1.760075522477777099e+01
-1.739431850587709860e+01
-1.742972437656299078e+01
-1.743568624441754622e+01
-1.749572807297486676e+01
-1.757957240067935700e+01
-1.753334878121146900e+01
-1.753709095943842655e+01
-1.751376376724844519e+01
-1.753599407248250941e+01
-1.765961982888662973e+01
-1.768590631159967685e+01
-1.759578934855370136e+01
-1.751034418932470871e+01
-1.742930343080706024e+01
-1.737674546165656508e+01
-1.748208283325441670e+01
-1.757306676397627143e+01
-1.739487388924210620e+01
-1.745947752845744816e+01
-1.740961234159018289e+01
-1.739334010243443274e+01
-1.750540501994371922e+01
-1.751686361207164211e+01
-1.752186540455399211e+01
-1.747585435538588428e+01
-1.750077321706132949e+01
-1.750517050586539369e+01
-1.739185852597554671e+01
-1.739382239458907620e+01
-1.745148331188794799e+01
-1.734419744353811765e+01
-1.724006325986061583e+01
-1.724925797671193450e+01
-1.713725251121215720e+01
-1.721327537581983691e+01
-1.727031119173598128e+01
-1.725654324083980384e+01
-1.720962401980837342e+01
-1.721974956445470539e+01
-1.720172636556828039e+01
-1.722157080284028297e+01
-1.719542703563242014e+01
-1.733650676317013861e+01
-1.727530006780165195e+01
-1.729942663814999548e+01
-1.725037518768025535e+01
-1.707245920804688311e+01
-1.722716458991249411e+01
-1.728195709891199172e+01
-1.729358969444776761e+01
-1.731093992609137544e+01
-1.739278648828992857e+01
-1.731352382632086773e+01
-1.724191799718529694e+01
-1.716119057471516385e+01
-1.715171691543925192e+01
-1.725811216256972358e+01
-1.713900243435299942e+01
-1.716655010709772000e+01
-1.713285288052368216e+01
-1.715343915203910541e+01
-1.719288828104521372e+01
-1.719163300203442901e+01
-1.729266771107291234e+01
-1.719688601341077216e+01
-1.734584859632913734e+01
-1.740056031859893437e+01
-1.731106024981085056e+01
-1.734053817078430981e+01
-1.736762670148902998e+01
-1.733238671845033352e+01
-1.734489577505179980e+01
-1.729586820638359868e+01
-1.732394487493918689e+01
-1.734125914138490998e+01
-1.735031414189819898e+01
-1.731932357256853194e+01
-1.733227128582801413e+01
-1.749524208694575833e+01
-1.735343119040030757e+01
-1.723909661439235563e+01
-1.724606503902657906e+01
-1.724475654641631550e+01
-1.724891667968070763e+01
-1.728480442873711098e+01
-1.722028530173672323e+01
-1.737711644268974354e+01
-1.736354930873224589e+01
-1.739091880444533800e+01
-1.729316480117328325e+01
-1.734854071410386211e+01
-1.736268470989717372e+01
-1.732701878884629920e+01
-1.728384802488083238e+01
-1.737022877202799265e+01
-1.743490378278008279e+01
-1.737414118236875638e+01
-1.731729919461119138e+01
-1.746157228682689677e+01
-1.734954537044102096e+01
-1.742241055691702201e+01
-1.746663546913245568e+01
-1.738725175345081553e+01
-1.734557119960443927e+01
-1.746293627183840513e+01
-1.745102843330674602e+01
-1.742826878006134805e+01
-1.742131722666672999e+01
-1.745152158452064128e+01
-1.748032417579269548e+01
-1.742459104741973519e+01
-1.735335923807829062e+01
-1.726499715054106687e+01
-1.721854938707567584e+01
-1.727257763293373216e+01
-1.730659986003082196e+01
-1.739687660556847959e+01
-1.732086459981799109e+01
-1.734770659254112601e+01
-1.737464369635659978e+01
-1.726725550840075130e+01
-1.726009063474008443e+01
-1.721334516841979223e+01
-1.730559456699478105e+01
-1.727167076933365308e+01
-1.736040348111742659e+01
-1.738079295184090967e+01
-1.737153037123007593e+01
-1.744304499596881897e+01
-1.742456659360620108e+01
-1.737104726863741533e+01
-1.740301148431564471e+01
-1.747346877812432098e+01
-1.749996527400605473e+01
-1.749094974081562270e+01
-1.750324207211981076e+01
-1.748823846264782134e+01
-1.744993360594730092e+01
-1.745184005251364567e+01
-1.740474724393428119e+01
-1.740410774806674254e+01
-1.738611792386290844e+01
-1.739339320407978562e+01
-1.735869713213182663e+01
-1.734621108559990077e+01
-1.749097523271268528e+01
-1.744380631663070247e+01
-1.746663971973963925e+01
-1.756259192648921186e+01
-1.759444594059444000e+01
-1.747769953806797005e+01
-1.742965259407248269e+01
-1.730781092490061113e+01
-1.729779623237475406e+01
-1.730584916148074726e+01
-1.743700448831267380e+01
-1.743415792546707976e+01
-1.738627556273999275e+01
-1.734791082112628757e+01
-1.730455291740609525e+01
-1.727527235653174387e+01
-1.731607037282840977e+01
-1.733729955455903493e+01
-1.739491615567045812e+01
-1.743799588088327468e+01
-1.733827034607782025e+01
-1.725652808036231178e+01
-1.725777655017840573e+01
-1.733500252039121747e+01
-1.737563427831238627e+01
-1.739532999600874774e+01
-1.739448382433458917e+01
-1.738232454265365945e+01
-1.728291707356835971e+01
-1.733782395429862788e+01
-1.735887459089868301e+01
-1.744148005767788590e+01
-1.742031810360844446e+01
-1.733358498943002601e+01
-1.739528034608034091e+01
-1.734690653173255726e+01
-1.734369759853803217e+01
-1.731058891427940694e+01
-1.749163745209999377e+01
-1.740717052216123051e+01
-1.742536475809994201e+01
-1.738827886501258746e+01
-1.733588358686859365e+01
-1.746333870404230382e+01
-1.737669035686823094e+01
-1.753654103517342122e+01
-1.742910653512942076e+01
-1.737764655022629512e+01
-1.736193890059768918e+01
-1.733372860122327452e+01
-1.731746576418450090e+01
-1.723762392309158642e+01
-1.706001240617270653e+01
-1.711672709972588180e+01
-1.714456992410087111e+01
-1.706595363058542247e+01
-1.709477726861119251e+01
-1.715601015437230359e+01
-1.713920731324122926e+01
-1.714851135465047705e+01
-1.720550496308598554e+01
-1.712732705157433344e+01
-1.720395102167362467e+01
-1.721798087645023401e+01
-1.735206572221852994e+01
-1.722414946670629732e+01
-1.719152069237603797e+01
-1.719225891469560707e+01
-1.720065372749176547e+01
-1.717419069156336775e+01
-1.722157771729095899e+01
-1.722672566568060404e+01
-1.730294210375855357e+01
-1.719569786267888745e+01
-1.724321485303003243e+01
-1.727741462895773950e+01
-1.727195267939611512e+01
-1.740578120354097891e+01
-1.736619667730236571e+01
-1.739289098862199268e+01
-1.731968062472587278e+01
-1.728764128669326183e+01
-1.723492647500441421e+01
-1.715040900395907997e+01
-1.713685141698147163e+01
-1.712204118783567353e+01
-1.709302553484527820e+01
-1.698418591935012856e+01
-1.701347359610173982e+01
-1.709465184583662634e+01
-1.703889847259887702e+01
-1.717077575231541431e+01
-1.716269143285381915e+01
-1.723298862186971547e+01
-1.712836332558417496e+01
-1.721703440415054231e+01
-1.716740172006007015e+01
-1.718440927450454225e+01
-1.715187569234382536e+01
-1.710885723295243466e+01
-1.721706693685391798e+01
-1.719769012788066931e+01
-1.709556624197236729e+01
-1.713840220424931360e+01
-1.716741834341168627e+01
-1.707783978409063153e+01
-1.698183489976043603e+01
-1.696762592086545496e+01
-1.693271658801930002e+01
-1.697126738037296434e+01
-1.689651684573942703e+01
-1.702560384550228179e+01
-1.702691355155005226e+01
-1.714981519436580015e+01
-1.716128587453388477e+01
-1.713121387865197676e+01
-1.708616842874303998e+01
-1.711686168485006121e+01
-1.707857324823094203e+01
-1.715047980487739565e+01
-1.714011346711369654e+01
-1.715892153581988921e+01
-1.706758507275612402e+01
-1.705060166591300330e+01
-1.709876100012681732e+01
-1.714029233003686414e+01
-1.720518357740491666e+01
-1.717584150092889317e+01
-1.716897519464525601e+01
-1.717725677493778846e+01
-1.722693968313881996e+01
-1.713625322425192010e+01
-1.720307210601239234e+01
-1.718068334222877525e+01
-1.733901655908266193e+01
-1.742457714000414626e+01
-1.725327303213487085e+01
-1.718600287645095648e+01
-1.729088118845682587e+01
-1.719140777465493031e+01
-1.709447714801531859e+01
-1.714240123273252436e+01
-1.724952210281621490e+01
-1.725106370977502124e+01
-1.717557992230124597e+01
-1.715485692173475485e+01
-1.710908942922802822e+01
-1.710571885280739224e+01
-1.721149966086109728e+01
-1.710550194344211050e+01
-1.713216842585961075e+01
-1.716372623048132340e+01
-1.723379538139806399e+01
-1.716330834607985523e+01
-1.715484469011871838e+01
-1.711148033563702953e+01
-1.710422407984766124e+01
-1.697238947169843826e+01
-1.705035471155969873e+01
-1.708689161478276120e+01
-1.707849207682801662e+01
-1.709882285218309050e+01
-1.706661670026402788e+01
-1.705917605703429629e+01
-1.705094056915370615e+01
-1.718475326345639331e+01
-1.716338596524476046e+01
-1.717746386876243037e+01
-1.719743531649043788e+01
-1.719917916531825597e+01
-1.716422850489123064e+01
-1.722926109681035811e+01
-1.717436164648823294e+01
-1.720349585276602866e+01
-1.715454424256311938e+01
-1.719342933448613309e+01
-1.715909127305678439e+01
-1.718759174789417088e+01
-1.715971250713552720e+01
-1.710995732668480684e+01
-1.703707659437889177e+01
-1.704957028005080488e+01
-1.716356120548272557e+01
-1.720936307384994635e+01
-1.722347633294138092e+01
-1.720768021874511788e+01
-1.719023787523956059e+01
-1.723686809811002618e+01
-1.726565658353809951e+01
-1.717046417021891358e+01
-1.724687451766854451e+01
-1.735458798012112780e+01
-1.724061798457592332e+01
-1.735020444109351345e+01
-1.723662159048091169e+01
-1.731377251507507609e+01
-1.738476610326660321e+01
-1.737505695483299561e+01
-1.735082688083054236e+01
-1.736754312998042593e+01
-1.738122645303562663e+01
-1.740453094605025086e+01
-1.736228558582005732e+01
-1.742029529929306975e+01
-1.728948595935253252e+01
-1.727348655654112619e+01
-1.724821963166569105e+01
-1.737886057401176743e+01
-1.735588405340999074e+01
-1.728406909027281912e+01
-1.726652219637796648e+01
-1.732783329187678589e+01
-1.738507375034316382e+01
-1.732579235775697413e+01
-1.738790233824952125e+01
-1.735149891421743007e+01
-1.720245215556271745e+01
-1.726933568865677771e+01
-1.721481028377555944e+01
-1.726182153148083032e+01
-1.725503554309429788e+01
-1.733629175197396677e+01
-1.731018590424296022e+01
-1.728115245564723779e+01
-1.720671597048066559e+01
-1.719314000122329844e+01
-1.716575846625257995e+01
-1.721568905237498726e+01
-1.720407858292047010e+01
-1.725129863374096217e+01
-1.718493594940588309e+01
-1.716448209675360559e+01
-1.725329371871229966e+01
-1.722811526921248415e+01
-1.725636537029173923e+01
-1.725622202544586159e+01
-1.715076451004076930e+01
-1.714529864733873055e+01
-1.724618486551181107e+01
-1.719714470119892269e+01
-1.713552124979789681e+01
-1.719854928529137439e+01
-1.716206061959855234e+01
-1.722293897154688480e+01
-1.712993116060487608e+01
-1.713308762717780809e+01
-1.715882390016959036e+01
-1.716517787134501205e+01
-1.706466070612472663e+01
-1.716372291650821680e+01
-1.722836290384863744e+01
-1.720570012529348958e+01
-1.712914008896857609e+01
-1.722008297985820136e+01
-1.724929337797032858e+01
-1.721243213575010600e+01
-1.719739444685821184e+01
-1.715113075309539781e+01
-1.718769820761976774e+01
-1.724338335273013456e+01
-1.706607740617796054e+01
-1.718448479935421602e+01
-1.727561684558153843e+01
-1.720341102495292063e+01
-1.723251248394688417e+01
-1.731226840793967980e+01
-1.728239583303350813e+01
-1.734189921183827465e+01
-1.726614290940436192e+01
-1.724193932227318271e+01
-1.721631820812657310e+01
-1.716775706667995394e+01
-1.714998699656289816e+01
-1.719227337360896257e+01
-1.718784607786411200e+01
-1.716201160722249597e+01
-1.712905524727507967e+01
-1.718121121486676373e+01
-1.709319607354561654e+01
-1.705641946596406555e+01
-1.701698794365053757e+01
-1.709898128166436493e+01
-1.701902083108854313e+01
-1.699612091028376071e+01
-1.697277805415283325e+01
-1.700505216892526050e+01
-1.693872454362536928e+01
-1.691906318551581379e+01
-1.694984422073078534e+01
-1.682484500642168257e+01
-1.691895566425960951e+01
-1.692773705391587313e+01
-1.687656098140391592e+01
-1.694553417868219114e+01
-1.687615036287933279e+01
-1.681721010605415501e+01
-1.689368276432098170e+01
-1.685882757597046222e+01
-1.682463843110785007e+01
-1.684193349465620670e+01
-1.688113356489141736e+01
-1.686925754959504786e+01
-1.684192961144920631e+01
-1.677548640702681126e+01
-1.684301049267987338e+01
-1.683432013532408789e+01
-1.686603039700917961e+01
-1.691133363726192229e+01
-1.692540185256968854e+01
-1.688483398687372272e+01
-1.688583172121699860e+01
-1.690045993097412236e+01
-1.688262314877799497e+01
-1.687819584895963487e+01
-1.693600878357809947e+01
-1.684664836101864083e+01
-1.685323297610313276e+01
-1.690614625373010327e+01
-1.688852610081807981e+01
-1.685876621338740833e+01
-1.693423227045722257e+01
-1.690468360541607495e+01
-1.692239815156260363e+01
-1.697071074958395798e+01
-1.701261944023163508e+01
-1.701499838643309204e+01
-1.698807982939709049e+01
-1.696363987204319557e+01
-1.701092666376898421e+01
-1.695196815380425193e+01
-1.699732695670157767e+01
-1.704235362898635842e+01
-1.706220362889328612e+01
-1.709823169432532097e+01
-1.713534816509319469e+01
-1.716846028746436659e+01
-1.723833779103313191e+01
-1.718114346815997706e+01
-1.725191705678381027e+01
-1.717455757442455422e+01
-1.709067801668092912e+01
-1.711600830304605125e+01
-1.707054377900629660e+01
-1.704934813801206417e+01
-1.714756960075966319e+01
-1.709208663802570882e+01
-1.713468026149966761e+01
-1.712165010619646210e+01
-1.705692430730771747e+01
-1.709735833940221994e+01
-1.720846987331517042e+01
-1.712609518079573334e+01
-1.711961253458580501e+01
-1.711707930674853273e+01
-1.710522243528253128e+01
-1.709645923399133594e+01
-1.707372402699317959e+01
-1.708143976491897220e+01
-1.706757743948999817e+01
-1.705891238853198644e+01
-1.711739215623402899e+01
-1.705267406482743198e+01
-1.704268938737150307e+01
-1.713890655735628954e+01
-1.699108418940769383e+01
-1.701950402000082008e+01
-1.693828407536078373e+01
-1.694619751401170404e+01
-1.689201135610254312e+01
-1.692821997554277402e+01
-1.700692753163400894e+01
-1.698632433829818922e+01
-1.702349346498508353e+01
-1.702430926627226526e+01
-1.703262400633635210e+01
-1.699941739746117975e+01
-1.699353206594594212e+01
-1.691881361799699590e+01
-1.701072984878947736e+01
-1.698242672655642949e+01
-1.704541828102965795e+01
-1.703759135100493083e+01
-1.706164554413179957e+01
-1.704737300198318195e+01
-1.693172791815715783e+01
-1.692862027100451883e+01
-1.689838635815819501e+01
-1.693633611796448690e+01
-1.699221622511403140e+01
-1.703405458187961941e+01
-1.700610764398949470e+01
-1.697639179031166279e+01
