# 2*np.log[MAD(r)] for 100 flights; 1000 steps per flight; run 37 of 50; mu: 3.50; seed: 36
-2.573938709606050068e+01
-2.394516316617414375e+01
-2.264573714774984126e+01
-2.270734288516883481e+01
-2.259512570351973793e+01
-2.221647602768448593e+01
-2.209834011136284104e+01
-2.181853403804615965e+01
-2.168470782273475095e+01
-2.125330973666939727e+01
-2.135730862507755745e+01
-2.124423256743323307e+01
-2.147057566119364225e+01
-2.112955379323154759e+01
-2.120249676532413829e+01
-2.104434038930698847e+01
-2.145003857105003675e+01
-2.114077176484313014e+01
-2.119426140509263945e+01
-2.110732867106142763e+01
-2.145939236600560918e+01
-2.111673536956893926e+01
-2.086646293467431335e+01
-2.112066167369210135e+01
-2.095649585920458335e+01
-2.091774256020815770e+01
-2.101180591661698926e+01
-2.070674345525005222e+01
-2.041090327831860662e+01
-2.057458991003432658e+01
-2.082724080565539992e+01
-2.072560390658205876e+01
-2.088361982206008349e+01
-2.073411708491410366e+01
-2.075426248003640595e+01
-2.084629820748711282e+01
-2.062896416168680958e+01
-2.076169534652606075e+01
-2.088654401110673575e+01
-2.085973219076884178e+01
-2.069541958109605773e+01
-2.086490573195570164e+01
-2.078569011559178747e+01
-2.079211118690442817e+01
-2.055164211838170374e+01
-2.052970895930834416e+01
-2.061123794031269085e+01
-2.057334810634204558e+01
-2.045944793389051597e+01
-2.057087193977451633e+01
-2.061509448745353623e+01
-2.062055486881709498e+01
-2.068699418889709918e+01
-2.031127812137960476e+01
-2.019818324707875234e+01
-2.010588740396448415e+01
-1.998909506651150636e+01
-1.999307666597428934e+01
-1.988584630533316044e+01
-1.982865705244119425e+01
-1.977557246766733812e+01
-1.997489229085458717e+01
-1.980934423103133568e+01
-1.983246334655022025e+01
-1.975843531799770147e+01
-1.961182620144065325e+01
-1.963356607159832734e+01
-1.951997384527297186e+01
-1.958590053951296994e+01
-1.951560539019442331e+01
-1.940821832269365999e+01
-1.951501533137615141e+01
-1.944887572749794202e+01
-1.949207457049115888e+01
-1.934869258429367278e+01
-1.915916365177911018e+01
-1.937291680934234961e+01
-1.934474874688946144e+01
-1.957643457979795443e+01
-1.949037418314577508e+01
-1.948633936325916238e+01
-1.935928887713462032e+01
-1.920001700402021072e+01
-1.923462244357340722e+01
-1.920762345290539130e+01
-1.920579051646364377e+01
-1.919197656299828125e+01
-1.917299458085840058e+01
-1.909638142459381882e+01
-1.921173709743252900e+01
-1.933157189746735227e+01
-1.924438721335254598e+01
-1.905991631537288100e+01
-1.912751633415124175e+01
-1.888351062841995542e+01
-1.911077062442717533e+01
-1.913147310625938857e+01
-1.915121718774612347e+01
-1.925313932960038699e+01
-1.897924682359551696e+01
-1.903601612131555854e+01
-1.895723308042085975e+01
-1.893947844474596565e+01
-1.886237919869357782e+01
-1.887808912816256068e+01
-1.896959423867682659e+01
-1.900813120270879253e+01
-1.900003563731123180e+01
-1.909835704800786260e+01
-1.901038504452177236e+01
-1.897249058727041060e+01
-1.873416194219580433e+01
-1.885986617221496786e+01
-1.883667239263299820e+01
-1.881032570083509370e+01
-1.888369554944514661e+01
-1.889215492147861752e+01
-1.883962168751275001e+01
-1.908519359475633692e+01
-1.903719654924744020e+01
-1.882657336416705007e+01
-1.881591218776215158e+01
-1.892949660273809442e+01
-1.889341344718781812e+01
-1.879568601358442947e+01
-1.881237911751571090e+01
-1.892301407405996017e+01
-1.879872249307275922e+01
-1.888968561040577043e+01
-1.889784242402469516e+01
-1.898212421472700484e+01
-1.897789102619828938e+01
-1.905575888668333207e+01
-1.914124431035216389e+01
-1.914302228006203421e+01
-1.895638662073359271e+01
-1.905571748708467084e+01
-1.899981880347404584e+01
-1.904798562929084582e+01
-1.894586924854673882e+01
-1.904780818192737968e+01
-1.908638038829530359e+01
-1.894297052464429143e+01
-1.911876380432827816e+01
-1.897959984927992139e+01
-1.897243652099285072e+01
-1.889449772614819878e+01
-1.886974264752250718e+01
-1.875038665799306870e+01
-1.878027699051846255e+01
-1.872809221467688445e+01
-1.874198028405605498e+01
-1.886198885674990322e+01
-1.871964138846505321e+01
-1.869570055312184564e+01
-1.878945584838617933e+01
-1.888226523280287594e+01
-1.871883527432607863e+01
-1.874450789691540464e+01
-1.876723210832667021e+01
-1.873960730515506512e+01
-1.872926861179362135e+01
-1.867102555634407679e+01
-1.885007365143367863e+01
-1.883705113018286070e+01
-1.882876672796492912e+01
-1.897413516972369507e+01
-1.877387244719351145e+01
-1.877415904748271203e+01
-1.867809877411955100e+01
-1.879089958871285049e+01
-1.882096362493025410e+01
-1.888806022320199318e+01
-1.878847232991101279e+01
-1.895529766822296480e+01
-1.890634467960337517e+01
-1.865439178791135433e+01
-1.865510417144814070e+01
-1.873561460115368504e+01
-1.886222456539847059e+01
-1.892880973416468748e+01
-1.880525421693992882e+01
-1.874719535736910458e+01
-1.874149551227269228e+01
-1.887608708452789585e+01
-1.863059999202510397e+01
-1.856222024742133669e+01
-1.850187391065805187e+01
-1.840945316431010426e+01
-1.836918847371495289e+01
-1.835675487459770494e+01
-1.836396677582608206e+01
-1.849850326103811682e+01
-1.840114769851793497e+01
-1.843760464013650235e+01
-1.839771025993706388e+01
-1.844159407667611106e+01
-1.850388675984179088e+01
-1.844600787904895611e+01
-1.847389891352374036e+01
-1.839587404434758611e+01
-1.833226533460166152e+01
-1.840459915365630295e+01
-1.854850585769669991e+01
-1.865126416301028200e+01
-1.844291317624958992e+01
-1.853310778424825500e+01
-1.855292964764498365e+01
-1.843754420650526882e+01
-1.834484947841762192e+01
-1.840701215032398252e+01
-1.835572171358946036e+01
-1.833436441612929357e+01
-1.835891245390543958e+01
-1.835641767031263427e+01
-1.835610485632281907e+01
-1.842072593528271440e+01
-1.837286979622863470e+01
-1.834988990265918574e+01
-1.829430640549442089e+01
-1.832199136776632997e+01
-1.821640840300918640e+01
-1.816042031433671866e+01
-1.820451822045014012e+01
-1.827503960277976347e+01
-1.831702015066896294e+01
-1.826214478602466329e+01
-1.832155510944711452e+01
-1.814957846154382892e+01
-1.819049450612151375e+01
-1.827261336836103922e+01
-1.832116572395516840e+01
-1.831522981338172684e+01
-1.826139734528025471e+01
-1.831085217945003762e+01
-1.828534373601431184e+01
-1.818477551365007727e+01
-1.811573090431686595e+01
-1.824706110847768059e+01
-1.824053828380888120e+01
-1.830600992529326732e+01
-1.839445035753321989e+01
-1.837411740787873171e+01
-1.833078057471153244e+01
-1.850564234231487859e+01
-1.840440333401053863e+01
-1.822193665525326978e+01
-1.809147804673265014e+01
-1.812580692138291028e+01
-1.818822583047395725e+01
-1.829031456870999151e+01
-1.826030383266928325e+01
-1.831887956375215509e+01
-1.837212166929515078e+01
-1.838477248205740366e+01
-1.815587899319108800e+01
-1.809922599478476002e+01
-1.818901917919834688e+01
-1.812413576318035879e+01
-1.814768339267394026e+01
-1.802185302321193205e+01
-1.811510103815772865e+01
-1.810306921771955047e+01
-1.803227804642598286e+01
-1.803847798007786096e+01
-1.806444662805893486e+01
-1.812406879811310745e+01
-1.812935513571215296e+01
-1.811038581437227180e+01
-1.798387922955430085e+01
-1.809506929948445020e+01
-1.815034588286206230e+01
-1.803176363513405889e+01
-1.806229236852863451e+01
-1.793093866076844378e+01
-1.796627638848477915e+01
-1.801646358314752661e+01
-1.792797507847287619e+01
-1.790421675292502002e+01
-1.781047792356654824e+01
-1.780719692323408410e+01
-1.787292634456154516e+01
-1.785701286560110290e+01
-1.785623447800186980e+01
-1.796631191715596998e+01
-1.792398877796428636e+01
-1.785126650238005297e+01
-1.787670731666965196e+01
-1.783702019535443029e+01
-1.791194881775042447e+01
-1.790611374383859911e+01
-1.777490465339953118e+01
-1.764613137395554787e+01
-1.754413072437100141e+01
-1.764744862697565253e+01
-1.760373159499420836e+01
-1.770060911940230852e+01
-1.754881314334284070e+01
-1.761455988263539396e+01
-1.761676211660396874e+01
-1.760792133763301948e+01
-1.756337149586953927e+01
-1.761519320156649826e+01
-1.758400167402780312e+01
-1.757402971705516492e+01
-1.756459187803003630e+01
-1.768897638023390328e+01
-1.767545753963215915e+01
-1.772935663039704224e+01
-1.758865129177720732e+01
-1.754039213993823054e+01
-1.760882653581277069e+01
-1.771978457064977519e+01
-1.758722920223917896e+01
-1.743285484806083474e+01
-1.744941066046929734e+01
-1.751365725908545556e+01
-1.744788842977050436e+01
-1.740002536368291075e+01
-1.744976635982014557e+01
-1.748610869159988468e+01
-1.741236560018296231e+01
-1.748240542385955010e+01
-1.746429444894712191e+01
-1.755098892879743744e+01
-1.746582796016760142e+01
-1.749244154306243715e+01
-1.748382851133074567e+01
-1.754041138943697220e+01
-1.748001846538595672e+01
-1.749460782108327095e+01
-1.752322178831819599e+01
-1.764692994990445030e+01
-1.763697525497979512e+01
-1.760446931814654192e+01
-1.763130005776487153e+01
-1.741214381302122405e+01
-1.757311850206182768e+01
-1.750077879944222659e+01
-1.749973563233741558e+01
-1.762373556864188373e+01
-1.755773243070612111e+01
-1.748174743476370807e+01
-1.760951801323692933e+01
-1.764843480349545501e+01
-1.768907703577231416e+01
-1.762028641657279593e+01
-1.768101087209670652e+01
-1.759897755689804200e+01
-1.756056814152901779e+01
-1.755855234533395048e+01
-1.757399600031268250e+01
-1.760979062800885586e+01
-1.756483533613446113e+01
-1.755034473293419595e+01
-1.751796530965035359e+01
-1.752142169419585116e+01
-1.745887923285882692e+01
-1.747581557783646033e+01
-1.751807132303299852e+01
-1.744498992530913739e+01
-1.742190029399802143e+01
-1.746515542552034717e+01
-1.744937969239600406e+01
-1.746157258700770498e+01
-1.745156097975838350e+01
-1.743103440122394687e+01
-1.744642118480283699e+01
-1.737179356836161759e+01
-1.739681293465812573e+01
-1.728946162863740810e+01
-1.726770586280668596e+01
-1.733616115802502833e+01
-1.727781386662400109e+01
-1.725027582420712235e+01
-1.730365974347994396e+01
-1.739947078621577248e+01
-1.743566271572495197e+01
-1.737074862742356984e+01
-1.731613528143047276e+01
-1.734976236119928217e+01
-1.728677878971011239e+01
-1.739818018884622575e+01
-1.737388543046870737e+01
-1.735609950896549236e+01
-1.736018228665928476e+01
-1.729883916154621915e+01
-1.725884297771701270e+01
-1.734620592157092744e+01
-1.721538692350057431e+01
-1.719128458325419828e+01
-1.719340021521884054e+01
-1.730771356991285614e+01
-1.741352733987228163e+01
-1.742790880587280355e+01
-1.723118603066296828e+01
-1.722154026262969850e+01
-1.734808158605033768e+01
-1.732803334361384273e+01
-1.737201526087291015e+01
-1.737469338913709649e+01
-1.729771392306869870e+01
-1.726295227407080546e+01
-1.724941563633285924e+01
-1.732806106395002743e+01
-1.732389377647339757e+01
-1.731290747607853930e+01
-1.730415494740724824e+01
-1.725904873732095979e+01
-1.728872257438470683e+01
-1.727298081187920431e+01
-1.726891791906481899e+01
-1.729422345323452248e+01
-1.733655295147877240e+01
-1.733036320091543558e+01
-1.719389417476829607e+01
-1.725253087606141733e+01
-1.721354320940116978e+01
-1.732223609784105989e+01
-1.732166728280430590e+01
-1.734313839141220726e+01
-1.735020417492285105e+01
-1.745333089186085473e+01
-1.742042623935672552e+01
-1.729572248089481690e+01
-1.721534275720225082e+01
-1.726889144691137190e+01
-1.728441611472687356e+01
-1.732760473726577999e+01
-1.731350249631760363e+01
-1.718691498641936022e+01
-1.742015272303878248e+01
-1.740242861149627984e+01
-1.731909957426289282e+01
-1.735389104784947278e+01
-1.736846978042240863e+01
-1.740019740906931389e+01
-1.751824630629525004e+01
-1.764082477470790522e+01
-1.753563120398177588e+01
-1.746064253078777639e+01
-1.755030304420238352e+01
-1.748105232260799369e+01
-1.747191986244000361e+01
-1.748738422630212241e+01
-1.742946740077098866e+01
-1.743932162001297925e+01
-1.748610448811160367e+01
-1.742804580186717445e+01
-1.740950006567707575e+01
-1.750338152473594278e+01
-1.751498876873470323e+01
-1.757829110801720063e+01
-1.759149512609180377e+01
-1.753869241854522443e+01
-1.765298636866751991e+01
-1.761416127393414044e+01
-1.758603427953340059e+01
-1.763869210473711036e+01
-1.763789866984846100e+01
-1.776517363205871192e+01
-1.759348924062441100e+01
-1.751275890870214980e+01
-1.753330537715549653e+01
-1.742846562089151874e+01
-1.751491606259503087e+01
-1.747965240338371729e+01
-1.744554090075575914e+01
-1.743475694650303609e+01
-1.747692083188942647e+01
-1.742062857907961160e+01
-1.736639361616218125e+01
-1.737782904012299667e+01
-1.738914679402058994e+01
-1.740913103988204469e+01
-1.739232906997826333e+01
-1.748877114776020036e+01
-1.746313147056616444e+01
-1.737766020249805976e+01
-1.727404422089885472e+01
-1.729899802062863401e+01
-1.728221749042568334e+01
-1.724593114049637421e+01
-1.726952346363066937e+01
-1.734036359957508822e+01
-1.743549028637638543e+01
-1.747551651412837614e+01
-1.747702648037959250e+01
-1.752833094341928089e+01
-1.760214407716363993e+01
-1.748222375491615210e+01
-1.742496083841929888e+01
-1.740495187570533986e+01
-1.737285280942238685e+01
-1.724354457581207711e+01
-1.730504899414189879e+01
-1.731611778137889246e+01
-1.729565946629295325e+01
-1.724014477216140762e+01
-1.722011286114461370e+01
-1.737965988801920503e+01
-1.722859032110831734e+01
-1.726557281549041889e+01
-1.725948958978773717e+01
-1.720609161232649598e+01
-1.730647400121216606e+01
-1.719754255927227860e+01
-1.729645227614930647e+01
-1.735114587257944052e+01
-1.730791492714110902e+01
-1.730376654641695922e+01
-1.738540033540387242e+01
-1.738090492553057942e+01
-1.739656494831384492e+01
-1.742284345075685792e+01
-1.733288582865075966e+01
-1.736880717734991109e+01
-1.741894312355969276e+01
-1.750358808214295436e+01
-1.741251775632880694e+01
-1.737928898143895040e+01
-1.739245397451382402e+01
-1.741671959830190275e+01
-1.743674063195585333e+01
-1.729430565006747145e+01
-1.734701280133946355e+01
-1.734718324876768492e+01
-1.740096475725057346e+01
-1.746987317469598011e+01
-1.751281009926677967e+01
-1.738275987243440213e+01
-1.740380945101092536e+01
-1.746182816949625050e+01
-1.739967195046563830e+01
-1.746595079993942079e+01
-1.743642088194428652e+01
-1.743625121496540586e+01
-1.750551508203517415e+01
-1.740809509439097980e+01
-1.735230710927308451e+01
-1.739928083437344242e+01
-1.743472390697348473e+01
-1.747076584811463817e+01
-1.749666968717779270e+01
-1.745582752594089015e+01
-1.749478708635928825e+01
-1.744651943884514722e+01
-1.745536313876801771e+01
-1.742617603591033415e+01
-1.739820950190105009e+01
-1.732408454717827695e+01
-1.727495837110631527e+01
-1.734376436381462838e+01
-1.737540773180780107e+01
-1.736680704701146638e+01
-1.737692621473715704e+01
-1.745688803227281838e+01
-1.738498772267958259e+01
-1.752288911728924603e+01
-1.751354480514823209e+01
-1.751927441193712554e+01
-1.735326862885604271e+01
-1.742985895786478423e+01
-1.735929561124779141e+01
-1.733283631552743742e+01
-1.732307834162832449e+01
-1.732586719121427166e+01
-1.731114810096516976e+01
-1.734503821132179269e+01
-1.719431645075396631e+01
-1.721247754883635039e+01
-1.723743784456191719e+01
-1.721533176639352547e+01
-1.729810994623067444e+01
-1.724418198902964505e+01
-1.727817809672159299e+01
-1.726540488788487693e+01
-1.724044345329136263e+01
-1.722708345903047444e+01
-1.722958574484297145e+01
-1.710377669443126791e+01
-1.717206921267267816e+01
-1.717428463909931580e+01
-1.704477765977630099e+01
-1.704081411096215959e+01
-1.696274499010732839e+01
-1.696364558543323042e+01
-1.703770912903915757e+01
-1.711621174667574152e+01
-1.717631125397153014e+01
-1.714848407899731342e+01
-1.720640349662427226e+01
-1.716875340996240595e+01
-1.710104393266585276e+01
-1.702835833064677828e+01
-1.713700465017310037e+01
-1.714620504596192774e+01
-1.711193224286058623e+01
-1.710797609475183734e+01
-1.715823935305703074e+01
-1.722052215377335571e+01
-1.729049869598429723e+01
-1.722818326671913169e+01
-1.724653678831432302e+01
-1.718148365683954282e+01
-1.713434481783141905e+01
-1.720945360328288132e+01
-1.717024609757148568e+01
-1.716351704947526002e+01
-1.711342990683120036e+01
-1.720693421753329488e+01
-1.724461220312217336e+01
-1.712151037062305647e+01
-1.700190758910698463e+01
-1.694964192687808691e+01
-1.697524387112278887e+01
-1.704324869517218133e+01
-1.701838558410759106e+01
-1.696848504195030216e+01
-1.688779368114234458e+01
-1.686667313862200501e+01
-1.695675326271644678e+01
-1.693057205754642425e+01
-1.687394838118272844e+01
-1.691143122539733668e+01
-1.692244005378473304e+01
-1.700815487538890025e+01
-1.700345676519983229e+01
-1.694425412004068932e+01
-1.697934260696854381e+01
-1.696833165744933325e+01
-1.694298997249645566e+01
-1.689761145141252996e+01
-1.681632161240607815e+01
-1.681255426737587300e+01
-1.684089739931932073e+01
-1.698318976409576564e+01
-1.688875718607656751e+01
-1.698914164461097442e+01
-1.687422689689344324e+01
-1.683251595191930505e+01
-1.688684351010740059e+01
-1.690734739866621794e+01
-1.681790847049514426e+01
-1.674756441609734026e+01
-1.672977823292869815e+01
-1.678881273772704574e+01
-1.687601308835450098e+01
-1.686013287953721118e+01
-1.694566983670478066e+01
-1.693143167275041705e+01
-1.686721333597216699e+01
-1.678172334751864270e+01
-1.680892326641821910e+01
-1.684513849535851548e+01
-1.687019282816324761e+01
-1.697271540363751186e+01
-1.686729173361341694e+01
-1.693981170069624298e+01
-1.707174260361389173e+01
-1.715010612048913075e+01
-1.700776826894892224e+01
-1.701405248263998615e+01
-1.690869358565723246e+01
-1.687172694442486076e+01
-1.694103115231644807e+01
-1.698474350092575236e+01
-1.686417558772814829e+01
-1.679550257717374606e+01
-1.684660678072373940e+01
-1.689817621413165583e+01
-1.685194187612444949e+01
-1.684617853545628918e+01
-1.683653907677317108e+01
-1.685627751481101555e+01
-1.688496414154429459e+01
-1.683898237808917386e+01
-1.685063130866279124e+01
-1.685416606110080551e+01
-1.687946571957530750e+01
-1.685417498862973673e+01
-1.684098324519683487e+01
-1.677755950348765523e+01
-1.682427552934622028e+01
-1.684692617550167171e+01
-1.670609408651172956e+01
-1.672183544680249767e+01
-1.673236830768371419e+01
-1.677465455635891445e+01
-1.673514262153504717e+01
-1.674409168755204647e+01
-1.677758085476158101e+01
-1.683239241620436744e+01
-1.682120752803279728e+01
-1.685063725162832071e+01
-1.679521197567101964e+01
-1.679358733687318406e+01
-1.688093434298972539e+01
-1.682899429661624069e+01
-1.685389468786028999e+01
-1.679838592794875041e+01
-1.680661921664918168e+01
-1.677934463622003136e+01
-1.679928096217012623e+01
-1.676499962109600972e+01
-1.681250759677628537e+01
-1.685290810038955200e+01
-1.680899085458051090e+01
-1.679429702898023180e+01
-1.679699363844902749e+01
-1.679582969811901094e+01
-1.680777393292139266e+01
-1.677126757676040469e+01
-1.675927296384172038e+01
-1.682123115825128679e+01
-1.676503721448886708e+01
-1.675300335531498419e+01
-1.670294116823892594e+01
-1.674709968148126649e+01
-1.670089506504715615e+01
-1.680288100776068916e+01
-1.679228574517820860e+01
-1.672110663266973418e+01
-1.677712321378590232e+01
-1.673937203532888773e+01
-1.676880916819421330e+01
-1.671514538238764302e+01
-1.673954583849804578e+01
-1.675924502566309116e+01
-1.680054995364861625e+01
-1.678861701231577541e+01
-1.681137578567916790e+01
-1.676512533487917622e+01
-1.679004885840450356e+01
-1.669638937257353462e+01
-1.666862723132418012e+01
-1.666095247312300032e+01
-1.669922447735683946e+01
-1.671490471259720678e+01
-1.670454431350912472e+01
-1.666146968240902737e+01
-1.663777060676802932e+01
-1.667201016397624969e+01
-1.664817858679704798e+01
-1.669721255937841420e+01
-1.661676165824727391e+01
-1.666234419996196792e+01
-1.663681993289011274e+01
-1.662400980715543142e+01
-1.665075738362907032e+01
-1.674318161521381043e+01
-1.670081707968709139e+01
-1.670889058193226617e+01
-1.681834379410220137e+01
-1.677836149698247681e+01
-1.677725189114187287e+01
-1.676267668131239930e+01
-1.680674339110727900e+01
-1.677495749728584329e+01
-1.672033833763562072e+01
-1.667095388511555143e+01
-1.672585894248640770e+01
-1.672635862586253097e+01
-1.665728451865650683e+01
-1.664895823355085369e+01
-1.661357140873898786e+01
-1.665085908509048096e+01
-1.667714453590065560e+01
-1.667914519149044494e+01
-1.669691768950764299e+01
-1.669354447316215939e+01
-1.669099538885837219e+01
-1.667654873730144516e+01
-1.668208377142985555e+01
-1.666832567461991133e+01
-1.672228865910581774e+01
-1.676896329645022732e+01
-1.676896237266150891e+01
-1.682927715448335704e+01
-1.682260830045822075e+01
-1.669758429576314285e+01
-1.663770742285835169e+01
-1.673469204235328434e+01
-1.680040456892902156e+01
-1.675758135547474481e+01
-1.677216393265164029e+01
-1.670003723480576241e+01
-1.670200370528024436e+01
-1.673347280671817217e+01
-1.667876300342268081e+01
-1.658122563576305808e+01
-1.662064130840100873e+01
-1.670172798367843470e+01
-1.672627707080683024e+01
-1.679204468210856049e+01
-1.681154671823390956e+01
-1.679520018792234382e+01
-1.673300661133127321e+01
-1.682169635858358347e+01
-1.704252596557256894e+01
-1.700618499605647571e+01
-1.689440076965815152e+01
-1.686426901360582775e+01
-1.685961710502303745e+01
-1.699013081761644628e+01
-1.703520310675693494e+01
-1.697733491454399868e+01
-1.689237792835952590e+01
-1.690324784670170288e+01
-1.695750309716608228e+01
-1.694763226273111556e+01
-1.699152103249705448e+01
-1.711985235657019544e+01
-1.708451100677956092e+01
-1.699679182937338240e+01
-1.694340271320527336e+01
-1.680656972354783818e+01
-1.682942804265406878e+01
-1.685606325041257492e+01
-1.680924422182904365e+01
-1.687023469408874377e+01
-1.690545321428209036e+01
-1.695446706793629232e+01
-1.695640647376792032e+01
-1.692926813472286440e+01
-1.701067471190888369e+01
-1.701937637146669857e+01
-1.705414793044054278e+01
-1.701760109999384696e+01
-1.695264154766558917e+01
-1.686611665736544907e+01
-1.689429564667800676e+01
-1.688305408370181482e+01
-1.690077616210984601e+01
-1.692398674380085311e+01
-1.688457405690191493e+01
-1.683979679686081710e+01
-1.679764118844347109e+01
-1.684214709152411160e+01
-1.684770858734524523e+01
-1.687511178118247912e+01
-1.696253630754046426e+01
-1.685853831491150601e+01
-1.691408917321366090e+01
-1.686966542127017377e+01
-1.681985092840029239e+01
-1.690243662942598846e+01
-1.687140424721286891e+01
-1.686650544496465187e+01
-1.685239492095999481e+01
-1.684939919604706660e+01
-1.683877650817238347e+01
-1.681117701234619943e+01
-1.683459397305823657e+01
-1.681244752906122741e+01
-1.689920326698518949e+01
-1.685570221134666369e+01
-1.687803480470268624e+01
-1.689403979424785618e+01
-1.684732857165206710e+01
-1.682314818156062586e+01
-1.686348030450229984e+01
-1.678224239291168374e+01
-1.684603340254720649e+01
-1.680462646245919700e+01
-1.677479587003692529e+01
-1.671841795704582267e+01
-1.671860662141724774e+01
-1.671474157339810773e+01
-1.673123036101418748e+01
-1.673621933956222918e+01
-1.673487007179963371e+01
-1.673914577478860721e+01
-1.673618576167783445e+01
-1.678827817440172510e+01
-1.684052759456575998e+01
-1.689578238051750603e+01
-1.684647371476597399e+01
-1.673204357927909314e+01
-1.673976507300551120e+01
-1.678675317380247023e+01
-1.678039454337998393e+01
-1.684959183235049807e+01
-1.678048393463100041e+01
-1.675306663472122537e+01
-1.677405769950916437e+01
-1.679482809860036596e+01
-1.673724843616490432e+01
-1.683452242342854888e+01
-1.674684741614084516e+01
-1.681155240731387224e+01
-1.683832269162504502e+01
-1.676625304282581652e+01
-1.675667961228680269e+01
-1.678582275239629951e+01
-1.681420669933692125e+01
-1.688168339577888943e+01
-1.677838355816093241e+01
-1.667860459314220023e+01
-1.676608562902017141e+01
-1.675953820222786206e+01
-1.677750304138952231e+01
-1.677487941989899056e+01
-1.676566945044910639e+01
-1.683023996319193571e+01
-1.687495213083319356e+01
-1.686345234116139480e+01
-1.687780639522191350e+01
-1.679588724343064499e+01
-1.684006660032722635e+01
-1.680149563897286669e+01
-1.675589770395590961e+01
-1.682916960849591703e+01
-1.681753950634046291e+01
-1.675607698241250887e+01
-1.683050683869120334e+01
-1.681522198521739853e+01
-1.677735416378217437e+01
-1.678264998617726889e+01
-1.672826326862961110e+01
-1.674454368787635161e+01
-1.669810639962346244e+01
-1.669673462700839295e+01
-1.669573931178231163e+01
-1.669854817593322949e+01
-1.670609622360132107e+01
-1.668003717321112234e+01
-1.671660347750970388e+01
-1.677465225511830837e+01
-1.671811495800091052e+01
-1.673741926083561182e+01
-1.673811802375059798e+01
-1.670109638273419961e+01
-1.679586638159211631e+01
-1.684858391762634255e+01
-1.679700986419975095e+01
-1.682461625625094825e+01
-1.677818274645915153e+01
-1.680021395029415032e+01
-1.673810018056450133e+01
-1.681209551305988370e+01
-1.672273701766368603e+01
-1.688035627994576160e+01
-1.687916836750634886e+01
-1.698284212663616088e+01
-1.689959154157526555e+01
-1.685569982331957561e+01
-1.680272294566520941e+01
-1.678674870955498122e+01
-1.677594363125690791e+01
-1.674723037949498305e+01
-1.673386548029219156e+01
-1.678609055044249843e+01
-1.671269487590810954e+01
-1.673834663295768266e+01
-1.680464242887946114e+01
-1.666469710613539235e+01
-1.667974754588201591e+01
-1.675721275585911485e+01
-1.681241500120300714e+01
-1.682959602049280790e+01
-1.684222156076868870e+01
-1.683159929638526719e+01
-1.677411236635530045e+01
-1.674045713870778584e+01
-1.671549578931944069e+01
-1.672809320939699163e+01
-1.671531413474570371e+01
-1.670334240724530162e+01
-1.668728718352905105e+01
-1.678130597876043950e+01
-1.672591401498812758e+01
-1.666399452098702838e+01
-1.655814867753463560e+01
-1.657129762869526246e+01
-1.663213015566661213e+01
-1.664122574097078555e+01
-1.666173447153488851e+01
-1.661056477754208416e+01
-1.654191254905972386e+01
-1.659783154728421906e+01
-1.671949009730800029e+01
-1.666314808376313650e+01
-1.670932403270795419e+01
-1.668362201021818336e+01
-1.663521999929301387e+01
-1.657005088391024827e+01
-1.658975178886230850e+01
-1.667446954187689556e+01
-1.664149380959331737e+01
-1.664638184516716990e+01
-1.666427751945725788e+01
-1.662064666515030709e+01
-1.666216441524186820e+01
-1.676141669893823760e+01
-1.668220666976641553e+01
-1.670784568458058672e+01
-1.677084560232873400e+01
-1.678627112171574254e+01
-1.687637021137257065e+01
