# 2*np.log[MAD(r)] for 100 flights; 1000 steps per flight; run 34 of 50; mu: 3.50; seed: 33
-2.615019398056428912e+01
-2.374249156550325424e+01
-2.283128280320680403e+01
-2.288505386209613590e+01
-2.259195525898145718e+01
-2.234237740833835062e+01
-2.215668830840014891e+01
-2.215536575117975815e+01
-2.177295756439184515e+01
-2.162149553165677673e+01
-2.145175712079552710e+01
-2.117699676635990969e+01
-2.118723610434180671e+01
-2.109187179002039159e+01
-2.101851884854183439e+01
-2.107660197677154912e+01
-2.113642200363432977e+01
-2.075726014328670743e+01
-2.062506149496250885e+01
-2.072556089973404170e+01
-2.071885619827372693e+01
-2.069416468330751613e+01
-2.038779663332102388e+01
-2.059636374596284014e+01
-2.036639141522246632e+01
-2.022023074421467115e+01
-2.008098030273825074e+01
-2.016459533272257687e+01
-2.024564872993077103e+01
-2.016674240916050564e+01
-2.016883638678141111e+01
-2.043313721122207127e+01
-2.016834022828033568e+01
-2.024615833654969421e+01
-2.033758217782594002e+01
-2.068631255991352447e+01
-2.023479849570815503e+01
-2.020010693690032966e+01
-2.003803079965008394e+01
-1.998617145247143156e+01
-1.985847211262531076e+01
-2.008177330476099698e+01
-1.980767040955828762e+01
-1.989848975405518416e+01
-2.003662990357548068e+01
-1.990890206040061727e+01
-1.967874336110943645e+01
-1.969956165851125363e+01
-1.980138954190662659e+01
-1.964176750364040558e+01
-1.973137029386330354e+01
-1.976880887618282401e+01
-1.973966192405606179e+01
-1.951508513991807447e+01
-1.967459736956490701e+01
-1.964580998326584549e+01
-1.979713982208226497e+01
-1.990064841215495761e+01
-1.972779167853395776e+01
-1.970012951324954642e+01
-1.971829914849569931e+01
-1.974635285990069988e+01
-1.960171101236651481e+01
-1.972929836364549061e+01
-1.964826227175445439e+01
-1.981463164876084804e+01
-1.970426804062551795e+01
-1.976143463963083846e+01
-1.956982792845490238e+01
-1.952689390890639132e+01
-1.954073320451712092e+01
-1.954234051302935882e+01
-1.953931558604175578e+01
-1.962548662370389962e+01
-1.942754624590927293e+01
-1.956249982297189050e+01
-1.939800006310472824e+01
-1.955244874658180620e+01
-1.973341981152792712e+01
-1.987141357322618518e+01
-1.959324109357370602e+01
-1.948431114834727040e+01
-1.949088886481877836e+01
-1.935838417897318209e+01
-1.954286820037987482e+01
-1.955785849591350711e+01
-1.944444594703402274e+01
-1.944218178333232316e+01
-1.955679488149583634e+01
-1.953247330865383091e+01
-1.942282354172649050e+01
-1.950509563134130531e+01
-1.930302786336663701e+01
-1.949602451060844999e+01
-1.935862514641115339e+01
-1.937143668183658463e+01
-1.906358221376351381e+01
-1.907403037430099602e+01
-1.918945276281454326e+01
-1.940034153121597171e+01
-1.922362103222528162e+01
-1.911803509673063672e+01
-1.917069649519764596e+01
-1.921605409694275224e+01
-1.907829097027457976e+01
-1.917486500466463895e+01
-1.921545855294601424e+01
-1.929563621701568366e+01
-1.906511892487754167e+01
-1.907092483685775619e+01
-1.903715530986310611e+01
-1.916090106748832156e+01
-1.903034537839944562e+01
-1.907794057626741591e+01
-1.904805254423223815e+01
-1.908630609968979996e+01
-1.910244771360841654e+01
-1.919012744121628344e+01
-1.918185373372870828e+01
-1.915480515418260410e+01
-1.920201170692373083e+01
-1.896451653873515042e+01
-1.905763505891723852e+01
-1.920537207113783396e+01
-1.912941827498757874e+01
-1.900222301584367912e+01
-1.899958563463678729e+01
-1.882816911541661398e+01
-1.876636665294874362e+01
-1.882032051532785033e+01
-1.871104819752008908e+01
-1.883514395334690761e+01
-1.883293801836750347e+01
-1.883751963537676133e+01
-1.887384621437630017e+01
-1.893363289978206510e+01
-1.886856904292397275e+01
-1.875308636840671639e+01
-1.886757857196161225e+01
-1.873516235281103448e+01
-1.882432229801619528e+01
-1.881840519733389527e+01
-1.872200288676467039e+01
-1.876285553489323732e+01
-1.890677214075363821e+01
-1.889263191110484286e+01
-1.907996529905189931e+01
-1.896423853485910271e+01
-1.890349193244404447e+01
-1.883816858573189279e+01
-1.884994071241492009e+01
-1.885294622044324697e+01
-1.871469916677105871e+01
-1.861758382074274820e+01
-1.871385810314713183e+01
-1.854882677431328730e+01
-1.864816186955975041e+01
-1.877004448240315426e+01
-1.872383196256696891e+01
-1.859115800967251886e+01
-1.863047409384511610e+01
-1.850266359370033697e+01
-1.853225347457726357e+01
-1.861979117889603330e+01
-1.852205674556978110e+01
-1.856129610526576812e+01
-1.869138734082992670e+01
-1.852464360766735041e+01
-1.860169741925689735e+01
-1.847414689378573271e+01
-1.841423560604637899e+01
-1.836847674356139848e+01
-1.835700277037715722e+01
-1.856100558775981213e+01
-1.856283915165757747e+01
-1.852220341221197586e+01
-1.845012525084758792e+01
-1.852261073063881014e+01
-1.836733576171392812e+01
-1.842238709327349255e+01
-1.850769390865419339e+01
-1.861228076956141919e+01
-1.848691131039154811e+01
-1.839013317362050870e+01
-1.844116950063193627e+01
-1.849704298991944640e+01
-1.846711870217754381e+01
-1.838917466410379475e+01
-1.843527136368373220e+01
-1.825379586902394280e+01
-1.824662144501580130e+01
-1.828099178736897912e+01
-1.817445772270217574e+01
-1.839337043932079752e+01
-1.826546473038580487e+01
-1.836375418028563899e+01
-1.822954773134822304e+01
-1.824112327964174085e+01
-1.826410903147756315e+01
-1.815942679928966896e+01
-1.828354054523904537e+01
-1.832740981102171673e+01
-1.830729994783328252e+01
-1.843657973847735576e+01
-1.835037652943091757e+01
-1.830569235732278344e+01
-1.836018267310804930e+01
-1.842307655258019494e+01
-1.855675324777134705e+01
-1.841771178134048270e+01
-1.846600284382190083e+01
-1.844291941717941441e+01
-1.846827113364210504e+01
-1.852613332378228606e+01
-1.855157203136113964e+01
-1.847970453948226321e+01
-1.831311041384448757e+01
-1.831220093757082878e+01
-1.831209983022179344e+01
-1.827550273896752131e+01
-1.841056974242048483e+01
-1.834478550940703556e+01
-1.840892277344493166e+01
-1.848286239522070318e+01
-1.858090346309788998e+01
-1.856110155368427073e+01
-1.853878878589442891e+01
-1.856959718983164720e+01
-1.862536868375997656e+01
-1.858372084229967314e+01
-1.852472194950184914e+01
-1.852425266682483951e+01
-1.833255995220223156e+01
-1.835847126077922198e+01
-1.843058285818893083e+01
-1.834213487603073744e+01
-1.830527109196302860e+01
-1.819254457624767340e+01
-1.811108277011322443e+01
-1.811099392111693263e+01
-1.817630315757466875e+01
-1.816346839453234097e+01
-1.815213954581658129e+01
-1.820815658825960170e+01
-1.824161840962118220e+01
-1.820575869653054113e+01
-1.818344087147025689e+01
-1.814746709842834349e+01
-1.812015837727497214e+01
-1.810837135546841381e+01
-1.809738189517870310e+01
-1.827210490992083791e+01
-1.834109076464668320e+01
-1.841728605863200841e+01
-1.821848251867570667e+01
-1.831376643102275281e+01
-1.848739989830094999e+01
-1.846604297962425889e+01
-1.857522306360322162e+01
-1.867509174485068257e+01
-1.877341523419840641e+01
-1.873920386071246469e+01
-1.857092314738077832e+01
-1.856316418964472703e+01
-1.854571719758721215e+01
-1.850878629122751207e+01
-1.843213700257466314e+01
-1.840340746473702183e+01
-1.838116647708050522e+01
-1.847812895241163034e+01
-1.845626651557914499e+01
-1.855256954825491178e+01
-1.841326407615127891e+01
-1.847184336073452826e+01
-1.843451940791178956e+01
-1.842841613718697502e+01
-1.838202880380627136e+01
-1.851948305567685082e+01
-1.854013780447574433e+01
-1.876165348403415223e+01
-1.895351970243493511e+01
-1.871156219985803304e+01
-1.877276623121352017e+01
-1.867440329488200845e+01
-1.865259164333382813e+01
-1.863099784783999624e+01
-1.883055705514253475e+01
-1.895625108787737290e+01
-1.879822503643984177e+01
-1.881314324857575215e+01
-1.875237805926998291e+01
-1.865582901473675648e+01
-1.865893331454413584e+01
-1.864413425582763395e+01
-1.866040182010079818e+01
-1.876646375798551958e+01
-1.879159035326554772e+01
-1.897263877818130595e+01
-1.876826798964756549e+01
-1.884103541208244081e+01
-1.890643028826529104e+01
-1.890021151985672532e+01
-1.887419601906176325e+01
-1.872933373893441811e+01
-1.873312359168147978e+01
-1.874904673341741912e+01
-1.881467299086142475e+01
-1.874547339785942413e+01
-1.880119794650214970e+01
-1.881070035215707392e+01
-1.876767934609918953e+01
-1.875791951070846864e+01
-1.859144197388143738e+01
-1.839213954826334430e+01
-1.858619120924662482e+01
-1.838001911674689026e+01
-1.857209469879135355e+01
-1.829860777624203649e+01
-1.832986165688461355e+01
-1.843528285712814707e+01
-1.846658542684019011e+01
-1.847375124781715883e+01
-1.816539163933703804e+01
-1.815290767769065994e+01
-1.811625488959460739e+01
-1.812234078030009243e+01
-1.815763682978298377e+01
-1.816912712314398703e+01
-1.821449019560776605e+01
-1.816539002009602655e+01
-1.821528643901999800e+01
-1.809272077307646143e+01
-1.811221314112014369e+01
-1.815631343503791584e+01
-1.820251918880335040e+01
-1.816698362563286295e+01
-1.812103478281558822e+01
-1.811937353006514329e+01
-1.806795653890372222e+01
-1.808119915716818582e+01
-1.814346117994232443e+01
-1.830260885762933754e+01
-1.825641705482651034e+01
-1.817112707643466152e+01
-1.817074460486828968e+01
-1.818293858352210890e+01
-1.819920457431300775e+01
-1.812416679116449458e+01
-1.806541076313242300e+01
-1.820686617741722557e+01
-1.814202216084655106e+01
-1.821249674314261924e+01
-1.802188659938040871e+01
-1.794881766793084310e+01
-1.800092018464033217e+01
-1.805030287930111754e+01
-1.821905154971630836e+01
-1.827782899639819192e+01
-1.822680844024706914e+01
-1.828918469806698255e+01
-1.821016235025562580e+01
-1.815170866291524732e+01
-1.817534887782394293e+01
-1.829327901456041872e+01
-1.830047897548051949e+01
-1.831954798114064431e+01
-1.830998857142282432e+01
-1.827070586557978871e+01
-1.844940102697069051e+01
-1.840720256898290330e+01
-1.822093869039085945e+01
-1.806833062707879378e+01
-1.825177606158509036e+01
-1.831410481044897409e+01
-1.820395348190927010e+01
-1.837772734145872633e+01
-1.830102558223695652e+01
-1.824002863309593891e+01
-1.814905735571453960e+01
-1.798610665902582895e+01
-1.808069433361839273e+01
-1.798689691665628487e+01
-1.799726308798579666e+01
-1.799951544687902683e+01
-1.801057972205050461e+01
-1.794936296670461573e+01
-1.799511180640401875e+01
-1.808604731678988742e+01
-1.819351177857666357e+01
-1.813468348231275584e+01
-1.818005079993583095e+01
-1.817501380852541715e+01
-1.825182843566722823e+01
-1.816254088224919272e+01
-1.810089279650751592e+01
-1.812274368032744576e+01
-1.801916448622660027e+01
-1.796517282403672056e+01
-1.797384849182730804e+01
-1.785347710176331404e+01
-1.785135382715630925e+01
-1.796379579354790579e+01
-1.792356891511484562e+01
-1.797794640456768889e+01
-1.805927109041145329e+01
-1.794313948919721469e+01
-1.799550808474109687e+01
-1.799258865096815541e+01
-1.797201362853192563e+01
-1.796004623988851634e+01
-1.802819112586628947e+01
-1.787400730734737309e+01
-1.798959865198732544e+01
-1.795947442355123869e+01
-1.790706648872333417e+01
-1.785794528935915437e+01
-1.791540054189047737e+01
-1.780842849538886696e+01
-1.772565731498556119e+01
-1.777894314353606120e+01
-1.778044459803386701e+01
-1.785766758145509669e+01
-1.784182898801372374e+01
-1.782208668265264961e+01
-1.788582370331276294e+01
-1.809327651365929057e+01
-1.806263303167457224e+01
-1.797592686726098776e+01
-1.800987905699815173e+01
-1.797974985649736368e+01
-1.797764462412134634e+01
-1.794522892745054321e+01
-1.802555357172645145e+01
-1.800618993331910289e+01
-1.802823947568928986e+01
-1.779674563006871324e+01
-1.780582815513407624e+01
-1.769801497399576462e+01
-1.776622142601047116e+01
-1.783917637951720891e+01
-1.789541122819594676e+01
-1.791422413118931090e+01
-1.771081646124549991e+01
-1.778938187632624945e+01
-1.769095881681860405e+01
-1.772300426750856772e+01
-1.780423707267510380e+01
-1.791816178406844884e+01
-1.779691988805601355e+01
-1.787884354735697201e+01
-1.791012939419235295e+01
-1.786179864380062199e+01
-1.787842114549409089e+01
-1.788598245543040122e+01
-1.791642430355122428e+01
-1.794414297144339798e+01
-1.797421604213431934e+01
-1.795941804459807756e+01
-1.787370859008217749e+01
-1.797553386244973694e+01
-1.791121973654817623e+01
-1.781237954563619752e+01
-1.779209097944022488e+01
-1.795816128366564968e+01
-1.791217751768095567e+01
-1.795785887348456455e+01
-1.796437647805610638e+01
-1.801849071608736352e+01
-1.805026091132684485e+01
-1.803090179841869656e+01
-1.813621485560507907e+01
-1.808622185833114671e+01
-1.817835853792193390e+01
-1.819367388196651447e+01
-1.820832095138418083e+01
-1.828576142441550090e+01
-1.828162784917212846e+01
-1.806935495097518185e+01
-1.819866213231712848e+01
-1.815131455999144094e+01
-1.815671704299324674e+01
-1.808123108558037018e+01
-1.816006948103972363e+01
-1.808348984143606586e+01
-1.816102578037906312e+01
-1.817904259499066200e+01
-1.810134380074699578e+01
-1.810848288017764318e+01
-1.804825130507554931e+01
-1.798291788004378589e+01
-1.796507734130623390e+01
-1.797362872858411009e+01
-1.798834638336526837e+01
-1.795649686822297397e+01
-1.804627456734991142e+01
-1.805991016998399701e+01
-1.801612835548249336e+01
-1.797195721588725448e+01
-1.792151228704644694e+01
-1.799225026148896234e+01
-1.802031355262474221e+01
-1.792612087499259488e+01
-1.803930711301916645e+01
-1.811970425211415403e+01
-1.805729278089030387e+01
-1.810624914549372733e+01
-1.799595697847181697e+01
-1.815902766325461926e+01
-1.806816764146863008e+01
-1.812365973280610731e+01
-1.796166907641191912e+01
-1.812315572467931446e+01
-1.800006982271329292e+01
-1.799414964222147262e+01
-1.796274719362122951e+01
-1.796717816487208452e+01
-1.804251528018126294e+01
-1.804726762115355854e+01
-1.803176101453716029e+01
-1.804972766526361738e+01
-1.807462832136498321e+01
-1.820808751180824459e+01
-1.811311691869311957e+01
-1.810315689733487687e+01
-1.805322023529922504e+01
-1.796422977830910739e+01
-1.802402515542797801e+01
-1.804942287884517427e+01
-1.809173669119679673e+01
-1.816290794488051930e+01
-1.807025667169804350e+01
-1.806425770696904110e+01
-1.802071800078943653e+01
-1.795443119659244857e+01
-1.798827433489374528e+01
-1.796873568018137490e+01
-1.790231703856123247e+01
-1.794331443396925962e+01
-1.782629977027713508e+01
-1.792894293806316952e+01
-1.799204533765101388e+01
-1.801569588522230347e+01
-1.801438068764394274e+01
-1.814414024509903101e+01
-1.799010250205178352e+01
-1.797808455724699073e+01
-1.798052100372052919e+01
-1.794083326162451897e+01
-1.783803837510926016e+01
-1.787762693600012653e+01
-1.796745332285620478e+01
-1.800794506907469739e+01
-1.793282283638228947e+01
-1.793411031843452008e+01
-1.796717090221855173e+01
-1.795731935125028400e+01
-1.796048948530242484e+01
-1.787663978742167359e+01
-1.780332885161912770e+01
-1.779025887619793167e+01
-1.778993582346882363e+01
-1.781662833238912214e+01
-1.794133411284947499e+01
-1.780335404439070501e+01
-1.776025374012579405e+01
-1.771582457912923658e+01
-1.775508524159195289e+01
-1.791094639054195881e+01
-1.787550773396682402e+01
-1.794555479541398668e+01
-1.782637719412357313e+01
-1.793240332024553751e+01
-1.801398603023201872e+01
-1.795219201910135354e+01
-1.780755465609647459e+01
-1.791627506696898564e+01
-1.798104091262227300e+01
-1.789893385140695514e+01
-1.794837443574381908e+01
-1.791875731114567927e+01
-1.792545128380803021e+01
-1.787868674440805350e+01
-1.784256623977137934e+01
-1.805552902531594484e+01
-1.798584965476722175e+01
-1.808964033895235346e+01
-1.800032262955507179e+01
-1.790666576970476953e+01
-1.784471308533425571e+01
-1.782785082380207342e+01
-1.778946569881620121e+01
-1.765993395111113529e+01
-1.781391207975352842e+01
-1.788722815868135285e+01
-1.786267425267505615e+01
-1.792825006784305941e+01
-1.791372436689427516e+01
-1.787876063153144202e+01
-1.793127124339732248e+01
-1.789217879988792603e+01
-1.797941314566746129e+01
-1.784863534535481833e+01
-1.792389826651070805e+01
-1.796376292292211829e+01
-1.792331336825994725e+01
-1.786492123126332032e+01
-1.785417297090940636e+01
-1.757242067561335475e+01
-1.758693868960314788e+01
-1.756524968576694334e+01
-1.760770348581090872e+01
-1.763269741528535306e+01
-1.774775027695393703e+01
-1.768539994258384596e+01
-1.764455593545523016e+01
-1.762804250498489722e+01
-1.762427029453206018e+01
-1.766067510824221287e+01
-1.767553194917444159e+01
-1.765529731254103041e+01
-1.770902291873285961e+01
-1.771682927663932716e+01
-1.779791310324634779e+01
-1.759319242347708823e+01
-1.757117948546730446e+01
-1.766227355130888910e+01
-1.755357976759239946e+01
-1.750962968282552978e+01
-1.743206628600975350e+01
-1.748421307711352668e+01
-1.750615261932887634e+01
-1.738023235976296021e+01
-1.739435253884070320e+01
-1.741137002881757567e+01
-1.740376028166808098e+01
-1.744072192962588375e+01
-1.748750479635760513e+01
-1.757158982236538947e+01
-1.752881693899007232e+01
-1.753475648037299450e+01
-1.752234813967478644e+01
-1.755441096573413517e+01
-1.752621021695183856e+01
-1.757118990637237488e+01
-1.774166520063563013e+01
-1.776440901308867382e+01
-1.758657945143882273e+01
-1.755427014435845479e+01
-1.763835770670578640e+01
-1.763877678703833141e+01
-1.758415573599147308e+01
-1.758908843559882484e+01
-1.777626188117887907e+01
-1.784238807814184824e+01
-1.776139200466727885e+01
-1.776819810846133052e+01
-1.769314556888182466e+01
-1.765628676990033696e+01
-1.762819402105964883e+01
-1.772586598906536182e+01
-1.777377869870328553e+01
-1.789210006200084280e+01
-1.780056464142769457e+01
-1.767419516196891394e+01
-1.766510427779471470e+01
-1.774242082116754560e+01
-1.766140880043017702e+01
-1.759385141001855857e+01
-1.766941115543670549e+01
-1.765602038011094876e+01
-1.779103411551590597e+01
-1.771005552042512576e+01
-1.771775326851111387e+01
-1.784761207292537577e+01
-1.781840764977601665e+01
-1.785379075311288233e+01
-1.774566407222473430e+01
-1.781917779765991128e+01
-1.776280815482647313e+01
-1.773915086223077253e+01
-1.778663198136189649e+01
-1.772809699866879996e+01
-1.778188142213756961e+01
-1.779212652673333039e+01
-1.781218788148373022e+01
-1.781700732724085867e+01
-1.795640566711615449e+01
-1.785974991697926484e+01
-1.797329001166514217e+01
-1.796322532606571087e+01
-1.789145398490829919e+01
-1.790566162578052101e+01
-1.789675894940875978e+01
-1.795330255486434012e+01
-1.802221449632141770e+01
-1.815394561359534364e+01
-1.804053392982459769e+01
-1.792849005831115505e+01
-1.797298368861155282e+01
-1.806633610233269849e+01
-1.792633487851677287e+01
-1.790344304362000827e+01
-1.798977487967480826e+01
-1.803429067423842369e+01
-1.813809982722075276e+01
-1.809622212150182818e+01
-1.798362160138861299e+01
-1.795157995240930404e+01
-1.787097660450721648e+01
-1.788778774716818631e+01
-1.787267975550061649e+01
-1.789698129656721903e+01
-1.783121732395575165e+01
-1.780229071359489268e+01
-1.783876213450630033e+01
-1.780187192270014407e+01
-1.777223511002627276e+01
-1.786416648415955777e+01
-1.779771373474308760e+01
-1.784218799232944264e+01
-1.770306280258949272e+01
-1.776899404003022909e+01
-1.775660042255656990e+01
-1.786152192519534410e+01
-1.778599584109145582e+01
-1.776330968316541004e+01
-1.774878521055522995e+01
-1.774473246008900773e+01
-1.761940431882339198e+01
-1.762035450416293969e+01
-1.756706655748886448e+01
-1.761914331026955338e+01
-1.756135387026390049e+01
-1.773005809441509939e+01
-1.766959170324124173e+01
-1.763073957669587699e+01
-1.771310993058408556e+01
-1.776489936262627012e+01
-1.768914067343380836e+01
-1.783101489044011956e+01
-1.783129827683026036e+01
-1.766512474947815647e+01
-1.774840017787241919e+01
-1.785856358442142877e+01
-1.781499581992141401e+01
-1.775175692729984078e+01
-1.787778691125774699e+01
-1.778351196466623207e+01
-1.795370062110242415e+01
-1.796963212547732169e+01
-1.797444441416387306e+01
-1.771465390911207294e+01
-1.766675138233374298e+01
-1.759512083278974615e+01
-1.768296402936545064e+01
-1.771477592643189070e+01
-1.777387872878243513e+01
-1.772615576541207005e+01
-1.773025818330527770e+01
-1.781494410526735805e+01
-1.779966739053698532e+01
-1.788331983242110823e+01
-1.779970391683505682e+01
-1.776846454492646998e+01
-1.766177692625437601e+01
-1.768629560353615915e+01
-1.764090364485441498e+01
-1.773092615991827614e+01
-1.765830291455421985e+01
-1.770337092124177403e+01
-1.773742408594512909e+01
-1.784583237198683037e+01
-1.798057351685147864e+01
-1.806945892288131716e+01
-1.794383796983612100e+01
-1.796389239595998077e+01
-1.772640154430218473e+01
-1.776597039260869337e+01
-1.780024512346161458e+01
-1.780642701491669300e+01
-1.768611548523497135e+01
-1.769287112437658038e+01
-1.763619834960185884e+01
-1.777802787488850456e+01
-1.767721586653029675e+01
-1.761559211546525816e+01
-1.756659644380435381e+01
-1.761197604231375635e+01
-1.761735396632822059e+01
-1.770182104738028173e+01
-1.773896358342489776e+01
-1.759397966052400264e+01
-1.764838034409265077e+01
-1.761891531811629363e+01
-1.783443329776446618e+01
-1.783451429392878396e+01
-1.779913536477886993e+01
-1.785963639393895974e+01
-1.798708132486262912e+01
-1.787859241751851869e+01
-1.786224058232508582e+01
-1.790908083040405785e+01
-1.779648593766394171e+01
-1.782340627376076725e+01
-1.771550036519657567e+01
-1.772153635467691757e+01
-1.781122944919174600e+01
-1.779936555777134899e+01
-1.759412998856599231e+01
-1.770261894173655293e+01
-1.778975412374199294e+01
-1.785236594044400604e+01
-1.777931812742139073e+01
-1.769992281698894843e+01
-1.774852992988046552e+01
-1.772777970373149259e+01
-1.765201732121409606e+01
-1.765404754007844801e+01
-1.775712648958001694e+01
-1.768949172279957338e+01
-1.761940839826129590e+01
-1.747816716110295232e+01
-1.739306427540259037e+01
-1.740825423140920591e+01
-1.739425060587059235e+01
-1.733342775103691835e+01
-1.755778104920919347e+01
-1.745676162900791795e+01
-1.745209066104085238e+01
-1.751705911505530722e+01
-1.743250960131211258e+01
-1.738563473174782459e+01
-1.741550240106137082e+01
-1.740598785812352745e+01
-1.746666563210718337e+01
-1.735587832002830666e+01
-1.735529178082242296e+01
-1.747970479022193402e+01
-1.740656150235217581e+01
-1.751105064550694834e+01
-1.755750716105353249e+01
-1.758158932267619434e+01
-1.759132033611667012e+01
-1.747920429642996965e+01
-1.744122132596798380e+01
-1.751932317702528508e+01
-1.756436257051790051e+01
-1.741728933789682543e+01
-1.743249287073483700e+01
-1.742373930580899000e+01
-1.755276869747642721e+01
-1.768444212249456626e+01
-1.766744546599634447e+01
-1.759396886797686932e+01
-1.764448706608852291e+01
-1.746317006833561791e+01
-1.735623775098920163e+01
-1.742471871895486757e+01
-1.750298024831551658e+01
-1.748498423231480814e+01
-1.751276745986123018e+01
-1.754798569715573464e+01
-1.764486785032437766e+01
-1.754082649887730483e+01
-1.749503039370548052e+01
-1.745211741422568963e+01
-1.739825346132311523e+01
-1.729839670760831183e+01
-1.730986936981011937e+01
-1.735575995829253060e+01
-1.733019579455875459e+01
-1.740163737848435943e+01
-1.740478780925787916e+01
-1.720882373992986913e+01
-1.735289500498003079e+01
-1.745790424282023068e+01
-1.743750356328544981e+01
-1.750362142966526235e+01
-1.737161695271178274e+01
-1.731361900139145149e+01
-1.743624363610826933e+01
-1.736219726664235807e+01
-1.744742046956222481e+01
-1.738835322781211801e+01
-1.734452541752046884e+01
-1.727850311456604615e+01
-1.728603144530127977e+01
-1.728397941043962760e+01
-1.732836140059923125e+01
-1.727657978049935750e+01
-1.725185651352076022e+01
-1.734116359670249707e+01
-1.735601853061567823e+01
-1.728514242519195321e+01
-1.746726791770782228e+01
-1.749280262686102461e+01
-1.745212174284096207e+01
-1.738981045982635010e+01
-1.744249639395372498e+01
-1.732841161430677346e+01
-1.740737870861223868e+01
-1.742473957578892296e+01
-1.738504741523741970e+01
-1.740635966590167172e+01
-1.734908753945684268e+01
-1.747193260015852800e+01
-1.728343245763417002e+01
-1.733970869747723498e+01
-1.730030105892301506e+01
-1.726453637336381064e+01
-1.733499885286249054e+01
-1.739996796519278632e+01
-1.751897907964274737e+01
-1.736691527558410897e+01
-1.738581382570106015e+01
-1.735407549793844950e+01
-1.732389856289910313e+01
-1.736019645424203262e+01
-1.737631011787003033e+01
-1.720298003724730762e+01
-1.728762243751875971e+01
-1.731240641577005235e+01
-1.732000127918770005e+01
-1.733609987439082190e+01
-1.739206708383456501e+01
-1.736338189033048707e+01
-1.739090165666521060e+01
-1.737042498815053548e+01
-1.726218665275002806e+01
-1.725257972132170892e+01
-1.729545472199547973e+01
-1.720344811300642007e+01
-1.720004335960862818e+01
-1.725045481324243823e+01
-1.730173332561984267e+01
-1.718202491752429850e+01
-1.721874842783345017e+01
-1.714342615435370121e+01
-1.708313096967010480e+01
-1.704014338810859641e+01
-1.710679085530216526e+01
-1.712839680325384606e+01
-1.717838406059609113e+01
-1.715824135331068234e+01
-1.716670764285743189e+01
-1.717227856488728932e+01
-1.711759935732639804e+01
-1.715888115518465185e+01
-1.714833438023286760e+01
-1.720016101314610779e+01
-1.721516736756301924e+01
-1.724282280172882764e+01
-1.723903769551270670e+01
-1.722225175817819220e+01
-1.736285492282967979e+01
-1.731982430329674827e+01
-1.735895463472071754e+01
-1.728887996283764039e+01
-1.720356018874552717e+01
-1.727825086401822929e+01
-1.732677021700839504e+01
-1.730565902159666436e+01
-1.740912268435531018e+01
-1.739505354908338930e+01
-1.731705388766993892e+01
-1.733367262518035545e+01
-1.729416797335807487e+01
-1.728485973386917962e+01
-1.726389999067269798e+01
-1.720781726056033634e+01
-1.715285382289624749e+01
-1.718202323812003485e+01
-1.716227205839858883e+01
-1.729912173045645218e+01
-1.719381682192943828e+01
-1.728376575833267736e+01
-1.728841997507873884e+01
-1.728280335029952752e+01
-1.731531563819936537e+01
-1.716111079523078686e+01
-1.723580725988615470e+01
-1.723955076391622043e+01
-1.731340592773110743e+01
-1.741388280614852135e+01
-1.734753238430148770e+01
-1.736673169996566557e+01
-1.733090849015421853e+01
-1.727399200772104138e+01
-1.727884611372173396e+01
-1.737493031145451283e+01
-1.739926323689191179e+01
-1.727483633641222838e+01
-1.731869656441395833e+01
-1.741261412959847021e+01
-1.735726544065763477e+01
-1.725432384914075357e+01
-1.724992308206173419e+01
-1.717909734297170132e+01
-1.717311335581284837e+01
-1.714577539877343071e+01
