# 2*np.log[MAD(r)] for 100 flights; 1000 steps per flight; run 32 of 50; mu: 3.50; seed: 31
-2.571570576319777146e+01
-2.386099154577692616e+01
-2.328498049685997984e+01
-2.302540621084028061e+01
-2.239101834168067739e+01
-2.233648744842415113e+01
-2.233184690312706522e+01
-2.169638406749726656e+01
-2.170228555975687001e+01
-2.178514017177669970e+01
-2.161426027697703844e+01
-2.165924497302466278e+01
-2.155543139713865486e+01
-2.136444817591717538e+01
-2.181716525378676863e+01
-2.142587148526428820e+01
-2.147535400723139531e+01
-2.128012010988906866e+01
-2.134811788385032827e+01
-2.126550799175735307e+01
-2.117344309983818817e+01
-2.093801415141942357e+01
-2.099323688071346083e+01
-2.118182418840777004e+01
-2.092617259800217155e+01
-2.083885326292186946e+01
-2.073169093444904831e+01
-2.073660371832678351e+01
-2.072000605530545769e+01
-2.077639547215304461e+01
-2.062570422659480229e+01
-2.050788830049526723e+01
-2.042122089770156634e+01
-2.024507061677732622e+01
-2.025446187911978768e+01
-2.034422208901301232e+01
-2.044077782065406979e+01
-2.034889540817922438e+01
-2.027529284081979100e+01
-2.013981508262611797e+01
-2.020941987428122388e+01
-2.006231875027408051e+01
-2.014203334804954082e+01
-2.014749174995030145e+01
-2.028208699295578654e+01
-1.997478212330197778e+01
-1.982902998120710336e+01
-2.000630469304124048e+01
-1.988680201339641584e+01
-1.999323397804268865e+01
-1.979978266492231143e+01
-1.976411840675661935e+01
-1.972442019578414829e+01
-1.963768872167917223e+01
-1.953599762051789313e+01
-1.970342841300795200e+01
-1.974809421699047363e+01
-1.991782049204097760e+01
-1.956827306644666109e+01
-1.956011068444846757e+01
-1.960008909288080758e+01
-1.945248090105915395e+01
-1.937455340889371413e+01
-1.939881249225838289e+01
-1.941137233966940912e+01
-1.947460280726784632e+01
-1.944248168875511240e+01
-1.958901165768663333e+01
-1.952125673031515163e+01
-1.950510710372488887e+01
-1.933331892135847951e+01
-1.918682401307659546e+01
-1.905054321944813012e+01
-1.938981099420307430e+01
-1.924278185397513496e+01
-1.935171198484044197e+01
-1.935556458762747312e+01
-1.920701796241798220e+01
-1.919407800801398878e+01
-1.923726054678024155e+01
-1.935268847713402707e+01
-1.927662341173304839e+01
-1.919841790511975077e+01
-1.926188471247447609e+01
-1.909026138701723241e+01
-1.914674974908018967e+01
-1.940739184226835334e+01
-1.926787322497702704e+01
-1.925392602258577668e+01
-1.923388620520201897e+01
-1.921815047853715441e+01
-1.913159846865467983e+01
-1.938523607866173393e+01
-1.929259257196971333e+01
-1.936815913409445145e+01
-1.937505767652392308e+01
-1.930628673355401759e+01
-1.935875796562559970e+01
-1.941016793498259219e+01
-1.928453727001656404e+01
-1.924856942093035173e+01
-1.927488693172677614e+01
-1.911986517424100995e+01
-1.910219186911107769e+01
-1.902137659416641213e+01
-1.905031110779886205e+01
-1.901005443858933219e+01
-1.904552617753262211e+01
-1.897967175143293161e+01
-1.886082099695298808e+01
-1.876074906064574321e+01
-1.865079765057803840e+01
-1.867981685759278676e+01
-1.873516455082603827e+01
-1.880297952879068646e+01
-1.874119953569209684e+01
-1.886478190988951553e+01
-1.885537693679673765e+01
-1.891727441610913019e+01
-1.881133255181037711e+01
-1.883103771336440602e+01
-1.899838909190586378e+01
-1.898007780240077480e+01
-1.894363539208345770e+01
-1.905497871066594229e+01
-1.886554658079538527e+01
-1.876144582047625420e+01
-1.891974253037826870e+01
-1.872275150495427454e+01
-1.893867985441527679e+01
-1.891071749357442400e+01
-1.879872032288843897e+01
-1.888591430280517969e+01
-1.871830436536715325e+01
-1.870420238375984212e+01
-1.886244625448766499e+01
-1.885739715877805622e+01
-1.882678021355700437e+01
-1.868740337892191761e+01
-1.858872752824671792e+01
-1.856529466711812759e+01
-1.866704026530945981e+01
-1.857049084171960018e+01
-1.859854264096196985e+01
-1.868223759414424734e+01
-1.843007526566983501e+01
-1.848645232445921138e+01
-1.872665247487002560e+01
-1.870650212328289541e+01
-1.861516545964393998e+01
-1.858914150307722224e+01
-1.849291748896256138e+01
-1.843166185320913542e+01
-1.842069418239352885e+01
-1.865729023812540532e+01
-1.858105765706100598e+01
-1.852152746439659481e+01
-1.852994576634504398e+01
-1.861377922239087468e+01
-1.854218680779554163e+01
-1.858411537240769817e+01
-1.838898391045855618e+01
-1.845342645683884442e+01
-1.849172037560579085e+01
-1.837425925336621546e+01
-1.823835668004855748e+01
-1.831334866690774632e+01
-1.833614094237928782e+01
-1.828558713462794572e+01
-1.846978420077380889e+01
-1.847586839216823051e+01
-1.853420580551509289e+01
-1.855854864648770786e+01
-1.851798261356226760e+01
-1.864409530256765279e+01
-1.866094583494170678e+01
-1.858087858592281094e+01
-1.840402734925130090e+01
-1.850249923173250011e+01
-1.865962701507794819e+01
-1.862146306172004273e+01
-1.850631562970525579e+01
-1.866976642457513336e+01
-1.846062750278267828e+01
-1.842621265337684733e+01
-1.841057472760627789e+01
-1.843247701737204025e+01
-1.844801791810941793e+01
-1.840020861780979899e+01
-1.842322335068271144e+01
-1.846247616977349892e+01
-1.856448857565377253e+01
-1.862315252553262823e+01
-1.858877626957199070e+01
-1.851605090989420788e+01
-1.841128828342129253e+01
-1.858013149772401817e+01
-1.868027217781695271e+01
-1.856660822468096939e+01
-1.841151225758670051e+01
-1.843449834731051240e+01
-1.836503832694953431e+01
-1.840677545894675049e+01
-1.849215474933305003e+01
-1.827908517131575294e+01
-1.827731579086099245e+01
-1.834640651653812071e+01
-1.835592268500944613e+01
-1.840656952733106877e+01
-1.847534770190938858e+01
-1.846481340135211013e+01
-1.837432503141934603e+01
-1.837775441088743733e+01
-1.836092452732836122e+01
-1.848814725791315894e+01
-1.850455558821332502e+01
-1.847122321120126642e+01
-1.828134180180318680e+01
-1.819161184127291264e+01
-1.820037644941601584e+01
-1.816873344608303853e+01
-1.822473803469002362e+01
-1.823205333983991494e+01
-1.830029111425266208e+01
-1.833903971962634571e+01
-1.847442741958240831e+01
-1.845985700849939448e+01
-1.844829624189584294e+01
-1.844987213164248985e+01
-1.839155075234924297e+01
-1.849842710648739441e+01
-1.860592478399043515e+01
-1.865514020032266629e+01
-1.863413338655215767e+01
-1.862289506360366786e+01
-1.850780478601672030e+01
-1.851467990237026129e+01
-1.840012768906422380e+01
-1.834585594935319719e+01
-1.823992105395457131e+01
-1.824896927190982865e+01
-1.818391214860697502e+01
-1.836589310170078804e+01
-1.831267210670696244e+01
-1.836876773795259155e+01
-1.847051472881033618e+01
-1.849263788803842701e+01
-1.846724021812860173e+01
-1.837010742611557745e+01
-1.824938446259889702e+01
-1.826395715500721550e+01
-1.821527701696829737e+01
-1.817248703824058609e+01
-1.817860852275850192e+01
-1.816592031409224006e+01
-1.822629228418290737e+01
-1.823803348524916146e+01
-1.838491374072380324e+01
-1.843183014955703669e+01
-1.847262256375011447e+01
-1.832308907591174574e+01
-1.838450501937784409e+01
-1.848683648762808929e+01
-1.841656061795307053e+01
-1.833537551282104516e+01
-1.840726952425711715e+01
-1.855301179817318058e+01
-1.855340264221326407e+01
-1.852383819689035960e+01
-1.847704627378878328e+01
-1.860832229001438876e+01
-1.862810898993636854e+01
-1.872995884536389966e+01
-1.870423238295401802e+01
-1.873247284951234803e+01
-1.872509772587883603e+01
-1.872835840215795855e+01
-1.881674167316661439e+01
-1.897927680428889019e+01
-1.877618074446104757e+01
-1.875721272380873472e+01
-1.878931628183810076e+01
-1.860105764615838808e+01
-1.866200867141925102e+01
-1.867967183917939167e+01
-1.855357698166845992e+01
-1.863036166005745642e+01
-1.855592048463714150e+01
-1.867768855895625535e+01
-1.853960462875431503e+01
-1.841243321327693749e+01
-1.866649579861766384e+01
-1.857811003482659373e+01
-1.848779423965057944e+01
-1.849475941104615728e+01
-1.853178444296792904e+01
-1.851135699534955492e+01
-1.846335129626106664e+01
-1.838626128372773039e+01
-1.845855692779941393e+01
-1.851963958869853144e+01
-1.848683458797087198e+01
-1.856298563587478867e+01
-1.857156427018179912e+01
-1.854882004810903240e+01
-1.853233407196842819e+01
-1.854526444899087778e+01
-1.864555053795123385e+01
-1.864598527558836238e+01
-1.858462891299988939e+01
-1.862492100579806120e+01
-1.852414125621271523e+01
-1.852942263495502218e+01
-1.851399629258774482e+01
-1.845826044604826066e+01
-1.838040220961454096e+01
-1.842343727252196217e+01
-1.843966708266823673e+01
-1.839370412969826774e+01
-1.834622914205200317e+01
-1.833246660134606643e+01
-1.850222719499540958e+01
-1.847186194023408135e+01
-1.850719999893194156e+01
-1.843922191494364782e+01
-1.855621858147165071e+01
-1.852292358884944434e+01
-1.845732171204430827e+01
-1.850486510961007980e+01
-1.856777568177850668e+01
-1.852496792253735691e+01
-1.863905097225720553e+01
-1.859750686712377998e+01
-1.869557273858370294e+01
-1.863705656534930100e+01
-1.854249886919723522e+01
-1.865306334172825231e+01
-1.859531635699520180e+01
-1.851221987490059107e+01
-1.859287940789832305e+01
-1.869513647528610178e+01
-1.874192565927536691e+01
-1.852004570273577144e+01
-1.852902072669713718e+01
-1.846819794785065838e+01
-1.848829009637599086e+01
-1.851700017389694253e+01
-1.847254556802100112e+01
-1.843525580001411512e+01
-1.861028385696919685e+01
-1.848654129778566713e+01
-1.858424943826264197e+01
-1.864689708113328237e+01
-1.869495054994055749e+01
-1.881592669178358790e+01
-1.883200507059840234e+01
-1.882621044309556524e+01
-1.874749317076585342e+01
-1.879099934590493604e+01
-1.875758731447790595e+01
-1.868382247387367201e+01
-1.879429855441336272e+01
-1.885366289290242392e+01
-1.866479473934115774e+01
-1.863223540648303711e+01
-1.840691207514084127e+01
-1.847497908368784181e+01
-1.859226635416442264e+01
-1.866368407373397176e+01
-1.847690258771168814e+01
-1.850065444889191113e+01
-1.859044040775957285e+01
-1.849990638503835783e+01
-1.850246618866036385e+01
-1.828535026463341850e+01
-1.828323724418860508e+01
-1.828625431457080808e+01
-1.824280117313240268e+01
-1.823613064464578670e+01
-1.820710522184839419e+01
-1.832659726155539204e+01
-1.818719963404198836e+01
-1.837488568527795607e+01
-1.845975751429893208e+01
-1.855702865825969994e+01
-1.850137902297152337e+01
-1.846530827644443207e+01
-1.834431882123248769e+01
-1.837261181243811237e+01
-1.838815426314443613e+01
-1.824096081694878890e+01
-1.829525713209882198e+01
-1.834674461068917140e+01
-1.828432251054602631e+01
-1.820328108297871239e+01
-1.821422821662304159e+01
-1.827401776858447491e+01
-1.831902388310233931e+01
-1.822446669070196990e+01
-1.823136163988493763e+01
-1.822762880386677509e+01
-1.844249656787171432e+01
-1.823297325380436362e+01
-1.838210871384033140e+01
-1.842030462881513841e+01
-1.835477359178582546e+01
-1.835968051528734080e+01
-1.830641835592039968e+01
-1.835532635857413908e+01
-1.840405200747735748e+01
-1.834130065011559196e+01
-1.829976336671762382e+01
-1.827180673063793037e+01
-1.824156467437152784e+01
-1.846282058488992917e+01
-1.836394115120799597e+01
-1.838795770068356106e+01
-1.857253020941438137e+01
-1.839581068184658363e+01
-1.828570584451892245e+01
-1.819431246714380279e+01
-1.825724738103663114e+01
-1.821580325146103974e+01
-1.817566604505334737e+01
-1.812094700643808309e+01
-1.809147316360300906e+01
-1.820714940585980202e+01
-1.808381950586796094e+01
-1.804611466542479192e+01
-1.807993831750182778e+01
-1.805326072145643579e+01
-1.804132209070099080e+01
-1.804671219194957033e+01
-1.809296161034565387e+01
-1.830249516491279493e+01
-1.828301859117506822e+01
-1.808045283195311370e+01
-1.804694042479066596e+01
-1.795924271786369886e+01
-1.785454688365553011e+01
-1.788880508370163724e+01
-1.797434818248631672e+01
-1.819721814529015091e+01
-1.806611272103969412e+01
-1.825064003545777425e+01
-1.820829525726900400e+01
-1.814562174675404194e+01
-1.825837137277551392e+01
-1.818134632051055988e+01
-1.811590910595198523e+01
-1.807987501286732623e+01
-1.802045229089301870e+01
-1.809949780823619037e+01
-1.814348715792625910e+01
-1.813750800185757583e+01
-1.811236800059285201e+01
-1.803654454352662384e+01
-1.794271454372503882e+01
-1.793107885039730931e+01
-1.787431459987349669e+01
-1.789367389343572867e+01
-1.787346470500095919e+01
-1.799750964611608595e+01
-1.786743543846295523e+01
-1.793009998117517867e+01
-1.798496718054283150e+01
-1.804633388019058060e+01
-1.790808039002701335e+01
-1.803841134392213519e+01
-1.785347242552615654e+01
-1.796439795909035197e+01
-1.800210372228140798e+01
-1.803096319338649423e+01
-1.793528388101045223e+01
-1.791427046626043662e+01
-1.799228840828276432e+01
-1.798723015635485822e+01
-1.798341769739468177e+01
-1.798208898814408485e+01
-1.800787649751724473e+01
-1.802916134731881570e+01
-1.798857024742623523e+01
-1.797867981994999198e+01
-1.790765144648356255e+01
-1.793155734109785726e+01
-1.790881416847341612e+01
-1.783306491265080496e+01
-1.794540077701299552e+01
-1.800128465423394886e+01
-1.809854456727996208e+01
-1.808481686744298500e+01
-1.801995718144724279e+01
-1.788943062957211083e+01
-1.790857696581741720e+01
-1.780830201611788155e+01
-1.776632688789517900e+01
-1.774530919179037625e+01
-1.781436996958212404e+01
-1.773630201414933794e+01
-1.779590909080546623e+01
-1.774708346998961161e+01
-1.780686261372641610e+01
-1.777343654337171586e+01
-1.788469867089827758e+01
-1.781854934868048446e+01
-1.778928109147349090e+01
-1.781265912115339134e+01
-1.764099990522789696e+01
-1.759799731533870215e+01
-1.756472191829917051e+01
-1.757150763100829849e+01
-1.750472355290748894e+01
-1.754538836104177335e+01
-1.754945997645967992e+01
-1.761173812124557259e+01
-1.750391819121534454e+01
-1.767363616079811095e+01
-1.758669929453369107e+01
-1.758935511150507480e+01
-1.758706253360523064e+01
-1.761807799718370404e+01
-1.763327999425404968e+01
-1.762876129247586832e+01
-1.759323715112308761e+01
-1.756623861857852020e+01
-1.751773231688963861e+01
-1.758993100689776412e+01
-1.763034653846685984e+01
-1.769864504535280858e+01
-1.770301525091324280e+01
-1.766632257809392215e+01
-1.759594839464900673e+01
-1.762710559601852367e+01
-1.763372562103741004e+01
-1.766029826253602408e+01
-1.768235490497398033e+01
-1.773563853146697866e+01
-1.776503854744108679e+01
-1.781922041696633841e+01
-1.772556602289436611e+01
-1.773102063731396782e+01
-1.769426514811236117e+01
-1.772791114061548612e+01
-1.775609234854784901e+01
-1.769611240121196971e+01
-1.759056586388105714e+01
-1.752326615355294237e+01
-1.755539838979540335e+01
-1.749211490467591545e+01
-1.750919908998961816e+01
-1.750764073041588631e+01
-1.765554138129840922e+01
-1.747824887383905335e+01
-1.755076020334220743e+01
-1.758690356389555376e+01
-1.753708738447748772e+01
-1.748721197222515755e+01
-1.750587207681849833e+01
-1.759691783144934263e+01
-1.752233688405395995e+01
-1.747681623775646287e+01
-1.745021243840517400e+01
-1.743029053668906769e+01
-1.741848268790968746e+01
-1.746222214851474064e+01
-1.748528990619065127e+01
-1.742985628657585195e+01
-1.744897420823404488e+01
-1.744859168882647538e+01
-1.739723052437211237e+01
-1.735332336433015499e+01
-1.740656451673002181e+01
-1.743489144164046678e+01
-1.752299807301930912e+01
-1.746893957761903593e+01
-1.746934128914314499e+01
-1.750066793280740995e+01
-1.750346032451869505e+01
-1.737509397429607816e+01
-1.745698804242364588e+01
-1.735887711062424188e+01
-1.736962905546366898e+01
-1.724815407704773662e+01
-1.730316000538548238e+01
-1.741957026659498453e+01
-1.735981059115761838e+01
-1.730140156642433169e+01
-1.733521905872250457e+01
-1.737920885634006751e+01
-1.743890714829129607e+01
-1.745532495889887770e+01
-1.749720502353940077e+01
-1.747797485247989613e+01
-1.741150602659621782e+01
-1.731286994288869252e+01
-1.729867625236299489e+01
-1.730705383504365358e+01
-1.736444359144650207e+01
-1.742011638849659150e+01
-1.729309202350214392e+01
-1.725063387791206537e+01
-1.727728648275578394e+01
-1.729730398467598462e+01
-1.725642388020330031e+01
-1.730070358952568554e+01
-1.730548023269084013e+01
-1.730096170087340113e+01
-1.735273466447469559e+01
-1.724545942846543767e+01
-1.726701492630688151e+01
-1.732234596807997562e+01
-1.730236381717541505e+01
-1.728864282080144932e+01
-1.726301918068761765e+01
-1.732161088815787409e+01
-1.724149059566831355e+01
-1.728663197149589337e+01
-1.723832596098644032e+01
-1.728113837900782812e+01
-1.716487401731268392e+01
-1.716304044371364057e+01
-1.713381606657096157e+01
-1.716229360712229379e+01
-1.721256933741559436e+01
-1.726166267625957218e+01
-1.720457465486557780e+01
-1.714334426820613899e+01
-1.719022750988244752e+01
-1.717331191569385140e+01
-1.711588693388720728e+01
-1.711279469999393754e+01
-1.709815765219196848e+01
-1.713621054914315422e+01
-1.704896506044972782e+01
-1.708976248279614651e+01
-1.713770632004300865e+01
-1.713626160603610415e+01
-1.717084856648110147e+01
-1.711633345230026748e+01
-1.705473342235764633e+01
-1.712654986552739445e+01
-1.714054572392974407e+01
-1.720769300204279162e+01
-1.722214719907283609e+01
-1.709485752962925531e+01
-1.707326387315417904e+01
-1.712310840475827689e+01
-1.710279214287761818e+01
-1.696760857192998984e+01
-1.695844775516474101e+01
-1.688928674287079446e+01
-1.693504510074081892e+01
-1.694878864823372666e+01
-1.697506149190544988e+01
-1.697615526551983578e+01
-1.699495414941781846e+01
-1.707484098935452010e+01
-1.703178031553674288e+01
-1.701398765567991234e+01
-1.699864953464629735e+01
-1.714655858418267087e+01
-1.710206487415646137e+01
-1.715177843950767311e+01
-1.716760880202354045e+01
-1.710382679765745451e+01
-1.712214122461506705e+01
-1.716666998828847568e+01
-1.708928617945059614e+01
-1.716644754322956601e+01
-1.728056674652668789e+01
-1.723877494810442457e+01
-1.713831383715487533e+01
-1.704893677878449409e+01
-1.705462367503189824e+01
-1.703064762403239385e+01
-1.714953098071169180e+01
-1.709672797784950049e+01
-1.696492080163478988e+01
-1.696676549200142503e+01
-1.700725759986451990e+01
-1.702320575360215571e+01
-1.712398374243623778e+01
-1.713308060669794841e+01
-1.711057386564841565e+01
-1.709835337174697401e+01
-1.710238452395536868e+01
-1.717343070594062837e+01
-1.719014089053276706e+01
-1.717523149023530138e+01
-1.713683329329957417e+01
-1.712592172624901465e+01
-1.717513947769560900e+01
-1.722336590238138498e+01
-1.718652874595230884e+01
-1.727292769635361225e+01
-1.717869009609998443e+01
-1.707746743318359961e+01
-1.704032140881336232e+01
-1.719742050802162581e+01
-1.723534270294613080e+01
-1.723201634551485384e+01
-1.719966896460644890e+01
-1.724416099633607757e+01
-1.735310086391579176e+01
-1.720802409331732008e+01
-1.718952079609304917e+01
-1.726491929546669724e+01
-1.727004253365543818e+01
-1.731044546743085633e+01
-1.733211179373148170e+01
-1.741631861853463548e+01
-1.730622352113398676e+01
-1.727477623431528997e+01
-1.720856531604209394e+01
-1.721312891370221365e+01
-1.716837450114392638e+01
-1.717166887168500011e+01
-1.721774521069178832e+01
-1.730270984167009019e+01
-1.731665959495245843e+01
-1.730942475900559430e+01
-1.730076888333226748e+01
-1.741462229432065101e+01
-1.736717416892456356e+01
-1.740207276448634488e+01
-1.733795127814600789e+01
-1.735559410905649358e+01
-1.735976809712740732e+01
-1.723138546950996997e+01
-1.730579961230031216e+01
-1.722411788640082975e+01
-1.723739820679242740e+01
-1.716767625227047844e+01
-1.716996032099300251e+01
-1.707549587538810698e+01
-1.714341786720754257e+01
-1.721033265738304152e+01
-1.723520125744040854e+01
-1.711433611421686862e+01
-1.725845296604730805e+01
-1.727305992478821750e+01
-1.731512482150688825e+01
-1.722779159910088964e+01
-1.722609770860328027e+01
-1.725899675969316505e+01
-1.717655893809321910e+01
-1.729355569166928674e+01
-1.729144662341429139e+01
-1.732027650591425427e+01
-1.736041535498813815e+01
-1.728953793271993433e+01
-1.726307198516319019e+01
-1.730759783880181857e+01
-1.742824976617758992e+01
-1.743866582839742208e+01
-1.739176577052593942e+01
-1.751852147021494588e+01
-1.751117465645047133e+01
-1.746647523074210184e+01
-1.742983839718370476e+01
-1.742556640804262003e+01
-1.736574353547992544e+01
-1.742982419534367011e+01
-1.738982018937266361e+01
-1.747499922250394633e+01
-1.737375899110027078e+01
-1.739152716597067894e+01
-1.747503097791241444e+01
-1.744861589220978004e+01
-1.736254561867595925e+01
-1.728468707467780874e+01
-1.726944693288112020e+01
-1.731149494360670715e+01
-1.729633614290080956e+01
-1.740698931349611911e+01
-1.747860095573439665e+01
-1.734399576673218490e+01
-1.735697796744987897e+01
-1.731683952347453825e+01
-1.723221960365693306e+01
-1.728831390002969925e+01
-1.726667445316542526e+01
-1.731666651638141019e+01
-1.729921184078311924e+01
-1.717427558288981615e+01
-1.727515012042687914e+01
-1.725863068632981268e+01
-1.725619513240143021e+01
-1.723800950897690498e+01
-1.722247059008786252e+01
-1.727528399033443307e+01
-1.726673757171551316e+01
-1.730415514272070610e+01
-1.727419092540036871e+01
-1.736546594278054556e+01
-1.731697171076578812e+01
-1.735073119468541236e+01
-1.743130776641212165e+01
-1.741937244410743801e+01
-1.727878499307651339e+01
-1.729985667111188263e+01
-1.729702789037803967e+01
-1.725749783304217289e+01
-1.720708026304848559e+01
-1.722163964319675955e+01
-1.731508014601178758e+01
-1.713453219297056762e+01
-1.713491140282705771e+01
-1.723145450809562718e+01
-1.728739025737444024e+01
-1.721594004859944604e+01
-1.718765392599504693e+01
-1.720007062564393863e+01
-1.716959874759003313e+01
-1.723389450312653892e+01
-1.713124264329388069e+01
-1.715943625129368044e+01
-1.718967670466903996e+01
-1.719515050827990876e+01
-1.715988997889841627e+01
-1.722265376201809062e+01
-1.718175419483321420e+01
-1.715493947432324262e+01
-1.714836327861289433e+01
-1.719033158889548574e+01
-1.709755600764812655e+01
-1.701153459655173350e+01
-1.701047982109040291e+01
-1.701578953180656129e+01
-1.698682041998312897e+01
-1.702411761707060833e+01
-1.694455173581718910e+01
-1.696319673785905380e+01
-1.707582082482402086e+01
-1.695780885878796695e+01
-1.703243977467824166e+01
-1.704891306604201873e+01
-1.708622859366153435e+01
-1.699836269647731157e+01
-1.696383126265827812e+01
-1.703597419956848924e+01
-1.705841797719082109e+01
-1.696930888506907209e+01
-1.689544260077256510e+01
-1.692920244621511117e+01
-1.699626101811811907e+01
-1.690031503300469495e+01
-1.692706673170362563e+01
-1.688348058028876864e+01
-1.689086783415989146e+01
-1.693745160505183733e+01
-1.708985093707960345e+01
-1.705305907248714803e+01
-1.711045551886834204e+01
-1.711046715892415548e+01
-1.726798029363346032e+01
-1.724854460585898863e+01
-1.715458928650781800e+01
-1.709970329386092303e+01
-1.710881276259229011e+01
-1.721094467559832708e+01
-1.705935910911858144e+01
-1.705616602514990632e+01
-1.706196946418630489e+01
-1.710555567194075266e+01
-1.699080317495646852e+01
-1.695795130765998238e+01
-1.696828970989233554e+01
-1.711131736953259619e+01
-1.703512200790544640e+01
-1.698397192879194861e+01
-1.700995531107757941e+01
-1.697352414126228481e+01
-1.698536401256993500e+01
-1.695199800238968990e+01
-1.697460054219676451e+01
-1.699124320390628995e+01
-1.695956288374395982e+01
-1.690023958942647653e+01
-1.690230454262782800e+01
-1.697434439630221448e+01
-1.696852275794252307e+01
-1.692082474607612141e+01
-1.695591155676405748e+01
-1.687962512791930791e+01
-1.693796619265162917e+01
-1.698386741652254628e+01
-1.700078370133217831e+01
-1.697154727625631310e+01
-1.708596662642993635e+01
-1.705390703355070769e+01
-1.694356934974877404e+01
-1.693362583213197325e+01
-1.690943705825363708e+01
-1.691015147612434433e+01
-1.696180456672370696e+01
-1.697551762635172778e+01
-1.692778279637200711e+01
-1.695909540463736320e+01
-1.691911183178770628e+01
-1.693379917954551672e+01
-1.688227312550851522e+01
-1.691328134672003003e+01
-1.683710143558879224e+01
-1.686662939421194451e+01
-1.688598096002651872e+01
-1.685674743168253187e+01
-1.690156491627586632e+01
-1.681301385124928771e+01
-1.687852508123804185e+01
-1.699591204982444381e+01
-1.700019233910514060e+01
-1.691599791603361425e+01
-1.694308930593640383e+01
-1.698322991814605487e+01
-1.704193514124457920e+01
-1.709384886999424680e+01
-1.701280756876447242e+01
-1.699214837432220904e+01
-1.697741338043306314e+01
-1.706196553144916450e+01
-1.698214362369006025e+01
-1.699357356560834376e+01
-1.699661534458113721e+01
-1.702417925045771696e+01
-1.699979174524749581e+01
-1.703020764174521773e+01
-1.701005945254393836e+01
-1.712375905337953341e+01
-1.714599526487815240e+01
-1.713372750132018396e+01
-1.713664363766401877e+01
-1.694314909986856321e+01
-1.704980050364037680e+01
-1.706584165305060097e+01
-1.695017663267169183e+01
-1.708102763582136419e+01
-1.709914751999269100e+01
-1.706615668533143548e+01
-1.711425281538691578e+01
-1.718841657752908603e+01
-1.726944187716266299e+01
-1.717006427501342003e+01
-1.720320058448815459e+01
-1.709622111574065784e+01
-1.716534468093958310e+01
-1.715903150709128155e+01
-1.706462045124340676e+01
-1.723075782936084366e+01
-1.725969854207386689e+01
-1.727820797841784284e+01
-1.726344317942695383e+01
-1.718013270798286740e+01
-1.728930921955071298e+01
-1.721520194433397322e+01
-1.731046410611273956e+01
-1.731114143550287210e+01
-1.726092606833519483e+01
-1.720790766369967884e+01
-1.710705809751849671e+01
-1.704772553246035471e+01
-1.714200227314910308e+01
-1.711860406274946911e+01
-1.714091152661026030e+01
-1.703883732741927659e+01
-1.703371781784923300e+01
-1.700259326669970150e+01
-1.698921868238753419e+01
-1.701429664629862870e+01
-1.696157944154069241e+01
-1.706080174205684941e+01
-1.697561203094776161e+01
-1.698920090192977383e+01
-1.701865714816148056e+01
-1.698955868498339683e+01
-1.690320350425844964e+01
-1.690690749809177262e+01
-1.691055492366676560e+01
-1.686421060783518300e+01
-1.695908101248506483e+01
-1.700592882415521601e+01
-1.693928833406104317e+01
-1.692320429260491466e+01
-1.688800312550588245e+01
-1.688719919340912767e+01
-1.685979060911556360e+01
-1.678991720231064022e+01
-1.691755886808801534e+01
-1.688638523791949808e+01
-1.692903699821812680e+01
-1.685496792008422418e+01
-1.694687144937208600e+01
-1.697683166205578686e+01
-1.695041925950899753e+01
-1.696515823685694357e+01
-1.691241411569808761e+01
-1.696006559706600569e+01
-1.689249743655251734e+01
-1.687775395644563048e+01
-1.681307541076272827e+01
