# 2*np.log[MAD(r)] for 100 flights; 1000 steps per flight; run 31 of 50; mu: 3.50; seed: 30
-2.590235050848242437e+01
-2.370741886577013702e+01
-2.292257979373520271e+01
-2.244857330958193131e+01
-2.226501851501814500e+01
-2.233288445860212690e+01
-2.174652005915020681e+01
-2.173728506914327241e+01
-2.162376935341962891e+01
-2.177631473182443145e+01
-2.148017052725684195e+01
-2.131338847406162884e+01
-2.134725758363626369e+01
-2.117394543430638976e+01
-2.099104218345355122e+01
-2.121052535775697834e+01
-2.114321081575175398e+01
-2.104203941417381785e+01
-2.112304353611767027e+01
-2.097667093464347587e+01
-2.084088758948859876e+01
-2.081013107323317968e+01
-2.058791355943457546e+01
-2.060701875838367769e+01
-2.073474076648723852e+01
-2.068134527359526231e+01
-2.050109709172122763e+01
-2.047539110460730782e+01
-2.066734014325740532e+01
-2.043417421221863606e+01
-2.042684466890442607e+01
-2.027334857092735731e+01
-2.012251141257409159e+01
-2.021820621420355479e+01
-2.027645563782503402e+01
-2.018627738566009455e+01
-1.998884272643279658e+01
-2.002900887547545494e+01
-1.993854640301897518e+01
-1.981680951553630265e+01
-2.003914389597973411e+01
-1.998675972707673765e+01
-1.976012727272859237e+01
-2.001787417227238208e+01
-2.005538837342056624e+01
-2.013296465696313930e+01
-2.011130321382666608e+01
-2.010412415276645959e+01
-2.028819857084260647e+01
-2.003810337875591685e+01
-2.006774823757552895e+01
-1.995678003168496062e+01
-1.991150362692206954e+01
-1.991956923320792328e+01
-1.995460312720710760e+01
-1.986880557301906691e+01
-1.985727332658553834e+01
-2.005132974383653988e+01
-1.984283502555670609e+01
-1.990623425181413708e+01
-1.996598396055209079e+01
-2.001039189518981232e+01
-1.991792088713668463e+01
-1.972438719026070331e+01
-1.972644536003001647e+01
-1.968252413529298295e+01
-1.970238112418655163e+01
-1.963471387402641710e+01
-1.995867168530107705e+01
-1.978101965514612814e+01
-1.991196237574746419e+01
-1.990689932131251183e+01
-1.978148913587436297e+01
-1.982313050580709302e+01
-1.979384889528190428e+01
-1.959919541307537827e+01
-1.955032166219902834e+01
-1.956165196183190957e+01
-1.972298960869991902e+01
-1.956533752006568250e+01
-1.947854070671306204e+01
-1.942259659703758601e+01
-1.950035576739942300e+01
-1.958999386380548557e+01
-1.948638398669342919e+01
-1.946480589148715978e+01
-1.970416592583578463e+01
-1.944708563856137573e+01
-1.951912030994909486e+01
-1.972659877031627929e+01
-1.974202995647833703e+01
-1.963175191050175883e+01
-1.977248843725829985e+01
-1.973290926305914539e+01
-1.988605822505880028e+01
-1.970356268117054910e+01
-1.969226190327027837e+01
-1.952169798111795984e+01
-1.948759536315009555e+01
-1.951112088226310703e+01
-1.946861187489412615e+01
-1.959922693023429474e+01
-1.962465386506076115e+01
-1.960940222132439459e+01
-1.939306942288113333e+01
-1.927918713795124717e+01
-1.919585070827949380e+01
-1.923962009745211077e+01
-1.917527059976428205e+01
-1.911681294741062942e+01
-1.919438867492551992e+01
-1.919821972155085987e+01
-1.925406082245830319e+01
-1.921955622783651663e+01
-1.921521589374224348e+01
-1.923611724133921541e+01
-1.923288583827212506e+01
-1.929751739003432220e+01
-1.918736635603558227e+01
-1.908290956037258468e+01
-1.906909576594757638e+01
-1.911553733888177220e+01
-1.909587595909397706e+01
-1.909430772306113155e+01
-1.898810833820668620e+01
-1.924137259519991972e+01
-1.926410103230497484e+01
-1.918361771065670496e+01
-1.924803055522988160e+01
-1.908394456951456064e+01
-1.916407725196111045e+01
-1.924188799837188668e+01
-1.924021065337416303e+01
-1.913374732142754553e+01
-1.913376780365135588e+01
-1.930142195229952762e+01
-1.916729126674585615e+01
-1.919654923157138171e+01
-1.916461505923811259e+01
-1.924614932937979717e+01
-1.918779796379747538e+01
-1.912030527050439233e+01
-1.919308244476767555e+01
-1.929848966319663006e+01
-1.919272507134534322e+01
-1.893972538019205842e+01
-1.900280884947209614e+01
-1.896561892775957858e+01
-1.899847429268971410e+01
-1.916292350959378510e+01
-1.900086244770142940e+01
-1.888348317582557456e+01
-1.880258429109915497e+01
-1.891177865302896066e+01
-1.880563695256637402e+01
-1.903648230689363174e+01
-1.905573937706358123e+01
-1.895447998536212353e+01
-1.907471603197231147e+01
-1.904142225279177936e+01
-1.889128917939204655e+01
-1.887085707360002829e+01
-1.887903478910016730e+01
-1.885243498638721960e+01
-1.900491750028277949e+01
-1.876165100223345306e+01
-1.874948541622462628e+01
-1.880788702186931971e+01
-1.875497650563195151e+01
-1.876528651381001467e+01
-1.872356406133060247e+01
-1.875162747315910039e+01
-1.893527040458686272e+01
-1.896042794281851229e+01
-1.901122097266701161e+01
-1.882672917135440471e+01
-1.875648424462567831e+01
-1.902650713801798332e+01
-1.899158962234264791e+01
-1.877498422309265536e+01
-1.872121729165767690e+01
-1.880839366078604513e+01
-1.895674577305327446e+01
-1.894754437968244076e+01
-1.888353395161003689e+01
-1.893677941916174845e+01
-1.894803918459738057e+01
-1.903289781306180117e+01
-1.900672546554462272e+01
-1.891132482676025006e+01
-1.876720737968115671e+01
-1.864696512886298407e+01
-1.868793902815885488e+01
-1.860797539525585265e+01
-1.860323068547908676e+01
-1.870242892931542400e+01
-1.883442543392905577e+01
-1.878935391920244768e+01
-1.866057664194121202e+01
-1.867129880097412098e+01
-1.861406226345439663e+01
-1.866441822459797706e+01
-1.877391524866245831e+01
-1.867522732292579946e+01
-1.853326483778773337e+01
-1.865908470727809387e+01
-1.858474121414458580e+01
-1.853391581414805955e+01
-1.861096481106212863e+01
-1.867179013696243572e+01
-1.874488006824934772e+01
-1.871454456545822964e+01
-1.881843396429779958e+01
-1.864278253036122024e+01
-1.870192274174912228e+01
-1.873291918677011481e+01
-1.872588119090434589e+01
-1.862684473721173006e+01
-1.866312268297681243e+01
-1.856612995034051750e+01
-1.854225107584992216e+01
-1.848549038107984543e+01
-1.851212077773686104e+01
-1.870869206755866188e+01
-1.849482266719647328e+01
-1.840879858481627096e+01
-1.845390065060826501e+01
-1.861329644750197687e+01
-1.849990343148165195e+01
-1.844372644889482871e+01
-1.833816702909023988e+01
-1.862624214486764629e+01
-1.851133429026798893e+01
-1.862745681621789373e+01
-1.862834507361332825e+01
-1.872330662063686901e+01
-1.863189245461841992e+01
-1.872033091232530211e+01
-1.852721586524249986e+01
-1.846807017221605562e+01
-1.851719033653134616e+01
-1.863576721373823375e+01
-1.843902387256777686e+01
-1.847001845238206030e+01
-1.856499055964284750e+01
-1.868128128684605116e+01
-1.861676870706150311e+01
-1.862150141839871154e+01
-1.859670217283012406e+01
-1.858278262045404716e+01
-1.857799911594362996e+01
-1.863487303834365605e+01
-1.865702547733557282e+01
-1.860568570903412677e+01
-1.850705480313676077e+01
-1.841076598741483750e+01
-1.845296790466239045e+01
-1.851732516606008261e+01
-1.848626944648158954e+01
-1.852279882481875006e+01
-1.870187015446896694e+01
-1.858754264048622673e+01
-1.852038776862892533e+01
-1.842681163772138930e+01
-1.855308446492430718e+01
-1.865842848729480608e+01
-1.858398955197467473e+01
-1.845730401046341385e+01
-1.844927324891147080e+01
-1.845238405232855783e+01
-1.844982086002384492e+01
-1.850229467917754533e+01
-1.846646997009320401e+01
-1.850980295996177460e+01
-1.832869053201827469e+01
-1.859146709657530394e+01
-1.850648535470886102e+01
-1.857047263379454805e+01
-1.855100061806019340e+01
-1.861130272705894129e+01
-1.863094363690402488e+01
-1.854541160069608452e+01
-1.849563513874797138e+01
-1.846798091169846145e+01
-1.853137463522477191e+01
-1.847255371083804931e+01
-1.838798975476696640e+01
-1.830693331421250392e+01
-1.857845138953435082e+01
-1.852292400224212088e+01
-1.860083460095275854e+01
-1.853620643844669047e+01
-1.854564563190709947e+01
-1.836139425993327023e+01
-1.852962556903231928e+01
-1.850304913382976579e+01
-1.857100512105617085e+01
-1.853020797950071952e+01
-1.840524318564969519e+01
-1.858526496986052123e+01
-1.858838003626740942e+01
-1.870426109110394464e+01
-1.853650653530754511e+01
-1.862359293119610371e+01
-1.846301125892838257e+01
-1.837168575353666000e+01
-1.840983220827776279e+01
-1.832603829016466790e+01
-1.834551160721249730e+01
-1.843825486756486853e+01
-1.824815164420786218e+01
-1.830547629732036086e+01
-1.830221235194142082e+01
-1.821833227261962662e+01
-1.846361343713780201e+01
-1.837064475361853155e+01
-1.831179063719320155e+01
-1.833170891192789398e+01
-1.832249923513020917e+01
-1.835453048893271344e+01
-1.827220614352134831e+01
-1.823722964704066030e+01
-1.816643841704376072e+01
-1.826353806739930619e+01
-1.830913243356249609e+01
-1.824302832132811503e+01
-1.810217910338856484e+01
-1.806115950651768642e+01
-1.814270275399471899e+01
-1.818829763039170189e+01
-1.820685988584995840e+01
-1.815130651392812311e+01
-1.815285939394309622e+01
-1.811359985306442866e+01
-1.804950256261554387e+01
-1.797974786438680539e+01
-1.800424337331584468e+01
-1.815448260038935047e+01
-1.820295523928253090e+01
-1.826178868418922008e+01
-1.819717882493591077e+01
-1.825424083315642321e+01
-1.824593000193217307e+01
-1.803708988230324195e+01
-1.810937587707521956e+01
-1.800778547346695646e+01
-1.804416232044748725e+01
-1.801142773639022820e+01
-1.799569870248811299e+01
-1.807046125159952510e+01
-1.799880346165777567e+01
-1.791082104067728764e+01
-1.796669042597702770e+01
-1.798858788477592086e+01
-1.802643715051225115e+01
-1.801219743016355324e+01
-1.804267240139453676e+01
-1.802240010911107859e+01
-1.805746452326307505e+01
-1.803699722544167727e+01
-1.823984201115546355e+01
-1.823451275359634849e+01
-1.814000999821583449e+01
-1.823984262211449447e+01
-1.824636552193600991e+01
-1.813289206437026024e+01
-1.802249935420417515e+01
-1.802545925898143153e+01
-1.811978552751063987e+01
-1.795691192195872432e+01
-1.799486669807951955e+01
-1.807644935839176625e+01
-1.808778289722795307e+01
-1.820050304235494565e+01
-1.804939390544781830e+01
-1.812545867481917483e+01
-1.814279304574830931e+01
-1.807889099984543790e+01
-1.802672506075470693e+01
-1.832515654556167917e+01
-1.815880830589578210e+01
-1.823144904125554433e+01
-1.820592834719757036e+01
-1.815602547860240534e+01
-1.819106766732325653e+01
-1.814403633504274183e+01
-1.813847041735903431e+01
-1.827028356474125204e+01
-1.834829048945769969e+01
-1.825079060084701510e+01
-1.827972494344417598e+01
-1.825016174183160089e+01
-1.825087725767497204e+01
-1.817771221515192792e+01
-1.817177813088293448e+01
-1.815206908920035644e+01
-1.818959213957284149e+01
-1.814884098861005413e+01
-1.832931187712884125e+01
-1.815504623289778863e+01
-1.809186013585022579e+01
-1.819012656551550577e+01
-1.808590429980628755e+01
-1.804501131152106552e+01
-1.787828235130798404e+01
-1.795244631315384609e+01
-1.793306211339851330e+01
-1.802447025446392814e+01
-1.815247164159998050e+01
-1.809213028757482888e+01
-1.799976313945190753e+01
-1.802971972678802715e+01
-1.792257137281423240e+01
-1.795917132359751633e+01
-1.808720569412839296e+01
-1.797770347415767844e+01
-1.806852203911692456e+01
-1.813006365807922293e+01
-1.811005423627328526e+01
-1.810789297282780552e+01
-1.808722875633153748e+01
-1.802690740578835360e+01
-1.794560401067189659e+01
-1.790245305960991118e+01
-1.796049059023162187e+01
-1.801926700896943956e+01
-1.811978715909010518e+01
-1.800968296670370705e+01
-1.805249043834413669e+01
-1.806825403625639126e+01
-1.810508229569838079e+01
-1.806466247566159566e+01
-1.799668932557822743e+01
-1.795486738624924428e+01
-1.789038009322766953e+01
-1.788350777656961199e+01
-1.806468622490180920e+01
-1.813485098061563860e+01
-1.802372732966266256e+01
-1.803215465236808157e+01
-1.804804395779258641e+01
-1.821587060545066095e+01
-1.810255473527784176e+01
-1.816070437771303503e+01
-1.800311024020062689e+01
-1.792616333478155610e+01
-1.790192602095428853e+01
-1.797314037166965761e+01
-1.785312998899429715e+01
-1.781781830232960928e+01
-1.788629321576872044e+01
-1.787859133162451641e+01
-1.796461065044178795e+01
-1.792259302647819297e+01
-1.789435361186636442e+01
-1.784561114349438782e+01
-1.784776769533480234e+01
-1.792529236226967981e+01
-1.780819275986217320e+01
-1.793853133928695343e+01
-1.786541910341122019e+01
-1.777240691598070299e+01
-1.781514484266569909e+01
-1.785067522606379242e+01
-1.791271944466555155e+01
-1.791731910612572776e+01
-1.784012798610503481e+01
-1.786301248457007418e+01
-1.782489344585363256e+01
-1.777161824524564437e+01
-1.785976699364708509e+01
-1.786747214574791442e+01
-1.782634396674131949e+01
-1.775105145257519368e+01
-1.769192020641607499e+01
-1.769397156679158911e+01
-1.779266570422683458e+01
-1.774355655956885158e+01
-1.763938294900915338e+01
-1.765420884065863660e+01
-1.765856870578655347e+01
-1.764787395059713049e+01
-1.761883760035618351e+01
-1.774511461686049785e+01
-1.761973646582870501e+01
-1.766035722639279726e+01
-1.771101417886668372e+01
-1.756860031567128999e+01
-1.750354894009187134e+01
-1.748027027244558695e+01
-1.740673978683361511e+01
-1.737693578611285972e+01
-1.746678937743087801e+01
-1.746306851887853995e+01
-1.754422250032567376e+01
-1.756851840026984135e+01
-1.746667006122129351e+01
-1.763144892364357830e+01
-1.757587873789984556e+01
-1.745802614978662604e+01
-1.747260277088327740e+01
-1.746302832811009864e+01
-1.742723635842152419e+01
-1.750804418742174917e+01
-1.738120072106475433e+01
-1.743640456921257353e+01
-1.737129124322080997e+01
-1.740453436961633216e+01
-1.739938515386111106e+01
-1.740307517690030537e+01
-1.745160486425267266e+01
-1.743076884743574340e+01
-1.751780675707463075e+01
-1.749289350608205140e+01
-1.735733126150715933e+01
-1.737745788438401107e+01
-1.732946342958418384e+01
-1.734892715542567743e+01
-1.744057357854850565e+01
-1.741873478147442356e+01
-1.727140580747725807e+01
-1.735180126546676505e+01
-1.739440973203910090e+01
-1.743525895149142357e+01
-1.736215269794950444e+01
-1.738565413247366109e+01
-1.719284271791251584e+01
-1.730160455305582090e+01
-1.728500779185382541e+01
-1.725924389349534493e+01
-1.726209161964620264e+01
-1.727096407958369184e+01
-1.726495311112419628e+01
-1.725405880252531432e+01
-1.724093102918314457e+01
-1.724041815846977244e+01
-1.725691257683764945e+01
-1.722056470974365894e+01
-1.721965590768407495e+01
-1.712740523383763858e+01
-1.716918309362588602e+01
-1.724451265476237083e+01
-1.728431541913422720e+01
-1.720824814740680253e+01
-1.729776581626439480e+01
-1.731530750012235842e+01
-1.731363590745067071e+01
-1.732393175939574803e+01
-1.734070667305951119e+01
-1.727908090803699537e+01
-1.729440244407970795e+01
-1.727117562084927371e+01
-1.734501194907109323e+01
-1.733085072183603259e+01
-1.735485879087463346e+01
-1.738087128292860584e+01
-1.744446356525278929e+01
-1.741492303278491960e+01
-1.735277984351717606e+01
-1.736693680590301270e+01
-1.729313634436630664e+01
-1.730172387302611625e+01
-1.731480414978448223e+01
-1.728622850593013993e+01
-1.731008421253832097e+01
-1.724132584070914831e+01
-1.721647780221227819e+01
-1.725894947683115177e+01
-1.727169029573241588e+01
-1.727215253838637210e+01
-1.732044071186913214e+01
-1.735012148928097275e+01
-1.747210305919047357e+01
-1.745657880573175547e+01
-1.741433180922742352e+01
-1.738456724864656522e+01
-1.747656424539572839e+01
-1.737300222191211674e+01
-1.737043342375232768e+01
-1.739135181620328297e+01
-1.737456091064809272e+01
-1.746666858814086254e+01
-1.749183027476790286e+01
-1.740552817997352975e+01
-1.742409677531383494e+01
-1.750890707632537158e+01
-1.748623902897471538e+01
-1.754628745696228620e+01
-1.759772363899952197e+01
-1.746655153472988076e+01
-1.754235556731123680e+01
-1.753336127820063695e+01
-1.756898774191063239e+01
-1.750052575539911714e+01
-1.757983053701612519e+01
-1.761956506753032059e+01
-1.758739205974434228e+01
-1.755697351092843306e+01
-1.758586870032397798e+01
-1.739335677621336274e+01
-1.743857950192618134e+01
-1.739879056660712919e+01
-1.738069744018284979e+01
-1.744041564894155627e+01
-1.742966695258051857e+01
-1.737341659534609306e+01
-1.735754719990376671e+01
-1.746205854634326116e+01
-1.755550909105352275e+01
-1.747850774830482123e+01
-1.753007075779267510e+01
-1.752052548919285258e+01
-1.743510782616766264e+01
-1.746273252178303892e+01
-1.745133639069540266e+01
-1.749258947788707985e+01
-1.737813802195141832e+01
-1.742035612236885456e+01
-1.730564359458206880e+01
-1.731936414751248421e+01
-1.738771473860355243e+01
-1.744545647945112066e+01
-1.736973132506961193e+01
-1.735961240750143730e+01
-1.732319876385617263e+01
-1.736524484277491709e+01
-1.725825464554354483e+01
-1.729867865770167157e+01
-1.718624770383338074e+01
-1.721712238387111782e+01
-1.717157507704206054e+01
-1.723871317168728368e+01
-1.719212329407766404e+01
-1.717556659136757347e+01
-1.725982793227566958e+01
-1.719169383399693984e+01
-1.721027951615899099e+01
-1.726796612917495111e+01
-1.726991671676719164e+01
-1.717941569125961010e+01
-1.720293031754328794e+01
-1.717960937477418426e+01
-1.712021056436429944e+01
-1.720562449121196025e+01
-1.726184577980754042e+01
-1.722975086685898560e+01
-1.721661068141256479e+01
-1.718828511007880877e+01
-1.719200298035463703e+01
-1.713650867021904389e+01
-1.719843056926470126e+01
-1.714755916984761441e+01
-1.723378466371500650e+01
-1.721133149130624673e+01
-1.715670944187657199e+01
-1.718825511824006824e+01
-1.712218145020974802e+01
-1.726169176669627703e+01
-1.727344903971250289e+01
-1.713207720562152048e+01
-1.706788867742055160e+01
-1.707289275519300986e+01
-1.708052257672297713e+01
-1.709822362880359492e+01
-1.700018952591607757e+01
-1.702922696046260143e+01
-1.702902202815331378e+01
-1.701056979953122550e+01
-1.699761730658822145e+01
-1.695810674874194035e+01
-1.702489980437844252e+01
-1.699388977208460716e+01
-1.703108331165397971e+01
-1.706757278334901429e+01
-1.710707380523397347e+01
-1.709642311577318452e+01
-1.711812573911956648e+01
-1.710076333356664691e+01
-1.709046769010883438e+01
-1.713736998629223862e+01
-1.717389992226107154e+01
-1.711693298570894584e+01
-1.705548841661226689e+01
-1.702622970758539722e+01
-1.706692340281006182e+01
-1.707128622939551121e+01
-1.705093653072363580e+01
-1.704902032288497793e+01
-1.711833280521274503e+01
-1.712836973880448355e+01
-1.713508259048563076e+01
-1.717015049895255885e+01
-1.711383352307792904e+01
-1.709239896925705438e+01
-1.707425433564562667e+01
-1.712426693422606405e+01
-1.713542982412392846e+01
-1.722852724374013889e+01
-1.722700203985500877e+01
-1.723647296630700509e+01
-1.717685997475028969e+01
-1.723801503088572673e+01
-1.712993467837883443e+01
-1.719748204268793756e+01
-1.722548814935473160e+01
-1.726163399263887399e+01
-1.731718055728050132e+01
-1.722711765251381877e+01
-1.731756444155484687e+01
-1.734921916562014488e+01
-1.735053202713511666e+01
-1.729009110431922380e+01
-1.738299372627967543e+01
-1.734337755609767484e+01
-1.735848583824966340e+01
-1.741148748063240603e+01
-1.736349043464891295e+01
-1.746247277254053287e+01
-1.749735754690760814e+01
-1.757270664044397890e+01
-1.762188531019200255e+01
-1.761753089432616193e+01
-1.760315544547913547e+01
-1.756412573127839849e+01
-1.759448845211292323e+01
-1.760598473244800388e+01
-1.766899221729480018e+01
-1.771653271640022353e+01
-1.760699166834604057e+01
-1.762747345548542199e+01
-1.767550859091232596e+01
-1.762449609967729813e+01
-1.779986691227968620e+01
-1.776374618635984248e+01
-1.777559395657564068e+01
-1.773238190603390407e+01
-1.775716126799807881e+01
-1.760906271606250684e+01
-1.762530097946855534e+01
-1.765542824158555035e+01
-1.770359882754877745e+01
-1.766584007686291002e+01
-1.765590661283515317e+01
-1.756272711525882357e+01
-1.757044523472977815e+01
-1.753823012676430437e+01
-1.754623230380892807e+01
-1.748527010175438079e+01
-1.739670048172178340e+01
-1.733734264992641627e+01
-1.739646500818036756e+01
-1.743278475982279829e+01
-1.744678675870824591e+01
-1.747639609109932124e+01
-1.750221259821952913e+01
-1.740648918224455954e+01
-1.736099745025229879e+01
-1.736655850639213483e+01
-1.732826322872299230e+01
-1.733680796528896551e+01
-1.739885067440115307e+01
-1.738345776686305655e+01
-1.735868623893363605e+01
-1.739494244788971855e+01
-1.733804681434415329e+01
-1.733857033909385947e+01
-1.746337407864709945e+01
-1.752496503928801275e+01
-1.744979259887768563e+01
-1.753962399146707796e+01
-1.744984534903475293e+01
-1.746403172781565516e+01
-1.742965345633847463e+01
-1.736616157109895653e+01
-1.736507724059679703e+01
-1.734593232865561063e+01
-1.750271292254317146e+01
-1.746487433336482553e+01
-1.746614345838233007e+01
-1.744709789933645538e+01
-1.738550169803491130e+01
-1.733439409836657674e+01
-1.730874479803030397e+01
-1.742769513645586343e+01
-1.745030624432531141e+01
-1.743040585795639430e+01
-1.742779488998642989e+01
-1.740370528476677592e+01
-1.736860496965020317e+01
-1.735510862351519279e+01
-1.746147830677383794e+01
-1.736842620390851266e+01
-1.741622563835008819e+01
-1.741336777879031672e+01
-1.741406718710798529e+01
-1.741880204574822955e+01
-1.742306410959338336e+01
-1.741704497147143016e+01
-1.744227368469156403e+01
-1.747829194918380935e+01
-1.745113250113825032e+01
-1.749580319158684105e+01
-1.741678760263349091e+01
-1.741033796773236020e+01
-1.743945305659995526e+01
-1.742934734245227801e+01
-1.747057577710203446e+01
-1.744114848311015820e+01
-1.749417887368722546e+01
-1.745819850321458233e+01
-1.738561483663995588e+01
-1.754469224433902852e+01
-1.756887690709373828e+01
-1.750583476717113740e+01
-1.761744085569008078e+01
-1.772437484347264203e+01
-1.764888156515723949e+01
-1.758043676068019678e+01
-1.751853099848159445e+01
-1.742755572684004761e+01
-1.740993254934496193e+01
-1.737618505006849645e+01
-1.746809792044781773e+01
-1.746877014325275823e+01
-1.741685585605326736e+01
-1.751158625672400859e+01
-1.757603794227864213e+01
-1.766108512061549263e+01
-1.764886800143828083e+01
-1.755835262407416764e+01
-1.752308332044397687e+01
-1.743007518509616460e+01
-1.741941194589423603e+01
-1.745831427856352036e+01
-1.746463702305374710e+01
-1.749186183148788487e+01
-1.746733820623237321e+01
-1.743413805833463215e+01
-1.748912737211330892e+01
-1.744263948077160364e+01
-1.740248371819940942e+01
-1.740202651032510417e+01
-1.740513832044064202e+01
-1.744107963477254586e+01
-1.740961151953458952e+01
-1.739877177823037258e+01
-1.741576960006394259e+01
-1.737190627589613001e+01
-1.737219223996478590e+01
-1.743270198127401827e+01
-1.749517582374350866e+01
-1.749659714393948207e+01
-1.754671952697106718e+01
-1.754587730517613764e+01
-1.751162789999014890e+01
-1.752754779391406359e+01
-1.750978762552988499e+01
-1.749537629753287860e+01
-1.754819824760057401e+01
-1.758946738408968002e+01
-1.758006824142408320e+01
-1.770907155058702998e+01
-1.766872798155581137e+01
-1.765501084260161946e+01
-1.767311254397050746e+01
-1.760488800626671946e+01
-1.770086759496878059e+01
-1.772138559623867948e+01
-1.779286799766125782e+01
-1.784650528974811579e+01
-1.780106485986151554e+01
-1.770236732513757971e+01
-1.769008956818545997e+01
-1.775397827879260859e+01
-1.769580721265381129e+01
-1.770181508148990446e+01
-1.769186090390288868e+01
-1.768207845105993670e+01
-1.766277718055657076e+01
-1.760544464478929072e+01
-1.767568262867817097e+01
-1.772614494846978772e+01
-1.779787727636770711e+01
-1.776111720165571128e+01
-1.764593175330811547e+01
-1.771386376444788269e+01
-1.774109031873070208e+01
-1.760596288039709023e+01
-1.765074988605994832e+01
-1.762954274182466108e+01
-1.769581305281198880e+01
-1.768904274444981439e+01
-1.772734187273828255e+01
-1.784818668914694229e+01
-1.785541941766901175e+01
-1.777865684702494065e+01
-1.775465045621638893e+01
-1.779499032937537706e+01
-1.767740255902117852e+01
-1.778325633976164610e+01
-1.764462733172507214e+01
-1.771512434515311796e+01
-1.768626766815782858e+01
-1.764701950475125614e+01
-1.753891194773003903e+01
-1.750590014513980108e+01
-1.765798042405179658e+01
-1.758516833893532905e+01
-1.756202478416500767e+01
-1.760469652087035897e+01
-1.760937824015466191e+01
-1.762257270427032552e+01
-1.748249193255166745e+01
-1.741470493989471535e+01
-1.750707380097204435e+01
-1.751070105464297555e+01
-1.741014023583058901e+01
-1.748295116911852887e+01
-1.743484455612018991e+01
-1.739564873200842499e+01
-1.746001181151106607e+01
-1.742361821920388820e+01
-1.741205047590989352e+01
-1.755381289013077506e+01
-1.747077509042741994e+01
-1.751516074334495343e+01
-1.747559066786394766e+01
-1.745697603438157941e+01
-1.751661396495783762e+01
-1.754206738797234522e+01
-1.754682925128080839e+01
-1.759257414049946178e+01
-1.765948825458186988e+01
-1.752713116137267590e+01
-1.759967150465086405e+01
-1.752329870021867464e+01
-1.754310569996062341e+01
-1.749722551032066420e+01
-1.748397111812048266e+01
-1.760313124933338003e+01
-1.747113299926314767e+01
-1.764879908691944976e+01
-1.766225042344719753e+01
-1.772897097391904708e+01
-1.772538784513326959e+01
-1.760836249180136903e+01
-1.759792261775969635e+01
-1.751384593837569525e+01
-1.759691088792757085e+01
-1.755325564722838294e+01
-1.753393240452237478e+01
-1.758619455714774205e+01
-1.748990902797199354e+01
-1.752361916817675436e+01
-1.750472938937031842e+01
-1.747113685404685413e+01
-1.744525044138951841e+01
-1.750130506138953024e+01
-1.738671519464934789e+01
-1.736892415976711135e+01
-1.726318929490486909e+01
-1.733764612761998336e+01
-1.744807258833116137e+01
-1.741810103848552060e+01
-1.735970049254336800e+01
-1.738941987009944867e+01
-1.732328331813122091e+01
-1.731183676935720683e+01
-1.752233258480994493e+01
-1.750028124071262070e+01
-1.746692491904678946e+01
-1.741728919147407595e+01
-1.728974305132662082e+01
-1.730387016212004880e+01
-1.710493077461524791e+01
-1.720272230671998415e+01
-1.725743505230638775e+01
-1.728279545652743820e+01
-1.721579888231526212e+01
-1.719930695310029023e+01
-1.718017871076203207e+01
-1.720146679090214192e+01
-1.724385691106009943e+01
-1.725445194503576829e+01
-1.712595807536328607e+01
-1.721786561208850941e+01
-1.732389061779923978e+01
-1.724634364282018240e+01
-1.718475029237604801e+01
-1.730948887279660653e+01
-1.737067520941605636e+01
-1.750493066151457455e+01
-1.740705224133451878e+01
-1.739667266857936312e+01
-1.741189510492484160e+01
-1.727218160454825124e+01
-1.718399564569238791e+01
-1.717914010042079909e+01
-1.721842471518041506e+01
-1.715322486169228355e+01
