# 2*np.log[MAD(r)] for 100 flights; 1000 steps per flight; run 23 of 50; mu: 3.50; seed: 22
-2.582887196424851695e+01
-2.455187738695200039e+01
-2.306361534189056073e+01
-2.287320714549360190e+01
-2.237736618307361169e+01
-2.238350658845282837e+01
-2.209000521740077971e+01
-2.174593712655703115e+01
-2.149832515946405564e+01
-2.155615986255963534e+01
-2.163155745400921504e+01
-2.156263017701234830e+01
-2.138838177770632853e+01
-2.103796281023154435e+01
-2.100096140620568974e+01
-2.100425430314017561e+01
-2.089823244372488986e+01
-2.072857794727876168e+01
-2.078923268399499236e+01
-2.069089597198608033e+01
-2.070595183593712107e+01
-2.072667840476337275e+01
-2.072895334066350870e+01
-2.074698118768141342e+01
-2.050761071334279606e+01
-2.036460294416833605e+01
-2.040026147277593793e+01
-2.033538100183212194e+01
-2.019576807413943698e+01
-2.018702452921796464e+01
-2.032532228732905466e+01
-2.017575597899150708e+01
-2.027302994950381887e+01
-2.030627376694283726e+01
-2.020170246982316442e+01
-2.008825885379171794e+01
-2.022224232232031937e+01
-2.019973577461761138e+01
-2.003195417370930187e+01
-1.999510137782114327e+01
-1.992511911738310459e+01
-1.978090595954387254e+01
-1.994588337626210972e+01
-2.002210152192989767e+01
-1.987358784420393221e+01
-1.961588209952937234e+01
-1.962780168924861712e+01
-1.962994520280226141e+01
-1.980559549009675280e+01
-1.966137329741674122e+01
-1.973068173350404209e+01
-1.947873533176922933e+01
-1.962864829820043511e+01
-1.964552968530619026e+01
-1.949019109093974222e+01
-1.935063497667265153e+01
-1.959218469489836068e+01
-1.953586811151252789e+01
-1.951219424020448301e+01
-1.960506411167717999e+01
-1.953175820284715414e+01
-1.967341675451377014e+01
-1.965953228530580787e+01
-1.971561986102767250e+01
-1.965124601302718688e+01
-1.954767359981924102e+01
-1.953327508901222487e+01
-1.957399334711947603e+01
-1.966140882344237184e+01
-1.948646251272529284e+01
-1.929988339776572204e+01
-1.936503741128832701e+01
-1.925447399460668763e+01
-1.947184546590369791e+01
-1.940431256994065734e+01
-1.952608675638613889e+01
-1.948604818755808665e+01
-1.956919837336506518e+01
-1.941321052440826378e+01
-1.946687451947058989e+01
-1.932247082466567178e+01
-1.906886006070743633e+01
-1.914961269727436033e+01
-1.911892029434627105e+01
-1.923284712536218422e+01
-1.921848344717827217e+01
-1.909867209783777753e+01
-1.921776201242423454e+01
-1.909864745429662491e+01
-1.910237210256590501e+01
-1.897900696148475674e+01
-1.908750525939013443e+01
-1.906531752567532223e+01
-1.905383377678895229e+01
-1.912175725107421798e+01
-1.922286234398457694e+01
-1.925845372323859550e+01
-1.917245925549661578e+01
-1.923217462990353610e+01
-1.930440102202371833e+01
-1.938152655178775419e+01
-1.953981185136282406e+01
-1.950537127786501657e+01
-1.944152176078511474e+01
-1.927315024378836128e+01
-1.933222771426840225e+01
-1.955416375742817081e+01
-1.949248541878791841e+01
-1.952693990325854401e+01
-1.936396989998998919e+01
-1.963506576883602506e+01
-1.962902767879447197e+01
-1.962507494091251203e+01
-1.939270400139965389e+01
-1.955790479396037540e+01
-1.950865108565582773e+01
-1.943159063284819510e+01
-1.949746904279029991e+01
-1.921899819291459011e+01
-1.935307939968523883e+01
-1.935744694274553623e+01
-1.936781298381067984e+01
-1.918632259263374706e+01
-1.921673114557572148e+01
-1.908805745452357172e+01
-1.899436265709730876e+01
-1.889438385724831448e+01
-1.892712938881375706e+01
-1.888804329904908741e+01
-1.897920712535051280e+01
-1.869841307780058060e+01
-1.884621267896670105e+01
-1.879937125991703084e+01
-1.885456189605665500e+01
-1.875988086757487494e+01
-1.873244565386858085e+01
-1.869650548678341551e+01
-1.864256709423274572e+01
-1.867200636122669266e+01
-1.860840869633393524e+01
-1.849295969108519344e+01
-1.852493154018103638e+01
-1.853617984814051667e+01
-1.849708411271690167e+01
-1.868365528361242767e+01
-1.875098212543227660e+01
-1.894754626835943156e+01
-1.889213065704224803e+01
-1.876926649862526375e+01
-1.883009393310673829e+01
-1.868509195452679350e+01
-1.865651038995558864e+01
-1.865330307738361171e+01
-1.872136911400948378e+01
-1.868855268793381086e+01
-1.870560342582360391e+01
-1.866904523039773878e+01
-1.860265052418252196e+01
-1.851397135451115972e+01
-1.861298979126372899e+01
-1.867826692774513830e+01
-1.860200545129645278e+01
-1.855367272538136447e+01
-1.859838533272414196e+01
-1.868048693973563346e+01
-1.854937926416875271e+01
-1.869575718011235921e+01
-1.876677074846898208e+01
-1.851542414501936307e+01
-1.865014537977772591e+01
-1.858749234060930533e+01
-1.857055315037072418e+01
-1.844619378444358304e+01
-1.857988382214223577e+01
-1.863290573374225545e+01
-1.869572504162313109e+01
-1.871642490720500973e+01
-1.869631648307414196e+01
-1.861354400965075939e+01
-1.860728364407514235e+01
-1.866042507816979423e+01
-1.872307318451725777e+01
-1.854591542326756937e+01
-1.860364836710386882e+01
-1.873554213714099603e+01
-1.864081550949016375e+01
-1.862384792178966109e+01
-1.857497297279564208e+01
-1.857276738323711740e+01
-1.847322094750861865e+01
-1.857157697794353979e+01
-1.845680514758466018e+01
-1.856562349542636525e+01
-1.853009063889779640e+01
-1.858724507144819782e+01
-1.850320041319109876e+01
-1.843909774118986888e+01
-1.849399919809606274e+01
-1.843636418745833083e+01
-1.849268326107117488e+01
-1.829310335335455306e+01
-1.816855714401197375e+01
-1.832512656952922114e+01
-1.835892551362057290e+01
-1.854712918094325858e+01
-1.845573919725358536e+01
-1.835349306403641734e+01
-1.831986095972718331e+01
-1.846127604698012448e+01
-1.846263750468768094e+01
-1.854086787392792957e+01
-1.842255074188448560e+01
-1.832040226338135014e+01
-1.834297346583666055e+01
-1.819444970072971302e+01
-1.818377514347605128e+01
-1.841624273133471235e+01
-1.846078884183874891e+01
-1.834377683716315488e+01
-1.837316430576375836e+01
-1.818703250800461291e+01
-1.824662888977442066e+01
-1.824113311282227201e+01
-1.817665019439185770e+01
-1.816261026392929523e+01
-1.816447233053244403e+01
-1.817337683768736412e+01
-1.815929723610425484e+01
-1.800451723865237597e+01
-1.810459012028837478e+01
-1.805377636661139107e+01
-1.813584009432735300e+01
-1.807196769296551864e+01
-1.809732904094124706e+01
-1.804370549995244133e+01
-1.795388713684866033e+01
-1.814912753922107669e+01
-1.814357711098260850e+01
-1.807756714701443101e+01
-1.794068111594832970e+01
-1.801087973479567594e+01
-1.792136976967677597e+01
-1.803858849434044842e+01
-1.788361107882519363e+01
-1.801223023006002677e+01
-1.800513520165758763e+01
-1.800937420505584896e+01
-1.802762657143174962e+01
-1.800849232675394163e+01
-1.806393871768969106e+01
-1.800806405408274813e+01
-1.802093103851607125e+01
-1.795359080924139406e+01
-1.790854568744994069e+01
-1.791832912201278205e+01
-1.805011729391758379e+01
-1.797110005806796806e+01
-1.790860427464734528e+01
-1.786440012536596456e+01
-1.786880886107359956e+01
-1.796243537785773370e+01
-1.798175098781037917e+01
-1.807136830806183525e+01
-1.809060983001207035e+01
-1.806298256342344999e+01
-1.806444077667604731e+01
-1.816957062453541383e+01
-1.808712759771814405e+01
-1.818980111356059481e+01
-1.814208889680248404e+01
-1.812064921762846481e+01
-1.808768903871818523e+01
-1.806381694583197373e+01
-1.804683799950360878e+01
-1.814960464855215250e+01
-1.818532810539792521e+01
-1.807846491142763412e+01
-1.812244586659959111e+01
-1.819012290691243194e+01
-1.812717824589737603e+01
-1.813002049208995459e+01
-1.818281067272274143e+01
-1.824179760702867270e+01
-1.827464941199917803e+01
-1.846151419050436715e+01
-1.842782353891702840e+01
-1.844172179431873104e+01
-1.830899134371161452e+01
-1.835565465097970161e+01
-1.840098425685795291e+01
-1.835850251021375001e+01
-1.831653085377471513e+01
-1.837724621820199644e+01
-1.839011011747675894e+01
-1.840776802657757472e+01
-1.830040954395850150e+01
-1.821864738413248475e+01
-1.827124759612949845e+01
-1.830226335490360867e+01
-1.827378161249457023e+01
-1.850283223419619105e+01
-1.840997151384330266e+01
-1.832405950492422875e+01
-1.845284253281544551e+01
-1.838648468464207753e+01
-1.833753448533226305e+01
-1.851796305947742027e+01
-1.859630658716680429e+01
-1.866056226253049743e+01
-1.850345745377437012e+01
-1.840772210312295698e+01
-1.849928359045597404e+01
-1.858220802264883531e+01
-1.841006931593463491e+01
-1.842088821563466183e+01
-1.838647796333469131e+01
-1.825672677950446143e+01
-1.820340829777976666e+01
-1.828197736548179364e+01
-1.811379846197458221e+01
-1.812734777428134336e+01
-1.807570636563460553e+01
-1.809988698478726121e+01
-1.796563108299132239e+01
-1.803487767238086548e+01
-1.818958744896063351e+01
-1.806927982403731647e+01
-1.796284722272121925e+01
-1.799876458848925154e+01
-1.817240567112363436e+01
-1.803802958009691082e+01
-1.812661901924710151e+01
-1.801899422699732867e+01
-1.792043276618543501e+01
-1.789596164445251603e+01
-1.800701922486758733e+01
-1.791305259049963183e+01
-1.792066804990458451e+01
-1.779716305919864539e+01
-1.810601596808022151e+01
-1.795265901963857402e+01
-1.795943553040680030e+01
-1.796904248085266786e+01
-1.788369738774946427e+01
-1.794572858803759630e+01
-1.787364486520575824e+01
-1.767636559916830308e+01
-1.776405861121515528e+01
-1.779045567114765447e+01
-1.779612145917182531e+01
-1.786090428405159969e+01
-1.788438703099924254e+01
-1.778128365215636819e+01
-1.782287295849171471e+01
-1.760139655648976742e+01
-1.772096518213764327e+01
-1.780912716366504966e+01
-1.767916446039573231e+01
-1.760570731493173113e+01
-1.759192104137362378e+01
-1.750426709054380936e+01
-1.751818522418886914e+01
-1.751599015309126628e+01
-1.751553122152393982e+01
-1.766552105081695601e+01
-1.752461589016510857e+01
-1.757448236563467958e+01
-1.749678149008868289e+01
-1.747172865590631474e+01
-1.749667000629316149e+01
-1.750804005027103472e+01
-1.753199674073587033e+01
-1.752830871364496801e+01
-1.743128792200018751e+01
-1.742428548094958529e+01
-1.740573158382379049e+01
-1.742354337163688527e+01
-1.738387760238544999e+01
-1.741509484433632338e+01
-1.737023028613161557e+01
-1.742876819771485231e+01
-1.739182083196086381e+01
-1.731601498819676976e+01
-1.744710079230509336e+01
-1.752695136919638941e+01
-1.751760004970718398e+01
-1.747919332006132009e+01
-1.736256241480648299e+01
-1.734868312952283631e+01
-1.742458396952945421e+01
-1.731610493672157247e+01
-1.729546091249273942e+01
-1.735381691153752115e+01
-1.733074444139412407e+01
-1.730056503758753905e+01
-1.727021221838768739e+01
-1.717529812936053446e+01
-1.728983674384528513e+01
-1.722250985086065711e+01
-1.731484217380681301e+01
-1.726440087626788156e+01
-1.730663255112622778e+01
-1.726719368004326682e+01
-1.735140626047136436e+01
-1.735030253270356226e+01
-1.737685289684980816e+01
-1.746315621758802550e+01
-1.748814118929695383e+01
-1.750841419248887831e+01
-1.740015717609261969e+01
-1.735805087799900548e+01
-1.734052992454832065e+01
-1.729516657461277518e+01
-1.732443916865939215e+01
-1.740700319006840857e+01
-1.755424762315633913e+01
-1.759852769780998472e+01
-1.758057691412551549e+01
-1.756181314466532584e+01
-1.760582399236133710e+01
-1.750850729249026116e+01
-1.745121632335423101e+01
-1.748079810443733351e+01
-1.743502642800841684e+01
-1.741698757361276861e+01
-1.737481569699110651e+01
-1.735611237585916200e+01
-1.738270875167162544e+01
-1.727097761137452991e+01
-1.721377087904792447e+01
-1.729203194642825991e+01
-1.717469819680585985e+01
-1.736902980629080773e+01
-1.739264785725119822e+01
-1.741916833592037506e+01
-1.722861053222080940e+01
-1.729101631785937343e+01
-1.736134310863679531e+01
-1.736782555783136317e+01
-1.745128876620064418e+01
-1.731999563529423014e+01
-1.740249563865377525e+01
-1.753056206382374782e+01
-1.752415527768886960e+01
-1.755448982670798586e+01
-1.746185793393197017e+01
-1.739798844523695109e+01
-1.739502094054777359e+01
-1.737423713053159702e+01
-1.741308382412563205e+01
-1.738880052817805932e+01
-1.744639981698843201e+01
-1.735985611978265197e+01
-1.740400033970627902e+01
-1.737556529429405572e+01
-1.737071269842936516e+01
-1.745186149482166016e+01
-1.738801782582125099e+01
-1.730471661217478285e+01
-1.733584378744432541e+01
-1.740392433078509171e+01
-1.753197809620539260e+01
-1.748615176612613453e+01
-1.736798937412441646e+01
-1.737794243361501145e+01
-1.731603349136777226e+01
-1.732687596107587069e+01
-1.732467229711545187e+01
-1.741652445711798691e+01
-1.756942750111375418e+01
-1.744114838378864718e+01
-1.770546209586138175e+01
-1.750974762529884998e+01
-1.754568965809062320e+01
-1.764213491359021191e+01
-1.752124575264128836e+01
-1.762029526940385082e+01
-1.754172250827500079e+01
-1.753232185345193628e+01
-1.768812488231391811e+01
-1.766893627866990713e+01
-1.773225833428514875e+01
-1.772506317741016346e+01
-1.754849319502735128e+01
-1.765439922279055551e+01
-1.764088978670378083e+01
-1.762504358270296123e+01
-1.762869702672217187e+01
-1.757118240026246525e+01
-1.763105446481908345e+01
-1.774278908090362705e+01
-1.779318709554791411e+01
-1.782892972046187907e+01
-1.769192088002097663e+01
-1.776385256212233088e+01
-1.770610598659115098e+01
-1.779058863280612357e+01
-1.778907465119290165e+01
-1.785406901435480975e+01
-1.781832377045727966e+01
-1.780828029041757787e+01
-1.769866982800715149e+01
-1.767707083403328383e+01
-1.761790445031084573e+01
-1.775689797986276020e+01
-1.770505507431189329e+01
-1.763967356104949857e+01
-1.771353716651098509e+01
-1.780430417054613557e+01
-1.766589364797150452e+01
-1.760046598505892490e+01
-1.771904613183751920e+01
-1.774184252059522038e+01
-1.781891419036896806e+01
-1.775517293385020423e+01
-1.767061668578742584e+01
-1.757950515189682861e+01
-1.752607180970216305e+01
-1.754139385845929056e+01
-1.761708289353993706e+01
-1.757985455633544447e+01
-1.758531806944927212e+01
-1.765520737763503334e+01
-1.764144093986849171e+01
-1.763678064846449445e+01
-1.767647369286861903e+01
-1.770848198300483389e+01
-1.767039389861707832e+01
-1.766402114886523833e+01
-1.775886060311912118e+01
-1.770328363114284542e+01
-1.783099876872647016e+01
-1.778661743669294637e+01
-1.759738252939992265e+01
-1.765724459883474040e+01
-1.779138140222030273e+01
-1.772295801461049081e+01
-1.769017774449349290e+01
-1.766665431616765503e+01
-1.758070427566010707e+01
-1.755417149398718024e+01
-1.763813503097971491e+01
-1.765455228035159152e+01
-1.769711050074682390e+01
-1.771489828456356008e+01
-1.773869507841495263e+01
-1.772004723949596539e+01
-1.782853372022819727e+01
-1.781436646451054173e+01
-1.762855778406096974e+01
-1.769543203004622356e+01
-1.777668000932860792e+01
-1.779416508333011038e+01
-1.757851242823146976e+01
-1.763522147683120522e+01
-1.783908897676534266e+01
-1.766987933612432471e+01
-1.764931683892868364e+01
-1.761122381859503960e+01
-1.755238252404276267e+01
-1.755467143105137140e+01
-1.754731503098836498e+01
-1.755363433182902710e+01
-1.746106034945228203e+01
-1.742729138525207944e+01
-1.745021731945591981e+01
-1.747657156727076355e+01
-1.746009189896198421e+01
-1.752455455952885899e+01
-1.748524628022318339e+01
-1.739425843173597030e+01
-1.744345230039770911e+01
-1.731341082209637605e+01
-1.741048108233582781e+01
-1.735297585052698466e+01
-1.737667027452119584e+01
-1.738620988189941130e+01
-1.739735693609065237e+01
-1.738960413115461989e+01
-1.737639654385586141e+01
-1.739247383901118482e+01
-1.748664546699349032e+01
-1.751940051456545078e+01
-1.750267334911392680e+01
-1.742916650580114890e+01
-1.754969602881369539e+01
-1.754341915594054058e+01
-1.752920432586684996e+01
-1.749511059983655059e+01
-1.755681632830592775e+01
-1.750533106059930688e+01
-1.752852300402415509e+01
-1.748889641724085564e+01
-1.743241027977983748e+01
-1.735615550115004879e+01
-1.747049111041443226e+01
-1.756956552778331471e+01
-1.753507132763549592e+01
-1.762044743958072601e+01
-1.760590100784583001e+01
-1.757851641097324702e+01
-1.770488531636543428e+01
-1.768995038139090070e+01
-1.773201313818968217e+01
-1.770063606829019065e+01
-1.763520567025641128e+01
-1.774578927190881572e+01
-1.765961910755411424e+01
-1.771579723757670166e+01
-1.737183943863556124e+01
-1.742001818697310256e+01
-1.753031394245953578e+01
-1.753561011962459659e+01
-1.756265090617368330e+01
-1.751264797425314157e+01
-1.752250250883660598e+01
-1.754936911191749971e+01
-1.747037625903520919e+01
-1.751329289571505399e+01
-1.741708970168559034e+01
-1.744667186298458716e+01
-1.745659366560712655e+01
-1.742488715373323416e+01
-1.748217192094188732e+01
-1.742652525631664062e+01
-1.754949851963420571e+01
-1.754504155991803316e+01
-1.752164281720443739e+01
-1.764498921171574253e+01
-1.763717516342754266e+01
-1.751482767273527585e+01
-1.758577473839349636e+01
-1.760519464005055923e+01
-1.764034815487583074e+01
-1.762544159096403007e+01
-1.758990424384887419e+01
-1.758372221508385636e+01
-1.764983693814265564e+01
-1.759881126734043377e+01
-1.758083588854176327e+01
-1.760673104423120350e+01
-1.761780232727659978e+01
-1.768537754166471387e+01
-1.760780668929244897e+01
-1.764434670301624664e+01
-1.767470292749318617e+01
-1.766406762465025082e+01
-1.757310689383241709e+01
-1.752579356886489137e+01
-1.758605583388316163e+01
-1.762311197719007083e+01
-1.758947501795793755e+01
-1.761434002001649901e+01
-1.758559042403555139e+01
-1.759927975611971718e+01
-1.760336154988069168e+01
-1.754780167442588379e+01
-1.761271651534692850e+01
-1.759391287348481114e+01
-1.757528103041804002e+01
-1.755000417926276057e+01
-1.753969349820369317e+01
-1.760137737463469065e+01
-1.763666320746703065e+01
-1.750001445790414323e+01
-1.764546752235230542e+01
-1.766903668396374627e+01
-1.768806946774849465e+01
-1.762994345543588182e+01
-1.752422239742402965e+01
-1.763774502143527556e+01
-1.767054477526756529e+01
-1.755730213201579559e+01
-1.759732603603994860e+01
-1.751216995389355446e+01
-1.747822283023257839e+01
-1.761965866566345795e+01
-1.753712330526230900e+01
-1.758649084421807629e+01
-1.730072360668000186e+01
-1.753405140225985903e+01
-1.762471923122238593e+01
-1.759362529542087827e+01
-1.764767612113048756e+01
-1.751737464217696072e+01
-1.754201420706797165e+01
-1.745329529481420749e+01
-1.745645913729216758e+01
-1.744254393430273353e+01
-1.740364659128472979e+01
-1.741423337309890584e+01
-1.744914010084571743e+01
-1.745066828560363703e+01
-1.738672072541367442e+01
-1.740853498365198249e+01
-1.737955891159807820e+01
-1.733656438540738876e+01
-1.741106742421559517e+01
-1.745617421452763196e+01
-1.742838788465924793e+01
-1.744174304208443260e+01
-1.741587477621245483e+01
-1.731924462582700031e+01
-1.730690772723595572e+01
-1.746220349678492667e+01
-1.739058522171234955e+01
-1.733130648922555039e+01
-1.720551678952712749e+01
-1.721197083898175251e+01
-1.725573976156418254e+01
-1.725582944435103983e+01
-1.724880413073708496e+01
-1.729683951834144295e+01
-1.722719196998980706e+01
-1.729965855183037604e+01
-1.730946969611071040e+01
-1.733945256274598634e+01
-1.732448204826689775e+01
-1.724272506020005480e+01
-1.729586720469106353e+01
-1.728523638002355867e+01
-1.723981448132557048e+01
-1.726283119543371569e+01
-1.725724096012993058e+01
-1.730075901635553492e+01
-1.718123503751011683e+01
-1.721756787037328351e+01
-1.713940994794198502e+01
-1.716804143520184311e+01
-1.711553082349527344e+01
-1.711431019105647877e+01
-1.715062833253063346e+01
-1.721363170107894547e+01
-1.723335706969672998e+01
-1.719969257442539501e+01
-1.716135335763367564e+01
-1.705170765567912738e+01
-1.712162129465064098e+01
-1.711325402644561677e+01
-1.709045825077875946e+01
-1.717482480793283983e+01
-1.717051752252801933e+01
-1.721963858012777138e+01
-1.729346051176316479e+01
-1.733453575499289201e+01
-1.720170634767466211e+01
-1.730740482800174362e+01
-1.727234551089115655e+01
-1.724839035053536662e+01
-1.732122732479743021e+01
-1.718726909201975417e+01
-1.714699391003188111e+01
-1.713499518098352681e+01
-1.717916829004145285e+01
-1.718875013175720312e+01
-1.722763265556354639e+01
-1.713575212090302458e+01
-1.722118137337288957e+01
-1.717583814301410072e+01
-1.703122236067608952e+01
-1.697512314581360471e+01
-1.699982862186214305e+01
-1.695169293379830933e+01
-1.698220894974521045e+01
-1.690445522285362756e+01
-1.688254572655301544e+01
-1.683692170348951578e+01
-1.689922284082334514e+01
-1.685950292602460365e+01
-1.689019472805883737e+01
-1.694116285157084789e+01
-1.697911077410898528e+01
-1.704103519404146994e+01
-1.707811349268302692e+01
-1.699408257935790800e+01
-1.692445509305299467e+01
-1.691135149766327572e+01
-1.693187696979816792e+01
-1.703306522019496683e+01
-1.710731082735430064e+01
-1.700283526483326568e+01
-1.707855282366305971e+01
-1.700417506519955779e+01
-1.697101437861207884e+01
-1.700255611538208811e+01
-1.708433318658020994e+01
-1.705259027643694836e+01
-1.707196119370945553e+01
-1.703335161056513769e+01
-1.703869362669836818e+01
-1.703171653160092092e+01
-1.694484567761779914e+01
-1.697428752444366395e+01
-1.684359014341516669e+01
-1.692308415970952495e+01
-1.690171081053340529e+01
-1.686363992633113185e+01
-1.688868142727966415e+01
-1.693818511245347480e+01
-1.692370233149307168e+01
-1.693967383567348506e+01
-1.698789633209000627e+01
-1.690893425703551145e+01
-1.696283766298109441e+01
-1.685002920660789627e+01
-1.685313614228893897e+01
-1.685058670536394843e+01
-1.688718630185594094e+01
-1.690871793124499689e+01
-1.696567081069995808e+01
-1.693365618240705928e+01
-1.680326426479905422e+01
-1.687114119095114262e+01
-1.688063570263432567e+01
-1.687664776932101773e+01
-1.677766759418552311e+01
-1.679169247570971280e+01
-1.691314564913805185e+01
-1.686951863749280633e+01
-1.680619066433931152e+01
-1.688425309012471587e+01
-1.673419960729876266e+01
-1.683500607219520262e+01
-1.687069533797815879e+01
-1.683667017944183542e+01
-1.687328083492364783e+01
-1.684243953477028199e+01
-1.693162370193613953e+01
-1.678261168164523198e+01
-1.670168479994285704e+01
-1.671295329810103780e+01
-1.668460360677259047e+01
-1.677167414060908257e+01
-1.669033416568199257e+01
-1.674466525347364154e+01
-1.671498355883872122e+01
-1.673799309386193102e+01
-1.678754919531399992e+01
-1.685076646481831375e+01
-1.684492860381780588e+01
-1.686785873786652701e+01
-1.682500592476727164e+01
-1.681505788194052542e+01
-1.687178615804291226e+01
-1.683469243773637913e+01
-1.683081968757481306e+01
-1.690170549435805469e+01
-1.693178884283710772e+01
-1.680338316033743595e+01
-1.685726809370586565e+01
-1.682399581120853682e+01
-1.681594524868678420e+01
-1.683732722050969244e+01
-1.677604683659779283e+01
-1.676989905730048847e+01
-1.687091483490133825e+01
-1.694740493791832492e+01
-1.690930350355406731e+01
-1.692680067541427391e+01
-1.690707890077815989e+01
-1.697364217625275984e+01
-1.692206785984311779e+01
-1.671708252125820593e+01
-1.683192790481509249e+01
-1.697237766506712475e+01
-1.699176461881431521e+01
-1.685237282729766051e+01
-1.681306459668651243e+01
-1.675333632589704891e+01
-1.693887882362326636e+01
-1.680514987048976394e+01
-1.682073874119382850e+01
-1.675299579711821352e+01
-1.675891645616393788e+01
-1.670799919179811255e+01
-1.671742791429447195e+01
-1.670647645466723930e+01
-1.672370210314270267e+01
-1.665128006098101565e+01
-1.671458399066079537e+01
-1.676544246489345014e+01
-1.679494112039220965e+01
-1.679269356652886813e+01
-1.677922678855433958e+01
-1.671107486507327877e+01
-1.670640538329031344e+01
-1.671191288458398461e+01
-1.670415836850342117e+01
-1.664746112744601447e+01
-1.663609507599408488e+01
-1.668386183941346346e+01
-1.674485263893516418e+01
-1.677017858744128986e+01
-1.670560141145256594e+01
-1.673427035859156575e+01
-1.666507052958917257e+01
-1.668588691033420801e+01
-1.664543101429132932e+01
-1.656958674002796883e+01
-1.659413332440573896e+01
-1.658292047662228086e+01
-1.657877189141889929e+01
-1.650992683754748569e+01
-1.658309352415864169e+01
-1.651851227180811321e+01
-1.655737466064262264e+01
-1.658202614306209810e+01
-1.660183071193068116e+01
-1.653649349277830183e+01
-1.659872313856729420e+01
-1.659377181420926206e+01
-1.661202226229173817e+01
-1.666895770859665760e+01
-1.666627915791857006e+01
-1.667942128049861239e+01
-1.666766116634139294e+01
-1.674522377370514548e+01
-1.675944169316657195e+01
-1.672068284520006287e+01
-1.675356712044008489e+01
-1.683282310645019209e+01
-1.687996676164749132e+01
-1.677425738425414181e+01
-1.669579601567172844e+01
-1.679227284548252896e+01
-1.682884868534509692e+01
-1.676895960935034680e+01
-1.682858156009400474e+01
-1.678168935945956264e+01
-1.684887898126755346e+01
-1.689356330632362457e+01
-1.684203426385577984e+01
-1.685203263576836719e+01
-1.684549047454441961e+01
-1.678772422613668525e+01
-1.681262723850224461e+01
-1.683948685687037283e+01
-1.688343344799411128e+01
-1.693983141006237858e+01
-1.689995211493592109e+01
-1.687155875121128190e+01
-1.673835263204585289e+01
-1.675329396579196128e+01
-1.675137658857402556e+01
-1.675882912841194283e+01
-1.677390995738218393e+01
-1.681363169190660400e+01
-1.675523341213594364e+01
-1.679595605327328656e+01
-1.682450660442990653e+01
-1.683318313577647274e+01
-1.674456072939649687e+01
-1.669215254502514156e+01
-1.668046130351316236e+01
-1.660929068376417561e+01
-1.660899272002795612e+01
-1.667535436471565191e+01
-1.667598822850165874e+01
-1.664848458055132951e+01
-1.664508302232988868e+01
-1.669429626971290048e+01
-1.673816395471199314e+01
-1.669401003360760427e+01
-1.675947912915113847e+01
-1.671607682328992439e+01
-1.671679929374643336e+01
-1.669247993659662654e+01
-1.668263344955382621e+01
-1.667208508761672192e+01
-1.676052272494553108e+01
-1.677515218703841171e+01
-1.669305855013578466e+01
-1.668214727667414365e+01
-1.665497291609560548e+01
-1.662944790786083971e+01
-1.670872041043644529e+01
-1.672730387115449702e+01
-1.668421538772180668e+01
-1.668355411553277179e+01
-1.655714942653925803e+01
-1.654903677820314911e+01
-1.658313185520194111e+01
-1.660089310492895365e+01
-1.652288741152614193e+01
-1.661599690057136414e+01
-1.657755427535711590e+01
-1.657895407362726203e+01
-1.654614568148318909e+01
-1.664161240771003136e+01
-1.666723575506889077e+01
-1.656923423902176751e+01
-1.659144547669277259e+01
-1.667224590098460624e+01
-1.673645798015531483e+01
-1.667574791172488702e+01
-1.665679311111009042e+01
-1.658455040811169212e+01
-1.666571425856331956e+01
-1.670010371678648653e+01
-1.669935215004805684e+01
