# 2*np.log[MAD(r)] for 100 flights; 1000 steps per flight; run 33 of 50; mu: 3.50; seed: 32
-2.559997149718434173e+01
-2.395465664798559402e+01
-2.314200764019255274e+01
-2.312850115981454735e+01
-2.271181073254253846e+01
-2.226666758960330128e+01
-2.204828437978409283e+01
-2.199293056670260071e+01
-2.190038371123307570e+01
-2.178423663270865518e+01
-2.173403410511008715e+01
-2.158699760106475907e+01
-2.130118997135139480e+01
-2.123002352322472674e+01
-2.115346723958970188e+01
-2.129615481735991978e+01
-2.133264074419680512e+01
-2.136523214075425514e+01
-2.104733840115758170e+01
-2.114785165994101135e+01
-2.111513450657819746e+01
-2.102328441786917779e+01
-2.099174094909995603e+01
-2.072509512207483695e+01
-2.074374059404689774e+01
-2.090837597859103525e+01
-2.087848954788750078e+01
-2.065987240699237404e+01
-2.081565314450054061e+01
-2.069102258550609363e+01
-2.053784233606577914e+01
-2.025758603331916419e+01
-2.037403806095384695e+01
-2.037947736570996327e+01
-2.034777466456306527e+01
-2.037133298047654861e+01
-2.048364909230347664e+01
-2.047261135977745994e+01
-2.052834469196803724e+01
-2.006528713259760721e+01
-2.033028487790098993e+01
-2.042760736092449747e+01
-2.002323001364868915e+01
-2.011479720382065750e+01
-2.019521377588378996e+01
-2.020801981137050163e+01
-2.034898440939254272e+01
-2.018022167047821824e+01
-2.018427934845402660e+01
-2.010716321596487788e+01
-1.999252914154283189e+01
-2.007277703698887450e+01
-1.999448395132440126e+01
-1.999251641720745809e+01
-1.988951207490308448e+01
-1.971552476110256791e+01
-1.974132297719390650e+01
-1.987204474632248008e+01
-1.973693037050497168e+01
-1.969471757816181778e+01
-1.976413146774010343e+01
-1.967328713806706375e+01
-1.987627351824027144e+01
-1.980544122281552077e+01
-1.971277191642056081e+01
-1.960839302098126780e+01
-1.934735720918523683e+01
-1.937116222947995325e+01
-1.963610066239104768e+01
-1.968155704196297862e+01
-1.953737626805238037e+01
-1.982467961722798577e+01
-1.969036804433713073e+01
-1.971721910861630889e+01
-1.968414104340460824e+01
-1.961940182475078487e+01
-1.948413760982044707e+01
-1.945487556741802848e+01
-1.950428460131245956e+01
-1.954482182878935248e+01
-1.955812916996112705e+01
-1.941869339215732282e+01
-1.935149391728917223e+01
-1.943801831853000905e+01
-1.949082957783435788e+01
-1.955899458576528005e+01
-1.951795720909076337e+01
-1.926999633386111910e+01
-1.935310458815770929e+01
-1.952841306637843388e+01
-1.962959461416549800e+01
-1.973112392292181383e+01
-1.965140309049813538e+01
-1.952202736493503821e+01
-1.964745200914122947e+01
-1.956056204596471204e+01
-1.970589112116341823e+01
-1.982410266275652333e+01
-1.958474285110217750e+01
-1.974230016389660491e+01
-1.980329993080524176e+01
-1.959022459063796262e+01
-1.975798173179221351e+01
-1.957999963504861896e+01
-1.940787278230509472e+01
-1.939370322648249001e+01
-1.933585055556880761e+01
-1.940919402700133389e+01
-1.956680142847753956e+01
-1.946267176684455791e+01
-1.940289395174162124e+01
-1.941281565941844889e+01
-1.940238820583027390e+01
-1.930883655288583967e+01
-1.927310349588282179e+01
-1.919347229249978426e+01
-1.917162201258798149e+01
-1.911775405200042499e+01
-1.934560747990651564e+01
-1.935389332625851821e+01
-1.922230914044347116e+01
-1.916952170967588742e+01
-1.922398575761797090e+01
-1.921470963161949896e+01
-1.918506553237904910e+01
-1.927970096485595874e+01
-1.922978128910644458e+01
-1.919643578518324745e+01
-1.919912154185113806e+01
-1.926515562024484751e+01
-1.925415583655288287e+01
-1.927572853345048642e+01
-1.923810465384860535e+01
-1.917687821736188170e+01
-1.924614060530657156e+01
-1.914270532056501395e+01
-1.908128899709338455e+01
-1.905694875863557769e+01
-1.882645441802114306e+01
-1.891054478211356482e+01
-1.881166998907148269e+01
-1.863964353348363545e+01
-1.865587267438420582e+01
-1.875866713520068885e+01
-1.869499926801150025e+01
-1.878969144819392767e+01
-1.868379014547573647e+01
-1.879236919072081946e+01
-1.875477663928711181e+01
-1.882201558530915264e+01
-1.876613074961161587e+01
-1.855374614584719239e+01
-1.866570552090337287e+01
-1.874614757464552639e+01
-1.874583631029351594e+01
-1.864135762127713036e+01
-1.866670225240763514e+01
-1.875679875045374700e+01
-1.867083502346324408e+01
-1.877010417779599294e+01
-1.875428629724605756e+01
-1.870192422704959512e+01
-1.880638142739007534e+01
-1.871306116564601396e+01
-1.866814358542055885e+01
-1.871517076744243369e+01
-1.865641767805777818e+01
-1.874664328677704717e+01
-1.874987307574544104e+01
-1.871788782720031108e+01
-1.871867380992899754e+01
-1.877506580194776831e+01
-1.889721057192294040e+01
-1.885890655832625384e+01
-1.908124967036816599e+01
-1.886744339217021604e+01
-1.896487880734597553e+01
-1.881970886930116293e+01
-1.877061808469577997e+01
-1.881084417880077453e+01
-1.884178156550898819e+01
-1.876947361936840508e+01
-1.895255593488176871e+01
-1.892622577143216489e+01
-1.879806228986182859e+01
-1.891020613628162650e+01
-1.884220288246235953e+01
-1.888489757167515037e+01
-1.873516363756932179e+01
-1.881412571918994203e+01
-1.897619397428392318e+01
-1.901856895770872313e+01
-1.888809435393361724e+01
-1.892555264464482434e+01
-1.915906952801357477e+01
-1.917672634951933475e+01
-1.897707981955718637e+01
-1.898679578238760612e+01
-1.890662148703521339e+01
-1.885889079589640005e+01
-1.890022975490747115e+01
-1.892348257939136502e+01
-1.894196184382589720e+01
-1.896586897839864960e+01
-1.913939707948125246e+01
-1.901410394927533787e+01
-1.899990314214331733e+01
-1.899050336451645649e+01
-1.903612063388788300e+01
-1.897876907368377175e+01
-1.887881762721054102e+01
-1.901900097482539564e+01
-1.905742086532410795e+01
-1.881646438773271868e+01
-1.887819858218227509e+01
-1.877197638619864506e+01
-1.871136041371989833e+01
-1.879804065201062002e+01
-1.911909502056888499e+01
-1.882721467978280572e+01
-1.885543013592153372e+01
-1.874811842092845993e+01
-1.865339709754078257e+01
-1.860213379459348104e+01
-1.871370140907547608e+01
-1.861185400029295423e+01
-1.864204620166313475e+01
-1.850808034784735057e+01
-1.856053776198576344e+01
-1.851227915332516361e+01
-1.846054091110463702e+01
-1.858973700276096253e+01
-1.855014913723461945e+01
-1.862437067194693441e+01
-1.868550604044813213e+01
-1.880413866318305693e+01
-1.867691527024063092e+01
-1.865357601769216345e+01
-1.865909464800563811e+01
-1.853503712344153698e+01
-1.859153575476809195e+01
-1.865982899480343349e+01
-1.870722196453277775e+01
-1.848939351710735579e+01
-1.848658962854025845e+01
-1.864464559556250478e+01
-1.854210520498779502e+01
-1.857129579193816227e+01
-1.850049603095247264e+01
-1.859063220830866570e+01
-1.855132374500099601e+01
-1.853553596829873129e+01
-1.854413332951306259e+01
-1.854212773782621326e+01
-1.845842959235157466e+01
-1.839723511442154447e+01
-1.835281440289082866e+01
-1.836272943856207007e+01
-1.846316244234272475e+01
-1.825563320850075399e+01
-1.829944023903690109e+01
-1.821737178477876640e+01
-1.841907219878965307e+01
-1.843593432610946437e+01
-1.835156347109156627e+01
-1.839057451929468812e+01
-1.847603261429516763e+01
-1.832361159135626849e+01
-1.851180090535628509e+01
-1.845910380041463483e+01
-1.845024385939946043e+01
-1.852806991115667756e+01
-1.842024242919132249e+01
-1.835444383654035150e+01
-1.833587878697123230e+01
-1.839908281753332631e+01
-1.836509834429364219e+01
-1.835340505031189551e+01
-1.834357361906841177e+01
-1.826262253197269914e+01
-1.821560135863514418e+01
-1.816701076084267186e+01
-1.834234618877255940e+01
-1.825959323562869230e+01
-1.820682132452578372e+01
-1.814173530619967423e+01
-1.806372825673165394e+01
-1.808627522571793023e+01
-1.809289541570889881e+01
-1.812877563232853362e+01
-1.805804229730408395e+01
-1.808306221138848002e+01
-1.811795914607432678e+01
-1.809257754910939653e+01
-1.821377041121854035e+01
-1.823772389164425078e+01
-1.835406842931301341e+01
-1.823175133797107605e+01
-1.828560318531564377e+01
-1.831684992340532148e+01
-1.827822512803567889e+01
-1.813367453523251882e+01
-1.811973863875098445e+01
-1.823080356211320563e+01
-1.814440667146494945e+01
-1.818476650399296801e+01
-1.810324340625872352e+01
-1.806557145118257424e+01
-1.797386445624670515e+01
-1.803712732640672911e+01
-1.803718395303790700e+01
-1.811001826396675440e+01
-1.805014646438769788e+01
-1.815966261632094358e+01
-1.783546848372837701e+01
-1.779535356447622263e+01
-1.791646593861021586e+01
-1.790951556575529580e+01
-1.782356059110964708e+01
-1.790357680146700758e+01
-1.773328463504705965e+01
-1.782339005576043078e+01
-1.778293498223292701e+01
-1.781764723409419915e+01
-1.793814103508085367e+01
-1.781672493197405061e+01
-1.782964423530675901e+01
-1.782080574206576529e+01
-1.797162598977435621e+01
-1.794259847646954853e+01
-1.804725576218796945e+01
-1.796847442600483546e+01
-1.780931063623415156e+01
-1.795891318887510835e+01
-1.810865436785497096e+01
-1.801410660890491044e+01
-1.801478316876484698e+01
-1.794968157253996566e+01
-1.798766081823353602e+01
-1.806450973544258787e+01
-1.800022343506855194e+01
-1.795232932587979136e+01
-1.792238847994241979e+01
-1.802485872660230015e+01
-1.798976417816092166e+01
-1.782720741164744283e+01
-1.803877868443256105e+01
-1.804377945620880652e+01
-1.806598662350161888e+01
-1.807102891700063196e+01
-1.814351153118731474e+01
-1.826531052788203624e+01
-1.829897134127863012e+01
-1.824467279442423973e+01
-1.817249822980240026e+01
-1.805463849082122252e+01
-1.805422981309765618e+01
-1.814642221469666339e+01
-1.805151316920354532e+01
-1.815702006895826415e+01
-1.826024228545427519e+01
-1.821341921041063827e+01
-1.813075249537087430e+01
-1.818762401261718509e+01
-1.821349636995667964e+01
-1.833941347428845248e+01
-1.823031008402823616e+01
-1.813581554353930159e+01
-1.822922279200547635e+01
-1.820372663985077466e+01
-1.814877293665682245e+01
-1.811560248560693509e+01
-1.809666205947516460e+01
-1.802103263036767800e+01
-1.802797973460120318e+01
-1.812475597070823952e+01
-1.814090367750610611e+01
-1.813942805978721751e+01
-1.826064304763511714e+01
-1.835285899102907337e+01
-1.830068626672384724e+01
-1.829606659740277408e+01
-1.823352735330424679e+01
-1.810532551447687410e+01
-1.821904252842238492e+01
-1.811213357102257859e+01
-1.820802670269362977e+01
-1.809781216114466673e+01
-1.800915555395042489e+01
-1.808335553915207328e+01
-1.814167314375368179e+01
-1.809631504130945245e+01
-1.814291856197494823e+01
-1.803638140677315249e+01
-1.804147926166804439e+01
-1.793628879375623342e+01
-1.801909921574272033e+01
-1.796386758161659003e+01
-1.796936369643903930e+01
-1.793026695183066721e+01
-1.795488220410850033e+01
-1.792554261479571664e+01
-1.790447043024937201e+01
-1.783019839558913944e+01
-1.796067355847861791e+01
-1.799556906862889960e+01
-1.792651197566805621e+01
-1.789729740809804071e+01
-1.788095878509637870e+01
-1.790396688106577017e+01
-1.788033847909079910e+01
-1.793559430777416352e+01
-1.782099529101828850e+01
-1.779991598750096671e+01
-1.786343730549249287e+01
-1.779766572091378052e+01
-1.777004240582827066e+01
-1.783937175362042282e+01
-1.792584757362474335e+01
-1.793771375602892348e+01
-1.796871708197957318e+01
-1.798333675057201475e+01
-1.786392049481546707e+01
-1.773032688875116847e+01
-1.787382491735310452e+01
-1.792197436274725320e+01
-1.790118401671120907e+01
-1.792977472160657371e+01
-1.772700356979747127e+01
-1.785094855170804706e+01
-1.783420782326291132e+01
-1.792202668178254754e+01
-1.797460269036423242e+01
-1.791031685493670622e+01
-1.783790686108881474e+01
-1.785035771078681677e+01
-1.778779716426677737e+01
-1.771605148490013448e+01
-1.783356044806431839e+01
-1.791338813959444920e+01
-1.791096693486030134e+01
-1.787326295758271755e+01
-1.784605061602728426e+01
-1.786343701039763587e+01
-1.773218527228254970e+01
-1.770073838231027352e+01
-1.768353163186743870e+01
-1.773798789328517955e+01
-1.769882167731991984e+01
-1.777004951967050772e+01
-1.763307280961226908e+01
-1.752645918708519091e+01
-1.755560427620800823e+01
-1.754841392849189319e+01
-1.758562213088990234e+01
-1.768418745440383333e+01
-1.769755127737153089e+01
-1.758614492541740404e+01
-1.754286585391293585e+01
-1.748881417364181701e+01
-1.758226562911078616e+01
-1.773533926262003391e+01
-1.765533203565337317e+01
-1.770033739568789599e+01
-1.772699835759813780e+01
-1.764312364993958226e+01
-1.752730137730596738e+01
-1.760908181574468045e+01
-1.761827994577431866e+01
-1.765029156816502010e+01
-1.771533766418932743e+01
-1.768386022613498909e+01
-1.758865815533185284e+01
-1.770938906920806843e+01
-1.756506121979598234e+01
-1.749083741676009751e+01
-1.744468116767396282e+01
-1.746325150081155897e+01
-1.753357393815632648e+01
-1.754544740630482025e+01
-1.767090045318122193e+01
-1.768324824821821650e+01
-1.777593779017878717e+01
-1.757089523688925325e+01
-1.751428053832231768e+01
-1.753605283772398593e+01
-1.756838810025471531e+01
-1.764245959013613430e+01
-1.767670418746407179e+01
-1.763199106447934383e+01
-1.762227575753727038e+01
-1.766921231806493964e+01
-1.777754045912347181e+01
-1.769572882234328404e+01
-1.758629336841476842e+01
-1.772589836359685833e+01
-1.779377490775600634e+01
-1.778376420154127757e+01
-1.785849867489793752e+01
-1.787428813351434798e+01
-1.775663307280693459e+01
-1.770120554045027461e+01
-1.775198502075436480e+01
-1.779076583709392878e+01
-1.768211031127090394e+01
-1.775926807469832625e+01
-1.761401024227160050e+01
-1.758812779738965659e+01
-1.762462341255157838e+01
-1.767607014494444684e+01
-1.765307408624929053e+01
-1.764122984543552164e+01
-1.759047285808374639e+01
-1.768104693528375648e+01
-1.766767484312354597e+01
-1.771785694478623441e+01
-1.779482430098158119e+01
-1.764960731059388621e+01
-1.763675227928870370e+01
-1.775570975450860445e+01
-1.765751272437423580e+01
-1.762420529069000708e+01
-1.769647932902196530e+01
-1.761088860930477296e+01
-1.751438161548961148e+01
-1.749221733213234842e+01
-1.748319976192464864e+01
-1.756437116028694234e+01
-1.760157535820298236e+01
-1.748712131572114004e+01
-1.759984594712212314e+01
-1.767401763842792661e+01
-1.769387202616405119e+01
-1.764837490137141884e+01
-1.770500491582588509e+01
-1.769400883469640462e+01
-1.757454470602869279e+01
-1.751437458056415863e+01
-1.759981760264194506e+01
-1.754993385140707574e+01
-1.738092487899311323e+01
-1.749978481731690749e+01
-1.742345138497320889e+01
-1.762411515686085295e+01
-1.750095174475592685e+01
-1.749070306267930874e+01
-1.740721685333066304e+01
-1.737822182649518865e+01
-1.730222799099570352e+01
-1.740114319406624688e+01
-1.739238995914876895e+01
-1.733325354310439081e+01
-1.730611772770902945e+01
-1.744062678382669418e+01
-1.742733575619815412e+01
-1.745269838325736345e+01
-1.740025297649532021e+01
-1.741278837567328353e+01
-1.743220132244549347e+01
-1.735416475301617467e+01
-1.750110738600064764e+01
-1.746709640667796748e+01
-1.756732736448204690e+01
-1.759025997767642835e+01
-1.765792930584382958e+01
-1.757859440636566362e+01
-1.753958697149435864e+01
-1.753928340201139235e+01
-1.755252382052978888e+01
-1.750371288539799863e+01
-1.751424858549615138e+01
-1.753723122580878879e+01
-1.765446688613568327e+01
-1.764628038656428899e+01
-1.757908853428904905e+01
-1.750284957992805346e+01
-1.758115359522436094e+01
-1.759539711777078708e+01
-1.752616918951609293e+01
-1.751573422294457316e+01
-1.754071894002620269e+01
-1.757748037332289570e+01
-1.752842624506177671e+01
-1.760951282872696311e+01
-1.766150082017863454e+01
-1.752309794146319888e+01
-1.760723596195685658e+01
-1.767407408430719329e+01
-1.771254520743828209e+01
-1.768477571988848140e+01
-1.773483317376811286e+01
-1.765631667688768403e+01
-1.767156114540098599e+01
-1.744653298350336357e+01
-1.744435034565768561e+01
-1.743338704790915727e+01
-1.752692226342259829e+01
-1.749250527760191432e+01
-1.756725721192761469e+01
-1.751803043165596208e+01
-1.744686765322700595e+01
-1.743570664484228416e+01
-1.747431941836699210e+01
-1.753030948434136604e+01
-1.746150058636580127e+01
-1.738305929127520599e+01
-1.740771391737996154e+01
-1.743778303148183895e+01
-1.749590696556057523e+01
-1.753787134516850799e+01
-1.758147684054878113e+01
-1.761164137964378895e+01
-1.753444666796928431e+01
-1.745038957149220948e+01
-1.762068373194763282e+01
-1.765123015931269279e+01
-1.754931056833502012e+01
-1.742335045502818502e+01
-1.738300047443200569e+01
-1.745450370932666218e+01
-1.738773525188177516e+01
-1.746221838604680698e+01
-1.756457138267451867e+01
-1.755849420879608047e+01
-1.754800275889711614e+01
-1.751195502830669426e+01
-1.742275791749824165e+01
-1.738631998055867811e+01
-1.752852846688394450e+01
-1.746278917569559042e+01
-1.750615936449221266e+01
-1.740215995587825404e+01
-1.746755025652624127e+01
-1.746006322498348950e+01
-1.752600842389136204e+01
-1.749878739536371342e+01
-1.753946372332402959e+01
-1.747452401997016125e+01
-1.749720570364537409e+01
-1.756753580227942635e+01
-1.756884106884762531e+01
-1.754770954520231996e+01
-1.754604289538058381e+01
-1.755045869523873492e+01
-1.747560763497494207e+01
-1.751975982572084689e+01
-1.750722338887929652e+01
-1.745262285091864740e+01
-1.748942672356375638e+01
-1.750692845338863179e+01
-1.757436325537569743e+01
-1.759706674342291421e+01
-1.761109253762327853e+01
-1.758385105898931400e+01
-1.762408753660804095e+01
-1.762098234685482723e+01
-1.753666584437610609e+01
-1.760648767522517844e+01
-1.754733950676747511e+01
-1.759939631351167577e+01
-1.752297490597937468e+01
-1.747115937513942896e+01
-1.754691867784410064e+01
-1.757375915193209437e+01
-1.760284984642479245e+01
-1.755190083310958116e+01
-1.753004372087204032e+01
-1.760479175983758182e+01
-1.748249168787400265e+01
-1.750846784147625357e+01
-1.754175338108864679e+01
-1.759585461062878764e+01
-1.757187231997137999e+01
-1.762337817246987370e+01
-1.757016671099889393e+01
-1.758961888365739057e+01
-1.745859988172713173e+01
-1.756264652820279792e+01
-1.756505031366226888e+01
-1.752167625186206834e+01
-1.753428736308837443e+01
-1.755573886803338723e+01
-1.760937269599354593e+01
-1.760988686672489933e+01
-1.764011620067855546e+01
-1.761533226671134855e+01
-1.750828932529648796e+01
-1.757138431717861948e+01
-1.757323466773861398e+01
-1.741156244833566902e+01
-1.739369569282406047e+01
-1.735371023667420687e+01
-1.748752290875454563e+01
-1.742598471908146607e+01
-1.740669847418954319e+01
-1.730594180972457252e+01
-1.732663085555794069e+01
-1.756544238926980483e+01
-1.744970793346587712e+01
-1.732689156963013843e+01
-1.731889791251555977e+01
-1.716767793781426121e+01
-1.718946515373680839e+01
-1.725965925210532959e+01
-1.740291723551179714e+01
-1.734073698036563727e+01
-1.727744380055451856e+01
-1.726672887937305845e+01
-1.728547876794815608e+01
-1.726166619535364077e+01
-1.720817855582280842e+01
-1.725424865741646485e+01
-1.737469794609584639e+01
-1.731804134934849060e+01
-1.724409008372925456e+01
-1.731697405739927831e+01
-1.732415694931069439e+01
-1.727017486655518042e+01
-1.729523729941257670e+01
-1.723865772081663650e+01
-1.720321734667883717e+01
-1.723015487983065697e+01
-1.725158936916253083e+01
-1.737289424841700480e+01
-1.730244584899118010e+01
-1.728910424491549591e+01
-1.734227114161947014e+01
-1.738958408993478955e+01
-1.748880364656791642e+01
-1.749427052063701993e+01
-1.730697376936353393e+01
-1.731998197363903813e+01
-1.739368305896836375e+01
-1.740549101387105679e+01
-1.739381274171126535e+01
-1.746163130348102399e+01
-1.745429964952834823e+01
-1.751548633401704436e+01
-1.756095957510914474e+01
-1.756924360475354518e+01
-1.764020114122146410e+01
-1.761970523850928316e+01
-1.766925646025825714e+01
-1.752122001463688150e+01
-1.753857242206909461e+01
-1.754016632320631786e+01
-1.752334541516221122e+01
-1.751221186261188123e+01
-1.757350892515069063e+01
-1.746307207362403702e+01
-1.753401556029570685e+01
-1.741263939176984366e+01
-1.741459536792752161e+01
-1.748251979907469789e+01
-1.751642037349588676e+01
-1.744296180081962788e+01
-1.747844388539294158e+01
-1.746950945360540786e+01
-1.743349487369451367e+01
-1.736528611510467002e+01
-1.746932508997171496e+01
-1.733013061506330388e+01
-1.744890640594722697e+01
-1.751095468059324034e+01
-1.751009035678109882e+01
-1.751193552272551557e+01
-1.751528180639718002e+01
-1.758745818953794426e+01
-1.760593871156977386e+01
-1.762843390707548608e+01
-1.765025266819428396e+01
-1.766867448789151851e+01
-1.763337749628319173e+01
-1.761957103759781518e+01
-1.760521286494117987e+01
-1.769754845951337785e+01
-1.766816687749469494e+01
-1.770649968910029770e+01
-1.764730536657435778e+01
-1.773521678497975174e+01
-1.753843320453772492e+01
-1.761868644955821850e+01
-1.756101613007894713e+01
-1.758175284560118712e+01
-1.751630808132823347e+01
-1.759205497431892340e+01
-1.752035165524000604e+01
-1.769340337061756330e+01
-1.749155644322158309e+01
-1.753030132259652518e+01
-1.754771527671035969e+01
-1.763224583762783837e+01
-1.752151379917671647e+01
-1.750493284953978090e+01
-1.751594132911558077e+01
-1.759460118566033771e+01
-1.753717333295112724e+01
-1.757523273500845207e+01
-1.759053362086833161e+01
-1.768255529576846286e+01
-1.769520190130502257e+01
-1.760464031865748780e+01
-1.769032757904425068e+01
-1.771695278453398714e+01
-1.760958080920540425e+01
-1.762512837714163894e+01
-1.766016594682392338e+01
-1.767785355782842771e+01
-1.775626505004151312e+01
-1.769916158152110697e+01
-1.765109702290365234e+01
-1.753644169381705709e+01
-1.753340778807088896e+01
-1.756710496864438653e+01
-1.770139599129530339e+01
-1.781798426575570815e+01
-1.779935632556505354e+01
-1.781031357416269501e+01
-1.755681637844557841e+01
-1.766185260383116784e+01
-1.751447511096642629e+01
-1.748793997320940363e+01
-1.760629056606324738e+01
-1.762049862896248698e+01
-1.761834439781739192e+01
-1.756697993583457063e+01
-1.760130546223611603e+01
-1.760283985018039488e+01
-1.756725090651831778e+01
-1.744633027170466022e+01
-1.753781317917119509e+01
-1.753968274269405825e+01
-1.766277737480631771e+01
-1.754081332348890143e+01
-1.749092407747013667e+01
-1.747814207692931987e+01
-1.750001656938491124e+01
-1.748062730708556245e+01
-1.751926227955630111e+01
-1.744818614339107299e+01
-1.761437599104303686e+01
-1.757093864595592336e+01
-1.761555744407586843e+01
-1.749623776524288132e+01
-1.745526293453539779e+01
-1.732890847973544268e+01
-1.748485792428981256e+01
-1.732146040849734447e+01
-1.745000644388916911e+01
-1.754627123950395529e+01
-1.747896354932395369e+01
-1.754249049336315736e+01
-1.755130272981842410e+01
-1.736036793515965826e+01
-1.724600587550720832e+01
-1.718699456458296027e+01
-1.718541084053365253e+01
-1.729770701030706803e+01
-1.724113993032837655e+01
-1.735650383440572142e+01
-1.741420901239613883e+01
-1.741562625748147042e+01
-1.733456795128297045e+01
-1.729269453610391594e+01
-1.730173498532083443e+01
-1.731432401217396588e+01
-1.740809687551802298e+01
-1.736784330746216298e+01
-1.736512602518531878e+01
-1.726374303959751799e+01
-1.730154224642696548e+01
-1.733654945698202710e+01
-1.740162092126359994e+01
-1.737541039646309571e+01
-1.736078366507443960e+01
-1.742883743416455999e+01
-1.730162096499023860e+01
-1.737607406914346697e+01
-1.736028144135452678e+01
-1.724273157486167207e+01
-1.722175486336891481e+01
-1.703817384096365117e+01
-1.709795462110934494e+01
-1.710407507725538778e+01
-1.703768849114506523e+01
-1.701480360371228784e+01
-1.706276228092757563e+01
-1.718016361772042089e+01
-1.703377686781660572e+01
-1.717458181692754948e+01
-1.707864218172744941e+01
-1.695625222032435886e+01
-1.703085733606070562e+01
-1.694267306457170363e+01
-1.688060709278450844e+01
-1.699684666598681204e+01
-1.697167378891648326e+01
-1.702489239387250564e+01
-1.711684581637612723e+01
-1.705183094832766244e+01
-1.700011019559219250e+01
-1.710060265629589082e+01
-1.719793019126537459e+01
-1.724496124660675989e+01
-1.726278459371624763e+01
-1.721436076089307932e+01
-1.725898838557662174e+01
-1.726063256331402584e+01
-1.729087108505497028e+01
-1.717669202375036619e+01
-1.727314832159822444e+01
-1.728622169229250716e+01
-1.731833485695103292e+01
-1.736035478804286214e+01
-1.733562934874593608e+01
-1.732790460709692226e+01
-1.726472499193157262e+01
-1.736151874708290066e+01
-1.736566654602257742e+01
-1.732359701355136750e+01
-1.726361038587783980e+01
-1.719362176961433875e+01
-1.725794908204810341e+01
-1.717781096505698102e+01
-1.717985538288729686e+01
-1.717365438953998336e+01
-1.721449154375978097e+01
-1.711185677050778864e+01
-1.714737885719478427e+01
-1.721072062040394002e+01
-1.722640403641518958e+01
-1.724763591486388847e+01
-1.718102355491584277e+01
-1.713123907909035282e+01
-1.710355905650638064e+01
-1.712017544911432765e+01
-1.713395920629412217e+01
-1.722401012666181686e+01
-1.722800025201637197e+01
-1.723023133054108058e+01
-1.722555904291348483e+01
-1.725371614429129252e+01
-1.721373289908253668e+01
-1.713585309025057413e+01
-1.718651585777850954e+01
-1.729128652337757899e+01
-1.716840816795005153e+01
-1.714559221591930793e+01
-1.713132011474590044e+01
-1.708814164307526084e+01
-1.705648747090505424e+01
-1.704074684797887329e+01
-1.707808878633609950e+01
-1.708254247818971550e+01
-1.704766702809907386e+01
-1.702250107736399087e+01
-1.712794411242330739e+01
-1.709263373365249805e+01
-1.701884638335505784e+01
-1.699375483653794916e+01
-1.687651701581612329e+01
-1.694742122409165930e+01
-1.687696073069063019e+01
-1.682705001128643474e+01
-1.683140115329819508e+01
-1.687176727743266369e+01
-1.695177081469572755e+01
-1.690906945360510960e+01
-1.688018366021465155e+01
-1.687137625411168784e+01
-1.693426253021335270e+01
-1.694359093014452355e+01
-1.698436073061677121e+01
-1.695734664850518314e+01
-1.699373872302036403e+01
-1.693773584003806576e+01
-1.702724959898199586e+01
-1.691606101526431516e+01
-1.700945302043212592e+01
-1.701648474037471814e+01
-1.703866520079496638e+01
-1.696934672016206491e+01
-1.694493055007643534e+01
-1.708489923123164189e+01
-1.708995668029391979e+01
-1.698826452072845328e+01
-1.688871757386063166e+01
-1.706171903864121830e+01
-1.710988013235933991e+01
-1.716612960220400907e+01
-1.713775668013407127e+01
-1.714184909782253996e+01
-1.724705617574052496e+01
-1.718152732609740951e+01
-1.723368451817366775e+01
-1.719042772190379154e+01
-1.712578570851417936e+01
-1.716643751792070560e+01
-1.715242182488820433e+01
-1.708646810161503637e+01
