# Mirror displacement [um] Raw intensity  Apodized intensity
-10.0	0.0634	3.88e-18
-9.95	-0.468	-0.00367
-9.9	-0.327	-0.00514
-9.85	0.398	0.00939
-9.8	0.628	0.0197
-9.75	-0.105	-0.00413
-9.7	-0.815	-0.0384
-9.65	-0.34	-0.0187
-9.6	0.744	0.0467
-9.55	0.771	0.0544
-9.5	-0.419	-0.0329
-9.45	-0.999	-0.0862
-9.4	-0.0271	-0.00255
-9.35	0.95	0.0968
-9.3	0.366	0.0402
-9.25	-0.701	-0.0823
-9.2	-0.463	-0.0581
-9.15	0.483	0.0643
-9.1	0.361	0.0509
-9.05	-0.471	-0.0701
-9.0	-0.244	-0.0382
-8.95	0.666	0.109
-8.9	0.335	0.0576
-8.85	-0.913	-0.164
-8.8	-0.716	-0.134
-8.75	0.952	0.186
-8.7	1.23	0.25
-8.65	-0.635	-0.134
-8.6	-1.61	-0.351
-8.55	0.03	0.00678
-8.5	1.62	0.379
-8.45	0.584	0.141
-8.4	-1.25	-0.311
-8.35	-0.911	-0.234
-8.3	0.726	0.192
-8.25	0.852	0.231
-8.2	-0.363	-0.101
-8.15	-0.556	-0.159
-8.1	0.336	0.0988
-8.05	0.336	0.101
-8.0	-0.567	-0.175
-7.95	-0.435	-0.138
-7.9	0.772	0.25
-7.85	0.828	0.274
-7.8	-0.652	-0.221
-7.75	-1.26	-0.437
-7.7	0.146	0.0515
-7.65	1.39	0.501
-7.6	0.541	0.199
-7.55	-1.05	-0.395
-7.5	-1.01	-0.388
-7.45	0.389	0.152
-7.4	1.05	0.415
-7.35	0.253	0.102
-7.3	-0.656	-0.27
-7.25	-0.545	-0.228
-7.2	0.136	0.058
-7.15	0.416	0.18
-7.1	0.156	0.0687
-7.05	-0.0808	-0.0361
-7.0	-0.0536	-0.0244
-6.95	-0.101	-0.0468
-6.9	-0.269	-0.126
-6.85	-0.0979	-0.0465
-6.8	0.489	0.236
-6.75	0.602	0.294
-6.7	-0.309	-0.153
-6.65	-1.08	-0.543
-6.6	-0.26	-0.132
-6.55	1.2	0.616
-6.5	0.978	0.511
-6.45	-0.833	-0.441
-6.4	-1.46	-0.782
-6.35	0.179	0.0973
-6.3	1.48	0.815
-6.25	0.425	0.236
-6.2	-1.13	-0.637
-6.15	-0.679	-0.386
-6.1	0.71	0.408
-6.05	0.572	0.332
-6.0	-0.538	-0.316
-5.95	-0.331	-0.197
-5.9	0.688	0.413
-5.85	0.29	0.176
-5.8	-1.0	-0.613
-5.75	-0.592	-0.366
-5.7	1.16	0.727
-5.65	1.14	0.72
-5.6	-0.938	-0.598
-5.55	-1.62	-1.04
-5.5	0.373	0.242
-5.45	1.77	1.16
-5.4	0.287	0.19
-5.35	-1.51	-1.01
-5.3	-0.754	-0.507
-5.25	1.02	0.694
-5.2	0.871	0.596
-5.15	-0.566	-0.39
-5.1	-0.701	-0.488
-5.05	0.36	0.253
-5.0	0.474	0.335
-4.95	-0.394	-0.281
-4.9	-0.433	-0.311
-4.85	0.51	0.369
-4.8	0.597	0.435
-4.75	-0.472	-0.347
-4.7	-0.865	-0.64
-4.65	0.192	0.143
-4.6	0.998	0.749
-4.55	0.251	0.19
-4.5	-0.882	-0.671
-4.45	-0.679	-0.52
-4.4	0.496	0.382
-4.35	0.891	0.691
-4.3	0.00161	0.00126
-4.25	-0.829	-0.651
-4.2	-0.429	-0.339
-4.15	0.557	0.443
-4.1	0.653	0.522
-4.05	-0.23	-0.185
-4.0	-0.686	-0.555
-3.95	-0.0142	-0.0116
-3.9	0.609	0.498
-3.85	0.125	0.103
-3.8	-0.555	-0.459
-3.75	-0.146	-0.121
-3.7	0.605	0.505
-3.65	0.19	0.159
-3.6	-0.742	-0.626
-3.55	-0.336	-0.285
-3.5	0.887	0.757
-3.45	0.634	0.543
-3.4	-0.913	-0.786
-3.35	-1.04	-0.897
-3.3	0.74	0.643
-3.25	1.41	1.23
-3.2	-0.355	-0.311
-3.15	-1.61	-1.42
-3.1	-0.135	-0.119
-3.05	1.57	1.39
-3.0	0.597	0.532
-2.95	-1.29	-1.16
-2.9	-0.859	-0.771
-2.85	0.938	0.846
-2.8	0.894	0.809
-2.75	-0.675	-0.613
-2.7	-0.806	-0.734
-2.65	0.596	0.545
-2.6	0.744	0.682
-2.55	-0.667	-0.614
-2.5	-0.86	-0.795
-2.45	0.694	0.644
-2.4	1.17	1.08
-2.35	-0.509	-0.475
-2.3	-1.47	-1.37
-2.25	0.0499	0.0468
-2.2	1.55	1.46
-2.15	0.551	0.52
-2.1	-1.27	-1.2
-2.05	-1.02	-0.963
-2.0	0.693	0.659
-1.95	1.13	1.08
-1.9	-0.0805	-0.0769
-1.85	-0.86	-0.824
-1.8	-0.276	-0.265
-1.75	0.424	0.408
-1.7	0.272	0.262
-1.65	-0.113	-0.109
-1.6	-0.0311	-0.0302
-1.55	0.122	0.119
-1.5	-0.142	-0.138
-1.45	-0.388	-0.378
-1.4	-0.0117	-0.0115
-1.35	0.62	0.606
-1.3	0.478	0.468
-1.25	-0.51	-0.5
-1.2	-1.0	-0.982
-1.15	-0.0201	-0.0198
-1.1	1.22	1.2
-1.05	0.781	0.77
-1.0	-0.935	-0.924
-0.95	-1.38	-1.36
-0.9	0.262	0.259
-0.85	1.51	1.5
-0.8	0.438	0.435
-0.75	-1.17	-1.17
-0.7	-0.805	-0.801
-0.65	0.67	0.667
-0.6	0.731	0.728
-0.55	-0.384	-0.383
-0.5	-0.415	-0.414
-0.45	0.513	0.512
-0.4	0.253	0.253
-0.35	-0.912	-0.911
-0.3	-0.52	-0.519
-0.25	1.21	1.21
-0.2	1.16	1.16
-0.15	-1.07	-1.07
-0.1	-1.82	-1.82
-0.05	0.423	0.423
1.42e-13	2.1	2.1
0.05	0.428	0.428
0.1	-1.82	-1.82
0.15	-1.07	-1.07
0.2	1.15	1.15
0.25	1.21	1.21
0.3	-0.52	-0.519
0.35	-0.909	-0.907
0.4	0.255	0.255
0.45	0.51	0.509
0.5	-0.409	-0.408
0.55	-0.392	-0.391
0.6	0.727	0.724
0.65	0.671	0.668
0.7	-0.809	-0.804
0.75	-1.18	-1.17
0.8	0.444	0.441
0.85	1.51	1.5
0.9	0.258	0.256
0.95	-1.37	-1.36
1.0	-0.925	-0.914
1.05	0.785	0.774
1.1	1.22	1.2
1.15	-0.0256	-0.0251
1.2	-0.996	-0.978
1.25	-0.513	-0.503
1.3	0.479	0.469
1.35	0.622	0.608
1.4	-0.0114	-0.0112
1.45	-0.387	-0.377
1.5	-0.137	-0.133
1.55	0.122	0.118
1.6	-0.03	-0.029
1.65	-0.113	-0.109
1.7	0.271	0.262
1.75	0.424	0.408
1.8	-0.274	-0.263
1.85	-0.863	-0.827
1.9	-0.0829	-0.0792
1.95	1.13	1.08
2.0	0.691	0.657
2.05	-1.03	-0.975
2.1	-1.27	-1.21
2.15	0.552	0.52
2.2	1.55	1.46
2.25	0.047	0.0441
2.3	-1.47	-1.37
2.35	-0.506	-0.472
2.4	1.17	1.08
2.45	0.695	0.644
2.5	-0.863	-0.798
2.55	-0.664	-0.611
2.6	0.741	0.68
2.65	0.6	0.549
2.7	-0.803	-0.732
2.75	-0.672	-0.61
2.8	0.899	0.813
2.85	0.936	0.844
2.9	-0.865	-0.776
2.95	-1.29	-1.15
3.0	0.603	0.538
3.05	1.56	1.39
3.1	-0.139	-0.123
3.15	-1.61	-1.41
3.2	-0.359	-0.314
3.25	1.41	1.23
3.3	0.743	0.645
3.35	-1.04	-0.9
3.4	-0.917	-0.789
3.45	0.633	0.542
3.5	0.889	0.758
3.55	-0.33	-0.28
3.6	-0.74	-0.625
3.65	0.184	0.155
3.7	0.604	0.505
3.75	-0.15	-0.124
3.8	-0.555	-0.459
3.85	0.124	0.102
3.9	0.607	0.497
3.95	-0.0101	-0.0082
4.0	-0.69	-0.558
4.05	-0.225	-0.181
4.1	0.656	0.525
4.15	0.555	0.442
4.2	-0.424	-0.335
4.25	-0.832	-0.653
4.3	0.000398	0.000311
4.35	0.886	0.687
4.4	0.496	0.382
4.45	-0.673	-0.515
4.5	-0.879	-0.668
4.55	0.251	0.19
4.6	1.0	0.752
4.65	0.194	0.144
4.7	-0.863	-0.638
4.75	-0.474	-0.348
4.8	0.602	0.439
4.85	0.51	0.369
4.9	-0.432	-0.31
4.95	-0.402	-0.286
5.0	0.484	0.342
5.05	0.361	0.254
5.1	-0.703	-0.489
5.15	-0.569	-0.393
5.2	0.87	0.596
5.25	1.02	0.691
5.3	-0.759	-0.51
5.35	-1.52	-1.01
5.4	0.295	0.195
5.45	1.77	1.16
5.5	0.374	0.243
5.55	-1.62	-1.04
5.6	-0.938	-0.598
5.65	1.14	0.718
5.7	1.16	0.724
5.75	-0.598	-0.37
5.8	-1.0	-0.613
5.85	0.289	0.176
5.9	0.686	0.412
5.95	-0.337	-0.2
6.0	-0.531	-0.312
6.05	0.565	0.329
6.1	0.713	0.41
6.15	-0.672	-0.382
6.2	-1.13	-0.634
6.25	0.427	0.237
6.3	1.49	0.818
6.35	0.177	0.096
6.4	-1.46	-0.782
6.45	-0.84	-0.444
6.5	0.975	0.509
6.55	1.2	0.617
6.6	-0.26	-0.132
6.65	-1.08	-0.542
6.7	-0.316	-0.157
6.75	0.591	0.289
6.8	0.483	0.233
6.85	-0.0963	-0.0457
6.9	-0.264	-0.123
6.95	-0.0976	-0.045
7.0	-0.0614	-0.0279
7.05	-0.0835	-0.0373
7.1	0.155	0.0683
7.15	0.417	0.181
7.2	0.138	0.0588
7.25	-0.543	-0.227
7.3	-0.653	-0.269
7.35	0.246	0.0995
7.4	1.05	0.417
7.45	0.387	0.151
7.5	-1.02	-0.391
7.55	-1.05	-0.396
7.6	0.533	0.196
7.65	1.39	0.501
7.7	0.146	0.0517
7.75	-1.26	-0.435
7.8	-0.655	-0.222
7.85	0.823	0.273
7.9	0.771	0.25
7.95	-0.433	-0.137
8.0	-0.57	-0.176
8.05	0.339	0.102
8.1	0.336	0.0987
8.15	-0.559	-0.16
8.2	-0.36	-0.1
8.25	0.852	0.231
8.3	0.724	0.191
8.35	-0.909	-0.233
8.4	-1.25	-0.311
8.45	0.581	0.14
8.5	1.62	0.378
8.55	0.0295	0.00665
8.6	-1.61	-0.351
8.65	-0.632	-0.133
8.7	1.23	0.25
8.75	0.952	0.186
8.8	-0.717	-0.134
8.85	-0.919	-0.165
8.9	0.338	0.0581
8.95	0.669	0.11
9.0	-0.249	-0.039
9.05	-0.466	-0.0692
9.1	0.362	0.051
9.15	0.49	0.0652
9.2	-0.465	-0.0583
9.25	-0.701	-0.0824
9.3	0.362	0.0397
9.35	0.95	0.0969
9.4	-0.025	-0.00236
9.45	-1.0	-0.0864
9.5	-0.418	-0.0328
9.55	0.774	0.0546
9.6	0.744	0.0467
9.65	-0.34	-0.0187
9.7	-0.814	-0.0384
9.75	-0.107	-0.00419
9.8	0.632	0.0199
9.85	0.395	0.0093
9.9	-0.322	-0.00506
9.95	-0.474	-0.00372
