# Mirror displacement [um] Raw intensity  Apodized intensity
-10.0	-0.792	-4.85e-17
-9.95	-0.948	-0.00745
-9.9	-0.252	-0.00396
-9.85	0.674	0.0159
-9.8	0.991	0.0311
-9.75	0.396	0.0155
-9.7	-0.552	-0.026
-9.65	-0.99	-0.0544
-9.6	-0.545	-0.0342
-9.55	0.408	0.0288
-9.5	0.987	0.0774
-9.45	0.669	0.0578
-9.4	-0.255	-0.024
-9.35	-0.951	-0.0969
-9.3	-0.786	-0.0862
-9.25	0.0981	0.0115
-9.2	0.882	0.111
-9.15	0.876	0.117
-9.1	0.0636	0.00896
-9.05	-0.797	-0.119
-9.0	-0.945	-0.148
-8.95	-0.232	-0.0381
-8.9	0.687	0.118
-8.85	0.985	0.177
-8.8	0.388	0.0728
-8.75	-0.567	-0.111
-8.7	-0.998	-0.202
-8.65	-0.528	-0.111
-8.6	0.422	0.092
-8.55	0.99	0.224
-8.5	0.664	0.155
-8.45	-0.265	-0.0639
-8.4	-0.951	-0.236
-8.35	-0.772	-0.198
-8.3	0.11	0.0291
-8.25	0.898	0.244
-8.2	0.863	0.241
-8.15	0.0505	0.0145
-8.1	-0.807	-0.237
-8.05	-0.938	-0.283
-8.0	-0.22	-0.068
-7.95	0.703	0.222
-7.9	0.982	0.318
-7.85	0.37	0.122
-7.8	-0.573	-0.194
-7.75	-1.0	-0.347
-7.7	-0.514	-0.182
-7.65	0.434	0.157
-7.6	0.994	0.366
-7.55	0.655	0.246
-7.5	-0.287	-0.11
-7.45	-0.955	-0.372
-7.4	-0.768	-0.305
-7.35	0.118	0.0477
-7.3	0.901	0.371
-7.25	0.858	0.359
-7.2	0.0348	0.0148
-7.15	-0.815	-0.353
-7.1	-0.928	-0.408
-7.05	-0.2	-0.0892
-7.0	0.709	0.322
-6.95	0.98	0.452
-6.9	0.357	0.167
-6.85	-0.591	-0.28
-6.8	-0.997	-0.48
-6.75	-0.506	-0.247
-6.7	0.448	0.222
-6.65	0.992	0.498
-6.6	0.637	0.324
-6.55	-0.297	-0.153
-6.5	-0.964	-0.504
-6.45	-0.752	-0.398
-6.4	0.139	0.0742
-6.35	0.906	0.492
-6.3	0.85	0.467
-6.25	0.022	0.0122
-6.2	-0.824	-0.463
-6.15	-0.923	-0.525
-6.1	-0.186	-0.107
-6.05	0.725	0.422
-6.0	0.97	0.57
-5.95	0.341	0.203
-5.9	-0.607	-0.364
-5.85	-0.995	-0.604
-5.8	-0.485	-0.297
-5.75	0.465	0.288
-5.7	0.992	0.62
-5.65	0.625	0.395
-5.6	-0.316	-0.201
-5.55	-0.964	-0.62
-5.5	-0.747	-0.485
-5.45	0.164	0.107
-5.4	0.911	0.602
-5.35	0.839	0.56
-5.3	0.0051	0.00343
-5.25	-0.836	-0.567
-5.2	-0.92	-0.63
-5.15	-0.163	-0.113
-5.1	0.733	0.51
-5.05	0.967	0.678
-5.0	0.325	0.23
-4.95	-0.614	-0.438
-4.9	-0.992	-0.713
-4.85	-0.482	-0.349
-4.8	0.482	0.351
-4.75	0.993	0.729
-4.7	0.615	0.455
-4.65	-0.328	-0.245
-4.6	-0.972	-0.729
-4.55	-0.731	-0.552
-4.5	0.176	0.134
-4.45	0.918	0.702
-4.4	0.829	0.639
-4.35	-0.0107	-0.00828
-4.3	-0.845	-0.66
-4.25	-0.914	-0.718
-4.2	-0.153	-0.121
-4.15	0.745	0.592
-4.1	0.973	0.778
-4.05	0.309	0.248
-4.0	-0.622	-0.503
-3.95	-0.995	-0.81
-3.9	-0.46	-0.376
-3.85	0.497	0.409
-3.8	0.996	0.824
-3.75	0.595	0.494
-3.7	-0.341	-0.285
-3.65	-0.978	-0.822
-3.6	-0.719	-0.607
-3.55	0.19	0.161
-3.5	0.927	0.79
-3.45	0.822	0.705
-3.4	-0.0313	-0.0269
-3.35	-0.852	-0.737
-3.3	-0.901	-0.783
-3.25	-0.136	-0.119
-3.2	0.752	0.659
-3.15	0.966	0.85
-3.1	0.294	0.259
-3.05	-0.638	-0.566
-3.0	-0.994	-0.886
-2.95	-0.441	-0.395
-2.9	0.508	0.456
-2.85	1.0	0.902
-2.8	0.582	0.527
-2.75	-0.361	-0.327
-2.7	-0.981	-0.895
-2.65	-0.712	-0.651
-2.6	0.204	0.187
-2.55	0.927	0.854
-2.5	0.811	0.749
-2.45	-0.0397	-0.0368
-2.4	-0.859	-0.799
-2.35	-0.897	-0.837
-2.3	-0.119	-0.111
-2.25	0.764	0.717
-2.2	0.952	0.896
-2.15	0.287	0.271
-2.1	-0.655	-0.62
-2.05	-0.992	-0.941
-2.0	-0.432	-0.411
-1.95	0.517	0.493
-1.9	1.0	0.956
-1.85	0.574	0.55
-1.8	-0.369	-0.354
-1.75	-0.979	-0.943
-1.7	-0.701	-0.676
-1.65	0.214	0.207
-1.6	0.933	0.904
-1.55	0.805	0.781
-1.5	-0.0613	-0.0596
-1.45	-0.872	-0.849
-1.4	-0.89	-0.869
-1.35	-0.11	-0.108
-1.3	0.772	0.756
-1.25	0.954	0.935
-1.2	0.261	0.256
-1.15	-0.66	-0.65
-1.1	-0.995	-0.98
-1.05	-0.419	-0.414
-1.0	0.534	0.527
-0.95	1.0	0.99
-0.9	0.561	0.556
-0.85	-0.393	-0.39
-0.8	-0.985	-0.977
-0.75	-0.692	-0.687
-0.7	0.234	0.232
-0.65	0.946	0.941
-0.6	0.796	0.793
-0.55	-0.0718	-0.0715
-0.5	-0.871	-0.869
-0.45	-0.879	-0.877
-0.4	-0.0874	-0.0872
-0.35	0.786	0.785
-0.3	0.946	0.945
-0.25	0.249	0.249
-0.2	-0.678	-0.678
-0.15	-0.984	-0.984
-0.1	-0.404	-0.404
-0.05	0.545	0.545
1.42e-13	1.0	1.0
0.05	0.548	0.548
0.1	-0.402	-0.402
0.15	-0.987	-0.987
0.2	-0.677	-0.677
0.25	0.254	0.254
0.3	0.953	0.952
0.35	0.784	0.783
0.4	-0.0891	-0.0889
0.45	-0.885	-0.882
0.5	-0.879	-0.876
0.55	-0.0752	-0.0749
0.6	0.798	0.794
0.65	0.94	0.936
0.7	0.234	0.233
0.75	-0.686	-0.682
0.8	-0.986	-0.979
0.85	-0.386	-0.382
0.9	0.558	0.553
0.95	0.997	0.986
1.0	0.532	0.525
1.05	-0.418	-0.412
1.1	-0.986	-0.971
1.15	-0.665	-0.654
1.2	0.267	0.262
1.25	0.955	0.936
1.3	0.774	0.758
1.35	-0.106	-0.103
1.4	-0.889	-0.868
1.45	-0.866	-0.843
1.5	-0.0592	-0.0576
1.55	0.804	0.78
1.6	0.934	0.905
1.65	0.218	0.21
1.7	-0.695	-0.67
1.75	-0.98	-0.944
1.8	-0.371	-0.356
1.85	0.573	0.549
1.9	1.0	0.956
1.95	0.519	0.495
2.0	-0.425	-0.405
2.05	-0.994	-0.943
2.1	-0.648	-0.613
2.15	0.278	0.262
2.2	0.953	0.897
2.25	0.765	0.718
2.3	-0.121	-0.113
2.35	-0.9	-0.84
2.4	-0.859	-0.799
2.45	-0.041	-0.038
2.5	0.813	0.751
2.55	0.933	0.859
2.6	0.198	0.182
2.65	-0.711	-0.65
2.7	-0.979	-0.893
2.75	-0.36	-0.327
2.8	0.582	0.527
2.85	1.0	0.903
2.9	0.507	0.455
2.95	-0.444	-0.397
3.0	-0.994	-0.886
3.05	-0.643	-0.57
3.1	0.288	0.255
3.15	0.965	0.849
3.2	0.761	0.667
3.25	-0.138	-0.121
3.3	-0.902	-0.784
3.35	-0.855	-0.739
3.4	-0.0217	-0.0187
3.45	0.827	0.708
3.5	0.922	0.786
3.55	0.189	0.16
3.6	-0.72	-0.608
3.65	-0.969	-0.814
3.7	-0.347	-0.29
3.75	0.598	0.497
3.8	0.996	0.824
3.85	0.493	0.406
3.9	-0.463	-0.379
3.95	-0.999	-0.813
4.0	-0.631	-0.511
4.05	0.311	0.25
4.1	0.966	0.773
4.15	0.746	0.593
4.2	-0.153	-0.121
4.25	-0.915	-0.719
4.3	-0.842	-0.657
4.35	-0.00962	-0.00746
4.4	0.831	0.64
4.45	0.922	0.706
4.5	0.171	0.13
4.55	-0.73	-0.551
4.6	-0.975	-0.731
4.65	-0.328	-0.244
4.7	0.611	0.452
4.75	1.0	0.734
4.8	0.482	0.352
4.85	-0.473	-0.343
4.9	-0.994	-0.714
4.95	-0.612	-0.436
5.0	0.328	0.232
5.05	0.973	0.683
5.1	0.736	0.512
5.15	-0.167	-0.115
5.2	-0.915	-0.627
5.25	-0.837	-0.568
5.3	0.00697	0.00469
5.35	0.84	0.561
5.4	0.91	0.602
5.45	0.16	0.105
5.5	-0.745	-0.484
5.55	-0.967	-0.622
5.6	-0.31	-0.198
5.65	0.628	0.396
5.7	0.993	0.621
5.75	0.464	0.287
5.8	-0.496	-0.304
5.85	-0.999	-0.606
5.9	-0.6	-0.36
5.95	0.341	0.202
6.0	0.968	0.569
6.05	0.728	0.423
6.1	-0.184	-0.106
6.15	-0.929	-0.528
6.2	-0.824	-0.463
6.25	0.0185	0.0103
6.3	0.848	0.465
6.35	0.905	0.491
6.4	0.14	0.075
6.45	-0.75	-0.397
6.5	-0.966	-0.505
6.55	-0.296	-0.152
6.6	0.632	0.322
6.65	0.996	0.5
6.7	0.449	0.222
6.75	-0.504	-0.246
6.8	-0.998	-0.481
6.85	-0.591	-0.281
6.9	0.353	0.165
6.95	0.974	0.449
7.0	0.712	0.323
7.05	-0.2	-0.0895
7.1	-0.929	-0.409
7.15	-0.817	-0.354
7.2	0.0388	0.0165
7.25	0.854	0.358
7.3	0.902	0.371
7.35	0.126	0.0508
7.4	-0.763	-0.303
7.45	-0.959	-0.374
7.5	-0.281	-0.108
7.55	0.647	0.243
7.6	0.999	0.368
7.65	0.437	0.158
7.7	-0.52	-0.184
7.75	-0.998	-0.345
7.8	-0.577	-0.195
7.85	0.366	0.121
7.9	0.982	0.318
7.95	0.696	0.22
8.0	-0.215	-0.0663
8.05	-0.933	-0.281
8.1	-0.807	-0.237
8.15	0.0552	0.0158
8.2	0.864	0.241
8.25	0.892	0.242
8.3	0.111	0.0292
8.35	-0.771	-0.198
8.4	-0.955	-0.238
8.45	-0.27	-0.065
8.5	0.665	0.155
8.55	0.986	0.223
8.6	0.42	0.0916
8.65	-0.534	-0.112
8.7	-0.999	-0.203
8.75	-0.564	-0.11
8.8	0.38	0.0711
8.85	0.98	0.176
8.9	0.686	0.118
8.95	-0.236	-0.0387
9.0	-0.942	-0.147
9.05	-0.796	-0.118
9.1	0.0709	0.01
9.15	0.873	0.116
9.2	0.887	0.111
9.25	0.091	0.0107
9.3	-0.784	-0.0861
9.35	-0.946	-0.0964
9.4	-0.254	-0.0239
9.45	0.67	0.0578
9.5	0.991	0.0777
9.55	0.399	0.0282
9.6	-0.545	-0.0342
9.65	-1.0	-0.0549
9.7	-0.55	-0.0259
9.75	0.399	0.0157
9.8	0.992	0.0311
9.85	0.681	0.0161
9.9	-0.245	-0.00385
9.95	-0.952	-0.00748
