# Time, MAD(r) for 10000 flights; 183 steps per flight; seed: 23; mu: 2.50
2.732240437158469943e-05 2.976241874734597385e-04
5.479493184411217193e-05 8.427212524739837200e-06
8.226745931663964444e-05 1.283084076866350771e-05
1.097399867891671169e-04 1.644699539405986263e-05
1.372125142616945894e-04 1.958936816745989595e-05
1.646850417342220619e-04 2.295430434249410190e-05
1.921575692067495345e-04 2.635038346941039362e-05
2.196300966792770070e-04 2.913270488890843407e-05
2.471026241518044795e-04 3.233566649747859412e-05
2.745751516243319520e-04 3.505836332510956996e-05
3.020476790968594245e-04 3.785564139053594753e-05
3.295202065693868970e-04 3.990332058908408207e-05
3.569927340419143695e-04 4.221304408098502090e-05
3.844652615144418420e-04 4.504694701021218754e-05
4.119377889869693145e-04 4.705884734527837745e-05
4.394103164594967870e-04 4.954459539888248507e-05
4.668828439320242595e-04 5.157605922725907891e-05
4.943553714045517862e-04 5.401715732729348084e-05
5.218278988770792045e-04 5.673730469826347597e-05
5.493004263496067312e-04 5.798737453136254690e-05
5.767729538221341495e-04 6.049509903304039051e-05
6.042454812946615678e-04 6.164529264259422259e-05
6.317180087671890945e-04 6.458046434804984716e-05
6.591905362397166212e-04 6.608138889630698265e-05
6.866630637122440395e-04 6.760225591294707773e-05
7.141355911847714578e-04 6.898381370377184305e-05
7.416081186572989845e-04 7.129616339166458126e-05
7.690806461298265112e-04 7.293984632411476695e-05
7.965531736023539295e-04 7.492241884853778806e-05
8.240257010748813478e-04 7.706740064484905598e-05
8.514982285474088745e-04 7.882402154475094441e-05
8.789707560199364013e-04 8.041483578982133707e-05
9.064432834924638195e-04 8.198366787681590859e-05
9.339158109649912378e-04 8.350400577054325557e-05
9.613883384375187646e-04 8.589264393939876209e-05
9.888608659100461828e-04 8.759801877659675678e-05
1.016333393382573818e-03 8.945034054143980676e-05
1.043805920855101019e-03 9.064886493379872682e-05
1.071278448327628655e-03 9.344752247950698066e-05
1.098750975800156290e-03 9.512283371640391271e-05
1.126223503272683491e-03 9.629999784190919213e-05
1.153696030745211126e-03 9.835797662808060571e-05
1.181168558217738328e-03 1.006988968017135148e-04
1.208641085690265963e-03 1.013745839460634826e-04
1.236113613162793598e-03 1.028284895310922835e-04
1.263586140635320799e-03 1.041040997782270673e-04
1.291058668107848435e-03 1.065049095319964799e-04
1.318531195580376070e-03 1.091180703286992524e-04
1.346003723052903271e-03 1.108266191475693947e-04
1.373476250525430906e-03 1.123787679190434721e-04
1.400948777997958108e-03 1.141689008324193831e-04
1.428421305470485743e-03 1.163432510666391115e-04
1.455893832943013378e-03 1.182299509562855687e-04
1.483366360415540579e-03 1.182726812861030485e-04
1.510838887888068215e-03 1.202296645597069913e-04
1.538311415360595850e-03 1.208889079152560502e-04
1.565783942833123051e-03 1.227093094595701724e-04
1.593256470305650686e-03 1.239901315997639201e-04
1.620728997778177888e-03 1.267321843365734092e-04
1.648201525250705523e-03 1.275158921642998767e-04
1.675674052723233158e-03 1.277444399971839532e-04
1.703146580195760360e-03 1.289147978027222071e-04
1.730619107668287995e-03 1.296873589084191728e-04
1.758091635140815630e-03 1.309410364207990536e-04
1.785564162613342831e-03 1.339645569804528145e-04
1.813036690085870466e-03 1.346660200867161729e-04
1.840509217558397668e-03 1.365969913751295358e-04
1.867981745030925303e-03 1.376911999775319638e-04
1.895454272503452938e-03 1.387797110159062070e-04
1.922926799975980140e-03 1.394216696313109374e-04
1.950399327448507775e-03 1.420583338544974608e-04
1.977871854921035410e-03 1.442302096322389425e-04
2.005344382393562611e-03 1.442569845521003518e-04
2.032816909866090246e-03 1.456392289465842176e-04
2.060289437338617448e-03 1.471694067748153287e-04
2.087761964811145083e-03 1.488239586564434210e-04
2.115234492283672718e-03 1.491834132066424028e-04
2.142707019756199920e-03 1.500787422724458148e-04
2.170179547228727555e-03 1.512486841297405011e-04
2.197652074701254756e-03 1.535643970380176659e-04
2.225124602173782391e-03 1.538373901882975092e-04
2.252597129646310026e-03 1.553768971734322912e-04
2.280069657118837228e-03 1.575610411715268452e-04
2.307542184591364863e-03 1.589597372877826591e-04
2.335014712063892064e-03 1.602328769700669389e-04
2.362487239536419700e-03 1.612959072650324089e-04
2.389959767008947335e-03 1.613286418679816961e-04
2.417432294481474536e-03 1.627527185071991076e-04
2.444904821954002171e-03 1.642445719853261499e-04
2.472377349426529806e-03 1.644225509183439905e-04
2.499849876899057008e-03 1.674327855551491608e-04
2.527322404371584643e-03 1.683501773791658252e-04
2.554794931844112278e-03 1.691040158197276342e-04
2.582267459316639480e-03 1.711121211845366462e-04
2.609739986789167115e-03 1.732644692407364227e-04
2.637212514261694316e-03 1.734888672075358333e-04
2.664685041734221951e-03 1.742572939336480735e-04
2.692157569206749586e-03 1.759683847777530961e-04
2.719630096679276788e-03 1.773792883941204576e-04
2.747102624151804423e-03 1.785664354437915499e-04
2.774575151624331625e-03 1.785255612607466080e-04
2.802047679096859260e-03 1.792539614821185177e-04
2.829520206569386895e-03 1.797829786892901128e-04
2.856992734041914096e-03 1.812022201887140949e-04
2.884465261514441731e-03 1.816125297567832764e-04
2.911937788986969367e-03 1.841011725695022990e-04
2.939410316459496568e-03 1.851586801010321503e-04
2.966882843932024203e-03 1.856794972259422593e-04
2.994355371404551838e-03 1.871748934979812712e-04
3.021827898877079040e-03 1.881511971748260083e-04
3.049300426349606675e-03 1.897397086267596684e-04
3.076772953822133876e-03 1.906688666041817643e-04
3.104245481294661511e-03 1.913182400420423686e-04
3.131718008767189147e-03 1.933448572286504473e-04
3.159190536239716348e-03 1.936490406462849511e-04
3.186663063712243983e-03 1.953157803221289572e-04
3.214135591184771185e-03 1.979272960900605957e-04
3.241608118657298820e-03 1.983221844197053264e-04
3.269080646129826455e-03 1.997681519962087125e-04
3.296553173602353656e-03 2.002224653065707617e-04
3.324025701074881291e-03 2.011424683201658162e-04
3.351498228547408927e-03 2.010627955430542373e-04
3.378970756019936128e-03 2.024090152645359659e-04
3.406443283492463763e-03 2.033336157809463476e-04
3.433915810964991398e-03 2.048147168785182119e-04
3.461388338437518600e-03 2.060897981395531584e-04
3.488860865910046235e-03 2.082640441202088667e-04
3.516333393382573436e-03 2.103054198924118965e-04
3.543805920855101071e-03 2.089016230989203043e-04
3.571278448327628707e-03 2.098872084684472487e-04
3.598750975800155908e-03 2.108400337389627487e-04
3.626223503272683543e-03 2.131691734164841670e-04
3.653696030745210745e-03 2.139347489379939669e-04
3.681168558217738380e-03 2.137313290425478648e-04
3.708641085690266015e-03 2.149915548416012545e-04
3.736113613162793216e-03 2.152226443552616054e-04
3.763586140635320852e-03 2.160382812223016788e-04
3.791058668107848487e-03 2.186182365196558434e-04
3.818531195580375688e-03 2.185383638843020040e-04
3.846003723052903323e-03 2.201913041619267444e-04
3.873476250525430958e-03 2.205026403640091036e-04
3.900948777997958160e-03 2.221605365806895765e-04
3.928421305470486229e-03 2.238124459126488916e-04
3.955893832943013430e-03 2.250756542219040091e-04
3.983366360415540632e-03 2.262331817273364944e-04
4.010838887888067833e-03 2.271658208432547339e-04
4.038311415360595902e-03 2.282507438795609411e-04
4.065783942833123103e-03 2.318045843810369203e-04
4.093256470305650305e-03 2.317410396401412020e-04
4.120728997778178374e-03 2.338875273813488293e-04
4.148201525250705575e-03 2.351812586246825390e-04
4.175674052723232776e-03 2.369082727523579468e-04
4.203146580195760845e-03 2.368233875927946031e-04
4.230619107668288047e-03 2.387045116033345495e-04
4.258091635140815248e-03 2.400822367630736339e-04
4.285564162613342450e-03 2.423480190958132328e-04
4.313036690085870518e-03 2.443638739601423655e-04
4.340509217558397720e-03 2.440979150963431339e-04
4.367981745030924921e-03 2.457972179919831529e-04
4.395454272503452990e-03 2.468783093458938615e-04
4.422926799975980192e-03 2.478302405155988555e-04
4.450399327448507393e-03 2.500703507946924710e-04
4.477871854921035462e-03 2.507877444449753196e-04
4.505344382393562663e-03 2.536775264154022126e-04
4.532816909866089865e-03 2.554388848416407976e-04
4.560289437338617934e-03 2.549522063496543990e-04
4.587761964811145135e-03 2.546088814574568016e-04
4.615234492283672336e-03 2.547444371991509048e-04
4.642707019756199538e-03 2.551949087320119314e-04
4.670179547228727607e-03 2.574201870186242861e-04
4.697652074701254808e-03 2.585081476749336005e-04
4.725124602173782010e-03 2.584557879568448371e-04
4.752597129646310078e-03 2.597998893781555511e-04
4.780069657118837280e-03 2.589581052266633166e-04
4.807542184591364481e-03 2.607481048298527972e-04
4.835014712063892550e-03 2.634550372962505107e-04
4.862487239536419752e-03 2.644638296698795027e-04
4.889959767008946953e-03 2.650687818869119092e-04
4.917432294481475022e-03 2.656304325557852335e-04
4.944904821954002223e-03 2.683797696388938079e-04
4.972377349426529425e-03 2.685836783386597384e-04
4.999849876899057494e-03 2.719766137662019785e-04
5.027322404371584695e-03 2.722563181577054934e-04
