# Standard deviation of 2*ln[MAD(r)] for mu value of 3.50
3.378982451373966911e-01
3.897840124658702443e-01
3.020233106532624889e-01
3.043968931064381378e-01
3.472336254145933498e-01
3.317781876485155212e-01
3.704661568990293974e-01
3.545665970186969163e-01
3.553149500185602272e-01
3.448209500205868805e-01
3.119867974681405642e-01
2.949937385379517996e-01
3.148620293331816367e-01
3.148070806193501991e-01
3.232391389310868002e-01
3.220371043713061709e-01
3.037191506416427322e-01
3.132805135435580146e-01
3.507060402961387768e-01
3.593797920078779518e-01
3.479044437202353790e-01
3.875068135492755750e-01
3.787842881346801249e-01
4.104948055648189875e-01
3.861495979999686745e-01
3.602771724963345634e-01
3.677545946611657790e-01
3.897849412634138977e-01
4.057953931446892093e-01
3.906811730568033880e-01
3.928733936339057209e-01
3.727939284871121806e-01
3.645674859264727008e-01
3.423342419395688507e-01
3.535553147801218654e-01
3.568113616242352681e-01
3.481838484867055827e-01
3.692307219950336505e-01
3.827839149811575470e-01
4.059628165625167040e-01
3.876653023616268845e-01
4.033895660638675551e-01
4.066696202081889755e-01
4.167182549553873905e-01
4.061975878021608088e-01
4.025392908338396580e-01
3.780399826881000180e-01
3.834067018330217236e-01
4.030364267737313044e-01
4.024416748231938179e-01
3.901565458065759939e-01
3.612956622080272795e-01
3.533675406260138874e-01
3.420771841141189706e-01
3.539178408573980805e-01
3.595070244903330603e-01
3.525893129354897848e-01
3.527983548949044090e-01
3.547979008403830403e-01
3.772356384379126348e-01
3.626095003163576358e-01
3.927276878211779509e-01
3.882628892516264418e-01
3.860500841697856456e-01
3.922338112520387110e-01
3.835271391998891777e-01
3.976236362308034344e-01
4.136145882162650667e-01
3.962292509705334642e-01
3.920522555644762597e-01
4.087066364709973643e-01
4.110493870354698931e-01
4.032168530217957181e-01
3.991521498462220485e-01
4.107997125523488169e-01
4.243038909508840550e-01
4.285142663075894864e-01
4.380834286569426084e-01
4.180878717299592595e-01
4.135113751114394831e-01
4.101815279305891515e-01
4.251484349386259742e-01
4.232796147523519292e-01
4.252979842151129453e-01
4.199989576241924816e-01
4.333373148625863647e-01
4.287582826900540600e-01
4.282429436565487468e-01
4.381403364525502941e-01
4.238323718372177806e-01
4.233622480144556000e-01
4.354628834694468931e-01
4.187691937424568023e-01
4.291185814923443309e-01
4.364924230097236846e-01
3.981860213496533629e-01
4.106003586094232882e-01
4.209170471901069743e-01
4.083518029659243820e-01
4.040051759419294730e-01
3.988079446515644388e-01
4.086207106803720901e-01
4.009662143530202671e-01
4.059893028755511279e-01
4.008078022784317129e-01
4.138745507420440450e-01
4.027472430512502588e-01
4.221199396015808403e-01
4.149736918187722501e-01
4.223019596741489079e-01
4.218408536262471253e-01
4.250960408689935521e-01
4.093584957209263631e-01
4.058127202673089129e-01
4.083990058147084490e-01
4.125577496425034130e-01
4.089682886114686666e-01
4.019846274361557614e-01
3.952645903393852134e-01
3.869477265775358443e-01
3.956455552160159095e-01
3.830348224086407294e-01
3.774042283208704496e-01
3.817989163535059904e-01
3.835208604930752108e-01
3.893279183706058744e-01
3.861157698183020348e-01
3.764047591217538624e-01
3.742668264901142239e-01
3.785189156794804832e-01
3.777753510180459906e-01
3.735988934272905793e-01
3.680837644983571688e-01
3.687332907818717254e-01
3.654589114291864060e-01
3.684169346262966549e-01
3.630966973263485831e-01
3.609043027623227151e-01
3.458326001471440092e-01
3.475105355089160852e-01
3.561021581402531444e-01
3.574665977919666560e-01
3.795123018978203699e-01
3.812364718203147818e-01
3.970773837490719216e-01
3.799989556478431951e-01
3.802612912696269887e-01
3.787873371470552031e-01
3.894697466920949980e-01
3.919040472545032294e-01
3.909370601181728078e-01
3.751536521229685284e-01
3.735387433339559249e-01
3.713859370872836241e-01
3.765748377001658653e-01
3.778657705497625030e-01
3.861641779505503580e-01
3.954484469980140138e-01
3.841194819151996231e-01
3.714508604917007850e-01
3.628019761528469278e-01
3.619922518612492812e-01
3.648628744110573585e-01
3.594590486068138802e-01
3.589898488592560000e-01
3.649068380355476870e-01
3.562123296039501064e-01
3.518911573617379829e-01
3.417911668291250815e-01
3.358806242001062814e-01
3.453216325031359668e-01
3.635176333652578307e-01
3.689850334197845028e-01
3.591617667041501760e-01
3.634133267964822500e-01
3.648853524451050045e-01
3.750091763685039492e-01
3.767235563987650915e-01
3.670236168717553316e-01
3.679921640332100008e-01
3.815640353870415336e-01
3.700712051073449804e-01
3.767891037662858822e-01
3.714113003334674201e-01
3.644148811711122593e-01
3.594284416242472524e-01
3.515795955684453133e-01
3.516739709463085894e-01
3.480510886040742990e-01
3.366704089150537316e-01
3.321351020786282304e-01
3.322552344948574432e-01
3.329364509357863877e-01
3.372129855453261937e-01
3.367033439151181917e-01
3.364445353865784250e-01
3.426144198518274453e-01
3.411417955873248808e-01
3.359216147277925280e-01
3.341440897056835446e-01
3.355074273119545980e-01
3.388297382975158367e-01
3.431145900735023124e-01
3.448678618321854294e-01
3.435364528547357188e-01
3.419592319517842927e-01
3.422887380862433271e-01
3.378677849498719077e-01
3.403742831609108954e-01
3.355990211745760732e-01
3.440268867986005508e-01
3.422842119097138647e-01
3.394402992924241969e-01
3.307894367625315302e-01
3.288148990217364953e-01
3.418383171379419383e-01
3.375387954742919416e-01
3.453472963123794259e-01
3.456027127195546167e-01
3.400588466053636738e-01
3.527184237349265672e-01
3.526681242824175055e-01
3.587666948289990332e-01
3.540280550449981245e-01
3.580161150165790951e-01
3.639674922432259430e-01
3.774355613281296651e-01
3.757939146341905401e-01
3.760377815111625166e-01
3.716518414941756276e-01
3.667068626201457349e-01
3.678115708299752318e-01
3.714934504778951707e-01
3.706672535253878742e-01
3.714398081971045373e-01
3.709505585760485280e-01
3.599111333417981951e-01
3.559538614764279907e-01
3.680506457708657142e-01
3.710943552747081320e-01
3.670150629271610732e-01
3.737406842711424315e-01
3.723243643355501065e-01
3.740034236025067682e-01
3.636493789975298596e-01
3.689725572562656541e-01
3.705542186058948806e-01
3.673622743646606237e-01
3.619227188708319387e-01
3.647375699844034869e-01
3.775539925713830014e-01
3.574362777231267496e-01
3.635481569398898993e-01
3.600882360037989116e-01
3.562235841075550580e-01
3.559893382099497128e-01
3.581807748768984223e-01
3.492795279208688042e-01
3.406286299619617486e-01
3.510754848355507329e-01
3.493139237776000661e-01
3.509327827237060937e-01
3.439844329374189269e-01
3.438442218689276020e-01
3.412396961454635114e-01
3.377257577127075194e-01
3.311466375732484146e-01
3.333301399652673358e-01
3.326902158558602274e-01
3.375254728421409611e-01
3.405703461622402450e-01
3.415615731644430775e-01
3.428748392822342228e-01
3.360956207082813063e-01
3.384637488063435562e-01
3.489517887929010076e-01
3.447829578066445300e-01
3.466643526896643346e-01
3.466056056828357157e-01
3.438170852456134963e-01
3.426500337887420367e-01
3.486602661315424956e-01
3.496373834277197168e-01
3.540496875547773925e-01
3.509854547592996532e-01
3.604974226553583905e-01
3.649405972341889237e-01
3.589174716813077204e-01
3.663966179369990139e-01
3.719874369980151751e-01
3.767001659682390757e-01
3.750841922630900327e-01
3.747232270443597302e-01
3.683828495173160911e-01
3.613913818164563030e-01
3.542036267886950474e-01
3.732161380312761234e-01
3.746625145638977639e-01
3.734811560325428381e-01
3.688462063357872966e-01
3.673311025354994985e-01
3.675997693648391240e-01
3.685378284114674829e-01
3.623183080356689456e-01
3.684278710982974991e-01
3.708572763153045737e-01
3.771271917712132327e-01
3.696951936051608434e-01
3.764844935419794925e-01
3.773825631384798984e-01
3.693787531552635839e-01
3.814637405676284954e-01
3.753554298689276147e-01
3.785453882329907205e-01
3.762541794772623627e-01
3.796505739399860246e-01
3.830786335177852053e-01
3.831686445555992360e-01
3.839976196491775018e-01
3.774712168897663700e-01
3.776408829996426575e-01
3.626087821728446459e-01
3.575488027462118690e-01
3.509301344807200240e-01
3.509038601172791982e-01
3.533667698902962506e-01
3.572855830676480715e-01
3.533464154673784385e-01
3.474574227254961234e-01
3.417647158389919837e-01
3.499219410853561252e-01
3.434645470576790371e-01
3.412085107221403124e-01
3.453901518298198581e-01
3.587206928576573417e-01
3.545525741814676279e-01
3.382481782264851189e-01
3.455060256350354631e-01
3.475660611617599205e-01
3.592059306141680008e-01
3.611342525897751066e-01
3.599419453466465302e-01
3.689878300090443375e-01
3.705462599819329128e-01
3.737144666983046037e-01
3.870215843737449535e-01
3.898768970512404008e-01
3.855361934784445888e-01
3.725137141938719698e-01
3.740881705927558420e-01
3.689555278120300041e-01
3.828791785889040233e-01
3.803860490743605771e-01
3.659575541741826865e-01
3.640545264777464984e-01
3.677216957682945542e-01
3.642517610831956243e-01
3.659145817562484138e-01
3.675121136275529832e-01
3.648757953635957674e-01
3.596832878782370568e-01
3.607600095266257356e-01
3.668545319975847763e-01
3.697818954309659567e-01
3.734573217666484757e-01
3.755374269098438744e-01
3.678153963016451700e-01
3.586714192687372460e-01
3.647870134723472102e-01
3.613240974598322386e-01
3.587682997369999183e-01
3.577213425753644205e-01
3.692255342248114136e-01
3.681414381967473837e-01
3.726755083341412034e-01
3.748937616746903512e-01
3.605715494719410330e-01
3.565520827918184366e-01
3.583378318715322863e-01
3.599821082752558965e-01
3.663527996795264974e-01
3.513359327770960716e-01
3.599498596447071597e-01
3.617768972677807282e-01
3.550227985586126844e-01
3.609179595109520133e-01
3.623410202503883348e-01
3.584509183710311020e-01
3.587594715309900817e-01
3.657251359295488058e-01
3.593495703817857767e-01
3.628256166105346958e-01
3.618468668467051952e-01
3.654018068068100034e-01
3.644696412900592652e-01
3.553233931862047612e-01
3.489786973272654413e-01
3.430332264641850482e-01
3.496684883851313153e-01
3.461552579415569375e-01
3.425942098301740235e-01
3.425999872398917678e-01
3.450265979122943971e-01
3.456475244537347558e-01
3.536459438734322336e-01
3.507485374337011574e-01
3.509622758056705760e-01
3.597318792941711085e-01
3.544635585740591455e-01
3.551130683306359392e-01
3.493214680763383484e-01
3.488452682175953168e-01
3.457347047696327502e-01
3.375726144970707665e-01
3.403976324105942308e-01
3.442960108172968270e-01
3.391327298572786031e-01
3.369951669660526949e-01
3.499960000271906679e-01
3.501960720225033019e-01
3.457378514792057156e-01
3.511248747075014776e-01
3.459068195101485110e-01
3.444519114484095312e-01
3.489036500726227508e-01
3.484162506808918813e-01
3.428466728989356671e-01
3.486684805264606002e-01
3.510422770707388174e-01
3.461676599685650779e-01
3.372078785895402664e-01
3.345205022093191150e-01
3.383069162414176767e-01
3.380824888481130386e-01
3.438061957947374792e-01
3.492004900364599762e-01
3.510458367295664628e-01
3.479942677674029983e-01
3.494813129534261598e-01
3.454790225467957998e-01
3.462273372908497571e-01
3.488922855008039225e-01
3.366509818276463006e-01
3.388626245336534004e-01
3.315401678663853491e-01
3.280537563261473610e-01
3.267915876490563587e-01
3.342555865272580085e-01
3.381013712458297293e-01
3.359893132655922265e-01
3.329224450304795191e-01
3.309987273646058936e-01
3.281718105850473521e-01
3.257776262084570162e-01
3.205916602704763640e-01
3.128913796445947915e-01
3.150010654635310714e-01
3.107718806777068354e-01
3.123810497298531441e-01
3.163639973364945068e-01
3.169705367571452603e-01
3.199912414131135252e-01
3.204805443144580490e-01
3.205998600036831792e-01
3.251217180166555143e-01
3.203342496117055349e-01
3.237247745491751427e-01
3.167234351508586010e-01
3.206678633356798147e-01
3.260028098176291356e-01
3.220042194924400136e-01
3.312366256885798110e-01
3.302560993579417015e-01
3.406468497014358277e-01
3.390964908451214455e-01
3.351533901075157695e-01
3.370526111988580986e-01
3.279489317156908945e-01
3.280445568787210830e-01
3.319419686023983851e-01
3.301155381720011217e-01
3.255190093384499606e-01
3.279611564551578873e-01
3.240215198647604655e-01
3.266428240691174878e-01
3.296550763960168773e-01
3.348936107415290686e-01
3.313110391988979275e-01
3.315034592468684704e-01
3.294419384271447537e-01
3.253412185954588365e-01
3.257656301602384619e-01
3.210939850118554317e-01
3.184140489450618117e-01
3.243110416966692444e-01
3.260597380439909654e-01
3.304969748828654463e-01
3.238549291211601511e-01
3.271796595282929210e-01
3.303718833758018669e-01
3.290737922010974481e-01
3.312150948034722764e-01
3.446858507915795400e-01
3.303984261814110202e-01
3.304811323819196733e-01
3.259799057653469112e-01
3.245916508649726584e-01
3.297010632707631506e-01
3.288390137215030373e-01
3.313014555984551968e-01
3.289035587082702050e-01
3.356993753898770971e-01
3.364737241887593155e-01
3.348902460712477325e-01
3.366418321759268584e-01
3.395484361896903835e-01
3.344879383859398758e-01
3.369817133688229327e-01
3.427729082051780840e-01
3.370767817056588567e-01
3.405622132401553981e-01
3.385413554706103723e-01
3.500230257487654262e-01
3.439768674042901764e-01
3.435314264470636925e-01
3.410530927731315054e-01
3.414825458570805994e-01
3.422071827474218453e-01
3.452457180793694347e-01
3.478330932294667610e-01
3.495856399173238871e-01
3.471252384666607682e-01
3.457416271773838257e-01
3.523143513111172687e-01
3.547309112873375248e-01
3.549867907509068887e-01
3.517138668004597957e-01
3.541939814072748161e-01
3.515985212088136858e-01
3.508968822425051481e-01
3.485039528299490597e-01
3.502230727228601292e-01
3.447815176733697307e-01
3.446846987016989883e-01
3.348356722870817759e-01
3.370858647239786121e-01
3.432830395758467712e-01
3.432888922080111760e-01
3.463021932325235364e-01
3.391299247384948479e-01
3.375013062048764501e-01
3.446444889629369790e-01
3.465815374105184477e-01
3.486972655196751703e-01
3.483420159677987349e-01
3.465773031385616654e-01
3.455997041546168269e-01
3.438405906867205708e-01
3.408528090111023201e-01
3.438247175832866431e-01
3.424087107528780427e-01
3.334738436108418691e-01
3.298595113733339690e-01
3.347425157251499583e-01
3.349842065413836112e-01
3.268429768298217741e-01
3.193248155961440071e-01
3.147771292217682593e-01
3.179570017035261431e-01
3.194648761558324668e-01
3.176901341764245545e-01
3.152089234034134435e-01
3.130054459523392563e-01
3.108387911176258012e-01
3.143237978781684427e-01
3.151391967304119635e-01
3.154831204337590345e-01
3.115823297448885865e-01
3.094606374882089561e-01
3.067558589129170676e-01
3.150121690640071970e-01
3.111550629287966885e-01
3.116706573510413247e-01
3.068316229721445576e-01
3.004201854411961414e-01
3.000111077790891256e-01
3.036640626015318367e-01
3.089718420313437575e-01
3.095182508340229566e-01
3.141401011057576853e-01
3.166399557170735402e-01
3.176145501793862236e-01
3.226794582248215804e-01
3.178265506513979211e-01
3.214323926378520602e-01
3.170114588324658422e-01
3.186645763518691776e-01
3.164258808464722739e-01
3.130997876833688798e-01
3.123045522675859664e-01
3.139357519537112062e-01
3.176563883572846581e-01
3.184414455729674409e-01
3.184527578114588753e-01
3.148722474217195422e-01
3.155330780826379189e-01
3.238088303793437150e-01
3.241179861343703172e-01
3.252564816162456518e-01
3.268424966141545429e-01
3.242822128966164619e-01
3.180655438752670872e-01
3.182605893069682113e-01
3.052671653983399236e-01
3.085381113419903842e-01
3.074017599297700909e-01
2.989319841476965056e-01
2.980741862404830411e-01
3.055496144865867403e-01
3.041733022727561297e-01
3.030188280775611975e-01
3.093156085124394994e-01
3.055892544332259875e-01
3.126493728656851712e-01
3.149963780342003306e-01
3.182931417726215795e-01
3.182218861794504638e-01
3.315055705444605039e-01
3.316065954524867743e-01
3.376115546481840979e-01
3.389284836380670463e-01
3.330319143229136247e-01
3.317931765097367758e-01
3.305361827139385866e-01
3.304412831872413636e-01
3.316102347480593959e-01
3.287138572342280241e-01
3.289727149881171986e-01
3.383914884413152802e-01
3.374226040009528638e-01
3.464231375920417411e-01
3.424908590146007459e-01
3.390299505227095667e-01
3.368030040563624317e-01
3.469867083719458956e-01
3.401455832434061577e-01
3.506937107191557823e-01
3.402779682719411780e-01
3.403764664059395484e-01
3.492687074566618866e-01
3.568593117172174090e-01
3.602760087729247607e-01
3.579045984695871097e-01
3.593833707567647417e-01
3.593905286240107744e-01
3.579397756733811442e-01
3.526353651960196234e-01
3.546322555781690200e-01
3.588546895398772585e-01
3.554648731516680260e-01
3.532320652831307806e-01
3.643215017349574758e-01
3.673191954771793943e-01
3.683023447563933961e-01
3.724702044913501542e-01
3.726863686261727149e-01
3.750035869511029185e-01
3.749253117700477311e-01
3.773521762063593576e-01
3.807207510509418302e-01
3.807186775422361502e-01
3.777724228406181828e-01
3.758420738762892066e-01
3.685041029208305785e-01
3.748777549349684990e-01
3.695834866636786842e-01
3.748143472782183849e-01
3.734827323555405809e-01
3.770808065834618250e-01
3.771332345669178854e-01
3.766694629424253149e-01
3.780178573205690284e-01
3.718669554893999640e-01
3.819657599057365571e-01
3.704464937897378740e-01
3.774538613139981624e-01
3.875140912415339645e-01
3.887834309879283912e-01
3.895580376423526947e-01
3.985217371813598586e-01
3.981387177386948029e-01
3.979761907168626878e-01
3.997483936396445392e-01
3.964988689387103915e-01
3.828109432826971026e-01
3.782120037704034266e-01
3.785386279460093983e-01
3.832833322322612979e-01
3.866778774732816948e-01
3.844077508882487448e-01
3.860106863166090085e-01
3.883205785582722336e-01
3.822607811895715191e-01
3.843029754918492191e-01
3.954747349333625484e-01
4.075132665513646057e-01
4.076479949792150004e-01
4.100468482991727059e-01
4.134700790027484030e-01
4.141566335882925776e-01
4.189198471402201251e-01
4.163040714123071862e-01
4.125762569639032096e-01
4.153718859258845320e-01
4.138201211001413249e-01
4.144763835251376594e-01
4.165592542517729813e-01
4.155753835245562522e-01
4.144579636151149438e-01
4.156573606558943701e-01
4.149604178875854199e-01
4.098122427653576594e-01
4.014943921057672060e-01
4.039701738939138753e-01
3.985504012022366704e-01
3.990907434715806890e-01
3.957497043179685758e-01
3.913774764632333980e-01
3.892733139809459453e-01
3.843657993134664275e-01
3.838112340505530629e-01
3.837114090544901379e-01
3.780416905209421641e-01
3.790624191534909815e-01
3.833174994396749691e-01
3.789145982882804464e-01
3.765569659460351604e-01
3.794261776024233090e-01
3.735177817658006383e-01
3.846476529082059059e-01
3.782069258116846910e-01
3.825584947926750634e-01
3.882461602444011728e-01
3.876486317987523633e-01
3.912208815522830729e-01
3.917874259088717781e-01
3.911145775917805323e-01
3.892215379905390460e-01
3.872438055130730805e-01
3.777444014775099279e-01
3.797344214625557601e-01
3.733133063274056140e-01
3.740107817250576394e-01
3.806786779659449560e-01
3.827224365444255039e-01
3.844910964698653455e-01
3.823406596744671759e-01
3.856198889493815396e-01
3.822691489377488816e-01
3.830314419693979788e-01
3.798652395727903364e-01
3.750017906759582909e-01
3.768008176696575617e-01
3.753732976415262712e-01
3.818477622145402539e-01
3.819780503996809684e-01
3.834246032950360816e-01
3.863251436586112031e-01
3.878696857319103852e-01
3.908512649913808423e-01
3.930171007814210471e-01
3.916402388276241653e-01
3.924558689489760499e-01
3.844289999734893937e-01
3.901525678466274405e-01
3.900662281092393546e-01
3.844518609945722365e-01
3.878249037051890724e-01
3.829569585073171467e-01
3.813198414356680499e-01
3.831857058712159203e-01
3.771564214213938282e-01
3.739565731657604752e-01
3.758273795993440913e-01
3.795338085745735834e-01
3.782706381451291788e-01
3.771791871895620041e-01
3.806434331819236738e-01
3.763553169485155392e-01
3.701434828815753919e-01
3.683260197369648270e-01
3.669680978230187574e-01
3.722002153231113719e-01
3.739350599539544850e-01
3.813473172284609358e-01
3.766443577691110378e-01
3.776978008071012471e-01
3.761017046636682681e-01
3.761015294916546514e-01
3.717738649107280025e-01
3.698542339148342961e-01
3.704804079345877521e-01
3.673465773293517200e-01
3.651901987982276165e-01
3.692952704304837686e-01
3.663982620909532750e-01
3.717294450652264270e-01
3.709544111870644034e-01
3.699668592375991993e-01
3.716040595553787851e-01
3.684155050398391640e-01
3.681866526370061177e-01
3.679231058737639781e-01
3.619470890185753631e-01
3.600382581393032355e-01
3.654346310573758361e-01
3.667248435649515526e-01
3.624273793376519004e-01
3.552064821025284758e-01
3.548092589887079096e-01
3.562857199449108725e-01
3.588596711900891578e-01
3.646848935521460611e-01
3.568896233515367888e-01
3.568210300675662139e-01
3.605801619810572456e-01
3.650498851713125381e-01
3.672880968224198628e-01
3.690853953963276202e-01
3.656851087727928107e-01
3.607612312245869202e-01
3.630125052830147081e-01
3.558625364117820600e-01
3.538229189534836672e-01
3.513646969232074313e-01
3.463991797336408163e-01
3.468366043217369632e-01
3.479799049257696897e-01
3.383825048339486607e-01
3.364496209887643530e-01
3.370159982752978234e-01
3.384535167897572139e-01
3.364423989546759808e-01
3.304210178259083253e-01
3.291059687217923191e-01
3.324818790637036892e-01
3.400896230748710058e-01
3.461416286672903686e-01
3.415474073033253899e-01
3.401353319957109433e-01
3.388006443574959614e-01
3.400563202127485640e-01
3.358423751398082469e-01
3.349972095771610592e-01
3.337758671349718154e-01
3.344073872588195773e-01
3.384299074169747623e-01
3.348237410766826128e-01
3.290432472096708749e-01
3.364993392266397154e-01
3.395922897750938141e-01
3.403578487873252234e-01
3.363421502188668200e-01
3.367640665985945359e-01
3.374125798589657776e-01
3.412121060707935527e-01
3.410220951478029061e-01
3.430516009639436037e-01
3.408690450596999488e-01
3.356225601363503341e-01
3.339946386558608760e-01
3.330687133411581180e-01
3.359351389610600314e-01
3.353663514914866917e-01
3.327225716385726062e-01
3.255858189662299007e-01
3.301481551186420393e-01
3.294322392280080170e-01
3.262081078593583872e-01
3.255672904772335952e-01
3.187116155893411351e-01
3.140003567032481069e-01
3.161942257333387740e-01
3.124653322582869874e-01
3.181021044051069446e-01
3.101860534205648223e-01
3.051558257333146784e-01
2.999810539338979010e-01
3.001953226966612154e-01
3.040961342643286880e-01
3.153903763620387046e-01
3.126167764077691369e-01
3.132081105457069636e-01
3.173455534773176878e-01
3.154291110321390534e-01
3.149108704505953482e-01
3.224057843622382125e-01
3.248119615687989903e-01
3.369011375080920301e-01
3.325798034303835693e-01
3.346529427556824698e-01
3.332545785195583643e-01
3.327207081616579409e-01
3.321734766207584677e-01
3.216062878904725753e-01
3.267809907472729591e-01
3.188612279568181496e-01
3.192541661615167503e-01
3.161706318630927437e-01
3.173618151576764745e-01
3.156918578379163676e-01
3.140095988066444743e-01
3.115733006294018614e-01
3.232748365090264975e-01
3.180631403371030341e-01
3.213875015466048923e-01
3.150662793237126724e-01
3.125071031496865492e-01
3.138481694382613263e-01
3.142599178047857933e-01
3.159193915447058298e-01
3.153762045102926348e-01
3.188227997497677380e-01
3.147004946990021867e-01
3.072660453479905129e-01
3.067996397558683253e-01
3.013996151541123436e-01
2.993451676323499733e-01
3.007890356732635384e-01
3.012470300911214149e-01
3.033278978959578209e-01
3.145326759859014554e-01
3.160923569134495570e-01
3.105657425902578761e-01
3.117907652408407615e-01
3.097929015550959786e-01
3.095439259892001638e-01
2.992528676802842513e-01
3.010249796294290903e-01
2.964765872398155699e-01
2.931455273574409826e-01
2.934732251743783493e-01
2.906312828183140184e-01
2.974656996465687708e-01
3.075570464236078716e-01
3.031911459786000851e-01
3.125457172555030083e-01
3.113046603792792855e-01
3.110761543901418014e-01
3.108188756011156517e-01
3.070644448069187460e-01
3.088333551247307018e-01
3.110538905484088179e-01
3.033469004095038501e-01
3.047513401499826191e-01
3.025142435100638960e-01
3.072674382958249795e-01
3.082574641368188706e-01
3.140826626339479066e-01
3.134656575667321143e-01
3.142066759875367099e-01
3.160611677851538626e-01
3.207251929890329034e-01
3.235312637920882972e-01
3.126285510621283348e-01
3.137172726317796756e-01
3.216423405527596979e-01
3.206207659923953068e-01
3.164288708671438299e-01
3.169580056884024333e-01
3.179330290747262588e-01
3.174584515855896072e-01
3.199550543152130944e-01
3.139790681436975261e-01
3.135132481747207045e-01
3.157568049497301854e-01
3.147233807440417142e-01
3.048318571501646423e-01
3.027203905367584214e-01
3.028225985977106571e-01
3.062318723426620259e-01
3.025132889124147462e-01
3.010385174476637449e-01
3.064076426433620659e-01
3.068323875434049719e-01
3.083549062927921636e-01
3.048696605578259944e-01
3.031879122554694828e-01
3.048089818884118229e-01
3.015762921103678496e-01
3.018021307811736831e-01
3.001728497952216301e-01
2.993736678475756308e-01
3.006085415548583328e-01
3.013656874251152695e-01
3.035543029201064891e-01
3.063141580847932310e-01
3.058823419141130651e-01
3.065494029712698687e-01
3.036986994328582101e-01
