# Standard deviation of 2*ln[MAD(r)] for mu value of 3.50
4.664597756679496054e-01
5.478942428528983388e-01
5.340079532589296907e-01
5.113358661996464383e-01
5.547303726592726081e-01
6.041454186007663152e-01
5.781005100851295264e-01
5.534784506298131568e-01
5.525281498025869098e-01
5.786599349795286118e-01
5.417472990327530935e-01
5.060632488058115497e-01
4.899179251299360938e-01
5.002739648707619224e-01
5.057576603214027910e-01
5.196887024241310105e-01
5.339362074257345547e-01
5.500554326760694890e-01
5.964772161787695870e-01
5.841041930365453716e-01
5.893704320683201825e-01
5.927109906472498579e-01
5.674872482316737354e-01
5.773562089106989426e-01
5.759130594980457207e-01
5.690294896069388875e-01
6.106246603758596070e-01
6.573872454641672691e-01
6.347683219442213920e-01
6.419739013459271337e-01
6.533119900365993438e-01
6.092662181608001770e-01
6.136818898213310947e-01
6.215285112776460785e-01
6.492060996228201653e-01
6.601530057975315557e-01
6.680238427066260698e-01
6.572744008579224362e-01
6.609180246769517098e-01
6.912519688819106500e-01
6.653408579480439844e-01
6.885080135143011315e-01
6.801816385874714932e-01
7.066347580245653237e-01
6.836059379551698845e-01
6.929162988132118173e-01
6.854441102937535168e-01
6.895404747887478036e-01
7.126249532307427081e-01
6.731108067000934891e-01
6.544513615020309816e-01
6.561033445230894934e-01
6.408847954944746350e-01
6.435969281962856670e-01
6.373364033887236602e-01
6.181730969775519613e-01
6.082264642527289711e-01
6.040581797472275305e-01
5.995213041966991341e-01
6.236384296132362337e-01
5.962859746828590435e-01
6.177870861505836420e-01
6.326401418472361593e-01
6.222014929567215580e-01
6.206218323471800469e-01
6.035687687856116090e-01
6.323030792708757009e-01
6.349227186100182552e-01
6.470313318007610004e-01
6.692926336895361761e-01
6.748143856341165536e-01
7.053870930895180802e-01
6.911713058690364120e-01
7.035942689318515075e-01
6.971875953434828466e-01
7.191412487516160024e-01
7.140176143229256533e-01
7.401665274172191111e-01
7.741289992397244468e-01
7.617478618215910435e-01
7.265608420409999102e-01
7.259177908944105528e-01
7.660308743868118331e-01
7.611629358626228470e-01
7.534057608980397891e-01
7.433147340037190576e-01
7.330055623511055884e-01
7.214211568029775812e-01
7.049813652963189403e-01
6.812077770513628172e-01
6.757666281632329630e-01
6.812639302344013492e-01
6.901284659296795798e-01
6.863713363356044317e-01
6.732447663254684800e-01
6.929179024107661178e-01
6.967699208800623989e-01
7.057222890855336939e-01
7.067108635378849257e-01
7.009133734552228656e-01
6.942424592065137290e-01
6.922840398197885881e-01
7.026562745470874560e-01
7.034329922017346082e-01
6.952481801809273776e-01
7.024996754393867393e-01
7.043642011863029406e-01
7.083824635571809303e-01
7.027984557073237992e-01
7.188211853600300349e-01
7.242992418429625712e-01
7.200989836135306410e-01
7.250485498066165935e-01
7.181013803615736713e-01
7.106982482325012729e-01
7.187105008784170357e-01
7.254364200227917392e-01
7.268691095086240450e-01
7.197288529194391105e-01
7.090935171931636027e-01
6.986450786925871848e-01
6.850518083578989170e-01
6.713545187553318083e-01
6.766311334085381990e-01
6.685050163059155226e-01
6.838874754389725474e-01
6.827091739129488301e-01
6.536287669937504985e-01
6.468978187318428219e-01
6.489133210839420629e-01
6.624401516207500951e-01
6.549631228142356321e-01
6.575876786039825950e-01
6.777507207869859496e-01
6.809532505223601095e-01
6.818148752015275038e-01
6.838561928148370050e-01
6.679963232072664292e-01
6.672327600772209877e-01
6.712152462845634160e-01
6.696025027258192264e-01
6.696438381796876449e-01
6.944307833399989693e-01
6.971074658351821274e-01
7.215026412791131216e-01
7.092851499521504177e-01
7.255632232533129056e-01
7.117325258089596263e-01
7.062343255538869879e-01
7.159491674666936811e-01
7.160452869626470207e-01
7.176717674480064257e-01
7.178383626403729290e-01
7.053171618356011141e-01
7.044705448062784647e-01
7.068230571107275706e-01
7.169111056288436368e-01
7.106729150491687408e-01
7.064892549459926840e-01
7.028979537805066791e-01
6.848973973924266101e-01
6.818229083671281110e-01
6.872247836930674980e-01
6.726675986931289764e-01
6.724525306022030025e-01
6.711145777123185274e-01
6.544432781238999075e-01
6.376734071443554974e-01
6.450164319762563547e-01
6.424459248267501144e-01
6.347186209977530025e-01
6.401775168518964998e-01
6.482466281450138812e-01
6.427761925155387468e-01
6.556177161286977917e-01
6.528107796682813824e-01
6.643202841872144493e-01
6.456718311807326804e-01
6.382785466277280939e-01
6.269371036113486895e-01
6.283816835086655228e-01
6.147551553206562769e-01
6.049681587250603787e-01
5.919531913382666266e-01
5.850954333250869555e-01
5.833018783080149428e-01
5.797657526680224382e-01
5.803013584876118847e-01
5.738084830339772457e-01
5.604399979446471614e-01
5.564543146767422233e-01
5.577847703353513431e-01
5.536006287673480575e-01
5.508340810659200226e-01
5.485482030740683745e-01
5.315666653777635364e-01
5.352127738499828924e-01
5.334579141411056602e-01
5.269487614881251947e-01
5.337858989753919703e-01
5.330309198308301744e-01
5.302744253053671697e-01
5.348268869998863417e-01
5.324548305316059160e-01
5.309903012843972814e-01
5.336018984729935521e-01
5.257090988503094753e-01
5.238240452236762046e-01
5.317329897888448675e-01
5.464459879012939503e-01
5.510737661676605725e-01
5.411424835857537863e-01
5.192823392657880399e-01
5.221690419240233583e-01
5.274780076394556261e-01
5.154479886953622358e-01
5.153622729040282513e-01
5.097997808994694235e-01
5.234096976983289018e-01
5.384153131047676455e-01
5.524042322412110462e-01
5.515563196173525196e-01
5.581787367018998802e-01
5.576167901294147855e-01
5.635071583191635369e-01
5.538355346108914112e-01
5.767455699186395668e-01
5.631984600038684174e-01
5.633529189261397008e-01
5.532336229474799083e-01
5.619687061716319709e-01
5.627485152926388068e-01
5.649443207140423251e-01
5.634069805002084319e-01
5.862437383058789475e-01
5.854463930938419436e-01
5.941406491847706084e-01
5.868311342173029299e-01
5.859716106286955162e-01
5.873961110451501044e-01
5.812618923543637628e-01
5.833875424082202166e-01
5.810195198153834673e-01
5.837780230944079607e-01
5.687937740073101267e-01
5.709521371472622286e-01
5.669426119608342862e-01
5.596808124361527526e-01
5.639796223384547780e-01
5.677637300380624641e-01
5.831910127564420288e-01
5.730323680588393920e-01
5.683212922228955133e-01
5.629093919445699035e-01
5.549481388808389370e-01
5.558334837744723922e-01
5.624292591472347391e-01
5.535616287009590408e-01
5.560081284125593104e-01
5.658215051087305270e-01
5.639173192264156365e-01
5.848647607103573121e-01
5.824659010563899564e-01
5.767230303446179152e-01
5.733294819380869711e-01
5.680050907142328853e-01
5.727813649344491997e-01
5.732260659318054730e-01
5.656334810627152709e-01
5.653044772534904228e-01
5.697803392908455944e-01
5.675807755990216474e-01
5.629404656577933208e-01
5.681861657715929770e-01
5.638414609679097689e-01
5.694277305349172424e-01
5.650029986889967271e-01
5.568800768087399655e-01
5.594515210104740177e-01
5.547818303878988555e-01
5.597160169879520364e-01
5.642441839320389008e-01
5.684047852393186995e-01
5.786173258837281619e-01
5.761783863238055803e-01
5.888880694433483720e-01
5.885362505540125966e-01
5.897902064746701756e-01
5.925796725119383268e-01
5.942162004508456663e-01
5.997747330866838311e-01
5.904017653767332785e-01
5.908977111815395533e-01
5.834086723738743929e-01
5.691927618580282511e-01
5.682765551537710680e-01
5.735834828079304781e-01
5.668955201120472465e-01
5.719127480965752186e-01
5.599525088447899757e-01
5.544682561455689385e-01
5.603868906132208894e-01
5.643565049688876734e-01
5.623616842971457253e-01
5.628446375522992984e-01
5.644258036865095196e-01
5.611360141188086459e-01
5.661236637232939239e-01
5.653871764380232756e-01
5.710910841122758264e-01
5.683960809425304683e-01
5.755353203396383899e-01
5.718203698548178782e-01
5.733641842542941403e-01
5.725769491680815504e-01
5.769841318392924245e-01
5.748402242650519911e-01
5.745496172734588791e-01
5.767128089971624849e-01
5.802654514090320736e-01
5.810988702392473337e-01
5.789528206893058693e-01
5.815136873462426470e-01
5.818953446913235350e-01
5.806921732571329597e-01
5.896442515322076749e-01
5.836899519825148319e-01
5.888446752492753067e-01
5.859254132221745071e-01
5.749093613340928721e-01
5.777761903624802908e-01
5.767373905190527061e-01
5.725563390316302792e-01
5.775672915907064109e-01
5.906895322676793958e-01
5.906489614380499020e-01
5.843029266800037203e-01
5.929493281802117322e-01
5.882160560066612698e-01
5.917798280981332315e-01
5.899042252689334909e-01
5.808608663333511002e-01
6.049120109342137619e-01
6.120250227738899262e-01
6.048881408618345112e-01
6.135000898374950440e-01
6.114099336399601015e-01
6.101398853506220243e-01
5.889208366944150841e-01
5.916491821290172926e-01
5.837165055676341030e-01
5.879545840248517896e-01
5.863008090642829462e-01
5.835842588987057988e-01
5.653133566298444990e-01
5.668539291993116569e-01
5.657028657737158683e-01
5.511660608345309020e-01
5.508843568082715247e-01
5.523144004887355907e-01
5.575678423036313225e-01
5.597966318160539911e-01
5.637173304488566350e-01
5.696356506352177052e-01
5.767979052423721775e-01
5.846099762771370667e-01
5.877845172653473060e-01
5.868936570327512037e-01
5.879709470988817577e-01
5.812400656001889265e-01
5.848800177339766870e-01
5.849851216535911780e-01
5.769281988139796091e-01
5.759664377957526282e-01
5.781821809374911858e-01
5.784031878078804700e-01
5.748639778562438796e-01
5.814447873680737011e-01
5.802329313447552872e-01
5.793433077010432530e-01
5.711649695512678315e-01
5.325327842167639769e-01
5.274189000952897999e-01
5.319992105834383533e-01
5.438114471757268253e-01
5.514383387115897595e-01
5.457464270623941793e-01
5.416308178637776471e-01
5.434205396995566151e-01
5.339621243179896171e-01
5.280073032108620890e-01
5.279149126468145603e-01
5.294221737982084397e-01
5.253998409826854399e-01
5.240381598529705309e-01
5.212983801157660135e-01
5.240343545899378563e-01
5.191351024809988113e-01
5.159180763512735135e-01
5.145119496989242203e-01
5.094602716623741756e-01
5.145629771959048249e-01
5.103476804298313629e-01
5.075248211756646644e-01
5.188594540719682069e-01
5.222363714408562174e-01
5.203905755720659165e-01
5.255222222025937029e-01
5.264010827153602357e-01
5.264039146066868957e-01
5.266805190904667588e-01
5.284512787965918168e-01
5.299411889298900613e-01
5.124522384302057088e-01
5.084233910013611357e-01
5.032138522172638906e-01
5.023738728847296775e-01
5.088333579154895592e-01
5.025356318374514242e-01
5.016591137634371922e-01
4.997221787804937421e-01
5.087159880243041776e-01
5.042406641995329508e-01
5.091236264640820464e-01
5.028687889506678887e-01
5.033178424665926132e-01
4.912275715572433921e-01
4.859886896451364180e-01
4.890873487918308005e-01
4.902758354243421102e-01
4.933745733346606710e-01
4.824202661523377955e-01
4.849060156304575431e-01
4.984239341770418941e-01
5.009792113104271083e-01
4.951089075528992134e-01
4.946005929355942743e-01
4.885935295052499794e-01
4.938612315568816080e-01
4.970585745558792068e-01
4.908816971506083093e-01
4.940360410191624863e-01
4.865306335222771561e-01
4.857678944864554094e-01
4.903181502386401158e-01
4.851266656907734509e-01
4.847577066356623110e-01
4.851962646289974534e-01
4.859036220282446084e-01
4.846774344893799991e-01
4.853147017359583093e-01
4.831398824136648451e-01
4.894774258324658955e-01
4.917335334528527002e-01
4.856331392885547826e-01
4.876122085479300261e-01
4.900745715160803595e-01
4.844646433438383748e-01
4.813194524959982235e-01
4.891747705691390502e-01
4.970102944946745982e-01
4.972050369674740899e-01
4.974802907324579748e-01
4.975524686713717060e-01
5.008703392269306942e-01
5.023772380917941316e-01
4.993674821463562896e-01
4.875121148014183725e-01
4.841541262122373568e-01
4.815287225687537309e-01
4.810080198304921839e-01
5.002919323535390816e-01
5.064586262688018925e-01
5.090905657266556750e-01
5.120458635913451850e-01
5.068451455436736586e-01
5.090368069418721442e-01
4.990348063023450909e-01
5.011288435359994020e-01
5.073843645210797115e-01
5.071392924417655879e-01
5.111761661314160321e-01
5.120771349650204973e-01
5.086166732715130534e-01
5.090541975649122142e-01
5.103940876048079778e-01
5.125642623685638943e-01
5.138716348210357054e-01
5.172020814886300055e-01
5.146387773309020197e-01
5.128941666876503103e-01
5.138650826756339107e-01
5.193332962889929405e-01
5.240865918140293900e-01
5.199126109021752207e-01
5.207653707567239110e-01
5.330701239196802277e-01
5.350648599571757869e-01
5.354343824122791418e-01
5.350395852971019384e-01
5.316857136805657191e-01
5.312956725981553552e-01
5.369608773610490271e-01
5.356907532126896632e-01
5.388412293368123329e-01
5.406943299832233096e-01
5.339618398388541465e-01
5.374701253953535485e-01
5.402108913173305771e-01
5.395194527936382212e-01
5.393355595761447629e-01
5.447771990422387578e-01
5.425206355419875948e-01
5.536740397172172923e-01
5.580405397404968326e-01
5.657704533789592594e-01
5.654119866478648504e-01
5.668348437299287612e-01
5.679461426078302733e-01
5.701925156206737455e-01
5.681898298192488150e-01
5.778621835528305883e-01
5.788128308048179349e-01
5.780863492364556322e-01
5.752272345353831584e-01
5.658060879459040349e-01
5.516206794369923339e-01
5.509197748941613293e-01
5.505247134161602718e-01
5.433548220730206602e-01
5.430517022891592216e-01
5.478978278092527798e-01
5.523270996747642325e-01
5.558814564283781623e-01
5.547399523415849076e-01
5.528664007801258329e-01
5.487781022022453215e-01
5.429017309487075282e-01
5.346439824968898247e-01
5.318364956689921597e-01
5.252408677921875935e-01
5.234545506203596155e-01
5.228577648427209512e-01
5.201620876206737298e-01
5.206348411800951759e-01
5.245954022583421139e-01
5.286868350051886489e-01
5.285997035442486780e-01
5.273067113092068103e-01
5.194605559226795899e-01
5.149497015679720402e-01
5.181472166650493705e-01
5.180954413593138463e-01
5.216770438718740799e-01
5.217656096964454759e-01
5.204504185925192816e-01
5.261569688379472698e-01
5.309243669122842846e-01
5.305692055600564894e-01
5.284497674076688023e-01
5.410330877704917496e-01
5.373689690180298850e-01
5.302559546659288969e-01
5.400518333042633179e-01
5.446235755363781905e-01
5.431196070594251912e-01
5.451013238833146701e-01
5.456115298037441663e-01
5.468213608999860087e-01
5.537807957121854141e-01
5.497047819978582162e-01
5.494666947449411420e-01
5.471748778620143527e-01
5.489140697684613546e-01
5.450008659088385610e-01
5.467389150072783366e-01
5.462378928148823309e-01
5.446239329402664531e-01
5.416260247583256637e-01
5.393128011555303747e-01
5.413327913449242912e-01
5.438724178076809190e-01
5.447075931702985985e-01
5.357567840870545162e-01
5.312984175435365719e-01
5.341267192675790421e-01
5.363785259925770710e-01
5.443847698077122210e-01
5.407882149156915119e-01
5.402602320304217276e-01
5.351706271904930201e-01
5.376299533150441512e-01
5.393683321922669860e-01
5.397596223309533148e-01
5.394249681060858670e-01
5.374394907863593307e-01
5.397535565027468119e-01
5.351434586451612185e-01
5.394039574333097109e-01
5.369940585830054181e-01
5.363992793358358657e-01
5.394780619772101549e-01
5.421169501575919814e-01
5.424500628899565635e-01
5.476214325727742915e-01
5.539341843189727888e-01
5.536169566608947212e-01
5.471110594954790018e-01
5.486486813987272448e-01
5.398750303104666859e-01
5.338124088567451908e-01
5.214741547279866385e-01
5.202382893450865353e-01
5.149463693503517625e-01
5.122483712626847430e-01
5.029736852598349905e-01
5.073654883435902985e-01
5.053385272861515842e-01
4.966639528765892653e-01
4.958358709998143543e-01
4.975589807207940751e-01
5.013148096836688161e-01
5.104781456012550400e-01
5.107730926923961245e-01
5.105805357904033004e-01
5.118197989581388940e-01
5.236853010550958087e-01
5.291915385479842859e-01
5.291120728586548028e-01
5.166504647519570836e-01
5.106807894065751308e-01
5.088259083744274269e-01
5.133543033019919433e-01
4.948601586180217393e-01
5.007596486690907289e-01
5.057576799998985129e-01
5.139138153946321008e-01
5.158093716941460904e-01
5.119742146894400436e-01
5.141503593926811666e-01
5.235338519231329535e-01
5.256341701780852249e-01
5.266467662261408167e-01
5.286499653479999061e-01
5.365832095243237010e-01
5.315807568985355669e-01
5.377813993366925560e-01
5.369901394253222549e-01
5.354506794704585459e-01
5.363519734720583187e-01
5.484795971900930933e-01
5.488005062521101873e-01
5.443852215561314489e-01
5.430365330863620166e-01
5.426273880622423107e-01
5.383797537211547635e-01
5.425864629027832287e-01
5.373620032281627434e-01
5.357879992030716299e-01
5.328069715494855307e-01
5.415597112804427793e-01
5.433503129817041089e-01
5.437088695580577502e-01
5.465461160470038715e-01
5.436839943600623171e-01
5.431695793379144321e-01
5.492179815422300049e-01
5.460666084565779510e-01
5.463356567776384010e-01
5.451356359045592681e-01
5.469600578040554328e-01
5.438482058836885402e-01
5.432534866687267483e-01
5.455373534584558870e-01
5.402514322112327294e-01
5.393416236579823275e-01
5.524700702679573583e-01
5.503948980710052785e-01
5.472687628231702739e-01
5.453830240118838768e-01
5.467411235436765438e-01
5.500674593995478201e-01
5.447050546679158556e-01
5.468382898528604263e-01
5.518396693110523277e-01
5.578536777509812694e-01
5.667933157996172255e-01
5.583356777352397327e-01
5.569349000326264676e-01
5.548057775283902204e-01
5.449262236563182649e-01
5.430134973805691434e-01
5.450838170558395257e-01
5.457476847778010010e-01
5.451377264131824774e-01
5.404008799223416482e-01
5.385196464259741633e-01
5.265366510010750511e-01
5.254964247913094244e-01
5.226828820508818696e-01
5.259974033651589886e-01
5.301855172564930996e-01
5.253697826613223931e-01
5.260397405475191190e-01
5.361290932545552668e-01
5.578502604080857186e-01
5.631538339360548928e-01
5.675943498631565998e-01
5.787616416057163038e-01
5.840184123551160900e-01
5.815352110594628199e-01
5.825276241157554269e-01
5.818054973968023180e-01
5.832825712297169396e-01
5.822322886898014804e-01
5.823835979208101810e-01
5.816696896946956796e-01
5.938476061371772419e-01
5.962452641309552437e-01
5.958585239927403077e-01
5.964435434417019177e-01
5.940240747608077632e-01
5.954966522663196482e-01
5.958778673976343754e-01
5.936489555477216795e-01
5.946401302305786007e-01
5.908683153862773763e-01
5.921578732373171672e-01
5.893167554630009963e-01
5.893637037365050402e-01
5.890631726073974894e-01
5.889907679246744188e-01
5.858347619765014169e-01
5.753400521540821266e-01
5.720054469056531365e-01
5.720852484475477118e-01
5.779966847718399636e-01
5.766781015616235795e-01
5.772579290618159442e-01
5.816001877420189370e-01
5.803653421979804161e-01
5.810566243888989346e-01
5.823779131020804245e-01
5.804258525952465941e-01
5.813508492265913041e-01
5.837149553472725794e-01
5.710044722263294403e-01
5.743355053307777069e-01
5.699364392010199953e-01
5.672549647067973710e-01
5.594203436919836792e-01
5.587024102716462437e-01
5.564974360263776898e-01
5.511786865682766212e-01
5.490163760552011496e-01
5.394530017885831308e-01
5.397060607865415971e-01
5.453905630485805789e-01
5.451003396655390576e-01
5.507729910723602185e-01
5.509072911254312421e-01
5.499341005926527970e-01
5.505582797231212133e-01
5.497322405736265738e-01
5.504303396111582813e-01
5.508192614823018696e-01
5.506243685885312544e-01
5.477170280969968497e-01
5.465641470157236448e-01
5.454132649429258572e-01
5.440797191520426734e-01
5.432134047167532787e-01
5.394078914097447663e-01
5.369690640237231305e-01
5.397097252467564221e-01
5.394868301261545041e-01
5.338396824814675146e-01
5.340779841864253807e-01
5.328898428698274348e-01
5.336959396057789906e-01
5.177842491488333643e-01
5.144581548778647262e-01
5.175229179031477500e-01
5.172453268816242788e-01
5.176301335160563566e-01
5.172335447719689228e-01
5.069747175983700949e-01
5.087183729057238590e-01
5.149328086733691023e-01
5.128844961218466114e-01
5.023724639823714533e-01
5.026247198527017401e-01
5.100120095783888807e-01
5.097527436983557703e-01
5.100207085786524486e-01
5.107311869822883654e-01
5.119962786474556715e-01
5.177668007719619103e-01
5.205454204816657438e-01
5.221749159637032456e-01
5.238225244444822959e-01
5.237453546810307836e-01
5.240679722730550161e-01
5.237303138543372150e-01
5.241066769261851777e-01
5.254445373091599647e-01
5.285497549201187972e-01
5.286489977497133008e-01
5.305160542088480646e-01
5.236584188226026670e-01
5.206680205322692379e-01
5.229947470029026046e-01
5.223485708088243529e-01
5.308074820616451861e-01
5.278801085422638595e-01
5.220532361682651556e-01
5.198499203364814747e-01
5.291880115188697387e-01
5.173739452285516238e-01
5.172176262952288273e-01
5.173287678901965503e-01
5.163380745814031281e-01
5.198125892273085524e-01
5.221484790426652589e-01
5.204468103077225516e-01
5.272923166909636583e-01
5.212179249657763469e-01
5.197058693829873510e-01
5.195609588347805952e-01
5.173474751145410444e-01
5.162620510047928324e-01
5.273204101637932739e-01
5.190740033212887239e-01
5.195327341576120306e-01
5.156105613680427302e-01
5.187667596371952072e-01
5.192360190351742455e-01
5.200925787704271386e-01
5.092406942858855867e-01
5.131938850666282192e-01
5.107650369834052517e-01
5.095064516668839083e-01
5.028253437116907421e-01
5.008167898546991292e-01
5.019354894153701396e-01
4.968042114917782803e-01
4.952032984771476132e-01
4.996476550104894110e-01
4.931343891699060955e-01
4.937164076710948146e-01
4.967179860540940628e-01
4.981586898789739926e-01
4.946501461876757211e-01
4.838767035054716281e-01
4.835192244753761526e-01
4.791797703765154348e-01
4.774590041458495193e-01
4.783497009606780259e-01
4.819756310750936135e-01
4.837289204133661813e-01
4.800889985747688327e-01
4.804260722517444959e-01
4.757109422948290200e-01
4.749896868751423695e-01
4.721044487771673959e-01
4.717050366819682261e-01
4.754602793261981653e-01
4.770682016419756644e-01
4.806754623454273512e-01
4.778721230503387152e-01
4.734203860848707479e-01
4.730523787703407868e-01
4.716798998285634537e-01
4.707433264236843828e-01
4.654704815417735619e-01
4.645076088960921612e-01
4.630648188269804733e-01
4.635894501626141029e-01
4.641501809126817868e-01
4.638090061751959370e-01
4.627058768903264951e-01
4.635033131461326339e-01
4.676213588009862643e-01
4.593938015251400331e-01
4.593020408289422152e-01
4.459528054461535662e-01
4.431566700705515949e-01
4.504064030398884366e-01
4.505774055727252980e-01
4.522941603294257096e-01
4.553017322471300532e-01
4.408679309159327930e-01
4.428053354525819940e-01
4.467471993027101185e-01
4.425967322768585288e-01
4.425082626772280370e-01
4.367372570784119890e-01
4.307851072829326222e-01
4.346392401561903207e-01
4.321819462275297008e-01
4.301850764158848817e-01
4.314296737259777914e-01
4.342913837081519013e-01
4.367375305558957033e-01
4.350437845277122517e-01
4.359862363351738046e-01
4.313913781665917879e-01
4.323842275130488910e-01
4.323121259456033094e-01
4.337314923214798390e-01
4.325174854885582842e-01
4.333324664097398804e-01
4.365519022080738276e-01
4.471293746665951918e-01
4.443180986533382670e-01
4.431973604085652219e-01
4.445059337323868376e-01
4.437664193196098616e-01
4.486877390023010226e-01
4.484078724837722851e-01
4.486613909765642672e-01
4.488469104403625121e-01
4.493723112514476647e-01
4.443571562157890842e-01
4.508093601302159414e-01
4.495109708643661994e-01
4.489334622632866756e-01
4.578516590169685041e-01
4.572927511785155885e-01
4.605117525961680003e-01
4.628247329308630698e-01
4.662880962759693437e-01
4.729245422574442914e-01
4.732707437525637828e-01
4.679465582235612930e-01
4.669259058620335301e-01
4.645392116440033581e-01
4.625511676381732773e-01
4.656830290837538633e-01
4.655276130518216648e-01
4.592509869247771714e-01
4.580188240751041362e-01
4.635472911147054953e-01
4.687879156926295088e-01
4.689415076787217806e-01
4.635294581816336579e-01
4.615338327596787416e-01
4.615419400869563704e-01
4.623711804790888169e-01
4.619631688494557076e-01
4.572933427927030059e-01
4.564635535808456712e-01
4.579229750656168552e-01
4.584522997088522622e-01
4.577139791647447109e-01
4.559066016513863007e-01
4.637118290443334456e-01
4.637531455970685945e-01
4.571407076352835275e-01
4.571502468866114888e-01
4.578025719140967342e-01
4.648474084068432988e-01
4.672175921293096890e-01
4.651259235808890558e-01
4.600091675727623897e-01
4.599108861389354930e-01
4.605189746225981096e-01
4.531019545211839028e-01
4.588919126362381862e-01
4.541324245597589404e-01
4.418381018255642112e-01
4.375385802701881599e-01
4.359568424405121934e-01
4.371446441376306002e-01
4.362902325649830604e-01
4.332263419153251083e-01
4.323624948678732594e-01
4.300588966757652454e-01
4.308542565234398936e-01
4.307760722316443802e-01
4.340399915572634715e-01
4.289699854913784360e-01
4.271496539897571276e-01
4.286241398650945666e-01
4.325643382862444652e-01
4.382855303005432357e-01
4.355715016930561401e-01
4.345630593645017359e-01
4.318461875338998057e-01
4.338444684940048757e-01
4.323339593978551831e-01
4.347150418041709208e-01
4.342475952481836265e-01
4.393778406513940138e-01
4.418940808991888569e-01
4.417103523079306537e-01
4.437601327942028440e-01
4.430471557012407580e-01
4.450835038729246684e-01
4.472713485795881683e-01
