<<PMCA SPECTRUM>>
TAG - live_data
DESCRIPTION - 
GAIN - 2
THRESHOLD - 50
LIVE_MODE - 0
PRESET_TIME - 0
LIVE_TIME - 60.493333
REAL_TIME - 60.840000
START_TIME - 10/07/2020 17:58:17
SERIAL_NUMBER - 1430
<<DATA>>
60.493333
60.840000
0
0
0
0
0
0
0
0
0
0
0
0
0
0
0
0
0
0
0
0
0
0
0
0
0
0
0
0
0
0
0
0
0
0
0
0
0
0
0
0
0
0
0
0
0
0
0
2
142
248
261
253
249
271
238
252
256
259
236
259
206
259
232
238
233
246
239
241
227
246
260
215
236
253
253
230
236
218
214
210
212
227
239
214
215
242
250
227
222
220
194
200
228
186
205
223
232
228
229
244
217
278
263
239
245
259
262
252
229
237
258
234
252
238
257
225
236
243
254
235
223
228
240
238
229
229
213
230
252
197
204
206
197
190
223
207
202
212
191
205
204
192
200
197
191
181
172
175
195
225
179
190
204
187
189
187
189
181
200
172
174
169
197
196
202
174
193
177
163
190
184
180
164
176
150
148
171
191
166
163
199
170
171
173
177
157
171
180
172
154
192
199
167
165
181
160
181
172
162
180
169
181
200
149
148
171
168
138
188
165
165
130
167
192
153
177
173
184
181
188
156
160
159
161
188
184
144
147
156
162
179
140
146
144
147
158
145
131
141
132
127
130
138
127
101
96
83
77
71
78
65
82
62
84
57
61
64
59
45
51
38
63
48
45
43
35
48
49
34
31
33
29
29
30
21
26
24
24
30
28
19
30
30
23
23
13
22
25
23
22
10
18
21
21
24
23
19
27
22
17
25
29
33
32
35
35
43
38
34
68
56
64
83
99
122
126
163
156
212
254
276
310
347
409
441
457
534
599
652
757
757
880
950
976
1001
1094
1162
1170
1088
1204
1166
1164
1104
1129
995
1007
909
843
791
725
664
632
527
479
401
320
324
273
241
182
181
146
115
110
73
66
43
39
29
27
20
7
7
11
13
10
9
4
4
2
3
2
1
1
2
4
5
6
2
0
3
3
2
0
6
2
0
1
1
1
3
0
2
2
1
3
3
1
2
3
2
0
2
2
3
0
1
2
4
1
2
0
3
0
0
2
3
3
0
1
4
2
1
4
0
3
1
2
3
2
1
4
1
1
3
0
2
3
0
1
1
6
3
3
2
0
3
1
1
4
4
2
1
2
3
2
4
0
1
2
3
0
2
1
1
3
2
3
3
4
3
2
2
3
0
4
1
0
1
2
2
0
2
3
0
0
3
0
5
1
0
0
1
1
2
1
2
1
3
1
3
2
2
1
2
0
0
2
2
3
2
0
1
1
1
2
0
0
2
1
1
0
0
1
1
0
0
1
0
0
3
0
3
2
1
4
1
1
3
3
1
0
0
1
1
0
2
4
1
1
2
3
0
1
2
1
3
0
2
0
1
2
1
4
0
1
0
1
0
0
0
2
1
1
3
3
2
0
1
1
0
1
2
0
1
0
2
0
2
0
0
1
0
0
0
2
1
2
0
0
2
1
1
0
0
3
2
2
2
1
1
1
0
0
0
1
1
1
1
0
0
1
3
0
1
0
1
1
0
1
2
1
1
1
0
0
0
2
1
0
0
0
1
0
1
1
1
1
3
1
0
1
0
2
1
1
0
1
1
1
3
0
1
1
0
0
0
2
1
0
1
0
0
0
0
1
2
0
1
0
0
0
0
1
1
0
0
1
2
2
0
1
2
2
2
1
0
0
0
1
0
0
2
2
1
0
2
3
2
0
2
3
0
2
0
0
0
1
0
0
4
1
4
2
0
0
1
0
1
1
1
0
0
1
0
0
2
0
0
0
0
2
0
0
0
0
0
2
0
1
0
0
0
1
0
0
0
0
0
0
0
1
0
1
0
1
0
0
0
0
1
0
0
1
1
0
0
0
0
0
0
1
1
1
1
1
0
0
0
0
0
0
0
0
0
1
0
0
1
1
1
2
0
0
0
0
1
0
0
0
0
0
1
0
0
0
0
0
0
0
1
0
0
0
1
1
0
0
1
0
0
0
0
0
0
0
0
0
0
0
0
0
1
1
0
0
0
1
0
0
0
1
0
2
0
0
0
0
0
1
1
0
1
1
0
0
1
0
1
1
0
0
0
0
0
1
1
0
0
0
0
0
0
0
0
0
0
0
0
0
0
0
0
0
1
0
0
1
0
0
0
0
0
0
0
0
0
0
0
0
1
0
0
0
0
0
0
0
1
0
0
1
0
0
0
0
0
0
0
0
0
1
0
0
1
0
0
0
0
0
0
0
0
0
0
0
0
0
0
0
1
0
0
0
0
0
0
0
1
0
0
0
0
0
1
0
0
0
0
0
1
0
0
0
0
0
0
0
0
0
0
0
0
0
0
0
0
0
0
0
0
0
0
0
0
0
0
0
0
0
0
0
0
0
0
0
0
0
0
0
0
0
0
0
