<<PMCA SPECTRUM>>
TAG - live_data
DESCRIPTION - 
GAIN - 2
THRESHOLD - 50
LIVE_MODE - 0
PRESET_TIME - 0
LIVE_TIME - 60.560000
REAL_TIME - 61.586667
START_TIME - 10/07/2020 17:59:55
SERIAL_NUMBER - 1430
<<DATA>>
60.560000
61.586667
0
0
0
0
0
0
0
0
0
0
0
0
0
0
0
0
0
0
0
0
0
0
0
0
0
0
0
0
0
0
0
0
0
0
0
0
0
0
0
0
0
0
0
0
0
0
0
5
224
327
313
297
346
314
334
333
353
345
347
340
356
325
358
316
341
302
306
292
358
343
333
309
323
330
293
317
328
322
319
330
337
323
287
311
291
324
311
318
321
336
281
265
316
311
301
279
283
276
313
305
310
290
311
310
319
325
276
297
324
316
319
337
349
348
332
342
353
348
341
341
375
394
352
377
391
358
341
350
360
372
359
355
361
340
313
326
339
356
362
353
300
329
343
347
336
290
321
352
348
317
324
290
326
312
329
298
336
324
322
290
299
279
341
307
340
311
346
357
307
299
316
302
291
304
287
287
292
283
307
290
273
289
274
285
296
274
282
294
269
290
322
286
264
265
276
277
298
297
264
270
278
284
261
282
264
255
256
273
300
273
287
282
246
284
253
245
242
256
274
292
256
279
253
248
299
257
248
262
282
272
262
274
278
264
264
265
263
282
266
275
267
275
252
267
248
244
234
247
277
258
263
265
281
259
252
243
243
245
255
251
249
277
253
236
270
243
240
243
268
283
240
275
236
257
268
261
258
234
253
246
263
264
234
268
254
271
239
271
275
286
264
268
256
264
305
284
268
249
283
272
267
269
238
268
264
291
252
271
275
284
219
272
280
240
247
261
277
246
261
247
241
244
243
251
245
264
254
233
257
272
256
253
275
277
270
257
255
279
272
233
294
260
253
293
278
245
259
277
279
250
304
281
234
253
280
278
270
251
289
290
263
252
281
259
270
282
266
272
264
272
297
266
272
269
258
284
285
274
282
290
260
266
272
299
290
272
306
318
329
265
262
307
311
291
306
261
284
273
294
278
299
279
292
278
289
269
289
317
321
312
308
258
308
321
290
305
315
293
298
295
288
348
310
315
344
296
320
323
315
299
326
340
315
336
301
326
288
305
332
340
283
304
291
290
322
295
318
344
377
325
335
321
344
316
340
318
318
327
360
316
359
310
309
311
320
326
305
314
282
313
308
302
318
299
278
314
292
293
277
313
271
298
262
254
274
260
280
252
267
252
226
280
259
245
255
257
253
218
245
205
219
221
216
228
238
202
248
205
225
204
206
213
205
239
196
196
195
202
220
213
176
173
204
180
187
198
206
181
198
188
185
169
213
215
171
174
179
208
194
177
190
183
174
170
208
191
179
193
180
186
184
175
191
171
175
198
191
212
221
208
223
239
262
212
280
256
340
301
340
353
351
373
407
467
479
517
496
545
570
603
664
681
685
701
708
787
765
786
761
756
750
795
761
725
744
711
682
703
683
628
665
565
544
530
467
475
441
362
379
341
344
282
293
283
241
222
219
187
179
178
158
155
131
128
127
134
116
110
100
99
120
116
109
114
112
133
123
146
153
191
187
188
197
204
221
277
279
281
304
357
315
351
369
462
442
450
486
540
473
527
559
548
593
534
577
578
630
633
607
591
580
550
559
538
499
518
513
468
458
493
461
453
338
398
355
348
300
269
297
216
257
220
191
171
176
192
160
125
134
109
116
107
100
77
82
62
80
62
59
61
64
44
59
49
50
38
45
35
32
43
33
35
32
47
39
31
29
23
34
34
28
36
28
26
34
23
32
33
23
31
31
40
23
27
22
32
37
28
35
27
19
26
34
27
34
28
21
34
31
31
18
29
29
28
22
42
28
27
26
27
37
20
24
30
23
37
22
30
22
27
29
28
29
27
21
26
31
34
33
26
23
28
26
28
31
24
23
24
19
28
22
26
25
28
24
24
30
28
22
27
17
27
24
27
23
21
22
28
23
20
22
32
24
12
21
18
25
21
22
23
20
20
20
16
23
23
26
14
24
23
35
28
23
23
22
31
25
28
25
18
17
20
27
16
27
21
20
26
30
11
27
15
23
14
24
21
17
31
26
20
16
19
33
21
21
14
26
25
17
18
24
22
26
31
25
22
22
19
25
20
19
26
24
28
22
21
25
23
24
21
15
14
27
19
23
22
22
26
19
30
15
17
23
18
18
20
17
20
15
20
23
24
23
21
19
15
20
20
11
24
17
21
15
18
29
18
29
21
21
20
20
21
14
19
18
21
21
16
22
25
18
23
20
20
18
16
21
23
18
19
18
20
20
14
22
22
19
15
25
18
18
18
12
20
19
24
25
16
19
16
19
15
21
19
20
13
10
17
19
17
18
28
0
0
0
0
0
0
0
0
0
0
0
0
0
0
0
0
0
0
0
0
0
0
0
0
0
0
0
0
0
0
0
0
