<<PMCA SPECTRUM>>
TAG - live_data
DESCRIPTION - 
GAIN - 2
THRESHOLD - 50
LIVE_MODE - 0
PRESET_TIME - 0
LIVE_TIME - 59.640000
REAL_TIME - 60.186667
START_TIME - 10/07/2020 17:56:51
SERIAL_NUMBER - 1430
<<DATA>>
59.640000
60.186667
0
0
0
0
0
0
0
0
0
0
0
0
0
0
0
0
0
0
0
0
0
0
0
0
0
0
0
0
0
0
0
0
0
0
0
0
0
0
0
0
0
0
0
0
0
0
0
3
166
330
353
309
322
330
337
345
298
329
312
313
304
306
342
331
334
307
341
287
314
315
279
312
318
328
322
303
295
309
307
271
285
291
307
312
292
287
282
298
314
308
310
289
304
294
353
324
321
310
313
318
342
303
329
327
329
342
332
348
304
328
360
296
346
316
299
306
315
348
280
303
314
295
265
292
317
304
301
306
284
253
285
306
301
273
297
270
273
268
316
257
266
276
292
287
257
266
299
275
251
266
256
264
256
293
289
248
260
280
269
253
241
262
266
271
257
241
257
250
213
233
246
202
220
205
222
183
171
164
184
140
186
158
162
136
156
121
131
104
136
107
136
118
112
114
105
107
101
110
96
84
117
98
108
115
82
109
110
89
95
93
101
70
93
101
78
83
100
74
88
88
84
77
84
81
87
90
78
92
87
85
81
76
92
95
71
94
105
104
106
141
139
201
184
214
257
258
349
371
415
531
558
611
785
851
947
1050
1141
1304
1361
1477
1580
1604
1759
1833
1862
1835
1835
1760
1766
1643
1521
1540
1345
1211
1162
979
868
840
700
600
546
456
361
320
255
241
197
155
130
114
109
74
86
55
77
56
75
65
53
64
57
58
61
64
61
52
53
73
54
53
71
48
39
56
50
70
50
58
57
61
54
68
52
54
47
62
51
66
60
50
53
65
53
59
47
56
60
53
71
51
54
50
51
46
52
66
76
52
53
53
57
68
60
67
65
48
62
56
63
58
48
67
56
57
61
57
65
59
65
63
84
55
58
47
63
52
69
41
56
70
61
50
53
79
67
62
65
60
60
58
59
63
43
52
64
62
59
53
57
61
64
58
63
53
46
56
56
63
59
61
65
56
38
54
57
65
65
59
58
43
60
66
56
73
64
45
50
44
68
55
73
56
46
61
69
60
62
60
51
58
56
53
50
54
58
65
46
56
57
53
57
41
52
58
54
57
56
56
62
72
78
63
70
64
71
59
47
63
58
57
66
65
51
67
66
63
60
67
70
64
58
52
65
64
62
52
69
43
60
62
60
62
57
60
54
60
59
56
63
57
53
60
47
45
73
64
70
53
55
68
58
50
66
58
51
68
64
48
52
59
55
47
53
54
51
50
59
44
51
37
42
39
46
52
42
35
57
53
52
41
36
34
34
35
35
37
42
34
33
29
37
30
33
28
30
29
24
23
34
40
36
38
24
21
29
29
21
29
14
30
24
27
27
35
23
27
29
23
20
46
24
25
27
20
14
26
19
24
21
21
23
22
20
31
34
30
20
20
29
26
34
31
41
34
23
48
49
45
40
38
58
56
58
79
68
66
89
77
95
93
91
93
123
118
127
110
126
148
157
155
174
166
164
180
176
156
157
163
170
171
179
158
163
162
156
157
147
154
129
120
115
134
115
109
101
111
96
94
91
81
74
77
73
69
44
53
52
53
38
47
38
34
40
38
34
38
40
27
35
37
35
34
33
36
23
21
31
20
27
31
31
35
32
10
26
26
24
24
25
24
25
39
25
19
24
30
26
21
20
33
22
24
24
26
22
18
30
20
26
34
20
22
29
25
28
22
26
25
19
22
23
21
29
23
25
20
30
19
21
16
22
22
21
35
25
34
28
34
28
27
26
22
34
33
35
22
29
26
25
18
28
18
34
20
23
21
31
20
31
23
23
21
28
27
30
28
30
22
26
18
23
13
17
17
14
26
17
14
14
19
11
17
18
21
18
13
15
21
23
19
15
10
10
16
16
18
12
10
20
14
11
11
12
13
11
15
6
8
12
8
13
10
7
10
12
6
13
7
6
6
3
4
8
3
9
3
8
10
5
4
2
2
7
9
2
5
4
3
5
3
5
6
3
7
3
5
5
10
6
1
10
5
8
14
7
10
12
11
12
12
12
13
16
11
22
17
23
24
17
22
26
28
32
39
38
32
42
19
36
34
42
24
35
39
44
43
34
43
46
55
38
46
45
48
48
43
48
36
41
28
26
33
41
34
40
34
22
28
20
19
23
28
17
11
18
15
27
18
8
10
9
12
8
8
5
3
7
8
11
8
1
7
6
2
2
2
3
0
2
4
6
3
2
1
1
4
0
1
2
1
0
0
0
0
1
0
0
1
1
1
0
1
0
0
0
0
1
1
2
0
1
1
0
0
1
1
1
0
0
1
0
0
0
0
0
0
0
0
0
0
0
0
0
0
0
0
0
0
0
0
0
0
0
0
0
0
0
0
0
0
0
0
0
0
