# Time, MAD(r) for 10000 flights; 1000 steps per flight; seed: 23; mu: 3.00
1.000000000000000000e+00 3.100634692668533954e-06
2.000000000000000000e+00 8.795748412311429643e-06
3.000000000000000000e+00 1.176915568013125376e-05
4.000000000000000000e+00 1.421093281248274672e-05
5.000000000000000000e+00 1.629758944982644304e-05
6.000000000000000000e+00 1.803044006946519787e-05
7.000000000000000000e+00 1.959615655020033412e-05
8.000000000000000000e+00 2.126239612557594868e-05
9.000000000000000000e+00 2.307202373386705335e-05
1.000000000000000000e+01 2.450368091732764826e-05
1.100000000000000000e+01 2.601286726981143148e-05
1.200000000000000000e+01 2.736973610591495300e-05
1.300000000000000000e+01 2.869389351456777616e-05
1.400000000000000000e+01 3.026348540936270705e-05
1.500000000000000000e+01 3.142720343647186062e-05
1.600000000000000000e+01 3.239005035566009164e-05
1.700000000000000000e+01 3.396082659099377914e-05
1.800000000000000000e+01 3.519947031845524206e-05
1.900000000000000000e+01 3.592227531546150873e-05
2.000000000000000000e+01 3.741780335963384605e-05
2.100000000000000000e+01 3.850228940588521404e-05
2.200000000000000000e+01 3.973701263318386249e-05
2.300000000000000000e+01 4.023896418558910680e-05
2.400000000000000000e+01 4.127580825308750591e-05
2.500000000000000000e+01 4.251939550658569730e-05
2.600000000000000000e+01 4.284756831807411115e-05
2.700000000000000000e+01 4.443275377051384475e-05
2.800000000000000000e+01 4.566636168721187089e-05
2.900000000000000000e+01 4.653772273037910237e-05
3.000000000000000000e+01 4.778015058926194639e-05
3.100000000000000000e+01 4.860110760782007926e-05
3.200000000000000000e+01 4.965190907508763716e-05
3.300000000000000000e+01 5.009584009368821207e-05
3.400000000000000000e+01 5.147576381713185562e-05
3.500000000000000000e+01 5.163415699324543074e-05
3.600000000000000000e+01 5.236601857036555482e-05
3.700000000000000000e+01 5.274735244987989084e-05
3.800000000000000000e+01 5.446298648591221906e-05
3.900000000000000000e+01 5.534867689881554941e-05
4.000000000000000000e+01 5.558624048824158413e-05
4.100000000000000000e+01 5.663684718503985793e-05
4.200000000000000000e+01 5.754784205648324661e-05
4.300000000000000000e+01 5.772591788361477783e-05
4.400000000000000000e+01 5.921459575022810655e-05
4.500000000000000000e+01 6.015725520580772641e-05
4.600000000000000000e+01 6.081531795123751554e-05
4.700000000000000000e+01 6.224930553291201964e-05
4.800000000000000000e+01 6.297900058193720290e-05
4.900000000000000000e+01 6.339013232214419627e-05
5.000000000000000000e+01 6.375970031926669977e-05
5.100000000000000000e+01 6.370202717801476996e-05
5.200000000000000000e+01 6.506532759767641796e-05
5.300000000000000000e+01 6.561126752126027716e-05
5.400000000000000000e+01 6.564377712031256693e-05
5.500000000000000000e+01 6.657676906414185909e-05
5.600000000000000000e+01 6.706271895206962030e-05
5.700000000000000000e+01 6.788776741884061509e-05
5.800000000000000000e+01 6.827677907062101197e-05
5.900000000000000000e+01 6.821603796568295080e-05
6.000000000000000000e+01 6.896790254716325967e-05
6.100000000000000000e+01 7.023691977122340055e-05
6.200000000000000000e+01 7.092836517307295565e-05
6.300000000000000000e+01 7.186433456678046391e-05
6.400000000000000000e+01 7.223512215292259898e-05
6.500000000000000000e+01 7.323598874209915352e-05
6.600000000000000000e+01 7.324062092000957849e-05
6.700000000000000000e+01 7.297392937658607318e-05
6.800000000000000000e+01 7.420244275857907311e-05
6.900000000000000000e+01 7.569505457292159353e-05
7.000000000000000000e+01 7.610068353976963298e-05
7.100000000000000000e+01 7.749739893574013512e-05
7.200000000000000000e+01 7.743841223193810553e-05
7.300000000000000000e+01 7.845038991361011653e-05
7.400000000000000000e+01 7.913686545111411701e-05
7.500000000000000000e+01 7.980115653734607762e-05
7.600000000000000000e+01 7.989219636780716034e-05
7.700000000000000000e+01 8.027919690438545101e-05
7.800000000000000000e+01 8.079584360077215230e-05
7.900000000000000000e+01 8.007341861449444507e-05
8.000000000000000000e+01 8.045245780627628153e-05
8.100000000000000000e+01 8.101558543768483064e-05
8.200000000000000000e+01 8.217522166090995557e-05
8.300000000000000000e+01 8.252223396825927035e-05
8.400000000000000000e+01 8.371438462563505763e-05
8.500000000000000000e+01 8.460737351352320957e-05
8.600000000000000000e+01 8.540486353569397141e-05
8.700000000000000000e+01 8.629862975683278824e-05
8.800000000000000000e+01 8.641418348625912150e-05
8.900000000000000000e+01 8.711649861007363679e-05
9.000000000000000000e+01 8.739497697244963306e-05
9.100000000000000000e+01 8.840826699415930967e-05
9.200000000000000000e+01 8.857842968631473202e-05
9.300000000000000000e+01 8.961835653882394492e-05
9.400000000000000000e+01 9.056155881684518991e-05
9.500000000000000000e+01 9.099174095614020411e-05
9.600000000000000000e+01 9.127129431484017291e-05
9.700000000000000000e+01 9.184761124278044723e-05
9.800000000000000000e+01 9.246724235922252873e-05
9.900000000000000000e+01 9.317176847718509143e-05
1.000000000000000000e+02 9.378681089148431678e-05
1.010000000000000000e+02 9.411152428505522400e-05
1.020000000000000000e+02 9.495868785617529284e-05
1.030000000000000000e+02 9.563491228250656305e-05
1.040000000000000000e+02 9.591216108537183374e-05
1.050000000000000000e+02 9.457155523418405536e-05
1.060000000000000000e+02 9.453775925940688526e-05
1.070000000000000000e+02 9.579561880002454045e-05
1.080000000000000000e+02 9.711014623493422003e-05
1.090000000000000000e+02 9.708741381363858902e-05
1.100000000000000000e+02 9.776007718869269257e-05
1.110000000000000000e+02 9.784969188781985510e-05
1.120000000000000000e+02 9.870006190707099542e-05
1.130000000000000000e+02 9.974489429775900101e-05
1.140000000000000000e+02 9.989275013254266867e-05
1.150000000000000000e+02 1.009756785370599012e-04
1.160000000000000000e+02 1.020399869184536749e-04
1.170000000000000000e+02 1.020414042021778261e-04
1.180000000000000000e+02 1.033631199574104934e-04
1.190000000000000000e+02 1.033069227006468350e-04
1.200000000000000000e+02 1.034786989988930429e-04
1.210000000000000000e+02 1.038047591304117138e-04
1.220000000000000000e+02 1.034949506205468887e-04
1.230000000000000000e+02 1.038820410971847975e-04
1.240000000000000000e+02 1.052023933444209183e-04
1.250000000000000000e+02 1.054733763854650837e-04
1.260000000000000000e+02 1.060899040377447230e-04
1.270000000000000000e+02 1.067481582345785181e-04
1.280000000000000000e+02 1.068353218332671788e-04
1.290000000000000000e+02 1.074402179538985964e-04
1.300000000000000000e+02 1.073165281789953190e-04
1.310000000000000000e+02 1.076698041082565312e-04
1.320000000000000000e+02 1.084031078149455280e-04
1.330000000000000000e+02 1.097749647765179355e-04
1.340000000000000000e+02 1.100918843828148651e-04
1.350000000000000000e+02 1.101157434681220530e-04
1.360000000000000000e+02 1.100700813953933499e-04
1.370000000000000000e+02 1.101328196658887739e-04
1.380000000000000000e+02 1.111616423996085803e-04
1.390000000000000000e+02 1.116440043994397599e-04
1.400000000000000000e+02 1.119871435366087432e-04
1.410000000000000000e+02 1.123421206637469278e-04
1.420000000000000000e+02 1.134049475149992686e-04
1.430000000000000000e+02 1.133198368989509955e-04
1.440000000000000000e+02 1.141771696166702656e-04
1.450000000000000000e+02 1.153863724550139430e-04
1.460000000000000000e+02 1.150846040197455139e-04
1.470000000000000000e+02 1.157083426595135404e-04
1.480000000000000000e+02 1.171636698272953038e-04
1.490000000000000000e+02 1.170302121732516066e-04
1.500000000000000000e+02 1.168902847008731474e-04
1.510000000000000000e+02 1.172893032634846452e-04
1.520000000000000000e+02 1.177505092469844820e-04
1.530000000000000000e+02 1.187353508427753715e-04
1.540000000000000000e+02 1.190992947024850776e-04
1.550000000000000000e+02 1.194418840894828529e-04
1.560000000000000000e+02 1.194002265967246488e-04
1.570000000000000000e+02 1.194339177957138247e-04
1.580000000000000000e+02 1.204767877707518732e-04
1.590000000000000000e+02 1.207304241725931724e-04
1.600000000000000000e+02 1.222215451128667320e-04
1.610000000000000000e+02 1.221308503910399461e-04
1.620000000000000000e+02 1.226110409432828714e-04
1.630000000000000000e+02 1.226869150215613934e-04
1.640000000000000000e+02 1.231548552428739641e-04
1.650000000000000000e+02 1.234967098252825481e-04
1.660000000000000000e+02 1.245472825430785861e-04
1.670000000000000000e+02 1.254711047139497155e-04
1.680000000000000000e+02 1.250497579031091566e-04
1.690000000000000000e+02 1.255519733039514639e-04
1.700000000000000000e+02 1.269870075632676212e-04
1.710000000000000000e+02 1.274035875963207753e-04
1.720000000000000000e+02 1.275031188834403121e-04
1.730000000000000000e+02 1.270635791024859757e-04
1.740000000000000000e+02 1.276897052311569501e-04
1.750000000000000000e+02 1.282823849878372531e-04
1.760000000000000000e+02 1.293451745128066602e-04
1.770000000000000000e+02 1.297531358525451177e-04
1.780000000000000000e+02 1.296565276057346210e-04
1.790000000000000000e+02 1.288362768969596368e-04
1.800000000000000000e+02 1.291646529154389170e-04
1.810000000000000000e+02 1.289406651381529384e-04
1.820000000000000000e+02 1.297525846604923700e-04
1.830000000000000000e+02 1.308383857419644764e-04
1.840000000000000000e+02 1.311037571571958902e-04
1.850000000000000000e+02 1.326049494200436476e-04
1.860000000000000000e+02 1.329241202987397502e-04
1.870000000000000000e+02 1.332784343898631846e-04
1.880000000000000000e+02 1.333369473210415019e-04
1.890000000000000000e+02 1.345535343979256887e-04
1.900000000000000000e+02 1.354466024316432573e-04
1.910000000000000000e+02 1.354115281406840674e-04
1.920000000000000000e+02 1.347934367817013785e-04
1.930000000000000000e+02 1.349480331338548411e-04
1.940000000000000000e+02 1.359518517148698962e-04
1.950000000000000000e+02 1.357527773332168079e-04
1.960000000000000000e+02 1.364883526477857949e-04
1.970000000000000000e+02 1.376442544759018838e-04
1.980000000000000000e+02 1.387113768524483566e-04
1.990000000000000000e+02 1.387201101041659105e-04
2.000000000000000000e+02 1.391791064807336713e-04
2.010000000000000000e+02 1.387090628324264528e-04
2.020000000000000000e+02 1.387821757896974149e-04
2.030000000000000000e+02 1.381092005687145521e-04
2.040000000000000000e+02 1.391843671733912881e-04
2.050000000000000000e+02 1.392239471317446744e-04
2.060000000000000000e+02 1.402375724109833105e-04
2.070000000000000000e+02 1.401393641159810266e-04
2.080000000000000000e+02 1.403242146197210770e-04
2.090000000000000000e+02 1.397511233686502539e-04
2.100000000000000000e+02 1.407029236839836116e-04
2.110000000000000000e+02 1.416665458521354460e-04
2.120000000000000000e+02 1.412825494120885036e-04
2.130000000000000000e+02 1.416831772560483592e-04
2.140000000000000000e+02 1.420041786450441967e-04
2.150000000000000000e+02 1.427797713856310128e-04
2.160000000000000000e+02 1.427916975299256606e-04
2.170000000000000000e+02 1.424830166373036743e-04
2.180000000000000000e+02 1.430363078394012995e-04
2.190000000000000000e+02 1.441674907577722062e-04
2.200000000000000000e+02 1.445696108187026832e-04
2.210000000000000000e+02 1.443292045070148993e-04
2.220000000000000000e+02 1.446683068457708292e-04
2.230000000000000000e+02 1.459513667779124705e-04
2.240000000000000000e+02 1.460254369363444041e-04
2.250000000000000000e+02 1.466999569904097681e-04
2.260000000000000000e+02 1.468603459999875179e-04
2.270000000000000000e+02 1.467521516717718152e-04
2.280000000000000000e+02 1.477312605240583936e-04
2.290000000000000000e+02 1.481836355254800884e-04
2.300000000000000000e+02 1.482915074287357421e-04
2.310000000000000000e+02 1.477759649249645838e-04
2.320000000000000000e+02 1.496093252531980017e-04
2.330000000000000000e+02 1.494246907207384971e-04
2.340000000000000000e+02 1.497170506013324536e-04
2.350000000000000000e+02 1.507715110863600385e-04
2.360000000000000000e+02 1.515335092094459045e-04
2.370000000000000000e+02 1.517459087331683091e-04
2.380000000000000000e+02 1.528969885261830235e-04
2.390000000000000000e+02 1.533419955476289075e-04
2.400000000000000000e+02 1.540989056092703278e-04
2.410000000000000000e+02 1.537032128907786163e-04
2.420000000000000000e+02 1.528760409475307170e-04
2.430000000000000000e+02 1.534905076881314394e-04
2.440000000000000000e+02 1.551766404590859726e-04
2.450000000000000000e+02 1.551621549275164838e-04
2.460000000000000000e+02 1.544702697927648736e-04
2.470000000000000000e+02 1.556453723218897544e-04
2.480000000000000000e+02 1.560504498375403439e-04
2.490000000000000000e+02 1.565072710607254714e-04
2.500000000000000000e+02 1.573547672892525455e-04
2.510000000000000000e+02 1.578176811308163374e-04
2.520000000000000000e+02 1.576202627995319447e-04
2.530000000000000000e+02 1.586933202352575349e-04
2.540000000000000000e+02 1.580826900271149911e-04
2.550000000000000000e+02 1.570225489705084714e-04
2.560000000000000000e+02 1.582716768484643505e-04
2.570000000000000000e+02 1.583475806403548416e-04
2.580000000000000000e+02 1.585427411338109121e-04
2.590000000000000000e+02 1.590828536564986855e-04
2.600000000000000000e+02 1.590493394545494589e-04
2.610000000000000000e+02 1.612176030054359604e-04
2.620000000000000000e+02 1.611387166329296080e-04
2.630000000000000000e+02 1.626209382700658478e-04
2.640000000000000000e+02 1.633757492871560572e-04
2.650000000000000000e+02 1.641327719548280159e-04
2.660000000000000000e+02 1.635730141084991191e-04
2.670000000000000000e+02 1.644143054655919909e-04
2.680000000000000000e+02 1.641609232136617149e-04
2.690000000000000000e+02 1.641193980442968558e-04
2.700000000000000000e+02 1.659842821263678831e-04
2.710000000000000000e+02 1.658046695917196091e-04
2.720000000000000000e+02 1.667301000462716935e-04
2.730000000000000000e+02 1.681320953160056128e-04
2.740000000000000000e+02 1.673055323692753706e-04
2.750000000000000000e+02 1.668687740039354636e-04
2.760000000000000000e+02 1.678815314063787948e-04
2.770000000000000000e+02 1.680085339285018698e-04
2.780000000000000000e+02 1.683564701023118268e-04
2.790000000000000000e+02 1.693777709191161026e-04
2.800000000000000000e+02 1.697270932306058490e-04
2.810000000000000000e+02 1.703300395170974976e-04
2.820000000000000000e+02 1.698283678814470538e-04
2.830000000000000000e+02 1.707169974700140395e-04
2.840000000000000000e+02 1.711348612586533488e-04
2.850000000000000000e+02 1.710174286584541974e-04
2.860000000000000000e+02 1.710498651030313609e-04
2.870000000000000000e+02 1.704951169123552579e-04
2.880000000000000000e+02 1.714348595435215760e-04
2.890000000000000000e+02 1.729524272196891299e-04
2.900000000000000000e+02 1.733498200783153108e-04
2.910000000000000000e+02 1.733647738699543265e-04
2.920000000000000000e+02 1.731436786904943538e-04
2.930000000000000000e+02 1.731584048300893438e-04
2.940000000000000000e+02 1.740834822963135433e-04
2.950000000000000000e+02 1.746103237807219706e-04
2.960000000000000000e+02 1.733726536506541988e-04
2.970000000000000000e+02 1.736785667202208542e-04
2.980000000000000000e+02 1.743992409918820440e-04
2.990000000000000000e+02 1.744473588297686790e-04
3.000000000000000000e+02 1.746383116190190993e-04
3.010000000000000000e+02 1.743549874633065896e-04
3.020000000000000000e+02 1.739335672687931944e-04
3.030000000000000000e+02 1.753208628977818962e-04
3.040000000000000000e+02 1.742240791842957620e-04
3.050000000000000000e+02 1.743143157575020256e-04
3.060000000000000000e+02 1.735838375124301703e-04
3.070000000000000000e+02 1.748131470881467923e-04
3.080000000000000000e+02 1.744561154702763508e-04
3.090000000000000000e+02 1.757799528261837425e-04
3.100000000000000000e+02 1.761649091938622899e-04
3.110000000000000000e+02 1.770913731860748860e-04
3.120000000000000000e+02 1.764057714610187404e-04
3.130000000000000000e+02 1.765121885308790662e-04
3.140000000000000000e+02 1.768042853605046724e-04
3.150000000000000000e+02 1.772926807845055471e-04
3.160000000000000000e+02 1.776394998323987484e-04
3.170000000000000000e+02 1.790987494066796550e-04
3.180000000000000000e+02 1.787912792945474535e-04
3.190000000000000000e+02 1.793745679928075124e-04
3.200000000000000000e+02 1.802114852276360927e-04
3.210000000000000000e+02 1.811608787475298544e-04
3.220000000000000000e+02 1.802636259835125351e-04
3.230000000000000000e+02 1.795449293335324794e-04
3.240000000000000000e+02 1.791044499331924812e-04
3.250000000000000000e+02 1.789754265660946754e-04
3.260000000000000000e+02 1.790646724354853509e-04
3.270000000000000000e+02 1.790651486676503551e-04
3.280000000000000000e+02 1.790236012243639650e-04
3.290000000000000000e+02 1.792074624726796932e-04
3.300000000000000000e+02 1.797837570498575727e-04
3.310000000000000000e+02 1.810546827431425577e-04
3.320000000000000000e+02 1.801939551373922879e-04
3.330000000000000000e+02 1.807614357970799680e-04
3.340000000000000000e+02 1.807979278341398247e-04
3.350000000000000000e+02 1.818326222597699325e-04
3.360000000000000000e+02 1.809880174237227387e-04
3.370000000000000000e+02 1.804242228265116562e-04
3.380000000000000000e+02 1.814665034746962605e-04
3.390000000000000000e+02 1.811793899424889512e-04
3.400000000000000000e+02 1.817278953073418442e-04
3.410000000000000000e+02 1.823663869205563535e-04
3.420000000000000000e+02 1.824051699180067611e-04
3.430000000000000000e+02 1.825502634166620644e-04
3.440000000000000000e+02 1.817762640131753108e-04
3.450000000000000000e+02 1.823473632534632462e-04
3.460000000000000000e+02 1.825261743073885036e-04
3.470000000000000000e+02 1.820771336933572459e-04
3.480000000000000000e+02 1.832890710301406990e-04
3.490000000000000000e+02 1.827676033826565222e-04
3.500000000000000000e+02 1.837346147876609242e-04
3.510000000000000000e+02 1.838503603263724143e-04
3.520000000000000000e+02 1.842408056923448563e-04
3.530000000000000000e+02 1.845852496002439789e-04
3.540000000000000000e+02 1.855468843654396055e-04
3.550000000000000000e+02 1.871781392210433606e-04
3.560000000000000000e+02 1.864555042963005494e-04
3.570000000000000000e+02 1.862762929846911990e-04
3.580000000000000000e+02 1.869012212007581278e-04
3.590000000000000000e+02 1.881659271333147943e-04
3.600000000000000000e+02 1.893885159715809146e-04
3.610000000000000000e+02 1.896068715061359890e-04
3.620000000000000000e+02 1.891366525964202757e-04
3.630000000000000000e+02 1.877604545309690472e-04
3.640000000000000000e+02 1.883670866240654722e-04
3.650000000000000000e+02 1.883276980007444850e-04
3.660000000000000000e+02 1.897788618125873699e-04
3.670000000000000000e+02 1.897996160078321902e-04
3.680000000000000000e+02 1.907742018357834110e-04
3.690000000000000000e+02 1.902081925889862412e-04
3.700000000000000000e+02 1.912859683110374679e-04
3.710000000000000000e+02 1.920380028684063657e-04
3.720000000000000000e+02 1.917873841488259071e-04
3.730000000000000000e+02 1.923677916405567472e-04
3.740000000000000000e+02 1.934169965953372533e-04
3.750000000000000000e+02 1.928132220725214084e-04
3.760000000000000000e+02 1.938647130292672749e-04
3.770000000000000000e+02 1.944634594739958497e-04
3.780000000000000000e+02 1.950303969954491365e-04
3.790000000000000000e+02 1.957200686537370767e-04
3.800000000000000000e+02 1.969315671159124336e-04
3.810000000000000000e+02 1.964802491908409924e-04
3.820000000000000000e+02 1.960508122085690048e-04
3.830000000000000000e+02 1.964536312582698023e-04
3.840000000000000000e+02 1.964782108485873266e-04
3.850000000000000000e+02 1.958224448792667363e-04
3.860000000000000000e+02 1.955977603827761574e-04
3.870000000000000000e+02 1.968074809845513562e-04
3.880000000000000000e+02 1.961296660658910730e-04
3.890000000000000000e+02 1.953727929162335660e-04
3.900000000000000000e+02 1.959236927479374114e-04
3.910000000000000000e+02 1.962693013770280977e-04
3.920000000000000000e+02 1.963862601919983721e-04
3.930000000000000000e+02 1.981456033967960914e-04
3.940000000000000000e+02 1.975666791114803332e-04
3.950000000000000000e+02 1.971161625783967642e-04
3.960000000000000000e+02 1.985648360591367760e-04
3.970000000000000000e+02 1.988558743757855947e-04
3.980000000000000000e+02 1.998991142254298060e-04
3.990000000000000000e+02 2.009157535522290759e-04
4.000000000000000000e+02 2.000338088706512998e-04
4.010000000000000000e+02 2.007019714120862294e-04
4.020000000000000000e+02 2.018111627426797750e-04
4.030000000000000000e+02 2.021974633952250671e-04
4.040000000000000000e+02 2.035584071750312185e-04
4.050000000000000000e+02 2.050185815377373255e-04
4.060000000000000000e+02 2.040522186707214268e-04
4.070000000000000000e+02 2.052629241872438786e-04
4.080000000000000000e+02 2.060870407695588788e-04
4.090000000000000000e+02 2.057468383223200962e-04
4.100000000000000000e+02 2.053845103223743353e-04
4.110000000000000000e+02 2.067640520510629916e-04
4.120000000000000000e+02 2.071705743902778644e-04
4.130000000000000000e+02 2.063180043872557079e-04
4.140000000000000000e+02 2.071272322670587873e-04
4.150000000000000000e+02 2.064183293325627276e-04
4.160000000000000000e+02 2.070511899590053468e-04
4.170000000000000000e+02 2.064814084111594962e-04
4.180000000000000000e+02 2.066283984718348342e-04
4.190000000000000000e+02 2.069570896082822107e-04
4.200000000000000000e+02 2.084081148347295491e-04
4.210000000000000000e+02 2.083327668422456380e-04
4.220000000000000000e+02 2.087719212172403865e-04
4.230000000000000000e+02 2.099266809730915371e-04
4.240000000000000000e+02 2.094553107204745978e-04
4.250000000000000000e+02 2.095162119237996940e-04
4.260000000000000000e+02 2.087746067011120961e-04
4.270000000000000000e+02 2.085485460424688054e-04
4.280000000000000000e+02 2.080379547805704700e-04
4.290000000000000000e+02 2.077869665830977197e-04
4.300000000000000000e+02 2.093037295491889486e-04
4.310000000000000000e+02 2.100504480312694023e-04
4.320000000000000000e+02 2.111391093058265689e-04
4.330000000000000000e+02 2.104424375642996556e-04
4.340000000000000000e+02 2.113361467992706127e-04
4.350000000000000000e+02 2.122998200099482304e-04
4.360000000000000000e+02 2.132860559576389714e-04
4.370000000000000000e+02 2.142162139921382829e-04
4.380000000000000000e+02 2.144734011693072645e-04
4.390000000000000000e+02 2.140661926881471831e-04
4.400000000000000000e+02 2.159106589583058744e-04
4.410000000000000000e+02 2.149985889197732084e-04
4.420000000000000000e+02 2.162231743262589740e-04
4.430000000000000000e+02 2.161562699871050555e-04
4.440000000000000000e+02 2.166257882757778976e-04
4.450000000000000000e+02 2.172816493688771607e-04
4.460000000000000000e+02 2.181743855522999000e-04
4.470000000000000000e+02 2.188134639070811460e-04
4.480000000000000000e+02 2.192157045334879267e-04
4.490000000000000000e+02 2.194455198346388191e-04
4.500000000000000000e+02 2.188218363529244000e-04
4.510000000000000000e+02 2.192937125528851745e-04
4.520000000000000000e+02 2.195630498433235993e-04
4.530000000000000000e+02 2.190697575666914116e-04
4.540000000000000000e+02 2.197850237299404138e-04
4.550000000000000000e+02 2.205243434811247731e-04
4.560000000000000000e+02 2.209599388957015655e-04
4.570000000000000000e+02 2.189124642868270907e-04
4.580000000000000000e+02 2.203658926822961472e-04
4.590000000000000000e+02 2.197638408164639154e-04
4.600000000000000000e+02 2.197635362181176680e-04
4.610000000000000000e+02 2.194561450105180053e-04
4.620000000000000000e+02 2.194807637058602493e-04
4.630000000000000000e+02 2.190396217241539318e-04
4.640000000000000000e+02 2.195795177795213996e-04
4.650000000000000000e+02 2.186891050010855643e-04
4.660000000000000000e+02 2.197658736951712448e-04
4.670000000000000000e+02 2.198190896161634795e-04
4.680000000000000000e+02 2.193164602941378462e-04
4.690000000000000000e+02 2.200654990648408596e-04
4.700000000000000000e+02 2.201416514947236800e-04
4.710000000000000000e+02 2.197319736339390977e-04
4.720000000000000000e+02 2.193440098418443323e-04
4.730000000000000000e+02 2.201244057913779120e-04
4.740000000000000000e+02 2.215497931042878402e-04
4.750000000000000000e+02 2.198817632289545149e-04
4.760000000000000000e+02 2.213454395343687699e-04
4.770000000000000000e+02 2.202354684430206150e-04
4.780000000000000000e+02 2.218256200576727258e-04
4.790000000000000000e+02 2.223439871821891387e-04
4.800000000000000000e+02 2.235005084419796652e-04
4.810000000000000000e+02 2.235529879715248119e-04
4.820000000000000000e+02 2.247931991598139533e-04
4.830000000000000000e+02 2.240701065732961282e-04
4.840000000000000000e+02 2.228942293075320122e-04
4.850000000000000000e+02 2.243783140745083564e-04
4.860000000000000000e+02 2.253835999649558429e-04
4.870000000000000000e+02 2.266846185686856123e-04
4.880000000000000000e+02 2.266398736018452112e-04
4.890000000000000000e+02 2.265442839486966323e-04
4.900000000000000000e+02 2.280827436743058413e-04
4.910000000000000000e+02 2.279432585648663860e-04
4.920000000000000000e+02 2.285079123964440140e-04
4.930000000000000000e+02 2.284580868245418464e-04
4.940000000000000000e+02 2.289043831688174918e-04
4.950000000000000000e+02 2.302979141856136783e-04
4.960000000000000000e+02 2.284080874717409092e-04
4.970000000000000000e+02 2.291634209595083552e-04
4.980000000000000000e+02 2.296746069111046755e-04
4.990000000000000000e+02 2.314915415438082878e-04
5.000000000000000000e+02 2.306731576294400780e-04
5.010000000000000000e+02 2.302793733655021798e-04
5.020000000000000000e+02 2.309987438367143637e-04
5.030000000000000000e+02 2.309791010199366908e-04
5.040000000000000000e+02 2.302598367181684031e-04
5.050000000000000000e+02 2.312698385372793106e-04
5.060000000000000000e+02 2.315878389005756374e-04
5.070000000000000000e+02 2.312822672111686370e-04
5.080000000000000000e+02 2.330027719309924914e-04
5.090000000000000000e+02 2.341874729147162164e-04
5.100000000000000000e+02 2.327563959441539070e-04
5.110000000000000000e+02 2.320678309640862764e-04
5.120000000000000000e+02 2.333158802923304556e-04
5.130000000000000000e+02 2.349127799364534642e-04
5.140000000000000000e+02 2.346422143512976106e-04
5.150000000000000000e+02 2.344829522537933918e-04
5.160000000000000000e+02 2.362966455182687910e-04
5.170000000000000000e+02 2.367499050587733073e-04
5.180000000000000000e+02 2.352211216887716114e-04
5.190000000000000000e+02 2.350030051619913444e-04
5.200000000000000000e+02 2.364190082958424210e-04
5.210000000000000000e+02 2.369099709747193741e-04
5.220000000000000000e+02 2.361666373684391973e-04
5.230000000000000000e+02 2.358337930084271436e-04
5.240000000000000000e+02 2.348105365354516568e-04
5.250000000000000000e+02 2.367961898225173247e-04
5.260000000000000000e+02 2.369216457142252978e-04
5.270000000000000000e+02 2.377520048637773325e-04
5.280000000000000000e+02 2.388830359066598981e-04
5.290000000000000000e+02 2.384128700179265106e-04
5.300000000000000000e+02 2.389332841379356032e-04
5.310000000000000000e+02 2.372998015970833674e-04
5.320000000000000000e+02 2.371744812561130209e-04
5.330000000000000000e+02 2.379232334450396310e-04
5.340000000000000000e+02 2.382322200852623030e-04
5.350000000000000000e+02 2.389143808820366950e-04
5.360000000000000000e+02 2.401320316948872720e-04
5.370000000000000000e+02 2.393279826421941840e-04
5.380000000000000000e+02 2.388260351216900412e-04
5.390000000000000000e+02 2.396366699659294619e-04
5.400000000000000000e+02 2.409789143664521106e-04
5.410000000000000000e+02 2.412305161964521118e-04
5.420000000000000000e+02 2.409751206231737378e-04
5.430000000000000000e+02 2.415983538121665086e-04
5.440000000000000000e+02 2.422032668922194235e-04
5.450000000000000000e+02 2.417313189741984475e-04
5.460000000000000000e+02 2.408852632961627673e-04
5.470000000000000000e+02 2.426905757213090821e-04
5.480000000000000000e+02 2.420784193442781151e-04
5.490000000000000000e+02 2.429837207342868690e-04
5.500000000000000000e+02 2.426113815374970970e-04
5.510000000000000000e+02 2.405766566571115753e-04
5.520000000000000000e+02 2.421701924869259148e-04
5.530000000000000000e+02 2.431733970518069172e-04
5.540000000000000000e+02 2.433466355324565467e-04
5.550000000000000000e+02 2.445358640557371592e-04
5.560000000000000000e+02 2.449367398309972065e-04
5.570000000000000000e+02 2.470633920761799020e-04
5.580000000000000000e+02 2.455506194563006860e-04
5.590000000000000000e+02 2.463362242134051064e-04
5.600000000000000000e+02 2.467722171613987553e-04
5.610000000000000000e+02 2.462139106456402303e-04
5.620000000000000000e+02 2.458415417631542557e-04
5.630000000000000000e+02 2.470663618442671102e-04
5.640000000000000000e+02 2.468345230358328811e-04
5.650000000000000000e+02 2.462906321045788319e-04
5.660000000000000000e+02 2.464584719206564878e-04
5.670000000000000000e+02 2.462276039807126784e-04
5.680000000000000000e+02 2.484123887443676895e-04
5.690000000000000000e+02 2.470999008021251397e-04
5.700000000000000000e+02 2.477252522880981451e-04
5.710000000000000000e+02 2.475236161904994852e-04
5.720000000000000000e+02 2.470583366621932728e-04
5.730000000000000000e+02 2.473808325066340573e-04
5.740000000000000000e+02 2.469187991938889609e-04
5.750000000000000000e+02 2.476943988280094809e-04
5.760000000000000000e+02 2.477559109695329372e-04
5.770000000000000000e+02 2.479108559126492984e-04
5.780000000000000000e+02 2.463326534996151387e-04
5.790000000000000000e+02 2.482880106895313374e-04
5.800000000000000000e+02 2.472140907334514546e-04
5.810000000000000000e+02 2.470828689027448162e-04
5.820000000000000000e+02 2.475658267849513666e-04
5.830000000000000000e+02 2.482632702748029498e-04
5.840000000000000000e+02 2.479199883389988403e-04
5.850000000000000000e+02 2.485071015780741018e-04
5.860000000000000000e+02 2.495322828246872900e-04
5.870000000000000000e+02 2.507518984181437657e-04
5.880000000000000000e+02 2.512265361469932399e-04
5.890000000000000000e+02 2.505114377954125262e-04
5.900000000000000000e+02 2.518587601997632056e-04
5.910000000000000000e+02 2.526562885215044053e-04
5.920000000000000000e+02 2.521713023415784582e-04
5.930000000000000000e+02 2.530028931995965350e-04
5.940000000000000000e+02 2.509786118516283988e-04
5.950000000000000000e+02 2.529523035397874078e-04
5.960000000000000000e+02 2.528564896017052943e-04
5.970000000000000000e+02 2.530549899214808401e-04
5.980000000000000000e+02 2.521712696878803533e-04
5.990000000000000000e+02 2.538704212497603415e-04
6.000000000000000000e+02 2.529172966720454009e-04
6.010000000000000000e+02 2.531546941540406266e-04
6.020000000000000000e+02 2.530829516597112808e-04
6.030000000000000000e+02 2.536087045916433328e-04
6.040000000000000000e+02 2.552561810110570923e-04
6.050000000000000000e+02 2.542445483644913888e-04
6.060000000000000000e+02 2.552630480151127585e-04
6.070000000000000000e+02 2.536208839294182412e-04
6.080000000000000000e+02 2.521795184151677809e-04
6.090000000000000000e+02 2.522129050860742608e-04
6.100000000000000000e+02 2.529856341934162657e-04
6.110000000000000000e+02 2.531083218300141796e-04
6.120000000000000000e+02 2.533238297735180308e-04
6.130000000000000000e+02 2.547286161549705964e-04
6.140000000000000000e+02 2.556641282431567188e-04
6.150000000000000000e+02 2.551771357272102731e-04
6.160000000000000000e+02 2.552633179345105722e-04
6.170000000000000000e+02 2.553542784909879288e-04
6.180000000000000000e+02 2.549858985711782929e-04
6.190000000000000000e+02 2.558101227861111181e-04
6.200000000000000000e+02 2.551942452727991241e-04
6.210000000000000000e+02 2.557302069884148177e-04
6.220000000000000000e+02 2.555293640568067270e-04
6.230000000000000000e+02 2.566534610100687942e-04
6.240000000000000000e+02 2.559366511494891023e-04
6.250000000000000000e+02 2.564046636076318516e-04
6.260000000000000000e+02 2.562768807345502291e-04
6.270000000000000000e+02 2.558905370119416876e-04
6.280000000000000000e+02 2.569532131690043441e-04
6.290000000000000000e+02 2.583841626596022163e-04
6.300000000000000000e+02 2.569497719038123761e-04
6.310000000000000000e+02 2.578948021260071572e-04
6.320000000000000000e+02 2.577334922732702773e-04
6.330000000000000000e+02 2.592566257291410541e-04
6.340000000000000000e+02 2.598350904543830601e-04
6.350000000000000000e+02 2.586290521550752551e-04
6.360000000000000000e+02 2.597182988742526401e-04
6.370000000000000000e+02 2.583890446629122936e-04
6.380000000000000000e+02 2.584937163000790858e-04
6.390000000000000000e+02 2.588219309804575550e-04
6.400000000000000000e+02 2.585237690212834798e-04
6.410000000000000000e+02 2.597899408101237784e-04
6.420000000000000000e+02 2.614575124786050041e-04
6.430000000000000000e+02 2.608804346554664680e-04
6.440000000000000000e+02 2.617248443773391160e-04
6.450000000000000000e+02 2.607991235024357439e-04
6.460000000000000000e+02 2.606286474880105267e-04
6.470000000000000000e+02 2.623903500536369968e-04
6.480000000000000000e+02 2.624230187968762916e-04
6.490000000000000000e+02 2.612984465576803509e-04
6.500000000000000000e+02 2.609301866306676636e-04
6.510000000000000000e+02 2.612445461057551210e-04
6.520000000000000000e+02 2.606121508946445623e-04
6.530000000000000000e+02 2.622393091419689083e-04
6.540000000000000000e+02 2.609270473029488206e-04
6.550000000000000000e+02 2.618367170705397651e-04
6.560000000000000000e+02 2.620559347097679978e-04
6.570000000000000000e+02 2.616008834928490998e-04
6.580000000000000000e+02 2.610508758794309169e-04
6.590000000000000000e+02 2.638140739871927478e-04
6.600000000000000000e+02 2.642784776936502674e-04
6.610000000000000000e+02 2.657967847286755959e-04
6.620000000000000000e+02 2.651152920809517763e-04
6.630000000000000000e+02 2.637240731952619288e-04
6.640000000000000000e+02 2.647349167705900829e-04
6.650000000000000000e+02 2.642870111341573836e-04
6.660000000000000000e+02 2.651704434774585428e-04
6.670000000000000000e+02 2.647022531278639531e-04
6.680000000000000000e+02 2.672924319194862081e-04
6.690000000000000000e+02 2.670262270377220248e-04
6.700000000000000000e+02 2.680252691211508975e-04
6.710000000000000000e+02 2.680880176079464446e-04
6.720000000000000000e+02 2.700817363621477217e-04
6.730000000000000000e+02 2.686326303612065775e-04
6.740000000000000000e+02 2.689678192454114745e-04
6.750000000000000000e+02 2.678891922227169607e-04
6.760000000000000000e+02 2.691985160865196635e-04
6.770000000000000000e+02 2.694071730449348716e-04
6.780000000000000000e+02 2.687619569489200729e-04
6.790000000000000000e+02 2.689678931010322039e-04
6.800000000000000000e+02 2.698330819815478285e-04
6.810000000000000000e+02 2.679395027805808651e-04
6.820000000000000000e+02 2.676033549863812656e-04
6.830000000000000000e+02 2.669339592203434685e-04
6.840000000000000000e+02 2.670875207447078251e-04
6.850000000000000000e+02 2.671853438781924932e-04
6.860000000000000000e+02 2.672979424878042711e-04
6.870000000000000000e+02 2.687503744161772617e-04
6.880000000000000000e+02 2.678083579765719096e-04
6.890000000000000000e+02 2.668701937945744613e-04
6.900000000000000000e+02 2.682665074523481229e-04
6.910000000000000000e+02 2.677806891057098464e-04
6.920000000000000000e+02 2.679778522223101632e-04
6.930000000000000000e+02 2.682485910452597289e-04
6.940000000000000000e+02 2.698199898401246600e-04
6.950000000000000000e+02 2.693119880185495130e-04
6.960000000000000000e+02 2.699951275341950976e-04
6.970000000000000000e+02 2.711112147963152153e-04
6.980000000000000000e+02 2.707879896744520170e-04
6.990000000000000000e+02 2.718474913321491482e-04
7.000000000000000000e+02 2.730819807959161596e-04
7.010000000000000000e+02 2.723835704870689999e-04
7.020000000000000000e+02 2.719150596656100326e-04
7.030000000000000000e+02 2.720396225944790255e-04
7.040000000000000000e+02 2.732308342242205303e-04
7.050000000000000000e+02 2.729429796075026767e-04
7.060000000000000000e+02 2.735411123252850076e-04
7.070000000000000000e+02 2.737458394795227231e-04
7.080000000000000000e+02 2.747688165008609507e-04
7.090000000000000000e+02 2.743590165693268637e-04
7.100000000000000000e+02 2.737007336557649223e-04
7.110000000000000000e+02 2.743118006932702686e-04
7.120000000000000000e+02 2.735360937858197727e-04
7.130000000000000000e+02 2.746635486215980981e-04
7.140000000000000000e+02 2.757567498061769934e-04
7.150000000000000000e+02 2.746963478376885032e-04
7.160000000000000000e+02 2.757679439877182932e-04
7.170000000000000000e+02 2.741297051366570897e-04
7.180000000000000000e+02 2.749063345720893802e-04
7.190000000000000000e+02 2.731994645103975514e-04
7.200000000000000000e+02 2.743090357240588893e-04
7.210000000000000000e+02 2.744663536269039208e-04
7.220000000000000000e+02 2.742480475708222211e-04
7.230000000000000000e+02 2.742489695652891059e-04
7.240000000000000000e+02 2.761253922874208665e-04
7.250000000000000000e+02 2.747556248247786216e-04
7.260000000000000000e+02 2.746313272275742543e-04
7.270000000000000000e+02 2.747947864778256533e-04
7.280000000000000000e+02 2.757006329377793699e-04
7.290000000000000000e+02 2.759775158565403765e-04
7.300000000000000000e+02 2.761815985674735989e-04
7.310000000000000000e+02 2.753861766189139070e-04
7.320000000000000000e+02 2.777628840154228499e-04
7.330000000000000000e+02 2.784816416551270544e-04
7.340000000000000000e+02 2.772831966672463120e-04
7.350000000000000000e+02 2.777349508229103362e-04
7.360000000000000000e+02 2.772580637332422698e-04
7.370000000000000000e+02 2.773368285030071824e-04
7.380000000000000000e+02 2.775996763154219699e-04
7.390000000000000000e+02 2.772944254025785926e-04
7.400000000000000000e+02 2.776247762900927243e-04
7.410000000000000000e+02 2.777394184638906464e-04
7.420000000000000000e+02 2.775522643931488962e-04
7.430000000000000000e+02 2.781980978266961340e-04
7.440000000000000000e+02 2.781174736889202624e-04
7.450000000000000000e+02 2.802344169323675105e-04
7.460000000000000000e+02 2.786116972354171946e-04
7.470000000000000000e+02 2.799909395588964854e-04
7.480000000000000000e+02 2.793724087213564095e-04
7.490000000000000000e+02 2.792667729313712158e-04
7.500000000000000000e+02 2.804955914335796456e-04
7.510000000000000000e+02 2.823398914346383947e-04
7.520000000000000000e+02 2.825650590378080921e-04
7.530000000000000000e+02 2.822148414343824893e-04
7.540000000000000000e+02 2.833588016399393728e-04
7.550000000000000000e+02 2.850990302945547090e-04
7.560000000000000000e+02 2.837878845115651997e-04
7.570000000000000000e+02 2.845520493258766985e-04
7.580000000000000000e+02 2.848922241796004702e-04
7.590000000000000000e+02 2.830614240721103601e-04
7.600000000000000000e+02 2.831212534924468704e-04
7.610000000000000000e+02 2.845469666092273887e-04
7.620000000000000000e+02 2.828354934777479752e-04
7.630000000000000000e+02 2.832356900674846620e-04
7.640000000000000000e+02 2.850504353965875072e-04
7.650000000000000000e+02 2.839857797830578397e-04
7.660000000000000000e+02 2.850608384959455940e-04
7.670000000000000000e+02 2.837714680559954824e-04
7.680000000000000000e+02 2.842803178357603509e-04
7.690000000000000000e+02 2.845107455775476427e-04
7.700000000000000000e+02 2.837518091710339438e-04
7.710000000000000000e+02 2.852133104113259649e-04
7.720000000000000000e+02 2.858733925256596187e-04
7.730000000000000000e+02 2.844094721352573296e-04
7.740000000000000000e+02 2.853712399684034135e-04
7.750000000000000000e+02 2.860077614263380652e-04
7.760000000000000000e+02 2.859092656857251460e-04
7.770000000000000000e+02 2.863571916805916426e-04
7.780000000000000000e+02 2.861171377316850100e-04
7.790000000000000000e+02 2.872919516672333643e-04
7.800000000000000000e+02 2.881528396371817375e-04
7.810000000000000000e+02 2.893893602892055102e-04
7.820000000000000000e+02 2.884395690095591233e-04
7.830000000000000000e+02 2.878409023645334998e-04
7.840000000000000000e+02 2.872278971436542129e-04
7.850000000000000000e+02 2.879065206143908897e-04
7.860000000000000000e+02 2.882999108104857336e-04
7.870000000000000000e+02 2.889453581671986779e-04
7.880000000000000000e+02 2.896190805005968228e-04
7.890000000000000000e+02 2.896852489595663164e-04
7.900000000000000000e+02 2.891415724579688611e-04
7.910000000000000000e+02 2.898418416958909285e-04
7.920000000000000000e+02 2.908281808710826795e-04
7.930000000000000000e+02 2.903117025303853394e-04
7.940000000000000000e+02 2.900795193391381534e-04
7.950000000000000000e+02 2.900010637406746482e-04
7.960000000000000000e+02 2.896148032814795234e-04
7.970000000000000000e+02 2.895659077307307337e-04
7.980000000000000000e+02 2.905315313061614612e-04
7.990000000000000000e+02 2.912508501547242390e-04
8.000000000000000000e+02 2.912975132188033787e-04
8.010000000000000000e+02 2.914298714560461644e-04
8.020000000000000000e+02 2.920638242261219906e-04
8.030000000000000000e+02 2.929855853262797964e-04
8.040000000000000000e+02 2.933453288491371345e-04
8.050000000000000000e+02 2.918019612306764965e-04
8.060000000000000000e+02 2.914035962977771892e-04
8.070000000000000000e+02 2.907744315009141468e-04
8.080000000000000000e+02 2.939669237591623682e-04
8.090000000000000000e+02 2.928478390713280940e-04
8.100000000000000000e+02 2.942804879469202903e-04
8.110000000000000000e+02 2.948452493783999427e-04
8.120000000000000000e+02 2.951115031112259935e-04
8.130000000000000000e+02 2.957336901595136952e-04
8.140000000000000000e+02 2.954487756180050649e-04
8.150000000000000000e+02 2.952591483768247970e-04
8.160000000000000000e+02 2.966567716231468480e-04
8.170000000000000000e+02 2.963550878488112241e-04
8.180000000000000000e+02 2.963912174235227236e-04
8.190000000000000000e+02 2.957491950394521354e-04
8.200000000000000000e+02 2.951300592929537950e-04
8.210000000000000000e+02 2.953296666349883044e-04
8.220000000000000000e+02 2.951026953369970682e-04
8.230000000000000000e+02 2.955054569344465489e-04
8.240000000000000000e+02 2.944447981752464799e-04
8.250000000000000000e+02 2.959755005350851384e-04
8.260000000000000000e+02 2.959469437280439017e-04
8.270000000000000000e+02 2.971350270863086940e-04
8.280000000000000000e+02 2.972176949192484579e-04
8.290000000000000000e+02 2.979053606576637829e-04
8.300000000000000000e+02 2.972930566221936022e-04
8.310000000000000000e+02 2.974134459466851307e-04
8.320000000000000000e+02 2.970886920279799362e-04
8.330000000000000000e+02 2.971878849660848686e-04
8.340000000000000000e+02 2.976636150389971478e-04
8.350000000000000000e+02 2.993348123923776031e-04
8.360000000000000000e+02 2.986439330982471269e-04
8.370000000000000000e+02 2.990005112860085433e-04
8.380000000000000000e+02 2.981976032354257409e-04
8.390000000000000000e+02 2.984892776369984960e-04
8.400000000000000000e+02 2.996349431389560506e-04
8.410000000000000000e+02 2.989039129197637590e-04
8.420000000000000000e+02 2.994694030961909904e-04
8.430000000000000000e+02 2.992536974187162322e-04
8.440000000000000000e+02 3.008549274002354128e-04
8.450000000000000000e+02 3.003848634790955196e-04
8.460000000000000000e+02 2.992415530774836089e-04
8.470000000000000000e+02 2.991443849548765634e-04
8.480000000000000000e+02 2.997613781161446826e-04
8.490000000000000000e+02 3.010644316390839346e-04
8.500000000000000000e+02 3.012684925875094540e-04
8.510000000000000000e+02 3.003744460824836222e-04
8.520000000000000000e+02 3.003680293128723009e-04
8.530000000000000000e+02 3.011079782427584475e-04
8.540000000000000000e+02 3.017988537789628245e-04
8.550000000000000000e+02 3.027048147214691023e-04
8.560000000000000000e+02 3.032865419926063363e-04
8.570000000000000000e+02 3.032807977237772902e-04
8.580000000000000000e+02 3.031295089552575681e-04
8.590000000000000000e+02 3.046225620428575655e-04
8.600000000000000000e+02 3.035928106025144631e-04
8.610000000000000000e+02 3.035769101457489773e-04
8.620000000000000000e+02 3.054230805756025929e-04
8.630000000000000000e+02 3.045247490313210447e-04
8.640000000000000000e+02 3.052443331960288529e-04
8.650000000000000000e+02 3.046894692308715208e-04
8.660000000000000000e+02 3.048836108568497372e-04
8.670000000000000000e+02 3.057621288213226455e-04
8.680000000000000000e+02 3.043625518354070927e-04
8.690000000000000000e+02 3.044496951388028414e-04
8.700000000000000000e+02 3.039660274698341566e-04
8.710000000000000000e+02 3.055546040192587453e-04
8.720000000000000000e+02 3.058951286601231754e-04
8.730000000000000000e+02 3.061760749487236772e-04
8.740000000000000000e+02 3.059928538554437544e-04
8.750000000000000000e+02 3.063602221904552581e-04
8.760000000000000000e+02 3.078773712575310316e-04
8.770000000000000000e+02 3.076505442257697256e-04
8.780000000000000000e+02 3.067340084915512336e-04
8.790000000000000000e+02 3.053334177095125669e-04
8.800000000000000000e+02 3.066224875845119293e-04
8.810000000000000000e+02 3.065994243189240284e-04
8.820000000000000000e+02 3.068532205870037931e-04
8.830000000000000000e+02 3.077475603238617784e-04
8.840000000000000000e+02 3.090060456061710908e-04
8.850000000000000000e+02 3.101464362309119295e-04
8.860000000000000000e+02 3.102033126588764345e-04
8.870000000000000000e+02 3.122396210112940006e-04
8.880000000000000000e+02 3.118313175759261039e-04
8.890000000000000000e+02 3.103943948265022994e-04
8.900000000000000000e+02 3.120474896365353938e-04
8.910000000000000000e+02 3.133459675913225244e-04
8.920000000000000000e+02 3.125305345067171982e-04
8.930000000000000000e+02 3.125042772754327725e-04
8.940000000000000000e+02 3.121681143285588104e-04
8.950000000000000000e+02 3.130914788534819196e-04
8.960000000000000000e+02 3.146846693650918623e-04
8.970000000000000000e+02 3.139101472606740679e-04
8.980000000000000000e+02 3.144078520217399452e-04
8.990000000000000000e+02 3.144543941738352092e-04
9.000000000000000000e+02 3.135317654557555605e-04
9.010000000000000000e+02 3.122659585441011276e-04
9.020000000000000000e+02 3.133389864783705896e-04
9.030000000000000000e+02 3.140130534080637012e-04
9.040000000000000000e+02 3.146027444757809165e-04
9.050000000000000000e+02 3.151503328080135051e-04
9.060000000000000000e+02 3.153498299654152208e-04
9.070000000000000000e+02 3.162766196754319449e-04
9.080000000000000000e+02 3.150676004022873872e-04
9.090000000000000000e+02 3.150035455269227947e-04
9.100000000000000000e+02 3.158203518141778016e-04
9.110000000000000000e+02 3.161858489164484989e-04
9.120000000000000000e+02 3.173687590722729752e-04
9.130000000000000000e+02 3.188357010563589670e-04
9.140000000000000000e+02 3.187153107708486847e-04
9.150000000000000000e+02 3.190796104170844994e-04
9.160000000000000000e+02 3.183944921193865296e-04
9.170000000000000000e+02 3.188465713005149416e-04
9.180000000000000000e+02 3.194119198642959216e-04
9.190000000000000000e+02 3.184121554112058364e-04
9.200000000000000000e+02 3.192793014965720697e-04
9.210000000000000000e+02 3.190483744202341279e-04
9.220000000000000000e+02 3.203512666808665948e-04
9.230000000000000000e+02 3.198594901207515214e-04
9.240000000000000000e+02 3.193059969827807083e-04
9.250000000000000000e+02 3.205521644536656273e-04
9.260000000000000000e+02 3.200143199874175607e-04
9.270000000000000000e+02 3.200801286353555531e-04
9.280000000000000000e+02 3.181124630056431091e-04
9.290000000000000000e+02 3.184081011303690036e-04
9.300000000000000000e+02 3.201102552908194863e-04
9.310000000000000000e+02 3.200798356713246973e-04
9.320000000000000000e+02 3.197168334045831918e-04
9.330000000000000000e+02 3.199376658057228478e-04
9.340000000000000000e+02 3.199586333547740241e-04
9.350000000000000000e+02 3.214581230189740742e-04
9.360000000000000000e+02 3.229248881672615659e-04
9.370000000000000000e+02 3.218162827092027243e-04
9.380000000000000000e+02 3.230476334445602318e-04
9.390000000000000000e+02 3.234659431247617666e-04
9.400000000000000000e+02 3.228130607890240160e-04
9.410000000000000000e+02 3.238728594553831153e-04
9.420000000000000000e+02 3.242190938314329601e-04
9.430000000000000000e+02 3.246004747878187364e-04
9.440000000000000000e+02 3.249802660312105652e-04
9.450000000000000000e+02 3.254378136081421567e-04
9.460000000000000000e+02 3.259814298545392602e-04
9.470000000000000000e+02 3.257621515930002537e-04
9.480000000000000000e+02 3.269466247069538608e-04
9.490000000000000000e+02 3.272827257845187764e-04
9.500000000000000000e+02 3.289710955973715496e-04
9.510000000000000000e+02 3.292668574182214800e-04
9.520000000000000000e+02 3.280578955586289707e-04
9.530000000000000000e+02 3.273798849134766263e-04
9.540000000000000000e+02 3.285664039979906310e-04
9.550000000000000000e+02 3.296529190519988323e-04
9.560000000000000000e+02 3.298291081937977957e-04
9.570000000000000000e+02 3.294421179458119657e-04
9.580000000000000000e+02 3.299786967745807183e-04
9.590000000000000000e+02 3.295327217964112167e-04
9.600000000000000000e+02 3.285194260609902977e-04
9.610000000000000000e+02 3.283798325749849286e-04
9.620000000000000000e+02 3.285980211089843932e-04
9.630000000000000000e+02 3.297040863117949505e-04
9.640000000000000000e+02 3.295217924777377747e-04
9.650000000000000000e+02 3.299913080986168964e-04
9.660000000000000000e+02 3.277414497592393916e-04
9.670000000000000000e+02 3.268474093039558642e-04
9.680000000000000000e+02 3.263090483568794773e-04
9.690000000000000000e+02 3.283916155469789825e-04
9.700000000000000000e+02 3.282290050125005916e-04
9.710000000000000000e+02 3.279579726464877968e-04
9.720000000000000000e+02 3.274701721450119568e-04
9.730000000000000000e+02 3.283571099825649802e-04
9.740000000000000000e+02 3.282464490773711295e-04
9.750000000000000000e+02 3.293979400927736913e-04
9.760000000000000000e+02 3.300893848696250920e-04
9.770000000000000000e+02 3.296894275968378007e-04
9.780000000000000000e+02 3.290778494356193847e-04
9.790000000000000000e+02 3.301722537808378117e-04
9.800000000000000000e+02 3.301330965337255985e-04
9.810000000000000000e+02 3.301203579756537216e-04
9.820000000000000000e+02 3.313595925318996139e-04
9.830000000000000000e+02 3.325441886922933369e-04
9.840000000000000000e+02 3.319029392647342624e-04
9.850000000000000000e+02 3.309983165254363861e-04
9.860000000000000000e+02 3.319799700562709745e-04
9.870000000000000000e+02 3.303435176145572052e-04
9.880000000000000000e+02 3.326228297884249036e-04
9.890000000000000000e+02 3.314394650007416836e-04
9.900000000000000000e+02 3.310938582015939056e-04
9.910000000000000000e+02 3.319272806225205368e-04
9.920000000000000000e+02 3.318710121554364553e-04
9.930000000000000000e+02 3.313411587301936189e-04
9.940000000000000000e+02 3.313210273051638618e-04
9.950000000000000000e+02 3.313700155764483278e-04
9.960000000000000000e+02 3.335425438645572708e-04
9.970000000000000000e+02 3.335271083221985080e-04
9.980000000000000000e+02 3.330827684820103474e-04
9.990000000000000000e+02 3.329177040024481455e-04
1.000000000000000000e+03 3.330789473051577092e-04
