# Time, MAD(r) for 10000 flights; 1000 steps per flight; seed: 23; mu: 2.20
1.000000000000000000e+00 6.143081865538127089e-06
2.000000000000000000e+00 1.540996432969135035e-05
3.000000000000000000e+00 2.267492208441891074e-05
4.000000000000000000e+00 2.945118090318634476e-05
5.000000000000000000e+00 3.597551899822720749e-05
6.000000000000000000e+00 4.116496886204414193e-05
7.000000000000000000e+00 4.693559848741955251e-05
8.000000000000000000e+00 5.371539998441547204e-05
9.000000000000000000e+00 5.887059335429108576e-05
1.000000000000000000e+01 6.397106166575212288e-05
1.100000000000000000e+01 6.845829137508325525e-05
1.200000000000000000e+01 7.427873363224108002e-05
1.300000000000000000e+01 7.900334984125632182e-05
1.400000000000000000e+01 8.528627299339108618e-05
1.500000000000000000e+01 9.166784764049086673e-05
1.600000000000000000e+01 9.581994576794827649e-05
1.700000000000000000e+01 1.022333434533603379e-04
1.800000000000000000e+01 1.067083299991982781e-04
1.900000000000000000e+01 1.130410380860486419e-04
2.000000000000000000e+01 1.171590346598445280e-04
2.100000000000000000e+01 1.213508161715807815e-04
2.200000000000000000e+01 1.278515474374303002e-04
2.300000000000000000e+01 1.326424050683310180e-04
2.400000000000000000e+01 1.372400785530293772e-04
2.500000000000000000e+01 1.418074856128725113e-04
2.600000000000000000e+01 1.459012704797480126e-04
2.700000000000000000e+01 1.501798452768141599e-04
2.800000000000000000e+01 1.561520417700724321e-04
2.900000000000000000e+01 1.613625370106814920e-04
3.000000000000000000e+01 1.642891317337841716e-04
3.100000000000000000e+01 1.679874279751883859e-04
3.200000000000000000e+01 1.719411755225827955e-04
3.300000000000000000e+01 1.763837083060640105e-04
3.400000000000000000e+01 1.821708729275742992e-04
3.500000000000000000e+01 1.871142055764438324e-04
3.600000000000000000e+01 1.946826042196267014e-04
3.700000000000000000e+01 1.974172287452966544e-04
3.800000000000000000e+01 2.015433133780902331e-04
3.900000000000000000e+01 2.058995511100483863e-04
4.000000000000000000e+01 2.094768251376384984e-04
4.100000000000000000e+01 2.148238986182254037e-04
4.200000000000000000e+01 2.180714897675604578e-04
4.300000000000000000e+01 2.240876533039350225e-04
4.400000000000000000e+01 2.278728760085385521e-04
4.500000000000000000e+01 2.338842168128766924e-04
4.600000000000000000e+01 2.386131291860445257e-04
4.700000000000000000e+01 2.439092627041334021e-04
4.800000000000000000e+01 2.472749637518812695e-04
4.900000000000000000e+01 2.513006517602860233e-04
5.000000000000000000e+01 2.564268940451675167e-04
5.100000000000000000e+01 2.595076013701053184e-04
5.200000000000000000e+01 2.609939088159682276e-04
5.300000000000000000e+01 2.644330744843496309e-04
5.400000000000000000e+01 2.713917970575716954e-04
5.500000000000000000e+01 2.751595482970574142e-04
5.600000000000000000e+01 2.793501015717042135e-04
5.700000000000000000e+01 2.839607863218555407e-04
5.800000000000000000e+01 2.883075069761734609e-04
5.900000000000000000e+01 2.894837797594873325e-04
6.000000000000000000e+01 2.930883690705534663e-04
6.100000000000000000e+01 3.001680182866523199e-04
6.200000000000000000e+01 3.034682860160037299e-04
6.300000000000000000e+01 3.096546257879930126e-04
6.400000000000000000e+01 3.133881105484661624e-04
6.500000000000000000e+01 3.156563398608609045e-04
6.600000000000000000e+01 3.210239709163269163e-04
6.700000000000000000e+01 3.245844565881927588e-04
6.800000000000000000e+01 3.278971732122083651e-04
6.900000000000000000e+01 3.333281129923749823e-04
7.000000000000000000e+01 3.373883351977961581e-04
7.100000000000000000e+01 3.398609199463455436e-04
7.200000000000000000e+01 3.437237892940547455e-04
7.300000000000000000e+01 3.481134567270926616e-04
7.400000000000000000e+01 3.519361515230106231e-04
7.500000000000000000e+01 3.557575181712683198e-04
7.600000000000000000e+01 3.590941531379365911e-04
7.700000000000000000e+01 3.627296477307242030e-04
7.800000000000000000e+01 3.637447781713601868e-04
7.900000000000000000e+01 3.675912811333458354e-04
8.000000000000000000e+01 3.707363217368452642e-04
8.100000000000000000e+01 3.736853823270876976e-04
8.200000000000000000e+01 3.797094762390198380e-04
8.300000000000000000e+01 3.852992370174451384e-04
8.400000000000000000e+01 3.893911462505848841e-04
8.500000000000000000e+01 3.935184050348455431e-04
8.600000000000000000e+01 3.978412918380604601e-04
8.700000000000000000e+01 4.014765824317281752e-04
8.800000000000000000e+01 4.052086244975030812e-04
8.900000000000000000e+01 4.083110070966549298e-04
9.000000000000000000e+01 4.124110194049114943e-04
9.100000000000000000e+01 4.185046515751296155e-04
9.200000000000000000e+01 4.230791738517766494e-04
9.300000000000000000e+01 4.249512052139829774e-04
9.400000000000000000e+01 4.282313371816195394e-04
9.500000000000000000e+01 4.309689156215401194e-04
9.600000000000000000e+01 4.353545800601666673e-04
9.700000000000000000e+01 4.405748044236399504e-04
9.800000000000000000e+01 4.438988043976118585e-04
9.900000000000000000e+01 4.524389558281715425e-04
1.000000000000000000e+02 4.573557118128624517e-04
1.010000000000000000e+02 4.609501839832274260e-04
1.020000000000000000e+02 4.638405047665318266e-04
1.030000000000000000e+02 4.707915654183362554e-04
1.040000000000000000e+02 4.742435418423500198e-04
1.050000000000000000e+02 4.775707385003955712e-04
1.060000000000000000e+02 4.809068822067267450e-04
1.070000000000000000e+02 4.847525646654802503e-04
1.080000000000000000e+02 4.927854819131771485e-04
1.090000000000000000e+02 4.948143467566018354e-04
1.100000000000000000e+02 4.991047904416031191e-04
1.110000000000000000e+02 4.998533451126033981e-04
1.120000000000000000e+02 5.013576860436561467e-04
1.130000000000000000e+02 5.071908304866310988e-04
1.140000000000000000e+02 5.123994106537162977e-04
1.150000000000000000e+02 5.129142698011634549e-04
1.160000000000000000e+02 5.141646747081841853e-04
1.170000000000000000e+02 5.217904712400891088e-04
1.180000000000000000e+02 5.266249849723503773e-04
1.190000000000000000e+02 5.316344615336754398e-04
1.200000000000000000e+02 5.370709592199723924e-04
1.210000000000000000e+02 5.427107259603109217e-04
1.220000000000000000e+02 5.433895185808887592e-04
1.230000000000000000e+02 5.449018494050007419e-04
1.240000000000000000e+02 5.496069566329846428e-04
1.250000000000000000e+02 5.508346418518748639e-04
1.260000000000000000e+02 5.522800855701579924e-04
1.270000000000000000e+02 5.560357662197586192e-04
1.280000000000000000e+02 5.637949894906115747e-04
1.290000000000000000e+02 5.659879087626048817e-04
1.300000000000000000e+02 5.687015400660784623e-04
1.310000000000000000e+02 5.738847093979518223e-04
1.320000000000000000e+02 5.761772978061882209e-04
1.330000000000000000e+02 5.807094589051883717e-04
1.340000000000000000e+02 5.866581455509304590e-04
1.350000000000000000e+02 5.864688385714638243e-04
1.360000000000000000e+02 5.893953606585756403e-04
1.370000000000000000e+02 5.888911397507149304e-04
1.380000000000000000e+02 5.923428951241935594e-04
1.390000000000000000e+02 5.921883120770699178e-04
1.400000000000000000e+02 5.977039552760934644e-04
1.410000000000000000e+02 6.026219065692886220e-04
1.420000000000000000e+02 6.056967861580443398e-04
1.430000000000000000e+02 6.116283414840857115e-04
1.440000000000000000e+02 6.143510992209007694e-04
1.450000000000000000e+02 6.180286589194104209e-04
1.460000000000000000e+02 6.199358096112220912e-04
1.470000000000000000e+02 6.236441131189781814e-04
1.480000000000000000e+02 6.256648591418486520e-04
1.490000000000000000e+02 6.310705214065234943e-04
1.500000000000000000e+02 6.317337443169525725e-04
1.510000000000000000e+02 6.340105290387837650e-04
1.520000000000000000e+02 6.361915611874928867e-04
1.530000000000000000e+02 6.433585519992583842e-04
1.540000000000000000e+02 6.415151288261041352e-04
1.550000000000000000e+02 6.447369830141570822e-04
1.560000000000000000e+02 6.464266310730972832e-04
1.570000000000000000e+02 6.513678253858377204e-04
1.580000000000000000e+02 6.569892936505169556e-04
1.590000000000000000e+02 6.612770756045565149e-04
1.600000000000000000e+02 6.602151897627612977e-04
1.610000000000000000e+02 6.627386595916926349e-04
1.620000000000000000e+02 6.682619637001325705e-04
1.630000000000000000e+02 6.705923722500905810e-04
1.640000000000000000e+02 6.772089282870372975e-04
1.650000000000000000e+02 6.813672073850443557e-04
1.660000000000000000e+02 6.849440128149128070e-04
1.670000000000000000e+02 6.870501571196342824e-04
1.680000000000000000e+02 6.877311293853099940e-04
1.690000000000000000e+02 6.883456852518452136e-04
1.700000000000000000e+02 6.952253680609767148e-04
1.710000000000000000e+02 6.976538023877156339e-04
1.720000000000000000e+02 7.011736140600177084e-04
1.730000000000000000e+02 7.023778322983044008e-04
1.740000000000000000e+02 7.035319188880022247e-04
1.750000000000000000e+02 7.090855765783232040e-04
1.760000000000000000e+02 7.105750176642029649e-04
1.770000000000000000e+02 7.165235546710618450e-04
1.780000000000000000e+02 7.219195849205626257e-04
1.790000000000000000e+02 7.280631410940617120e-04
1.800000000000000000e+02 7.386281382059412285e-04
1.810000000000000000e+02 7.404806197444716281e-04
1.820000000000000000e+02 7.447030982973735927e-04
1.830000000000000000e+02 7.477055628091416146e-04
1.840000000000000000e+02 7.490661291999945078e-04
1.850000000000000000e+02 7.531076962277832550e-04
1.860000000000000000e+02 7.539545030948548773e-04
1.870000000000000000e+02 7.581601815793898892e-04
1.880000000000000000e+02 7.584731366976815627e-04
1.890000000000000000e+02 7.694274595497146247e-04
1.900000000000000000e+02 7.796820621665482426e-04
1.910000000000000000e+02 7.839425485485403957e-04
1.920000000000000000e+02 7.868400964646938937e-04
1.930000000000000000e+02 7.900688687180474745e-04
1.940000000000000000e+02 7.936485959692257805e-04
1.950000000000000000e+02 7.976629383032922491e-04
1.960000000000000000e+02 8.012671479163434914e-04
1.970000000000000000e+02 8.032219273391655399e-04
1.980000000000000000e+02 8.030405832690409038e-04
1.990000000000000000e+02 8.058477329639672417e-04
2.000000000000000000e+02 8.088709243287894521e-04
2.010000000000000000e+02 8.083311331284763653e-04
2.020000000000000000e+02 8.095342689640096928e-04
2.030000000000000000e+02 8.151092456819524889e-04
2.040000000000000000e+02 8.124584072106916591e-04
2.050000000000000000e+02 8.165472896413930506e-04
2.060000000000000000e+02 8.213823450133042256e-04
2.070000000000000000e+02 8.224149007816209962e-04
2.080000000000000000e+02 8.270468267278464555e-04
2.090000000000000000e+02 8.278095344532536686e-04
2.100000000000000000e+02 8.364461737525006896e-04
2.110000000000000000e+02 8.394016800327118184e-04
2.120000000000000000e+02 8.411437114090887903e-04
2.130000000000000000e+02 8.428878743877403360e-04
2.140000000000000000e+02 8.488826760115909115e-04
2.150000000000000000e+02 8.558978346381602292e-04
2.160000000000000000e+02 8.569057245305993983e-04
2.170000000000000000e+02 8.643523408952877816e-04
2.180000000000000000e+02 8.624873805886595435e-04
2.190000000000000000e+02 8.620351078210548553e-04
2.200000000000000000e+02 8.669443151634682659e-04
2.210000000000000000e+02 8.685114920496113215e-04
2.220000000000000000e+02 8.755422679033910815e-04
2.230000000000000000e+02 8.790699147226846508e-04
2.240000000000000000e+02 8.806647979581034257e-04
2.250000000000000000e+02 8.813311975928160872e-04
2.260000000000000000e+02 8.848689111212264518e-04
2.270000000000000000e+02 8.878373655618358382e-04
2.280000000000000000e+02 8.934492163055835151e-04
2.290000000000000000e+02 8.975909008340698589e-04
2.300000000000000000e+02 9.048351248926574065e-04
2.310000000000000000e+02 9.022943617119909710e-04
2.320000000000000000e+02 9.093176426428304249e-04
2.330000000000000000e+02 9.082726330963822921e-04
2.340000000000000000e+02 9.116176878298111030e-04
2.350000000000000000e+02 9.131645830119627634e-04
2.360000000000000000e+02 9.130696076593032692e-04
2.370000000000000000e+02 9.096017748972656108e-04
2.380000000000000000e+02 9.201153062595795410e-04
2.390000000000000000e+02 9.244646721691777980e-04
2.400000000000000000e+02 9.314173281303702364e-04
2.410000000000000000e+02 9.357041169930247360e-04
2.420000000000000000e+02 9.400424520433535783e-04
2.430000000000000000e+02 9.421953957468628526e-04
2.440000000000000000e+02 9.488296481175429158e-04
2.450000000000000000e+02 9.463929999925376705e-04
2.460000000000000000e+02 9.470059578387669645e-04
2.470000000000000000e+02 9.510054863796674370e-04
2.480000000000000000e+02 9.524240958638356420e-04
2.490000000000000000e+02 9.533057227765241726e-04
2.500000000000000000e+02 9.622754164768086184e-04
2.510000000000000000e+02 9.665227087857618943e-04
2.520000000000000000e+02 9.675804777191791047e-04
2.530000000000000000e+02 9.702554220644818341e-04
2.540000000000000000e+02 9.762450278802466564e-04
2.550000000000000000e+02 9.810048114184148280e-04
2.560000000000000000e+02 9.815713169260597074e-04
2.570000000000000000e+02 9.804458427505068942e-04
2.580000000000000000e+02 9.886746055143675292e-04
2.590000000000000000e+02 9.966250419189959502e-04
2.600000000000000000e+02 9.974755378469360965e-04
2.610000000000000000e+02 9.955054150840166819e-04
2.620000000000000000e+02 1.004152534894626114e-03
2.630000000000000000e+02 1.006084337422733822e-03
2.640000000000000000e+02 1.009477766247749873e-03
2.650000000000000000e+02 1.009425247410358686e-03
2.660000000000000000e+02 1.005212818641299183e-03
2.670000000000000000e+02 1.009797449783920824e-03
2.680000000000000000e+02 1.011365117841914359e-03
2.690000000000000000e+02 1.015679796642948891e-03
2.700000000000000000e+02 1.014702923183215559e-03
2.710000000000000000e+02 1.019908393800313682e-03
2.720000000000000000e+02 1.024684470617207629e-03
2.730000000000000000e+02 1.030894726583237234e-03
2.740000000000000000e+02 1.035411946367652400e-03
2.750000000000000000e+02 1.039424459531262815e-03
2.760000000000000000e+02 1.038403079404717853e-03
2.770000000000000000e+02 1.034036634392262793e-03
2.780000000000000000e+02 1.035038926669999259e-03
2.790000000000000000e+02 1.039058626554671899e-03
2.800000000000000000e+02 1.045439740250459892e-03
2.810000000000000000e+02 1.046556594591723215e-03
2.820000000000000000e+02 1.044232871712726931e-03
2.830000000000000000e+02 1.047524329212898026e-03
2.840000000000000000e+02 1.052837579791339115e-03
2.850000000000000000e+02 1.065225102135587687e-03
2.860000000000000000e+02 1.071132377106414268e-03
2.870000000000000000e+02 1.071787784402542312e-03
2.880000000000000000e+02 1.077137686674961613e-03
2.890000000000000000e+02 1.081122924326733542e-03
2.900000000000000000e+02 1.084180190753587965e-03
2.910000000000000000e+02 1.087924522302068011e-03
2.920000000000000000e+02 1.090992027568289278e-03
2.930000000000000000e+02 1.090293010214028182e-03
2.940000000000000000e+02 1.093398614165991918e-03
2.950000000000000000e+02 1.099132808184676360e-03
2.960000000000000000e+02 1.100300206599081829e-03
2.970000000000000000e+02 1.102587295073766127e-03
2.980000000000000000e+02 1.106278058077621741e-03
2.990000000000000000e+02 1.107781403045810659e-03
3.000000000000000000e+02 1.110193542505335780e-03
3.010000000000000000e+02 1.112875008674109756e-03
3.020000000000000000e+02 1.117908240740701819e-03
3.030000000000000000e+02 1.117988266144844976e-03
3.040000000000000000e+02 1.121365572650411067e-03
3.050000000000000000e+02 1.123337320080275946e-03
3.060000000000000000e+02 1.129167881209684147e-03
3.070000000000000000e+02 1.128408583439670290e-03
3.080000000000000000e+02 1.136816414921188682e-03
3.090000000000000000e+02 1.137291438516945538e-03
3.100000000000000000e+02 1.144096527172507516e-03
3.110000000000000000e+02 1.146248338726611748e-03
3.120000000000000000e+02 1.145619859976692353e-03
3.130000000000000000e+02 1.150650196774416663e-03
3.140000000000000000e+02 1.152154908365596569e-03
3.150000000000000000e+02 1.153800023016921666e-03
3.160000000000000000e+02 1.160406586563204803e-03
3.170000000000000000e+02 1.162182890635276135e-03
3.180000000000000000e+02 1.164328883310771596e-03
3.190000000000000000e+02 1.164945848551959297e-03
3.200000000000000000e+02 1.165750311793527314e-03
3.210000000000000000e+02 1.171773311095476939e-03
3.220000000000000000e+02 1.169333211851804159e-03
3.230000000000000000e+02 1.174414128530566759e-03
3.240000000000000000e+02 1.175304200014286446e-03
3.250000000000000000e+02 1.175980683767250366e-03
3.260000000000000000e+02 1.180412868954586495e-03
3.270000000000000000e+02 1.193227094964973214e-03
3.280000000000000000e+02 1.193482375405074264e-03
3.290000000000000000e+02 1.193241165780867599e-03
3.300000000000000000e+02 1.192022133326288858e-03
3.310000000000000000e+02 1.196219253914264716e-03
3.320000000000000000e+02 1.202520131159811635e-03
3.330000000000000000e+02 1.208548350715922710e-03
3.340000000000000000e+02 1.215068300596794555e-03
3.350000000000000000e+02 1.222616916921973615e-03
3.360000000000000000e+02 1.228593978433098911e-03
3.370000000000000000e+02 1.223425469387480480e-03
3.380000000000000000e+02 1.226773735395507089e-03
3.390000000000000000e+02 1.231751541295920526e-03
3.400000000000000000e+02 1.230523705414756849e-03
3.410000000000000000e+02 1.229479857964409922e-03
3.420000000000000000e+02 1.235367116516572885e-03
3.430000000000000000e+02 1.240251331623115627e-03
3.440000000000000000e+02 1.242692826708328632e-03
3.450000000000000000e+02 1.244458503665730152e-03
3.460000000000000000e+02 1.245491909582184357e-03
3.470000000000000000e+02 1.249504124682611263e-03
3.480000000000000000e+02 1.255514342293078973e-03
3.490000000000000000e+02 1.256564787096950062e-03
3.500000000000000000e+02 1.257220886639706832e-03
3.510000000000000000e+02 1.259653414482136882e-03
3.520000000000000000e+02 1.265165518152459694e-03
3.530000000000000000e+02 1.270463236593294323e-03
3.540000000000000000e+02 1.274830361959436182e-03
3.550000000000000000e+02 1.282063827386086896e-03
3.560000000000000000e+02 1.283124148212215140e-03
3.570000000000000000e+02 1.283154982312595740e-03
3.580000000000000000e+02 1.287304315250275936e-03
3.590000000000000000e+02 1.287829991732944998e-03
3.600000000000000000e+02 1.286324302892240083e-03
3.610000000000000000e+02 1.289094821819964038e-03
3.620000000000000000e+02 1.291596280600914356e-03
3.630000000000000000e+02 1.299407665334279677e-03
3.640000000000000000e+02 1.295107378850380306e-03
3.650000000000000000e+02 1.296923748702682490e-03
3.660000000000000000e+02 1.299461831123446993e-03
3.670000000000000000e+02 1.304835130135134288e-03
3.680000000000000000e+02 1.303332285254778060e-03
3.690000000000000000e+02 1.306436467953654137e-03
3.700000000000000000e+02 1.307492452121260945e-03
3.710000000000000000e+02 1.312219894490918286e-03
3.720000000000000000e+02 1.314598671918528784e-03
3.730000000000000000e+02 1.315226370949003354e-03
3.740000000000000000e+02 1.319866771660149676e-03
3.750000000000000000e+02 1.326519769105197243e-03
3.760000000000000000e+02 1.332663190127034766e-03
3.770000000000000000e+02 1.333573760157024789e-03
3.780000000000000000e+02 1.340738252332064704e-03
3.790000000000000000e+02 1.345592587387995287e-03
3.800000000000000000e+02 1.344022728675575663e-03
3.810000000000000000e+02 1.351147758068049331e-03
3.820000000000000000e+02 1.353245362488497434e-03
3.830000000000000000e+02 1.355183551517417928e-03
3.840000000000000000e+02 1.355203862017903809e-03
3.850000000000000000e+02 1.357881876573124869e-03
3.860000000000000000e+02 1.359119009520763730e-03
3.870000000000000000e+02 1.364743557349269026e-03
3.880000000000000000e+02 1.372105984815813300e-03
3.890000000000000000e+02 1.373235355395697023e-03
3.900000000000000000e+02 1.376534446186525665e-03
3.910000000000000000e+02 1.384243069960506634e-03
3.920000000000000000e+02 1.384095985697684182e-03
3.930000000000000000e+02 1.390041982320605564e-03
3.940000000000000000e+02 1.392625469240203750e-03
3.950000000000000000e+02 1.397297150582036025e-03
3.960000000000000000e+02 1.399865808484875972e-03
3.970000000000000000e+02 1.396598573254202117e-03
3.980000000000000000e+02 1.401615306202087276e-03
3.990000000000000000e+02 1.399540191867374968e-03
4.000000000000000000e+02 1.409151086117809478e-03
4.010000000000000000e+02 1.408405362044339981e-03
4.020000000000000000e+02 1.411030585955344759e-03
4.030000000000000000e+02 1.418844578429296482e-03
4.040000000000000000e+02 1.419813721179993132e-03
4.050000000000000000e+02 1.422775048075198591e-03
4.060000000000000000e+02 1.426782184404062253e-03
4.070000000000000000e+02 1.421806836821585185e-03
4.080000000000000000e+02 1.418772061569256206e-03
4.090000000000000000e+02 1.419607261406235013e-03
4.100000000000000000e+02 1.418817299367601190e-03
4.110000000000000000e+02 1.423760283395941306e-03
4.120000000000000000e+02 1.420760622071680921e-03
4.130000000000000000e+02 1.421420280360670505e-03
4.140000000000000000e+02 1.421274414892913143e-03
4.150000000000000000e+02 1.425324637435814367e-03
4.160000000000000000e+02 1.428901338877593737e-03
4.170000000000000000e+02 1.430196015788887673e-03
4.180000000000000000e+02 1.434566947028623890e-03
4.190000000000000000e+02 1.433873540025094092e-03
4.200000000000000000e+02 1.440544627055949899e-03
4.210000000000000000e+02 1.443554646378223186e-03
4.220000000000000000e+02 1.443171381877868340e-03
4.230000000000000000e+02 1.438495375493301955e-03
4.240000000000000000e+02 1.445039281043689148e-03
4.250000000000000000e+02 1.448838223479234286e-03
4.260000000000000000e+02 1.444923523231458028e-03
4.270000000000000000e+02 1.442850814667187738e-03
4.280000000000000000e+02 1.447722693189757793e-03
4.290000000000000000e+02 1.449878657389851904e-03
4.300000000000000000e+02 1.451241677616720797e-03
4.310000000000000000e+02 1.455023531322702582e-03
4.320000000000000000e+02 1.453356411467202156e-03
4.330000000000000000e+02 1.459016340970193748e-03
4.340000000000000000e+02 1.461691194991703111e-03
4.350000000000000000e+02 1.461162391442849279e-03
4.360000000000000000e+02 1.464754840044945683e-03
4.370000000000000000e+02 1.469708840067219906e-03
4.380000000000000000e+02 1.476665641502390323e-03
4.390000000000000000e+02 1.487044425389699026e-03
4.400000000000000000e+02 1.494353389562299217e-03
4.410000000000000000e+02 1.494049135991487934e-03
4.420000000000000000e+02 1.498859447500001203e-03
4.430000000000000000e+02 1.502159377874359714e-03
4.440000000000000000e+02 1.505872823510921244e-03
4.450000000000000000e+02 1.506446101109962677e-03
4.460000000000000000e+02 1.506679998513303642e-03
4.470000000000000000e+02 1.511805354414914263e-03
4.480000000000000000e+02 1.517048457547591402e-03
4.490000000000000000e+02 1.518844417320199111e-03
4.500000000000000000e+02 1.520692892504165328e-03
4.510000000000000000e+02 1.523305795934329701e-03
4.520000000000000000e+02 1.524813667119427271e-03
4.530000000000000000e+02 1.530468083919340333e-03
4.540000000000000000e+02 1.532812934362286477e-03
4.550000000000000000e+02 1.535712752231510863e-03
4.560000000000000000e+02 1.540258976150989762e-03
4.570000000000000000e+02 1.544314720486025198e-03
4.580000000000000000e+02 1.555126946842184943e-03
4.590000000000000000e+02 1.555825399793253020e-03
4.600000000000000000e+02 1.555324908098370228e-03
4.610000000000000000e+02 1.557424920571301875e-03
4.620000000000000000e+02 1.560705973711011031e-03
4.630000000000000000e+02 1.565386056112109091e-03
4.640000000000000000e+02 1.565969574039094859e-03
4.650000000000000000e+02 1.564376384666557639e-03
4.660000000000000000e+02 1.574082621526514802e-03
4.670000000000000000e+02 1.582785864825644439e-03
4.680000000000000000e+02 1.589413824769979984e-03
4.690000000000000000e+02 1.590049106561115897e-03
4.700000000000000000e+02 1.592616170661725677e-03
4.710000000000000000e+02 1.589258249916960034e-03
4.720000000000000000e+02 1.597024514402351717e-03
4.730000000000000000e+02 1.605077728525203164e-03
4.740000000000000000e+02 1.613662763851395412e-03
4.750000000000000000e+02 1.620825400133437452e-03
4.760000000000000000e+02 1.620649367140149927e-03
4.770000000000000000e+02 1.624584163561886355e-03
4.780000000000000000e+02 1.619898339648123036e-03
4.790000000000000000e+02 1.617763375010648546e-03
4.800000000000000000e+02 1.623521061791335885e-03
4.810000000000000000e+02 1.628895276155566292e-03
4.820000000000000000e+02 1.630064508447439829e-03
4.830000000000000000e+02 1.631185881648850120e-03
4.840000000000000000e+02 1.626985464800673707e-03
4.850000000000000000e+02 1.631429238095181804e-03
4.860000000000000000e+02 1.641437517816979764e-03
4.870000000000000000e+02 1.648424161839504801e-03
4.880000000000000000e+02 1.651861870288706463e-03
4.890000000000000000e+02 1.656272082549151191e-03
4.900000000000000000e+02 1.658834865934988734e-03
4.910000000000000000e+02 1.658972645175780299e-03
4.920000000000000000e+02 1.663214074384903500e-03
4.930000000000000000e+02 1.667904997196091761e-03
4.940000000000000000e+02 1.663871829604996605e-03
4.950000000000000000e+02 1.666207004252614164e-03
4.960000000000000000e+02 1.665707920399821457e-03
4.970000000000000000e+02 1.667636417797383613e-03
4.980000000000000000e+02 1.670643524121940594e-03
4.990000000000000000e+02 1.669923142303538768e-03
5.000000000000000000e+02 1.675925496564800330e-03
5.010000000000000000e+02 1.675720298856036173e-03
5.020000000000000000e+02 1.680733290113093931e-03
5.030000000000000000e+02 1.689591848605972654e-03
5.040000000000000000e+02 1.683933665231241491e-03
5.050000000000000000e+02 1.689855345802348217e-03
5.060000000000000000e+02 1.694954374947615526e-03
5.070000000000000000e+02 1.697370084169046861e-03
5.080000000000000000e+02 1.706351581862799744e-03
5.090000000000000000e+02 1.711348645432707403e-03
5.100000000000000000e+02 1.710995690306327385e-03
5.110000000000000000e+02 1.713788700315450539e-03
5.120000000000000000e+02 1.725962340838155598e-03
5.130000000000000000e+02 1.733631082260255699e-03
5.140000000000000000e+02 1.734228942113802104e-03
5.150000000000000000e+02 1.735612849705260455e-03
5.160000000000000000e+02 1.737821813366392538e-03
5.170000000000000000e+02 1.741123144247201009e-03
5.180000000000000000e+02 1.743602291197646854e-03
5.190000000000000000e+02 1.750769750578454751e-03
5.200000000000000000e+02 1.751300677126357277e-03
5.210000000000000000e+02 1.754037763221940032e-03
5.220000000000000000e+02 1.753891572806213096e-03
5.230000000000000000e+02 1.754720688244617958e-03
5.240000000000000000e+02 1.752771620297396971e-03
5.250000000000000000e+02 1.761503953726969562e-03
5.260000000000000000e+02 1.770056674346276622e-03
5.270000000000000000e+02 1.773688251063442866e-03
5.280000000000000000e+02 1.775378089745080490e-03
5.290000000000000000e+02 1.786939963834064619e-03
5.300000000000000000e+02 1.790235343454308877e-03
5.310000000000000000e+02 1.793077659405370710e-03
5.320000000000000000e+02 1.789181993706845906e-03
5.330000000000000000e+02 1.798411187066052512e-03
5.340000000000000000e+02 1.803313607321878516e-03
5.350000000000000000e+02 1.807820924601098288e-03
5.360000000000000000e+02 1.806592638084918764e-03
5.370000000000000000e+02 1.809462091039038250e-03
5.380000000000000000e+02 1.812913964025014094e-03
5.390000000000000000e+02 1.812665210816101534e-03
5.400000000000000000e+02 1.811147142610517943e-03
5.410000000000000000e+02 1.812768763916129330e-03
5.420000000000000000e+02 1.812778206376851071e-03
5.430000000000000000e+02 1.814896594619927386e-03
5.440000000000000000e+02 1.811331121016102096e-03
5.450000000000000000e+02 1.821274264126067051e-03
5.460000000000000000e+02 1.826265842723688235e-03
5.470000000000000000e+02 1.828872738213471304e-03
5.480000000000000000e+02 1.831351987074511913e-03
5.490000000000000000e+02 1.828680443323028090e-03
5.500000000000000000e+02 1.830271699750984221e-03
5.510000000000000000e+02 1.832244738139756149e-03
5.520000000000000000e+02 1.842007041816963193e-03
5.530000000000000000e+02 1.842215468603050806e-03
5.540000000000000000e+02 1.845662579497448809e-03
5.550000000000000000e+02 1.851546998231918487e-03
5.560000000000000000e+02 1.859596556467808717e-03
5.570000000000000000e+02 1.863983622774346895e-03
5.580000000000000000e+02 1.859878698453791470e-03
5.590000000000000000e+02 1.861371568679825138e-03
5.600000000000000000e+02 1.861414614825709045e-03
5.610000000000000000e+02 1.865515539278303752e-03
5.620000000000000000e+02 1.866794277532803775e-03
5.630000000000000000e+02 1.874503875531243011e-03
5.640000000000000000e+02 1.882693991149404691e-03
5.650000000000000000e+02 1.882079433797617662e-03
5.660000000000000000e+02 1.882780768630951335e-03
5.670000000000000000e+02 1.880825193218921363e-03
5.680000000000000000e+02 1.885121844221781476e-03
5.690000000000000000e+02 1.885162997702138910e-03
5.700000000000000000e+02 1.884804354930417212e-03
5.710000000000000000e+02 1.892159314120659417e-03
5.720000000000000000e+02 1.899989099186533484e-03
5.730000000000000000e+02 1.894540479240367555e-03
5.740000000000000000e+02 1.899976985905584871e-03
5.750000000000000000e+02 1.902870171988613971e-03
5.760000000000000000e+02 1.906419645024554944e-03
5.770000000000000000e+02 1.907262782691357969e-03
5.780000000000000000e+02 1.911791455895707828e-03
5.790000000000000000e+02 1.916487833281260537e-03
5.800000000000000000e+02 1.917058660843593085e-03
5.810000000000000000e+02 1.917554274753454496e-03
5.820000000000000000e+02 1.921101282488977017e-03
5.830000000000000000e+02 1.923333532386608050e-03
5.840000000000000000e+02 1.925612782935022960e-03
5.850000000000000000e+02 1.922689235181903678e-03
5.860000000000000000e+02 1.927663991338503073e-03
5.870000000000000000e+02 1.930852111804616609e-03
5.880000000000000000e+02 1.929032695350273250e-03
5.890000000000000000e+02 1.927496987303917771e-03
5.900000000000000000e+02 1.929458894792129928e-03
5.910000000000000000e+02 1.938575900431456500e-03
5.920000000000000000e+02 1.945291135617557583e-03
5.930000000000000000e+02 1.942651461865089243e-03
5.940000000000000000e+02 1.945257389279702806e-03
5.950000000000000000e+02 1.942422316894288660e-03
5.960000000000000000e+02 1.947125997783152179e-03
5.970000000000000000e+02 1.954186922401411012e-03
5.980000000000000000e+02 1.963717102297584706e-03
5.990000000000000000e+02 1.967675317065302725e-03
6.000000000000000000e+02 1.967062298746655342e-03
6.010000000000000000e+02 1.964531926721743878e-03
6.020000000000000000e+02 1.973010269220661257e-03
6.030000000000000000e+02 1.976311874052676283e-03
6.040000000000000000e+02 1.974377717027217365e-03
6.050000000000000000e+02 1.978184188142034089e-03
6.060000000000000000e+02 1.984134839513295931e-03
6.070000000000000000e+02 1.985158295167961575e-03
6.080000000000000000e+02 1.989731891300204440e-03
6.090000000000000000e+02 1.988219350830974785e-03
6.100000000000000000e+02 1.994577477323823678e-03
6.110000000000000000e+02 1.994398353460011784e-03
6.120000000000000000e+02 1.995983209080523513e-03
6.130000000000000000e+02 2.000213003040846472e-03
6.140000000000000000e+02 2.003203881911299472e-03
6.150000000000000000e+02 2.016316151390505369e-03
6.160000000000000000e+02 2.018021016708291919e-03
6.170000000000000000e+02 2.016159393594682027e-03
6.180000000000000000e+02 2.013135312865538262e-03
6.190000000000000000e+02 2.016796167125519540e-03
6.200000000000000000e+02 2.022274702227632934e-03
6.210000000000000000e+02 2.024633982568909123e-03
6.220000000000000000e+02 2.025231079367591225e-03
6.230000000000000000e+02 2.030840612773257385e-03
6.240000000000000000e+02 2.030500464443366331e-03
6.250000000000000000e+02 2.028195061673399892e-03
6.260000000000000000e+02 2.031351570112645277e-03
6.270000000000000000e+02 2.034481618958399601e-03
6.280000000000000000e+02 2.034514470959748918e-03
6.290000000000000000e+02 2.039367843713693791e-03
6.300000000000000000e+02 2.045647365290953999e-03
6.310000000000000000e+02 2.050445859233935002e-03
6.320000000000000000e+02 2.048445230090744935e-03
6.330000000000000000e+02 2.048633394739122256e-03
6.340000000000000000e+02 2.046754414119478314e-03
6.350000000000000000e+02 2.051654800286678917e-03
6.360000000000000000e+02 2.052403229634340142e-03
6.370000000000000000e+02 2.051708853970311310e-03
6.380000000000000000e+02 2.052090704755050662e-03
6.390000000000000000e+02 2.058581490339309386e-03
6.400000000000000000e+02 2.059206996811649773e-03
6.410000000000000000e+02 2.060539153841874256e-03
6.420000000000000000e+02 2.058736659316383853e-03
6.430000000000000000e+02 2.060822389780034986e-03
6.440000000000000000e+02 2.060011531919652902e-03
6.450000000000000000e+02 2.063733729568733005e-03
6.460000000000000000e+02 2.067385762569780901e-03
6.470000000000000000e+02 2.076360871076466351e-03
6.480000000000000000e+02 2.081534953152163869e-03
6.490000000000000000e+02 2.092138031341639684e-03
6.500000000000000000e+02 2.097694846470361894e-03
6.510000000000000000e+02 2.095676571023812745e-03
6.520000000000000000e+02 2.100389397100452596e-03
6.530000000000000000e+02 2.108882412060842336e-03
6.540000000000000000e+02 2.112181034255889225e-03
6.550000000000000000e+02 2.114154952561818953e-03
6.560000000000000000e+02 2.118615200513161104e-03
6.570000000000000000e+02 2.123710792087678441e-03
6.580000000000000000e+02 2.118768149128803097e-03
6.590000000000000000e+02 2.125869635188353153e-03
6.600000000000000000e+02 2.130190867179818526e-03
6.610000000000000000e+02 2.129539920808349879e-03
6.620000000000000000e+02 2.128769868028743909e-03
6.630000000000000000e+02 2.132971252603203978e-03
6.640000000000000000e+02 2.135584891221732964e-03
6.650000000000000000e+02 2.145126995700719595e-03
6.660000000000000000e+02 2.140925256614107687e-03
6.670000000000000000e+02 2.144271491666379162e-03
6.680000000000000000e+02 2.146616446655335610e-03
6.690000000000000000e+02 2.143383802460240191e-03
6.700000000000000000e+02 2.144290222202827403e-03
6.710000000000000000e+02 2.142153707313493305e-03
6.720000000000000000e+02 2.144112836608475306e-03
6.730000000000000000e+02 2.138202661454142398e-03
6.740000000000000000e+02 2.141150404224093518e-03
6.750000000000000000e+02 2.140371048814762416e-03
6.760000000000000000e+02 2.146925606137061598e-03
6.770000000000000000e+02 2.144589750973549102e-03
6.780000000000000000e+02 2.145838200264933281e-03
6.790000000000000000e+02 2.149973771344360247e-03
6.800000000000000000e+02 2.148927845777715787e-03
6.810000000000000000e+02 2.147851453625819300e-03
6.820000000000000000e+02 2.155860936921291313e-03
6.830000000000000000e+02 2.158360542417607584e-03
6.840000000000000000e+02 2.160004170763167586e-03
6.850000000000000000e+02 2.170552452578900643e-03
6.860000000000000000e+02 2.169088519497827574e-03
6.870000000000000000e+02 2.173467032777471816e-03
6.880000000000000000e+02 2.172514114046562514e-03
6.890000000000000000e+02 2.179594954263016672e-03
6.900000000000000000e+02 2.188394666965802222e-03
6.910000000000000000e+02 2.184319577580792759e-03
6.920000000000000000e+02 2.189904968354668916e-03
6.930000000000000000e+02 2.189645253745643033e-03
6.940000000000000000e+02 2.192546184972774155e-03
6.950000000000000000e+02 2.194763979259649680e-03
6.960000000000000000e+02 2.200045539497805236e-03
6.970000000000000000e+02 2.199763025058910221e-03
6.980000000000000000e+02 2.204089805141821058e-03
6.990000000000000000e+02 2.206273635429972010e-03
7.000000000000000000e+02 2.206056712709057212e-03
7.010000000000000000e+02 2.216379659995853200e-03
7.020000000000000000e+02 2.221026564238412146e-03
7.030000000000000000e+02 2.222625641432191858e-03
7.040000000000000000e+02 2.224946431529115608e-03
7.050000000000000000e+02 2.225414219941451548e-03
7.060000000000000000e+02 2.220918760560450667e-03
7.070000000000000000e+02 2.219462835568228060e-03
7.080000000000000000e+02 2.218467825699913399e-03
7.090000000000000000e+02 2.221637459225379342e-03
7.100000000000000000e+02 2.226550613931293273e-03
7.110000000000000000e+02 2.232375208320388268e-03
7.120000000000000000e+02 2.235257665598794873e-03
7.130000000000000000e+02 2.243379602225240368e-03
7.140000000000000000e+02 2.244322027818955890e-03
7.150000000000000000e+02 2.247251507856166432e-03
7.160000000000000000e+02 2.249945559683431268e-03
7.170000000000000000e+02 2.251294587862939789e-03
7.180000000000000000e+02 2.256397582728685881e-03
7.190000000000000000e+02 2.255712454443413451e-03
7.200000000000000000e+02 2.261349582440348727e-03
7.210000000000000000e+02 2.266829056848030342e-03
7.220000000000000000e+02 2.267954736966665621e-03
7.230000000000000000e+02 2.273765713151046537e-03
7.240000000000000000e+02 2.277217372715437289e-03
7.250000000000000000e+02 2.277816503732775326e-03
7.260000000000000000e+02 2.283370346926570215e-03
7.270000000000000000e+02 2.276940488309542841e-03
7.280000000000000000e+02 2.279593746700957907e-03
7.290000000000000000e+02 2.279080338487492977e-03
7.300000000000000000e+02 2.286057840506919465e-03
7.310000000000000000e+02 2.287361539495619527e-03
7.320000000000000000e+02 2.290162902947261766e-03
7.330000000000000000e+02 2.301856711920390389e-03
7.340000000000000000e+02 2.305705203487652850e-03
7.350000000000000000e+02 2.315826650388322187e-03
7.360000000000000000e+02 2.314213269453229988e-03
7.370000000000000000e+02 2.313918196594697864e-03
7.380000000000000000e+02 2.320333390777836683e-03
7.390000000000000000e+02 2.322998645055812314e-03
7.400000000000000000e+02 2.326927964519936477e-03
7.410000000000000000e+02 2.326740348418856151e-03
7.420000000000000000e+02 2.330107881681015188e-03
7.430000000000000000e+02 2.334162536537678738e-03
7.440000000000000000e+02 2.339060953674696949e-03
7.450000000000000000e+02 2.343743538992731218e-03
7.460000000000000000e+02 2.349172500422229762e-03
7.470000000000000000e+02 2.354640664007919687e-03
7.480000000000000000e+02 2.351395222561491853e-03
7.490000000000000000e+02 2.355122118026848135e-03
7.500000000000000000e+02 2.362035695449022331e-03
7.510000000000000000e+02 2.352943028167273770e-03
7.520000000000000000e+02 2.356711802864355776e-03
7.530000000000000000e+02 2.356005086856060096e-03
7.540000000000000000e+02 2.355347374824540152e-03
7.550000000000000000e+02 2.368207131441707556e-03
7.560000000000000000e+02 2.374294565665714674e-03
7.570000000000000000e+02 2.375727753579148956e-03
7.580000000000000000e+02 2.376405761776082155e-03
7.590000000000000000e+02 2.382417514042796565e-03
7.600000000000000000e+02 2.383620695598916497e-03
7.610000000000000000e+02 2.380885165097967535e-03
7.620000000000000000e+02 2.376926843968900967e-03
7.630000000000000000e+02 2.379339114871259486e-03
7.640000000000000000e+02 2.380967256467796112e-03
7.650000000000000000e+02 2.388401446589870185e-03
7.660000000000000000e+02 2.387657663945921740e-03
7.670000000000000000e+02 2.392072935308551390e-03
7.680000000000000000e+02 2.383246013996748527e-03
7.690000000000000000e+02 2.390002490387973296e-03
7.700000000000000000e+02 2.392722315022217418e-03
7.710000000000000000e+02 2.393758776919574418e-03
7.720000000000000000e+02 2.397652071237840396e-03
7.730000000000000000e+02 2.400840661766578607e-03
7.740000000000000000e+02 2.403106283563379714e-03
7.750000000000000000e+02 2.401073768137521568e-03
7.760000000000000000e+02 2.402356809574711111e-03
7.770000000000000000e+02 2.406466239903267725e-03
7.780000000000000000e+02 2.399946788810792750e-03
7.790000000000000000e+02 2.401033896893786136e-03
7.800000000000000000e+02 2.398906065867690771e-03
7.810000000000000000e+02 2.399626854057075251e-03
7.820000000000000000e+02 2.400200977816555059e-03
7.830000000000000000e+02 2.401083663608375319e-03
7.840000000000000000e+02 2.402808755720196691e-03
7.850000000000000000e+02 2.405530429193824052e-03
7.860000000000000000e+02 2.406826913070409576e-03
7.870000000000000000e+02 2.420424925154204994e-03
7.880000000000000000e+02 2.419702484626708693e-03
7.890000000000000000e+02 2.426387016369189326e-03
7.900000000000000000e+02 2.429017386356001340e-03
7.910000000000000000e+02 2.435745736729869396e-03
7.920000000000000000e+02 2.432053033577569971e-03
7.930000000000000000e+02 2.432637784004078318e-03
7.940000000000000000e+02 2.440251926548660764e-03
7.950000000000000000e+02 2.445492229828980131e-03
7.960000000000000000e+02 2.434598514535521886e-03
7.970000000000000000e+02 2.447200380814471173e-03
7.980000000000000000e+02 2.449980717083698450e-03
7.990000000000000000e+02 2.450071614256357430e-03
8.000000000000000000e+02 2.463296045983076523e-03
8.010000000000000000e+02 2.460335806706711106e-03
8.020000000000000000e+02 2.465886527060009818e-03
8.030000000000000000e+02 2.467846743525963123e-03
8.040000000000000000e+02 2.460928985847678913e-03
8.050000000000000000e+02 2.457061054807967160e-03
8.060000000000000000e+02 2.465346625056153741e-03
8.070000000000000000e+02 2.465726430078063122e-03
8.080000000000000000e+02 2.471827999778511073e-03
8.090000000000000000e+02 2.475301965792998590e-03
8.100000000000000000e+02 2.479770411356497541e-03
8.110000000000000000e+02 2.495588143507167928e-03
8.120000000000000000e+02 2.493325317459065774e-03
8.130000000000000000e+02 2.499817886972835988e-03
8.140000000000000000e+02 2.505382817138982789e-03
8.150000000000000000e+02 2.508773116686519554e-03
8.160000000000000000e+02 2.514245680090740689e-03
8.170000000000000000e+02 2.515620296131415926e-03
8.180000000000000000e+02 2.529171053242437565e-03
8.190000000000000000e+02 2.524665189977523018e-03
8.200000000000000000e+02 2.527480930296596186e-03
8.210000000000000000e+02 2.536793458225897191e-03
8.220000000000000000e+02 2.538261110485297116e-03
8.230000000000000000e+02 2.541572102877438094e-03
8.240000000000000000e+02 2.544341331674616902e-03
8.250000000000000000e+02 2.536920187231106287e-03
8.260000000000000000e+02 2.544201150275661114e-03
8.270000000000000000e+02 2.539464270632138185e-03
8.280000000000000000e+02 2.541824664401165848e-03
8.290000000000000000e+02 2.546416881565903741e-03
8.300000000000000000e+02 2.544130163598082479e-03
8.310000000000000000e+02 2.548292443976358894e-03
8.320000000000000000e+02 2.550552531468792787e-03
8.330000000000000000e+02 2.554477798706418588e-03
8.340000000000000000e+02 2.553558451079564369e-03
8.350000000000000000e+02 2.553669282526173194e-03
8.360000000000000000e+02 2.556805346498337503e-03
8.370000000000000000e+02 2.568215718706603340e-03
8.380000000000000000e+02 2.568273427636207952e-03
8.390000000000000000e+02 2.572387307667027036e-03
8.400000000000000000e+02 2.580858875830256520e-03
8.410000000000000000e+02 2.596530613459261359e-03
8.420000000000000000e+02 2.595146861916049381e-03
8.430000000000000000e+02 2.598788331570023920e-03
8.440000000000000000e+02 2.603267081237995752e-03
8.450000000000000000e+02 2.616258955121312114e-03
8.460000000000000000e+02 2.613447784660313800e-03
8.470000000000000000e+02 2.614802493348567999e-03
8.480000000000000000e+02 2.619577428249373133e-03
8.490000000000000000e+02 2.620096275014738123e-03
8.500000000000000000e+02 2.620412953061547565e-03
8.510000000000000000e+02 2.622376647607502394e-03
8.520000000000000000e+02 2.622353045598669816e-03
8.530000000000000000e+02 2.630713375776787526e-03
8.540000000000000000e+02 2.628028571619889578e-03
8.550000000000000000e+02 2.626396806326137395e-03
8.560000000000000000e+02 2.641537378248866481e-03
8.570000000000000000e+02 2.638936523176465404e-03
8.580000000000000000e+02 2.641829000476430146e-03
8.590000000000000000e+02 2.641809624491573208e-03
8.600000000000000000e+02 2.649424578750872797e-03
8.610000000000000000e+02 2.644423581420417800e-03
8.620000000000000000e+02 2.646739349592233583e-03
8.630000000000000000e+02 2.647766895874334534e-03
8.640000000000000000e+02 2.652175712979124196e-03
8.650000000000000000e+02 2.646520397793943047e-03
8.660000000000000000e+02 2.662625927053801408e-03
8.670000000000000000e+02 2.664381571008733306e-03
8.680000000000000000e+02 2.666889060964129990e-03
8.690000000000000000e+02 2.675794399255825885e-03
8.700000000000000000e+02 2.673441539035860577e-03
8.710000000000000000e+02 2.672274036872665168e-03
8.720000000000000000e+02 2.678087827971758865e-03
8.730000000000000000e+02 2.680316582549893169e-03
8.740000000000000000e+02 2.674803960157744881e-03
8.750000000000000000e+02 2.677017829253288718e-03
8.760000000000000000e+02 2.676637572063856295e-03
8.770000000000000000e+02 2.684242436569722959e-03
8.780000000000000000e+02 2.687360545152285909e-03
8.790000000000000000e+02 2.690709471944774389e-03
8.800000000000000000e+02 2.693644571785485092e-03
8.810000000000000000e+02 2.692487997080681827e-03
8.820000000000000000e+02 2.690911722629317319e-03
8.830000000000000000e+02 2.687482883650845356e-03
8.840000000000000000e+02 2.694481294113252288e-03
8.850000000000000000e+02 2.692563105277565559e-03
8.860000000000000000e+02 2.694330706589397224e-03
8.870000000000000000e+02 2.702557109928216232e-03
8.880000000000000000e+02 2.702835502796613158e-03
8.890000000000000000e+02 2.711393847029706233e-03
8.900000000000000000e+02 2.707160341130463409e-03
8.910000000000000000e+02 2.708466181015001251e-03
8.920000000000000000e+02 2.714086256391039578e-03
8.930000000000000000e+02 2.716120882852812810e-03
8.940000000000000000e+02 2.721521598423933853e-03
8.950000000000000000e+02 2.728814728830570961e-03
8.960000000000000000e+02 2.724206311272378382e-03
8.970000000000000000e+02 2.724498988515598481e-03
8.980000000000000000e+02 2.723603050165851729e-03
8.990000000000000000e+02 2.724254616877633782e-03
9.000000000000000000e+02 2.724678269624588624e-03
9.010000000000000000e+02 2.735235459874211551e-03
9.020000000000000000e+02 2.728929565068590607e-03
9.030000000000000000e+02 2.739885213771160993e-03
9.040000000000000000e+02 2.736366102044356964e-03
9.050000000000000000e+02 2.730917137534490113e-03
9.060000000000000000e+02 2.729966245495678810e-03
9.070000000000000000e+02 2.740095327222604165e-03
9.080000000000000000e+02 2.743534194987161997e-03
9.090000000000000000e+02 2.752799811374081855e-03
9.100000000000000000e+02 2.742877509563072629e-03
9.110000000000000000e+02 2.752075634730102773e-03
9.120000000000000000e+02 2.758126662007301909e-03
9.130000000000000000e+02 2.761457267532629010e-03
9.140000000000000000e+02 2.777466251588184883e-03
9.150000000000000000e+02 2.786592037591631692e-03
9.160000000000000000e+02 2.783276546149302325e-03
9.170000000000000000e+02 2.788433911474718502e-03
9.180000000000000000e+02 2.787956985752433094e-03
9.190000000000000000e+02 2.793919928861990538e-03
9.200000000000000000e+02 2.793124508393452898e-03
9.210000000000000000e+02 2.793142973309183444e-03
9.220000000000000000e+02 2.794449449403582555e-03
9.230000000000000000e+02 2.801334777564885685e-03
9.240000000000000000e+02 2.805077249008475736e-03
9.250000000000000000e+02 2.811064937581169224e-03
9.260000000000000000e+02 2.814657236034698654e-03
9.270000000000000000e+02 2.809471157553983765e-03
9.280000000000000000e+02 2.814918642284420115e-03
9.290000000000000000e+02 2.821084427172320698e-03
9.300000000000000000e+02 2.835514263708881037e-03
9.310000000000000000e+02 2.831371227461218325e-03
9.320000000000000000e+02 2.830984714222419419e-03
9.330000000000000000e+02 2.826829976088056622e-03
9.340000000000000000e+02 2.831357757010678593e-03
9.350000000000000000e+02 2.836352482119810104e-03
9.360000000000000000e+02 2.848373708872475440e-03
9.370000000000000000e+02 2.856959472798677006e-03
9.380000000000000000e+02 2.853120357502645765e-03
9.390000000000000000e+02 2.860231205609678560e-03
9.400000000000000000e+02 2.861026965307868382e-03
9.410000000000000000e+02 2.861592402451909947e-03
9.420000000000000000e+02 2.867436347124156792e-03
9.430000000000000000e+02 2.874814383996104721e-03
9.440000000000000000e+02 2.880609499167831756e-03
9.450000000000000000e+02 2.875884351416504395e-03
9.460000000000000000e+02 2.877053941440745315e-03
9.470000000000000000e+02 2.880867564897100080e-03
9.480000000000000000e+02 2.883275516772276260e-03
9.490000000000000000e+02 2.883085484041151419e-03
9.500000000000000000e+02 2.882286706517853299e-03
9.510000000000000000e+02 2.882061094808393772e-03
9.520000000000000000e+02 2.884515275813937484e-03
9.530000000000000000e+02 2.895400449244687254e-03
9.540000000000000000e+02 2.896153445076062212e-03
9.550000000000000000e+02 2.898967385451215774e-03
9.560000000000000000e+02 2.903496907195907140e-03
9.570000000000000000e+02 2.907704217319969850e-03
9.580000000000000000e+02 2.906544512285468874e-03
9.590000000000000000e+02 2.910672169068048189e-03
9.600000000000000000e+02 2.907968015377925854e-03
9.610000000000000000e+02 2.903994124134844784e-03
9.620000000000000000e+02 2.909157107917682925e-03
9.630000000000000000e+02 2.914061779577722597e-03
9.640000000000000000e+02 2.919914563398784239e-03
9.650000000000000000e+02 2.924740591354823074e-03
9.660000000000000000e+02 2.919343776565175470e-03
9.670000000000000000e+02 2.920156192073177816e-03
9.680000000000000000e+02 2.928366380241995831e-03
9.690000000000000000e+02 2.927133298325050592e-03
9.700000000000000000e+02 2.924789005356426361e-03
9.710000000000000000e+02 2.928671657547500268e-03
9.720000000000000000e+02 2.935594474179155713e-03
9.730000000000000000e+02 2.945657480820625899e-03
9.740000000000000000e+02 2.945481397179561603e-03
9.750000000000000000e+02 2.950888643541392520e-03
9.760000000000000000e+02 2.953762897312093953e-03
9.770000000000000000e+02 2.951275584917994847e-03
9.780000000000000000e+02 2.962776435207051251e-03
9.790000000000000000e+02 2.967813186151909560e-03
9.800000000000000000e+02 2.976995843578484485e-03
9.810000000000000000e+02 2.975198467499808909e-03
9.820000000000000000e+02 2.972826908319172075e-03
9.830000000000000000e+02 2.971978286187616260e-03
9.840000000000000000e+02 2.980568723892227691e-03
9.850000000000000000e+02 2.983448759251573594e-03
9.860000000000000000e+02 2.980673549212871018e-03
9.870000000000000000e+02 2.984496271979972942e-03
9.880000000000000000e+02 2.990485644013397490e-03
9.890000000000000000e+02 2.989908182517330565e-03
9.900000000000000000e+02 2.988714470159040994e-03
9.910000000000000000e+02 2.992187053342078035e-03
9.920000000000000000e+02 2.992034448303307857e-03
9.930000000000000000e+02 2.989293272911251829e-03
9.940000000000000000e+02 2.986844533154798739e-03
9.950000000000000000e+02 2.976536270869250753e-03
9.960000000000000000e+02 2.986295975628711422e-03
9.970000000000000000e+02 2.990921569079602570e-03
9.980000000000000000e+02 3.000432181977971680e-03
9.990000000000000000e+02 2.994454169888575122e-03
1.000000000000000000e+03 3.000936228897310015e-03
