# 2*np.log[MAD(r)] for 100 flights; 1000 steps per flight; run 26 of 50; mu: 3.00; seed: 25
-2.470513716821266570e+01
-2.332933065389815042e+01
-2.296240256559990556e+01
-2.233731760576455727e+01
-2.288576505152743223e+01
-2.231039339535846011e+01
-2.245070868085069193e+01
-2.184837317284711133e+01
-2.161972687396343318e+01
-2.143405918789758502e+01
-2.121602138100844925e+01
-2.089418328510911849e+01
-2.108700158210149667e+01
-2.078367318979471534e+01
-2.091077028802249416e+01
-2.068782536234574110e+01
-2.083394454902620652e+01
-2.059614531232095658e+01
-2.059785054331474541e+01
-2.018727477618121924e+01
-2.023002865306362708e+01
-2.045376842344145984e+01
-2.050891237590119331e+01
-2.036295399791332983e+01
-2.031370317739860454e+01
-2.044022724469376584e+01
-2.038616497470038169e+01
-2.033332396112308871e+01
-2.039790381626646010e+01
-2.048957411509995197e+01
-2.034851790748550471e+01
-2.038914330703177669e+01
-2.019555690704864048e+01
-2.047326641110361578e+01
-2.010203187174168349e+01
-1.995475007836634518e+01
-1.998839907242557246e+01
-2.006001250955401360e+01
-1.983946055391801622e+01
-1.955331402404743457e+01
-1.950879664964119442e+01
-1.938866367507063515e+01
-1.951406684328280150e+01
-1.945441167044432973e+01
-1.948809565235118058e+01
-1.954598485750994286e+01
-1.945025358342477872e+01
-1.926855728509232080e+01
-1.927911434524183321e+01
-1.928358983070397414e+01
-1.927689997686317014e+01
-1.927404698729078092e+01
-1.926760974359637402e+01
-1.915375673496462028e+01
-1.910376980168429739e+01
-1.903907112396206713e+01
-1.905387298918545014e+01
-1.916317991226633310e+01
-1.930805838960036169e+01
-1.916765303681977173e+01
-1.921341802399505383e+01
-1.914911230508338846e+01
-1.909707417963949538e+01
-1.918716890194118108e+01
-1.898857740435489916e+01
-1.920605061483544063e+01
-1.910919049840811468e+01
-1.925113726787620294e+01
-1.907277593785568470e+01
-1.898958284975478961e+01
-1.906371897169063701e+01
-1.901519790664503518e+01
-1.894857491492335200e+01
-1.892223582493543077e+01
-1.878383175829565133e+01
-1.885157684221082519e+01
-1.895330431573689722e+01
-1.899436342189309457e+01
-1.911248434389542794e+01
-1.892920911471155065e+01
-1.889596748404115090e+01
-1.886369017977793661e+01
-1.877195959195471175e+01
-1.864441577436627639e+01
-1.872118520557144095e+01
-1.894541538369841760e+01
-1.870907345117720411e+01
-1.875945353902580237e+01
-1.869110982488907524e+01
-1.872564009084481995e+01
-1.874861220374057780e+01
-1.847709334395198155e+01
-1.833013613826740595e+01
-1.855713695969635424e+01
-1.846353939797401367e+01
-1.841483757245057262e+01
-1.852265755290980564e+01
-1.861735573195183946e+01
-1.866096518940105398e+01
-1.853655623588296564e+01
-1.846818397170677528e+01
-1.845042218321764338e+01
-1.849322744964051068e+01
-1.842164483636785732e+01
-1.843971666845780888e+01
-1.847997352516748037e+01
-1.847393437111258052e+01
-1.835007613863762188e+01
-1.836115954639420167e+01
-1.834389956102069164e+01
-1.817856235327150927e+01
-1.819637114431129632e+01
-1.822581947771426414e+01
-1.822811524956400575e+01
-1.820845935782555358e+01
-1.833284277226455572e+01
-1.840083795457425708e+01
-1.834318364298233206e+01
-1.828289959686774324e+01
-1.842979549327527522e+01
-1.839054853183503369e+01
-1.837024338017169356e+01
-1.819775987921147831e+01
-1.835407751775331064e+01
-1.831214018030551216e+01
-1.828305678829023506e+01
-1.819618563055057692e+01
-1.808379442497464140e+01
-1.801917853307684680e+01
-1.795674735098050689e+01
-1.791330659576997064e+01
-1.787625732760658792e+01
-1.802038995199036719e+01
-1.802559084708104820e+01
-1.790702044727075659e+01
-1.792001818973457006e+01
-1.802238029013532739e+01
-1.805656781177544445e+01
-1.779539799784259912e+01
-1.783448375129946939e+01
-1.783766508635684644e+01
-1.805767814043226949e+01
-1.794133432147736329e+01
-1.788447877000246677e+01
-1.778262967815282281e+01
-1.786629322689200805e+01
-1.794976258242045120e+01
-1.795473603989522005e+01
-1.797804422188070816e+01
-1.796829227890361480e+01
-1.786465431130471160e+01
-1.785481958476252018e+01
-1.785664319796518029e+01
-1.786517489933413927e+01
-1.802641812908677821e+01
-1.804983396559967446e+01
-1.797387156110559303e+01
-1.786473649463078317e+01
-1.790953348333841078e+01
-1.799512631296274279e+01
-1.789817652858785380e+01
-1.783153314848764381e+01
-1.775904352446942625e+01
-1.796385773075379788e+01
-1.801716698969302399e+01
-1.799640372671528965e+01
-1.809698508625371360e+01
-1.827651693707685610e+01
-1.816041518034745650e+01
-1.797244875147370280e+01
-1.794918347046345275e+01
-1.797217536687982786e+01
-1.788005358509963116e+01
-1.799967028718171846e+01
-1.791619751220835965e+01
-1.796419030630587343e+01
-1.790634094035191382e+01
-1.790944764869282935e+01
-1.805037152336025486e+01
-1.799879729011723484e+01
-1.803154946696397332e+01
-1.818774479256702747e+01
-1.806103304041426938e+01
-1.802839138385021300e+01
-1.801889765688201805e+01
-1.789321214516975189e+01
-1.802645756049427206e+01
-1.787289345210529845e+01
-1.793913579141929304e+01
-1.793269543529121535e+01
-1.797372916722802927e+01
-1.798452536225711285e+01
-1.793065609545091377e+01
-1.797494438602743472e+01
-1.794573664095985066e+01
-1.795395820811318544e+01
-1.812306606357175198e+01
-1.798084094767410335e+01
-1.804125609543713082e+01
-1.808678032083583176e+01
-1.801581900042348394e+01
-1.799478565398493402e+01
-1.791413101346304160e+01
-1.786751985997109315e+01
-1.767728194705364331e+01
-1.776238273120123523e+01
-1.769799344736930991e+01
-1.783886959892631907e+01
-1.784592469242277701e+01
-1.781293023796436259e+01
-1.793426778395943444e+01
-1.804550006634008952e+01
-1.804555515368479135e+01
-1.806716509669705317e+01
-1.813585286676688568e+01
-1.819900792130708211e+01
-1.801824602204577275e+01
-1.791423939115166419e+01
-1.800656200930099615e+01
-1.802251122816472062e+01
-1.801653170826316597e+01
-1.802831655323515392e+01
-1.813352654370326178e+01
-1.812696880617085071e+01
-1.795753198796917616e+01
-1.794841480333096584e+01
-1.785400096558456795e+01
-1.794310304018506130e+01
-1.798927370715344409e+01
-1.806404392528913050e+01
-1.800881451375470377e+01
-1.806508277924554307e+01
-1.787335627856829134e+01
-1.794466850851229722e+01
-1.789735828946124485e+01
-1.781376660557625868e+01
-1.786178486449394143e+01
-1.784153487822609563e+01
-1.787552645981266153e+01
-1.779558859977581875e+01
-1.783610828122565906e+01
-1.773931407955264916e+01
-1.781362005059964204e+01
-1.780533884627168817e+01
-1.776421881096341338e+01
-1.771660530895245245e+01
-1.770344833657705408e+01
-1.774969239465751514e+01
-1.762736830895387996e+01
-1.761519344260715769e+01
-1.763310290273797776e+01
-1.761076597308242597e+01
-1.760806050553336988e+01
-1.771613409968102815e+01
-1.766972072320978526e+01
-1.755970074736076825e+01
-1.759469448816121684e+01
-1.751268888475504681e+01
-1.752117358031236449e+01
-1.763489929792424249e+01
-1.771744554913113845e+01
-1.760462149275186050e+01
-1.764837421303780118e+01
-1.749157181453388077e+01
-1.751902408364566099e+01
-1.737186460637811791e+01
-1.740342855476885120e+01
-1.739397746528550215e+01
-1.748805149033182715e+01
-1.756149649261698897e+01
-1.757069274694166694e+01
-1.742516528473029780e+01
-1.740144586042793406e+01
-1.755603063757287430e+01
-1.758181337430534086e+01
-1.764776269486686289e+01
-1.754502949424218627e+01
-1.753570225084439116e+01
-1.747490809605581319e+01
-1.759842081499548527e+01
-1.763505844928756972e+01
-1.757059400629167456e+01
-1.755860762951500575e+01
-1.773827046715286926e+01
-1.762303801211433907e+01
-1.752994951464890150e+01
-1.777522246870863398e+01
-1.764341703087796276e+01
-1.756216779721065535e+01
-1.762582887466848192e+01
-1.756719598679985239e+01
-1.764527250812617964e+01
-1.756189958854848143e+01
-1.751783930267533052e+01
-1.766342655137939843e+01
-1.763241302187625692e+01
-1.776176430832743591e+01
-1.755931632136789489e+01
-1.763539383680495121e+01
-1.755056771844104446e+01
-1.754973094111575804e+01
-1.759483504142302124e+01
-1.756062081896231675e+01
-1.771808413229123147e+01
-1.763726409491865965e+01
-1.759073825242850475e+01
-1.764592302813290914e+01
-1.772591502882731618e+01
-1.774379439928242519e+01
-1.767400217205201329e+01
-1.763670624273723320e+01
-1.762086000224841698e+01
-1.767687197868024285e+01
-1.769685058068178662e+01
-1.761584472127299250e+01
-1.750469962250893730e+01
-1.751765691866935271e+01
-1.746268594846473476e+01
-1.734718168112209113e+01
-1.732949997209283310e+01
-1.736370102750331412e+01
-1.730983854130962385e+01
-1.729626832453703500e+01
-1.722310704001560211e+01
-1.734561384212729607e+01
-1.729911714574084058e+01
-1.729049143145602940e+01
-1.740847724157343990e+01
-1.731010305090796919e+01
-1.720298746907769427e+01
-1.714004683025054732e+01
-1.725935514213642108e+01
-1.705994062351606999e+01
-1.710810460523620335e+01
-1.711950307945785710e+01
-1.709883574946421447e+01
-1.714802755524645050e+01
-1.709525441759404529e+01
-1.730216024791275231e+01
-1.720099319409420957e+01
-1.737642089929582312e+01
-1.739023394920039323e+01
-1.735671813607091352e+01
-1.728121588185895519e+01
-1.740772311305247300e+01
-1.737489212573681741e+01
-1.728775615682180344e+01
-1.735052821148215685e+01
-1.744377965937404085e+01
-1.736887877516835843e+01
-1.748027354790357890e+01
-1.745120268467961466e+01
-1.739694370614536112e+01
-1.741774122959682458e+01
-1.736842559708288647e+01
-1.745425540249656393e+01
-1.754146379447167448e+01
-1.751907760189793350e+01
-1.739316320243311154e+01
-1.736038586097694747e+01
-1.737236132996811833e+01
-1.744661673000525326e+01
-1.738817346131067154e+01
-1.746870522301050244e+01
-1.738853764944915170e+01
-1.744721065264370807e+01
-1.741611908029680933e+01
-1.736155890710236349e+01
-1.736692566240049018e+01
-1.723833005317312228e+01
-1.727064153169963845e+01
-1.714269571571327688e+01
-1.714835750215200605e+01
-1.718656888597926624e+01
-1.723582451649328107e+01
-1.737005036711352446e+01
-1.731881312766700631e+01
-1.722919423043286713e+01
-1.726263321075881763e+01
-1.715730074017853823e+01
-1.709644292563118384e+01
-1.712283547019783114e+01
-1.707648002470592274e+01
-1.704290481660033407e+01
-1.714246090934240030e+01
-1.714223410297636718e+01
-1.707824661716041348e+01
-1.714986435421059596e+01
-1.710549578575716012e+01
-1.716691296401360844e+01
-1.718770907967045503e+01
-1.731688325119587191e+01
-1.720933293525391505e+01
-1.721979042925602243e+01
-1.720795106512456485e+01
-1.717198105173115152e+01
-1.712128867759184914e+01
-1.707983552748627432e+01
-1.705206908864791515e+01
-1.713873861893787520e+01
-1.714238500693696921e+01
-1.707861667262260852e+01
-1.702387610331261314e+01
-1.696451880850477067e+01
-1.701620628748875674e+01
-1.707407310864190464e+01
-1.698045372186972912e+01
-1.697277713281886946e+01
-1.698958803709686904e+01
-1.700324070261704534e+01
-1.713129398823836169e+01
-1.709464657609594340e+01
-1.720943308975742170e+01
-1.710953949160546017e+01
-1.727309357241968613e+01
-1.710239529645768997e+01
-1.709439096606852715e+01
-1.714059779274799311e+01
-1.699210065060080055e+01
-1.701188914425523890e+01
-1.713501066882088253e+01
-1.697686746546062153e+01
-1.690441770634801699e+01
-1.683431592542486754e+01
-1.697794491048973597e+01
-1.680744149831539502e+01
-1.677478787220978873e+01
-1.678044053930556956e+01
-1.678061693029071577e+01
-1.684121068422278356e+01
-1.682562671686662625e+01
-1.685390589556009644e+01
-1.695412889932406486e+01
-1.692193118852716083e+01
-1.701194233281454160e+01
-1.695729801537783388e+01
-1.697658753712149249e+01
-1.689503111197705820e+01
-1.689293931081900269e+01
-1.681654348054900083e+01
-1.677125859993454071e+01
-1.684019453028519564e+01
-1.675529288854517773e+01
-1.680094392841790807e+01
-1.693954911569709765e+01
-1.692631837463394362e+01
-1.695053311813457242e+01
-1.704962250360521381e+01
-1.704827317167871925e+01
-1.718215772177361345e+01
-1.721773285526691311e+01
-1.712077073432593721e+01
-1.704639709914269474e+01
-1.697813546131372675e+01
-1.707921653372457271e+01
-1.706768142444057901e+01
-1.709463795875814185e+01
-1.704292484803484697e+01
-1.712447666741226016e+01
-1.711358718517027810e+01
-1.709107759391911330e+01
-1.703630585198945369e+01
-1.692522856565125267e+01
-1.702372615274522616e+01
-1.705385799324256979e+01
-1.709134596546206097e+01
-1.716188101119057308e+01
-1.722013345184139865e+01
-1.723382855243925249e+01
-1.718975564317549143e+01
-1.720260191643120606e+01
-1.715314543724886676e+01
-1.712237407351847196e+01
-1.704025625764339580e+01
-1.710361593401725244e+01
-1.695816677496384628e+01
-1.687540618848730389e+01
-1.700479553318594839e+01
-1.703018135876432027e+01
-1.707784499962083302e+01
-1.692181602609209534e+01
-1.692309643267839547e+01
-1.698668850585329793e+01
-1.698857066175443720e+01
-1.704923985623799965e+01
-1.703031528085386270e+01
-1.702943519199436295e+01
-1.701532231498882197e+01
-1.709456239267024102e+01
-1.710187178590256707e+01
-1.705356837380376334e+01
-1.697945023993441893e+01
-1.687947622809112502e+01
-1.689766174993874159e+01
-1.701385961876784947e+01
-1.677167439509781488e+01
-1.697203499113884462e+01
-1.702215208805979429e+01
-1.689837350460776833e+01
-1.692482136924141400e+01
-1.694196497292582748e+01
-1.693125746438585111e+01
-1.697193625851337373e+01
-1.693237931924951312e+01
-1.690235296628349815e+01
-1.691487701435951507e+01
-1.702814349866795496e+01
-1.694149203824735039e+01
-1.693825533798744587e+01
-1.695154898792531029e+01
-1.691454759595130497e+01
-1.691958490772670487e+01
-1.697668788984405452e+01
-1.705180605712821773e+01
-1.698014204689738449e+01
-1.695458235184064932e+01
-1.698708099954201600e+01
-1.690110038789189773e+01
-1.699592766854939185e+01
-1.686714213330590084e+01
-1.689053914400317780e+01
-1.678951319922214935e+01
-1.687384292127766372e+01
-1.678642407356075950e+01
-1.671627008794603597e+01
-1.673712687015424549e+01
-1.676574240833458873e+01
-1.672061316638789918e+01
-1.682008047786290916e+01
-1.679328583365902006e+01
-1.676394328284974478e+01
-1.692715845871694569e+01
-1.682770199445682380e+01
-1.681307126202665714e+01
-1.688635094128034098e+01
-1.698512239457724959e+01
-1.686486989577392848e+01
-1.691417682568007308e+01
-1.687959408099591840e+01
-1.689693075289152802e+01
-1.685975781965918330e+01
-1.687444895445650062e+01
-1.689100263441024197e+01
-1.689848581727090604e+01
-1.697151937949416833e+01
-1.689617163237744180e+01
-1.697940060399860940e+01
-1.701815467026800022e+01
-1.702535405570760574e+01
-1.688527236093162998e+01
-1.694368478456662075e+01
-1.701832823435611175e+01
-1.700902160611876823e+01
-1.708004917763732422e+01
-1.698538205209655771e+01
-1.706944440466484991e+01
-1.707424743074781759e+01
-1.700308100063471883e+01
-1.702221706835165804e+01
-1.702758917933119776e+01
-1.698763656366772423e+01
-1.710753876908536597e+01
-1.691579311962477306e+01
-1.690978160363249216e+01
-1.698587668249651728e+01
-1.693336832499160849e+01
-1.689538786863618469e+01
-1.693391763468616418e+01
-1.692387065964485870e+01
-1.685631423146564600e+01
-1.680020988840881202e+01
-1.669683824193798571e+01
-1.670187872050310318e+01
-1.682114412345219279e+01
-1.673385808418480281e+01
-1.666330821598721457e+01
-1.668122565539409763e+01
-1.659874438731498003e+01
-1.661133555324535038e+01
-1.657459870831527837e+01
-1.656335281359289624e+01
-1.655480385069832394e+01
-1.660881564400741439e+01
-1.659063421313431519e+01
-1.663090911612994915e+01
-1.659321277509439341e+01
-1.665785223324597908e+01
-1.670532948245998739e+01
-1.678087632048247002e+01
-1.680259800696103767e+01
-1.678242790399286477e+01
-1.670870052165768627e+01
-1.680946244029357572e+01
-1.680285751544945683e+01
-1.673205409465813887e+01
-1.685466281181264492e+01
-1.688011737147464331e+01
-1.676272383265360233e+01
-1.682490489419426893e+01
-1.680539398683921348e+01
-1.676861772520713245e+01
-1.674188813844401125e+01
-1.669576993963849176e+01
-1.672023417204160722e+01
-1.661786845170156113e+01
-1.672791138281322532e+01
-1.675871286344036548e+01
-1.674760115848956588e+01
-1.668022660252194456e+01
-1.672003158492743324e+01
-1.681817387573077838e+01
-1.685125034568757485e+01
-1.677709689486008671e+01
-1.678176636278742251e+01
-1.683085817902628278e+01
-1.686156373238001649e+01
-1.682094538531293537e+01
-1.681270619035830549e+01
-1.689722336558543248e+01
-1.673849926939622890e+01
-1.671201994422317938e+01
-1.679263578060646722e+01
-1.676788102111836665e+01
-1.677581349436406910e+01
-1.672246524718525151e+01
-1.669962380507840294e+01
-1.662428790222827857e+01
-1.671438686277368291e+01
-1.684615379733725860e+01
-1.682648835600126347e+01
-1.669249857519376334e+01
-1.669985144531954191e+01
-1.666121243907270610e+01
-1.673365176631210360e+01
-1.669209140998979635e+01
-1.664462609160992201e+01
-1.662092637059065936e+01
-1.675112647688364831e+01
-1.676558386606456352e+01
-1.679160957549258271e+01
-1.672675173009683647e+01
-1.675035085230875254e+01
-1.677684385144143420e+01
-1.682565040096163500e+01
-1.681746731714743959e+01
-1.682953879229453165e+01
-1.676101423572076143e+01
-1.681061054667422283e+01
-1.696500129702792847e+01
-1.680781730785925632e+01
-1.683648089617799926e+01
-1.672483550198542090e+01
-1.675375870671303957e+01
-1.670395661270878307e+01
-1.682664241204145483e+01
-1.671162900320866029e+01
-1.664730548548210365e+01
-1.663282686486224193e+01
-1.660019369325460659e+01
-1.657526531545042658e+01
-1.663963803667637720e+01
-1.684855602835236965e+01
-1.670005019310744032e+01
-1.672078534632708369e+01
-1.680575813975031707e+01
-1.678449906777172274e+01
-1.685163011638033126e+01
-1.692866503407586620e+01
-1.688161513139474224e+01
-1.683325131661263185e+01
-1.675679757801011860e+01
-1.664079883248542657e+01
-1.653417284973472690e+01
-1.655985226150988865e+01
-1.649452542417312273e+01
-1.652325624532414849e+01
-1.650785464318643392e+01
-1.654557396364602440e+01
-1.654809927834855898e+01
-1.649428615546250043e+01
-1.656474877848205551e+01
-1.662516264057981630e+01
-1.669898696364770529e+01
-1.669800461061379337e+01
-1.665334011951456006e+01
-1.661434339823988893e+01
-1.659426719831006025e+01
-1.655957083951351549e+01
-1.668850410972249065e+01
-1.660563409140860358e+01
-1.655446224364128938e+01
-1.660376343391914133e+01
-1.664272296821142305e+01
-1.670497617731743389e+01
-1.672836872947997122e+01
-1.675883207309118461e+01
-1.679422544096747671e+01
-1.678092613299011049e+01
-1.685017594310842526e+01
-1.679185414969975199e+01
-1.675730690636094522e+01
-1.670534128814339070e+01
-1.672147766292809834e+01
-1.668642353315391702e+01
-1.675417292767442135e+01
-1.665722166271814686e+01
-1.665971033179340566e+01
-1.667034498011312138e+01
-1.660702553558687811e+01
-1.664451474948156218e+01
-1.674929805635495228e+01
-1.665995913957601715e+01
-1.661903094297548833e+01
-1.666047048565704713e+01
-1.667185871404264219e+01
-1.659995182587380214e+01
-1.661212230336247941e+01
-1.659960124545543891e+01
-1.659820162822559197e+01
-1.668201023605272937e+01
-1.672431874399694962e+01
-1.664387157458530098e+01
-1.665657519631215067e+01
-1.664753184765570282e+01
-1.673211048915557342e+01
-1.681493206696159248e+01
-1.675097196139430977e+01
-1.671366519469591694e+01
-1.668991339129951257e+01
-1.666734928626904733e+01
-1.673557437979674134e+01
-1.676090275961836795e+01
-1.674397621919321466e+01
-1.680959362208528418e+01
-1.682339474663953638e+01
-1.669072568928217137e+01
-1.671799520875807588e+01
-1.661987673630138929e+01
-1.661268819935973085e+01
-1.663600054030150588e+01
-1.661905725584855986e+01
-1.655828827393904845e+01
-1.658730210406565675e+01
-1.667186598931878194e+01
-1.661973193895778067e+01
-1.663223061037916395e+01
-1.659124821503913338e+01
-1.656028250951867165e+01
-1.657761676894334002e+01
-1.655011662617412682e+01
-1.644435901686040680e+01
-1.651284032273068547e+01
-1.654909622064692698e+01
-1.653211663451594760e+01
-1.662093954650357830e+01
-1.660268984941049197e+01
-1.656431268154445391e+01
-1.667603057524941335e+01
-1.656049976695718939e+01
-1.645901776076343026e+01
-1.642640131355357269e+01
-1.637753294103366741e+01
-1.638413036952905344e+01
-1.636711659366860872e+01
-1.641854132322799131e+01
-1.635052079641219436e+01
-1.637890791080391750e+01
-1.634643073268614444e+01
-1.635864278732663379e+01
-1.638168270650722036e+01
-1.639080713234175946e+01
-1.630968915539440900e+01
-1.633037994055372977e+01
-1.638721519453350339e+01
-1.634044962679412905e+01
-1.639301736407967880e+01
-1.648251363872651609e+01
-1.641225011744207052e+01
-1.635850928007516458e+01
-1.643338589054204490e+01
-1.645532988465925328e+01
-1.652472850633603940e+01
-1.654913291239729745e+01
-1.661060910015366687e+01
-1.663982007199412649e+01
-1.656240388083786286e+01
-1.654184375441510468e+01
-1.649804461031589753e+01
-1.650264495796431419e+01
-1.638642412890088096e+01
-1.644603144823060958e+01
-1.642767676656645293e+01
-1.644609682350947111e+01
-1.644950321916487468e+01
-1.645035112512346132e+01
-1.641910199326982323e+01
-1.641193253062835922e+01
-1.647871641284939059e+01
-1.641024085180404768e+01
-1.637702459147342893e+01
-1.633321374267345050e+01
-1.633533436623246260e+01
-1.628179487267661329e+01
-1.635055900223872172e+01
-1.629735257627414313e+01
-1.637780693469846938e+01
-1.641515247991674187e+01
-1.646722315987289420e+01
-1.647479430561493885e+01
-1.644098756232755676e+01
-1.656155426089350868e+01
-1.653833693631381507e+01
-1.639098109052049068e+01
-1.649122356651992050e+01
-1.643536843357697208e+01
-1.642969201999773787e+01
-1.641561652604811528e+01
-1.643576774885645619e+01
-1.640803845396182581e+01
-1.639792130531194658e+01
-1.638454210204810124e+01
-1.645951176450825315e+01
-1.641135099510596973e+01
-1.636347542143746381e+01
-1.642508962270088446e+01
-1.646532898086691432e+01
-1.648139405129705537e+01
-1.643901434396086358e+01
-1.639402493233141200e+01
-1.646619388462538325e+01
-1.649419624143116891e+01
-1.650608372626368947e+01
-1.655338777891357793e+01
-1.646034138535233637e+01
-1.644821451237257648e+01
-1.631633743763485711e+01
-1.636670231951209331e+01
-1.631127945852470518e+01
-1.633150155330749698e+01
-1.635803045779573850e+01
-1.634131867071801381e+01
-1.634272931489164193e+01
-1.632340621012163950e+01
-1.632105876035027592e+01
-1.630884055239884489e+01
-1.640465958998773033e+01
-1.633725086409972960e+01
-1.634384677824761667e+01
-1.636457397694220717e+01
-1.639768856406795905e+01
-1.634127981034661303e+01
-1.636307019554336861e+01
-1.627139094528045504e+01
-1.627350257170811076e+01
-1.634716759319388046e+01
-1.626322842278909775e+01
-1.620029316195692815e+01
-1.624134809517133959e+01
-1.620516805661067039e+01
-1.625758226188971278e+01
-1.621137419391488166e+01
-1.614280617235562687e+01
-1.617809226863905181e+01
-1.616351168252557358e+01
-1.624720816042628613e+01
-1.623082659479559098e+01
-1.620146258195021360e+01
-1.629480389637599913e+01
-1.624927046979492218e+01
-1.622542238230380462e+01
-1.614947111012298819e+01
-1.616185433575467201e+01
-1.616302708616484196e+01
-1.610393894395839709e+01
-1.613777040873150170e+01
-1.625395032547995910e+01
-1.624020932080041746e+01
-1.619207373769414460e+01
-1.616821180171849548e+01
-1.615799479977404474e+01
-1.619512659766745699e+01
-1.618867876551806617e+01
-1.618294365719860295e+01
-1.616105553442548626e+01
-1.617060967363407187e+01
-1.619456876407481261e+01
-1.618520928041322193e+01
-1.617632431925331460e+01
-1.609770974868363425e+01
-1.610043276177786709e+01
-1.599272383421928190e+01
-1.593765007733169980e+01
-1.588216184487814608e+01
-1.590749139430380055e+01
-1.593517841335837737e+01
-1.597356350287311244e+01
-1.592496308567879559e+01
-1.588804840774624694e+01
-1.595316618796700325e+01
-1.587905227225365756e+01
-1.594029987032858031e+01
-1.592690423174189185e+01
-1.585913155221145487e+01
-1.587771076405841164e+01
-1.592670623112588046e+01
-1.586832115282694566e+01
-1.582260539962950929e+01
-1.580378805180889223e+01
-1.584326496070968915e+01
-1.588255029643025118e+01
-1.588027237182926221e+01
-1.596368882057265637e+01
-1.588719988807511463e+01
-1.591250315407029881e+01
-1.591153223288431384e+01
-1.593845065392415172e+01
-1.595971974791700276e+01
-1.592914404071322210e+01
-1.590830362322366298e+01
-1.591953480413359223e+01
-1.587471193118394375e+01
-1.596626926994582263e+01
-1.590624232674935357e+01
-1.594713614053547346e+01
-1.583993420581004941e+01
-1.582272399243559136e+01
-1.577401216993927235e+01
-1.592681452916425400e+01
-1.597370568854541162e+01
-1.594965152991081148e+01
-1.593427146501695546e+01
-1.599517879432452006e+01
-1.603220430985490808e+01
-1.606629748167272353e+01
-1.599754379905522050e+01
-1.601856650345480659e+01
-1.600657229536104609e+01
-1.600319700042840765e+01
-1.595381718717121267e+01
-1.594064908057607255e+01
-1.601453447151206078e+01
-1.591606633989219155e+01
-1.595837964363579076e+01
-1.595583995546297729e+01
-1.595969618494977382e+01
-1.596075673039746512e+01
-1.596603031675293494e+01
-1.606037147248562746e+01
-1.599362031988983013e+01
-1.603032030990383561e+01
-1.599936819829213874e+01
-1.602644061449568724e+01
-1.606208605611632478e+01
-1.605839693492071518e+01
-1.603531294461801338e+01
-1.605383228082391511e+01
-1.601703534239403481e+01
-1.601298660007061869e+01
-1.609682634966139148e+01
-1.620901004041750681e+01
-1.619870967429009667e+01
-1.619676130663928859e+01
-1.619172789426802339e+01
-1.619804902116255718e+01
-1.615248906800774265e+01
-1.605341945721255570e+01
-1.600819489310554289e+01
-1.605234879778528878e+01
-1.601637923842928757e+01
-1.598330766913741918e+01
-1.597035274896215817e+01
-1.604873147005782741e+01
-1.602349068545003874e+01
-1.604675151307266034e+01
-1.598968979426723358e+01
-1.591002499913153834e+01
-1.589269489112344047e+01
-1.589795698142845559e+01
-1.588358507479301629e+01
-1.579814083653996448e+01
-1.576623691270242311e+01
-1.586753104060102970e+01
-1.585365923889506590e+01
-1.585176911997579730e+01
-1.588177598795784107e+01
-1.597628461737359373e+01
-1.590145479200579715e+01
-1.592714964043092429e+01
-1.591837533451205466e+01
-1.593928719959519391e+01
-1.591415656690104719e+01
-1.584000493633830509e+01
-1.584129492391732086e+01
-1.585413209446614680e+01
-1.587127511643656597e+01
-1.589235178044308228e+01
-1.594816075381998388e+01
-1.589695694862435005e+01
-1.584705477058782641e+01
-1.594021700373249217e+01
