# 2*np.log[MAD(r)] for 100 flights; 1000 steps per flight; run 20 of 50; mu: 3.00; seed: 19
-2.529013468955918853e+01
-2.366985500715251334e+01
-2.275769940515932177e+01
-2.249609985978134574e+01
-2.233409287300021973e+01
-2.212605479731144698e+01
-2.178676990609375963e+01
-2.173039414339905306e+01
-2.125126064859557928e+01
-2.131950097470804195e+01
-2.124736277969005727e+01
-2.096508824246215141e+01
-2.114300372143995688e+01
-2.134545800008929817e+01
-2.097192042445324844e+01
-2.090864079323431923e+01
-2.064484599426682720e+01
-2.070406383084233326e+01
-2.041170241603989410e+01
-2.046504329161867375e+01
-2.053966753776549936e+01
-2.066105070622528572e+01
-2.055449771633650258e+01
-2.051317441825248977e+01
-2.039642059678939034e+01
-1.996009190794470811e+01
-1.997010433707299271e+01
-2.021219919847128210e+01
-2.013780338506225931e+01
-1.998211611695870715e+01
-2.011498354118839416e+01
-1.996797214540404752e+01
-1.995456815601741951e+01
-2.010985402290148727e+01
-2.006357572513802268e+01
-1.982172327248039068e+01
-1.999534713773134342e+01
-1.983943899784033960e+01
-1.976934594965401004e+01
-1.993130707800498413e+01
-1.972700553733069384e+01
-1.992668251651261357e+01
-1.987681704383419401e+01
-1.994424572904139836e+01
-1.964062421498850242e+01
-1.957686472523716503e+01
-1.940657645697145028e+01
-1.940810000878657959e+01
-1.927653722750176257e+01
-1.915495449077512546e+01
-1.926994604360274721e+01
-1.937948920419248466e+01
-1.918952385886960599e+01
-1.919359084257432713e+01
-1.928723538798623949e+01
-1.947681447452397663e+01
-1.954182135582263413e+01
-1.932372648754981981e+01
-1.942559707540309333e+01
-1.929482419343242938e+01
-1.925624907051272672e+01
-1.925296647519893156e+01
-1.917819099870614608e+01
-1.909612969604933497e+01
-1.910597847355422019e+01
-1.915184069450967286e+01
-1.908744426896675250e+01
-1.913895623191934092e+01
-1.906871621593605326e+01
-1.898779293759404041e+01
-1.897486127186832405e+01
-1.893003148992185203e+01
-1.898051598690486941e+01
-1.892427294041693742e+01
-1.888400505992839484e+01
-1.893806511079598565e+01
-1.907405025855439007e+01
-1.913788956174596478e+01
-1.930268667493015755e+01
-1.893946076630188102e+01
-1.886540571973467806e+01
-1.880224524380861695e+01
-1.879047024993228021e+01
-1.874883982890336043e+01
-1.881542561239018241e+01
-1.868674583257738320e+01
-1.863930559810585308e+01
-1.862496048878600519e+01
-1.892790955856433399e+01
-1.882700295415894232e+01
-1.889136528307605900e+01
-1.877399116294571257e+01
-1.872697339048519183e+01
-1.877533623744597691e+01
-1.885155191268617259e+01
-1.878686989412453201e+01
-1.901508048682927665e+01
-1.913132857799010011e+01
-1.884152376010084851e+01
-1.869942104168828223e+01
-1.876488665561842950e+01
-1.859029815086951487e+01
-1.879573907195045024e+01
-1.880171165207904238e+01
-1.871792654331728301e+01
-1.877293198853099199e+01
-1.884651946920882537e+01
-1.869100266127630050e+01
-1.861818108187673104e+01
-1.874099592120557034e+01
-1.875815143837948540e+01
-1.848122912077930735e+01
-1.861557227403064729e+01
-1.834303555175439726e+01
-1.843516394153506965e+01
-1.843039410167158820e+01
-1.830719863306537576e+01
-1.847385645704381218e+01
-1.826805125497952531e+01
-1.824385796347075228e+01
-1.822946988190236439e+01
-1.819449745794427997e+01
-1.828219808184210393e+01
-1.821346817933163820e+01
-1.831386794974955023e+01
-1.812273009675982749e+01
-1.797371150312966037e+01
-1.841956555508706828e+01
-1.847348782466172068e+01
-1.819451411276263997e+01
-1.830007071562356202e+01
-1.821269098876691217e+01
-1.808971921714854147e+01
-1.837086464127072105e+01
-1.834604079258605225e+01
-1.815080990336205602e+01
-1.843053878718823313e+01
-1.836939486961608026e+01
-1.823735359957228752e+01
-1.818675872176323338e+01
-1.805575805684872392e+01
-1.813650401343802088e+01
-1.812090705006902880e+01
-1.806201309828947288e+01
-1.802114721589408219e+01
-1.813797831041364006e+01
-1.801580666159991750e+01
-1.822680723347324161e+01
-1.813942672762284758e+01
-1.805814177321275338e+01
-1.814317359448412148e+01
-1.810306321980127464e+01
-1.811191991211996566e+01
-1.806716967177708355e+01
-1.804284051538063949e+01
-1.794872815355784113e+01
-1.794017732755996164e+01
-1.779052881155516985e+01
-1.789439388898826166e+01
-1.791009933774019913e+01
-1.786346481466234337e+01
-1.783927878807453737e+01
-1.775119201644204026e+01
-1.796311949326116775e+01
-1.803175618815619785e+01
-1.799764857323665268e+01
-1.804806185799552765e+01
-1.808377329156841284e+01
-1.811570714564935969e+01
-1.799676243010602406e+01
-1.811270726976333023e+01
-1.813856368924026796e+01
-1.804444865715143109e+01
-1.785684738509705483e+01
-1.793798900774205052e+01
-1.802549397815684884e+01
-1.806916734686413051e+01
-1.803660224318844030e+01
-1.788091534111233472e+01
-1.789726436755153216e+01
-1.782571817880984710e+01
-1.785816740087925680e+01
-1.776184131622031614e+01
-1.774817941369365926e+01
-1.784470190369718878e+01
-1.774193850967169794e+01
-1.777571861227772487e+01
-1.765913315446056231e+01
-1.766432605205605810e+01
-1.766147901846257895e+01
-1.768577277572754269e+01
-1.779676868282931324e+01
-1.775144123847439559e+01
-1.764164931737061437e+01
-1.772038743924547433e+01
-1.767120787939909121e+01
-1.771687111715727170e+01
-1.758657919963013327e+01
-1.763576360225436090e+01
-1.763228818914004137e+01
-1.758042301445058087e+01
-1.760428947946228107e+01
-1.770903535489553349e+01
-1.773343882746716105e+01
-1.767603749406555025e+01
-1.763082840216795688e+01
-1.774259188091357231e+01
-1.779374705861434336e+01
-1.776570950317396580e+01
-1.769003679602556289e+01
-1.772773132561605181e+01
-1.767521257769438847e+01
-1.786294200523214215e+01
-1.777083313213408289e+01
-1.766107736096579117e+01
-1.761874462630398952e+01
-1.770752126767019874e+01
-1.778650040061502580e+01
-1.774299671477806939e+01
-1.765246679141147013e+01
-1.769307991991572138e+01
-1.777295056215322333e+01
-1.782819719408930226e+01
-1.789968390500208528e+01
-1.778849565086908768e+01
-1.772495012594485786e+01
-1.766057227514209416e+01
-1.770089753140114297e+01
-1.769631717369091461e+01
-1.769745213619439284e+01
-1.780173075554965223e+01
-1.779409148079128400e+01
-1.766373669162316773e+01
-1.762798309411089903e+01
-1.763614690750389613e+01
-1.759932725760239691e+01
-1.767230519333176275e+01
-1.771052760459880915e+01
-1.765768157588223275e+01
-1.764886646547286375e+01
-1.755774472860839097e+01
-1.762449662691005514e+01
-1.762528776396237618e+01
-1.770625277981731216e+01
-1.770058261143135070e+01
-1.763885133842945763e+01
-1.751422954653145680e+01
-1.759399401027691567e+01
-1.750973726242552786e+01
-1.746061442815061682e+01
-1.756336613850925943e+01
-1.751861308646862270e+01
-1.760864633133225254e+01
-1.762333292601727308e+01
-1.761237718930367535e+01
-1.763817833142262970e+01
-1.751184021356744935e+01
-1.752932359502955606e+01
-1.763094705498705750e+01
-1.760472700931486045e+01
-1.751562439267631888e+01
-1.754497258740267540e+01
-1.748274482073622949e+01
-1.745703844905837343e+01
-1.745561524448649493e+01
-1.737451341521333248e+01
-1.734667130292154269e+01
-1.749154495583715274e+01
-1.741499181992068301e+01
-1.743631981613208026e+01
-1.736687772763608351e+01
-1.752123258342442469e+01
-1.754550331768471594e+01
-1.770172233317641997e+01
-1.767593275972025069e+01
-1.758610136050258888e+01
-1.764017921634347630e+01
-1.779399852017343520e+01
-1.742125438460184128e+01
-1.753121665039125077e+01
-1.760606468058221807e+01
-1.774070006762649498e+01
-1.794059403273251263e+01
-1.757400842596998558e+01
-1.746813490541746461e+01
-1.755038378768096408e+01
-1.754191963715709335e+01
-1.762922903679914199e+01
-1.758140221599505182e+01
-1.760590981216688533e+01
-1.752141577599408606e+01
-1.764920574887874594e+01
-1.775208015477954504e+01
-1.757219049370138109e+01
-1.750461393427654144e+01
-1.763123411804452445e+01
-1.751290464186021723e+01
-1.742366656084856658e+01
-1.747604002737206130e+01
-1.746560047907421520e+01
-1.735721312273807015e+01
-1.750889596996517739e+01
-1.744814361288740301e+01
-1.745369575689985098e+01
-1.742307961924261051e+01
-1.736128941936319237e+01
-1.748628631460299587e+01
-1.741161356867959142e+01
-1.730746237550605926e+01
-1.749550164657257056e+01
-1.737901161546193762e+01
-1.750716728978040138e+01
-1.737817775272079857e+01
-1.732841387041973391e+01
-1.731787231262613247e+01
-1.736120569523574986e+01
-1.736021473031339823e+01
-1.729063577825316145e+01
-1.722860050396728937e+01
-1.725948599531129446e+01
-1.731891603589507511e+01
-1.723960448340469398e+01
-1.713547157442505409e+01
-1.711769103331380038e+01
-1.712457700236743108e+01
-1.708349146899172766e+01
-1.708861513914051500e+01
-1.708613545701335568e+01
-1.704257587892583814e+01
-1.708281300924441126e+01
-1.703429318827354066e+01
-1.707952825872110481e+01
-1.708036737619591960e+01
-1.699882454244947638e+01
-1.702645463700287110e+01
-1.711807885887303016e+01
-1.719977149611870004e+01
-1.730157920680423089e+01
-1.723455910055439944e+01
-1.721278136722154528e+01
-1.718312275614615459e+01
-1.712345725881094793e+01
-1.718322817566581051e+01
-1.706186328253563644e+01
-1.696652168092607127e+01
-1.695103290775730187e+01
-1.696791440707218968e+01
-1.692495706166357294e+01
-1.704626632451097024e+01
-1.702699691384441394e+01
-1.706685191148871894e+01
-1.699914013992568584e+01
-1.681222727476743728e+01
-1.689323048940101302e+01
-1.690083700918622611e+01
-1.694742728739420556e+01
-1.697341940260317372e+01
-1.702704907466994655e+01
-1.695046125616097044e+01
-1.704369936351686832e+01
-1.697825416076065608e+01
-1.712143091727593003e+01
-1.709030484554048002e+01
-1.708618079747603247e+01
-1.713728847865933602e+01
-1.711963803031065723e+01
-1.707177643150291502e+01
-1.710071285144810460e+01
-1.708997662672866369e+01
-1.713550753973978047e+01
-1.703850250148580869e+01
-1.698237267133961836e+01
-1.697975786880536475e+01
-1.696090083998436526e+01
-1.683932052208133356e+01
-1.684153970799909672e+01
-1.685125455739173361e+01
-1.689449580391988448e+01
-1.684824687084295292e+01
-1.691622185698401992e+01
-1.698839499835503020e+01
-1.696716793230140397e+01
-1.693023470379768014e+01
-1.690733978126786141e+01
-1.686612384753673766e+01
-1.676468602070691816e+01
-1.681134018020287257e+01
-1.685126765760504242e+01
-1.670357193062374535e+01
-1.672824040990669303e+01
-1.674010920814535908e+01
-1.675943381826742851e+01
-1.682085332126918686e+01
-1.683443998328246138e+01
-1.679479742333822045e+01
-1.682957391068206121e+01
-1.683531190001325228e+01
-1.674992645261927748e+01
-1.681360347157801982e+01
-1.681096103787915297e+01
-1.683016597216267485e+01
-1.685481906318988621e+01
-1.684724731803437692e+01
-1.680195757830836456e+01
-1.689470351910029322e+01
-1.685141921711836233e+01
-1.682064509000833752e+01
-1.664642762302003831e+01
-1.664644224655636862e+01
-1.664965914049533069e+01
-1.678748204646804609e+01
-1.677737289595425096e+01
-1.678269473138564649e+01
-1.682852987806282385e+01
-1.674910378264471689e+01
-1.676930984577681727e+01
-1.668654706788992215e+01
-1.672608050808025482e+01
-1.674520374131743239e+01
-1.683875404448860280e+01
-1.686166694388159470e+01
-1.686337766647417169e+01
-1.685122102845154757e+01
-1.688564220478906819e+01
-1.691044041682733123e+01
-1.691369296414440271e+01
-1.690273762678170399e+01
-1.693056491454670720e+01
-1.688273837450563164e+01
-1.675336157323444297e+01
-1.671181016719115320e+01
-1.672281283821147824e+01
-1.674392938120863050e+01
-1.671593472442849304e+01
-1.671809163581163205e+01
-1.669404789757720664e+01
-1.669649881059546459e+01
-1.669477734533513313e+01
-1.672498123513115686e+01
-1.676284143780610236e+01
-1.664715590627150021e+01
-1.652952558505689851e+01
-1.660166407094568086e+01
-1.654126491202977434e+01
-1.667848553347802465e+01
-1.662214079569053737e+01
-1.670142140107995843e+01
-1.683276765994752466e+01
-1.678525633196985467e+01
-1.680627976857907768e+01
-1.680323675523107951e+01
-1.684357861115299215e+01
-1.669869100056587286e+01
-1.673419506027956416e+01
-1.666309885496352550e+01
-1.680229665965105568e+01
-1.671456153806327904e+01
-1.665440811212593530e+01
-1.662224489828930629e+01
-1.665150415932121675e+01
-1.670731956087324477e+01
-1.671105084579706812e+01
-1.672097420601891926e+01
-1.672062326836302759e+01
-1.668859163008310276e+01
-1.672301379791549536e+01
-1.672879393037255369e+01
-1.671686035595444153e+01
-1.663078137717139171e+01
-1.663490607561575629e+01
-1.662417432043745791e+01
-1.660029172487266180e+01
-1.658265730592561482e+01
-1.659227229060513764e+01
-1.664112665931993007e+01
-1.667877739841320661e+01
-1.662302436106137549e+01
-1.660131228015860216e+01
-1.650705827117168667e+01
-1.655662623736076000e+01
-1.652774068280467290e+01
-1.651708499304992017e+01
-1.655851868618121259e+01
-1.651396293915934521e+01
-1.653877059009856509e+01
-1.654176104575326889e+01
-1.660157780759470469e+01
-1.658629194854869837e+01
-1.661035374644779594e+01
-1.653943197703350876e+01
-1.652381856320156217e+01
-1.652445161944086394e+01
-1.653094113345010641e+01
-1.654580439717351581e+01
-1.651387016063945268e+01
-1.647116814358410508e+01
-1.650525006936943129e+01
-1.649177209065902616e+01
-1.661112946837438642e+01
-1.665498234550415191e+01
-1.659584919249147461e+01
-1.658687792576585451e+01
-1.644203190972584494e+01
-1.649013982904761022e+01
-1.659930097944539185e+01
-1.638806501641402491e+01
-1.644909084563296275e+01
-1.649774400599381252e+01
-1.654769392191861854e+01
-1.660104938957701037e+01
-1.664868726714213309e+01
-1.668410895203084365e+01
-1.669125496183597690e+01
-1.651078299583570086e+01
-1.659145787566381713e+01
-1.668292968282396416e+01
-1.670856272775607820e+01
-1.661828514762454745e+01
-1.666047869884554444e+01
-1.656909994857284474e+01
-1.658963858907158340e+01
-1.653840156483906298e+01
-1.655152084145881020e+01
-1.664507590392860337e+01
-1.668253494524138247e+01
-1.659975302314516554e+01
-1.666568822400571648e+01
-1.654628421927539605e+01
-1.656971032325583337e+01
-1.653653902324548142e+01
-1.661579537760166048e+01
-1.656612494858049800e+01
-1.650910670537228242e+01
-1.644521141031563261e+01
-1.646947328576617764e+01
-1.671819363837006378e+01
-1.668622056176544177e+01
-1.665644418223864420e+01
-1.661808748533065838e+01
-1.671959692897955918e+01
-1.660380288083205969e+01
-1.670912244060855301e+01
-1.670761051725442314e+01
-1.668128769489696239e+01
-1.660754750734905372e+01
-1.674307347280774039e+01
-1.667190782714913766e+01
-1.664236260744243623e+01
-1.657794660366160855e+01
-1.660407789129061129e+01
-1.654764230244264667e+01
-1.656272253554275053e+01
-1.657488093188474565e+01
-1.653253579019065711e+01
-1.650637521922681472e+01
-1.659215869037849345e+01
-1.660725857040399589e+01
-1.652756068995883965e+01
-1.659280768709995968e+01
-1.660203347975678767e+01
-1.657969088762426324e+01
-1.656734284216199171e+01
-1.667438722005598706e+01
-1.662162318754357315e+01
-1.675724113706132812e+01
-1.673825955610507066e+01
-1.670116748196993584e+01
-1.662346890463723525e+01
-1.668370097192287105e+01
-1.667231725810427534e+01
-1.674939411889899787e+01
-1.680991891454344156e+01
-1.680970057699293463e+01
-1.669065120657203849e+01
-1.661259635597700424e+01
-1.652286915419465529e+01
-1.650118151853122228e+01
-1.661712517936693700e+01
-1.651369822761852646e+01
-1.653871164431667040e+01
-1.655760776395451472e+01
-1.662759554534788720e+01
-1.664426303067975965e+01
-1.666121631569521711e+01
-1.672814746261884267e+01
-1.676580875478921229e+01
-1.677606694919672137e+01
-1.676613307550281817e+01
-1.671702173722414031e+01
-1.677368733961131042e+01
-1.675931771523767466e+01
-1.673679437041597851e+01
-1.668594691499220062e+01
-1.669873193938469669e+01
-1.670953634228251872e+01
-1.669695369038872101e+01
-1.674142056772480203e+01
-1.676470287025820127e+01
-1.674253347248304635e+01
-1.676386181285005250e+01
-1.670896772190571866e+01
-1.659380614573224832e+01
-1.665007124262054816e+01
-1.662832862718657267e+01
-1.667635996942573939e+01
-1.676286287221790161e+01
-1.673570997827392404e+01
-1.666303415506142827e+01
-1.669518851153114625e+01
-1.662375621579979423e+01
-1.674378665311416725e+01
-1.677863962811943566e+01
-1.670181042966267171e+01
-1.675339131552609118e+01
-1.670759127425300150e+01
-1.658687773348717442e+01
-1.665902217218281933e+01
-1.664626885309063908e+01
-1.666182995452146187e+01
-1.659804028268772313e+01
-1.664682430938161417e+01
-1.661025823724966699e+01
-1.657083119715887420e+01
-1.666208965592539570e+01
-1.668296169038890397e+01
-1.660093446833770869e+01
-1.658289672736269793e+01
-1.665225233541664096e+01
-1.666166824927509538e+01
-1.656660912286987042e+01
-1.654384881297342957e+01
-1.663125992078611759e+01
-1.656982383094236511e+01
-1.659426181903593900e+01
-1.643534096691644919e+01
-1.633158990190383975e+01
-1.644783475584431187e+01
-1.633456258968175945e+01
-1.638609439185612260e+01
-1.632176470894657072e+01
-1.647077154063439863e+01
-1.642788904463609967e+01
-1.641701184077309605e+01
-1.643640283835192761e+01
-1.653863964586127722e+01
-1.660315503158076922e+01
-1.646582623964184222e+01
-1.631308238958579793e+01
-1.635414649172889767e+01
-1.638096510807183748e+01
-1.636575022750843189e+01
-1.644691913807653449e+01
-1.645136853026495416e+01
-1.642923620002700957e+01
-1.642095261506498360e+01
-1.640885252762631907e+01
-1.637427284400134653e+01
-1.646520530431593698e+01
-1.639493281688028858e+01
-1.635907160457600895e+01
-1.637129412182517996e+01
-1.630979861261043595e+01
-1.619595133831527534e+01
-1.630507948038665234e+01
-1.638636171389030949e+01
-1.637984039498709521e+01
-1.628296739768936163e+01
-1.629681417968333434e+01
-1.628966841230865725e+01
-1.630052858700446450e+01
-1.638836781953844834e+01
-1.631572666509154246e+01
-1.646979853675427208e+01
-1.643107894501204314e+01
-1.644723546078442666e+01
-1.634691473151427488e+01
-1.637050771948583261e+01
-1.633142956461825079e+01
-1.630705940615255400e+01
-1.622935585538273173e+01
-1.630809230165393586e+01
-1.635101673981893100e+01
-1.629355248459535233e+01
-1.629772958773713754e+01
-1.619975957472349748e+01
-1.618180161548025353e+01
-1.625415305966814472e+01
-1.630169705796200574e+01
-1.632346488350007974e+01
-1.629920087918685923e+01
-1.626308492668481520e+01
-1.625816806648051127e+01
-1.623572388952714007e+01
-1.629391356157963244e+01
-1.633898914543313907e+01
-1.616757777979090704e+01
-1.625158800595891861e+01
-1.632568547365538336e+01
-1.636351760845795056e+01
-1.633127326719281314e+01
-1.625398965990727618e+01
-1.624185059716230128e+01
-1.619878511338534821e+01
-1.619169970883898912e+01
-1.616845141639284478e+01
-1.621779680889046560e+01
-1.617521792108769674e+01
-1.616115680343641969e+01
-1.619425266753098569e+01
-1.622287978549839593e+01
-1.623858984780132175e+01
-1.628342222076623713e+01
-1.624491149815113999e+01
-1.623770646730400813e+01
-1.617043617744324990e+01
-1.620541040033601021e+01
-1.621012967966182572e+01
-1.623496219434995069e+01
-1.624069468485966183e+01
-1.619037429793102945e+01
-1.623360059141004186e+01
-1.614621150587854004e+01
-1.614893257814809502e+01
-1.613144581954365719e+01
-1.607625729070218767e+01
-1.611330741271761369e+01
-1.614759300568728051e+01
-1.617002066369599689e+01
-1.611547004332182098e+01
-1.605790674145747232e+01
-1.608451827904820775e+01
-1.608762291009928447e+01
-1.607073180430613135e+01
-1.617179841559718767e+01
-1.624129301010359328e+01
-1.621644965846969200e+01
-1.623345366114822141e+01
-1.628448859007422556e+01
-1.626136500474363800e+01
-1.626951223551152381e+01
-1.632267683863431174e+01
-1.629133379989454511e+01
-1.626866299478297861e+01
-1.624839167022911113e+01
-1.622869840593907043e+01
-1.618294257957924032e+01
-1.616578590829303508e+01
-1.615026093892510417e+01
-1.615724604255909469e+01
-1.616616164294721614e+01
-1.611462002210249622e+01
-1.610104137127676438e+01
-1.606709389006762478e+01
-1.612662859810489735e+01
-1.613106291059854058e+01
-1.606716057796980479e+01
-1.611808698882721558e+01
-1.613766972338400763e+01
-1.608676671572973760e+01
-1.610206871544710339e+01
-1.606539554943471160e+01
-1.608609924761225685e+01
-1.611897728783096895e+01
-1.607396719439021027e+01
-1.615144936330621661e+01
-1.618074448615724137e+01
-1.620894394457216237e+01
-1.616342919591104632e+01
-1.607615540228561102e+01
-1.613551820469659503e+01
-1.614452716438776037e+01
-1.618664488632366627e+01
-1.615147101184978595e+01
-1.616238277582619176e+01
-1.612103209164819972e+01
-1.617956105198869565e+01
-1.614525251239029302e+01
-1.614949767147603410e+01
-1.612414370508304629e+01
-1.613408540467597163e+01
-1.607023982931204742e+01
-1.609733071405904070e+01
-1.602842316358477603e+01
-1.609070754533103909e+01
-1.608476718057708865e+01
-1.599720145484559453e+01
-1.599342044414203023e+01
-1.606086421767760797e+01
-1.595884938045582579e+01
-1.599653095532928226e+01
-1.606899530167754264e+01
-1.605010293846174818e+01
-1.594077139771446738e+01
-1.596175589412021800e+01
-1.593622955753574288e+01
-1.604457920608253119e+01
-1.611605822532935406e+01
-1.620100554043806085e+01
-1.619307721081585427e+01
-1.622166810386280744e+01
-1.615314504192109624e+01
-1.620485226814967916e+01
-1.610199608060892373e+01
-1.612708263823297727e+01
-1.623463239733192509e+01
-1.616608159073837214e+01
-1.614339350849019539e+01
-1.618215002494406463e+01
-1.614422370005667062e+01
-1.614864155235052934e+01
-1.611816587017304769e+01
-1.609033777135750753e+01
-1.612127461271285611e+01
-1.612952198294464523e+01
-1.609719613285240669e+01
-1.613485075801031599e+01
-1.605603687902193855e+01
-1.609075951665693438e+01
-1.607706977554617467e+01
-1.607748759489736301e+01
-1.607553436941355685e+01
-1.609995321402170276e+01
-1.612678789926481571e+01
-1.610774805607416127e+01
-1.605895359295010394e+01
-1.611779363135762466e+01
-1.618082338561548283e+01
-1.611174306797203215e+01
-1.616103349726750693e+01
-1.612273161465710558e+01
-1.612446521526467791e+01
-1.613396703042054980e+01
-1.611174067885830041e+01
-1.611507167191554402e+01
-1.617238198228995572e+01
-1.615006007279049172e+01
-1.619921813622372042e+01
-1.617966239595851974e+01
-1.619556582788829857e+01
-1.617149402604719910e+01
-1.626061887727542299e+01
-1.616699893491694695e+01
-1.617050743779005373e+01
-1.620960204426149431e+01
-1.618661400458494271e+01
-1.619559133950605201e+01
-1.612620372425165272e+01
-1.619581675327056658e+01
-1.616696731954417743e+01
-1.618218250598910402e+01
-1.616627944860753274e+01
-1.620454917219479540e+01
-1.621520167908678900e+01
-1.622022023148100089e+01
-1.621636983536405197e+01
-1.620099162155109696e+01
-1.623886381788864597e+01
-1.624423978329549811e+01
-1.615319646319119329e+01
-1.616877409372821717e+01
-1.616885947848401273e+01
-1.617790242055445304e+01
-1.614510638406637000e+01
-1.627086822210152661e+01
-1.613267307768889935e+01
-1.615360188892918458e+01
-1.607357515310553708e+01
-1.610791470955800619e+01
-1.613069019846081886e+01
-1.622108878293559542e+01
-1.625249049129281431e+01
-1.619660982446612252e+01
-1.617710726519175068e+01
-1.617521380849268908e+01
-1.621835325823112228e+01
-1.624790244426763408e+01
-1.628702973566378276e+01
-1.625471642514612469e+01
-1.619993571435790969e+01
-1.612285426356048745e+01
-1.615062209504992907e+01
-1.625390242721630329e+01
-1.626614636968856686e+01
-1.627750374495154162e+01
-1.624461398607727247e+01
-1.631791329732548235e+01
-1.629323930070377457e+01
-1.623134004852736112e+01
-1.624228983842216678e+01
-1.617464411957377379e+01
-1.619162493078130538e+01
-1.614914159982760822e+01
-1.622108821845819904e+01
-1.627500194559580748e+01
-1.620840214107701627e+01
-1.628119867445120761e+01
-1.632295971897051245e+01
-1.629006146274621969e+01
-1.631434724869612296e+01
-1.617223784633852546e+01
-1.622376283034979849e+01
-1.621416657232453318e+01
-1.619260471511627486e+01
-1.608335957504286995e+01
-1.612166699881315068e+01
-1.613600583936378285e+01
-1.624089241616226786e+01
-1.615251317033275669e+01
-1.611979075600185141e+01
-1.612566287499279127e+01
-1.612166571690232431e+01
-1.609422895590109803e+01
-1.611997261687118765e+01
-1.621668936815222750e+01
-1.626962275625498933e+01
-1.634217189938798498e+01
-1.624855359533453125e+01
-1.623875210140751335e+01
-1.614472685423275067e+01
-1.615794856609447905e+01
-1.608645187886021333e+01
-1.610893749513020268e+01
-1.612213061784825996e+01
-1.609092828988465840e+01
-1.605648486366760963e+01
-1.600424462781057855e+01
-1.600744679586258101e+01
-1.605456402457315335e+01
-1.603598927921601103e+01
-1.599035885418866698e+01
-1.597036199853832450e+01
-1.598070672486308297e+01
-1.597399128111130828e+01
-1.600458739162132105e+01
-1.591296102823423020e+01
-1.594498012754936411e+01
-1.604465002262015361e+01
-1.600700971622285351e+01
-1.594247268377340454e+01
-1.586315237325436733e+01
-1.589439190131389879e+01
-1.593166182198707048e+01
-1.598173409447025861e+01
-1.594939229965503813e+01
-1.590765428899152312e+01
-1.591016219067923920e+01
-1.588795183966981561e+01
-1.585018880047138268e+01
-1.588403658421875697e+01
-1.584801152662226364e+01
-1.587233064675835870e+01
-1.586218314434619536e+01
-1.580230109226872770e+01
-1.586930438143709310e+01
-1.599192302711062297e+01
-1.597670364031111845e+01
-1.593741303619371941e+01
-1.600462718882540614e+01
-1.599863916403720054e+01
-1.595940720288527714e+01
-1.598044121006692464e+01
-1.596301923265865241e+01
-1.597955636521630929e+01
-1.591878989324710147e+01
-1.592220031576499650e+01
-1.597299713973072421e+01
-1.592776848494830233e+01
-1.592075318436273967e+01
-1.600709468698301308e+01
-1.607483869878052829e+01
-1.600394585292270122e+01
-1.595946047382430422e+01
-1.577927725727345631e+01
-1.582493972880989475e+01
-1.580218125293780851e+01
-1.588981397603476431e+01
-1.584626883968722844e+01
-1.584088826753132295e+01
-1.583959467106442354e+01
-1.585687493067845999e+01
-1.590042870316774248e+01
-1.588836531448997214e+01
-1.590987293428499605e+01
-1.593846040323609259e+01
-1.587763061227222572e+01
-1.585885056772706392e+01
-1.600545584231018026e+01
-1.597413554868261798e+01
-1.596652401051404091e+01
-1.596335650367828762e+01
-1.609630842912834581e+01
-1.601801949931054381e+01
-1.611312073109730036e+01
-1.599302833269568147e+01
-1.596582343015174210e+01
-1.594687992587789616e+01
-1.619077380589446946e+01
-1.616556462082201051e+01
-1.621029729067040748e+01
-1.609880141728243075e+01
