# 2*np.log[MAD(r)] for 100 flights; 1000 steps per flight; run 21 of 50; mu: 3.00; seed: 20
-2.534427730382442689e+01
-2.293182420966964230e+01
-2.267501312919901935e+01
-2.218724945404596482e+01
-2.209832637511415143e+01
-2.207679168897772470e+01
-2.217229636552604077e+01
-2.182889913605896481e+01
-2.193388152948805470e+01
-2.192407298836470275e+01
-2.161517470801174312e+01
-2.149970585525560907e+01
-2.115470093083210656e+01
-2.105344606639105720e+01
-2.135666287133489760e+01
-2.119550410634935744e+01
-2.118952935393044967e+01
-2.103773371180638918e+01
-2.081576273395907251e+01
-2.068835743217368162e+01
-2.068857511859403076e+01
-2.079064064595245753e+01
-2.054519726200227225e+01
-2.031802485574009509e+01
-2.020088515317769051e+01
-1.999466985257816276e+01
-1.987752771361857995e+01
-1.982530341665921014e+01
-1.980418356438274330e+01
-1.995324543765182312e+01
-1.967227803550138177e+01
-1.982702645937760622e+01
-2.024506988567297583e+01
-1.997514073739617046e+01
-2.009307034778708001e+01
-1.990604217198804093e+01
-1.969673114676265158e+01
-1.968426263246110253e+01
-1.967458654759218817e+01
-1.968385334064756975e+01
-1.984395189873910681e+01
-1.976198608016898461e+01
-1.978803117199567296e+01
-1.979778288438301459e+01
-1.966477910478423397e+01
-1.958292485451598708e+01
-1.964899949358420628e+01
-1.946261634181107425e+01
-1.944111124092944110e+01
-1.942805274319880482e+01
-1.946581918109017550e+01
-1.926107508929061041e+01
-1.928870159538061557e+01
-1.942091937067934282e+01
-1.927977786566525609e+01
-1.908350055000341428e+01
-1.893839999660476181e+01
-1.903227515405800929e+01
-1.891444785392787864e+01
-1.899090964817668237e+01
-1.886769358278333186e+01
-1.894438009610135154e+01
-1.889524542932900530e+01
-1.896702799014976293e+01
-1.899161322076415459e+01
-1.896878636762852466e+01
-1.892768047824013777e+01
-1.863925510463288049e+01
-1.891902020232920378e+01
-1.876527525137118957e+01
-1.881300215551474508e+01
-1.871389173833319930e+01
-1.879795278286531968e+01
-1.874926006934222045e+01
-1.871763422903266161e+01
-1.858669357326847660e+01
-1.848269739468818784e+01
-1.852960161631072467e+01
-1.841184883872654865e+01
-1.843719579032584122e+01
-1.840008005973328764e+01
-1.846630167671132838e+01
-1.834069669813563408e+01
-1.835700284380719083e+01
-1.818916845381131608e+01
-1.838328450219354693e+01
-1.833122658382859882e+01
-1.836100507565860340e+01
-1.841166067765289327e+01
-1.818003441947067600e+01
-1.822585620096363002e+01
-1.810157319154838973e+01
-1.828387465059019235e+01
-1.822951475087028328e+01
-1.827771523019900002e+01
-1.838935892674068384e+01
-1.793832731235764655e+01
-1.776108990064607340e+01
-1.766134243362375855e+01
-1.770677212234199160e+01
-1.771725720628861112e+01
-1.791864418442609974e+01
-1.779829648607256587e+01
-1.786100304362344815e+01
-1.783438066356291074e+01
-1.792499787983539150e+01
-1.808631390063532507e+01
-1.798418777194527607e+01
-1.779372202214882392e+01
-1.772794435548112446e+01
-1.783960351416736145e+01
-1.772979222429602331e+01
-1.778639237656274830e+01
-1.789130400074603244e+01
-1.785438875028590999e+01
-1.777922276966722848e+01
-1.769308968789473369e+01
-1.776877047535646525e+01
-1.785102346319662203e+01
-1.769953685885867856e+01
-1.788902142290841368e+01
-1.787898214496836147e+01
-1.775662965568948337e+01
-1.785985575630007460e+01
-1.799282593194969238e+01
-1.797018739755674588e+01
-1.794362908864230732e+01
-1.797414267992128600e+01
-1.797275664872863388e+01
-1.797450790323556546e+01
-1.803309062543482000e+01
-1.802514654526541804e+01
-1.789735610507142027e+01
-1.794280075664705976e+01
-1.794511533800221770e+01
-1.793798923629157827e+01
-1.795276685018745155e+01
-1.802678290803025973e+01
-1.802892052736929429e+01
-1.798389027950709718e+01
-1.798551090399454822e+01
-1.800046338062443496e+01
-1.785066266263480017e+01
-1.782107775658652926e+01
-1.788700968364520349e+01
-1.780496804731025762e+01
-1.776716339158315705e+01
-1.776966362878757266e+01
-1.785382954887457174e+01
-1.788656170994511641e+01
-1.795985271275402084e+01
-1.796463169583068975e+01
-1.796649289616229694e+01
-1.785395101273952179e+01
-1.799019493517290869e+01
-1.789520566862286088e+01
-1.771502400969116309e+01
-1.773055941369112531e+01
-1.780829351146935835e+01
-1.785365525763995009e+01
-1.769038519312828228e+01
-1.777559306657924765e+01
-1.790437332166781914e+01
-1.777703673434622544e+01
-1.780006551395520020e+01
-1.778356453961710315e+01
-1.781140293712146061e+01
-1.766263598180214700e+01
-1.764205120140878691e+01
-1.766000102386668402e+01
-1.755249762886700182e+01
-1.751757830843942898e+01
-1.742572667724897428e+01
-1.744101988593665453e+01
-1.736226537965280414e+01
-1.745273367099000339e+01
-1.731923639194741682e+01
-1.732852082548322059e+01
-1.725823892948106320e+01
-1.720523624590594025e+01
-1.734852227739420627e+01
-1.725069683712897373e+01
-1.721985294765580576e+01
-1.722897987911772688e+01
-1.737940283141261233e+01
-1.733520122284069842e+01
-1.746449384638225411e+01
-1.745471019920092814e+01
-1.742800215968211575e+01
-1.746374083233136432e+01
-1.741451265535247472e+01
-1.744580379113219948e+01
-1.741985657271717969e+01
-1.746393286319876026e+01
-1.740722927444624091e+01
-1.750624857903780907e+01
-1.756129733204968701e+01
-1.754373418168782450e+01
-1.743146134955330595e+01
-1.757848120795711466e+01
-1.746076976877428066e+01
-1.742908716501470323e+01
-1.739674274844059454e+01
-1.736124810056763224e+01
-1.728211670913697517e+01
-1.725392970534714721e+01
-1.722067443444379364e+01
-1.723415292971313661e+01
-1.725437218563864050e+01
-1.738065155915158400e+01
-1.732299169144106799e+01
-1.718253722279860440e+01
-1.719697590768538831e+01
-1.722294783641646632e+01
-1.724575822862472663e+01
-1.724959828423540387e+01
-1.732174176482123329e+01
-1.734419377768341874e+01
-1.736527742748347336e+01
-1.735496054403370891e+01
-1.739087970592747823e+01
-1.737599050280659441e+01
-1.739907474682577515e+01
-1.739500996481759643e+01
-1.736127028944839168e+01
-1.748803468423008667e+01
-1.737132442891728701e+01
-1.737013871692301592e+01
-1.740345836574498861e+01
-1.745775400352787798e+01
-1.749223918820931800e+01
-1.745637710798636277e+01
-1.747872989058270576e+01
-1.747792465131421835e+01
-1.752407144608217493e+01
-1.758630322634194698e+01
-1.763239953934207804e+01
-1.757070992990252378e+01
-1.760316080900986435e+01
-1.748594351987758699e+01
-1.763241266109453420e+01
-1.748925045776024589e+01
-1.762294372037335322e+01
-1.761820634195589008e+01
-1.772722446142697450e+01
-1.761255362884474351e+01
-1.771471703614111703e+01
-1.771868953720893458e+01
-1.768286899256973044e+01
-1.764950069749610151e+01
-1.763841386770911512e+01
-1.757168695779072820e+01
-1.765635962226332367e+01
-1.758422889611091477e+01
-1.760545485668995624e+01
-1.766261544849356824e+01
-1.755915747736700894e+01
-1.760210764630259561e+01
-1.741882359206725539e+01
-1.729268867167181511e+01
-1.743805090801485846e+01
-1.728136956389581869e+01
-1.736668543240089946e+01
-1.741560472569854667e+01
-1.743285805216765283e+01
-1.741766923846344994e+01
-1.740339206873685995e+01
-1.729022157128721560e+01
-1.720081382831083516e+01
-1.728647640193273460e+01
-1.731395863884257835e+01
-1.733328788556164568e+01
-1.737455897406335836e+01
-1.726898115467092509e+01
-1.733952867192080305e+01
-1.738476241363262886e+01
-1.747001622041192093e+01
-1.745756687953431907e+01
-1.748102956289202581e+01
-1.754003463648691508e+01
-1.746056228763074003e+01
-1.763413755271398387e+01
-1.752884415532702178e+01
-1.723664911866471883e+01
-1.719352486513438549e+01
-1.723085910971646229e+01
-1.739070499512752122e+01
-1.743946179908192562e+01
-1.757702223309622269e+01
-1.738743195032027344e+01
-1.740238007916048701e+01
-1.741612658259439783e+01
-1.729841707519805993e+01
-1.731431856643239797e+01
-1.730568167172403449e+01
-1.745269856779782458e+01
-1.739849239474148135e+01
-1.733492664205322598e+01
-1.727461033477383978e+01
-1.738084077749201839e+01
-1.730268042994497080e+01
-1.723395019835613340e+01
-1.719925130668546842e+01
-1.728040745728823069e+01
-1.730859597120729276e+01
-1.728921757697023409e+01
-1.731297185686381823e+01
-1.728563223892832212e+01
-1.719150504802049184e+01
-1.737195743102375900e+01
-1.723509739406579300e+01
-1.734615507989922278e+01
-1.740753427635086226e+01
-1.721952170543033134e+01
-1.728998595402554983e+01
-1.735196646206496496e+01
-1.729961228270225959e+01
-1.743930057667027711e+01
-1.737132854515585478e+01
-1.731585741239638310e+01
-1.724541027760052003e+01
-1.709420103532804802e+01
-1.713553963723038720e+01
-1.722156504237733898e+01
-1.720023938804555286e+01
-1.716720477177542392e+01
-1.704410107373024275e+01
-1.713687673290540658e+01
-1.703587926250931872e+01
-1.691808802977786641e+01
-1.690752152727471724e+01
-1.684033065523788508e+01
-1.686193306577344586e+01
-1.686555341817811637e+01
-1.686741751339609507e+01
-1.681692205782461258e+01
-1.666899597439164893e+01
-1.660306876450464131e+01
-1.670486588645971437e+01
-1.667245154479122604e+01
-1.675434395332229087e+01
-1.685830971493854946e+01
-1.680740767035596406e+01
-1.679760666086999876e+01
-1.670990909830279847e+01
-1.660340694650454196e+01
-1.660490077097239947e+01
-1.669029665039402843e+01
-1.667784566983963401e+01
-1.667842766535264332e+01
-1.675400003855210684e+01
-1.672358561359775209e+01
-1.673413158782949139e+01
-1.682296520110889304e+01
-1.690631680006113413e+01
-1.688253536674839950e+01
-1.688801737561575678e+01
-1.681833901281334320e+01
-1.678861899583830919e+01
-1.676389477748079315e+01
-1.686598888973287913e+01
-1.679480469437273626e+01
-1.675035706210912068e+01
-1.682540726198239867e+01
-1.672318994666011704e+01
-1.668806464858379002e+01
-1.671928982753113146e+01
-1.681641271501884560e+01
-1.690179151739847185e+01
-1.677818071161037139e+01
-1.686396255881842166e+01
-1.685983645631036509e+01
-1.673968986489429511e+01
-1.670903314522760397e+01
-1.672545915380125692e+01
-1.677896126343009797e+01
-1.689512374003960105e+01
-1.671508935841390908e+01
-1.681769043256896268e+01
-1.694049584577459910e+01
-1.685386323957936838e+01
-1.688015420643641207e+01
-1.697815621242110851e+01
-1.698523463259546418e+01
-1.682992930276024168e+01
-1.695983042032482402e+01
-1.692638743841663995e+01
-1.688891194561723808e+01
-1.691649686560822019e+01
-1.691562039724783162e+01
-1.690310665481601760e+01
-1.686011634175642016e+01
-1.692813334866449893e+01
-1.692989485596370614e+01
-1.690395018063476584e+01
-1.693722864464584177e+01
-1.689311583690667362e+01
-1.701275272744078038e+01
-1.708128460705750129e+01
-1.711371296822436605e+01
-1.706477081454669076e+01
-1.704678849220783476e+01
-1.701894241700950161e+01
-1.701911526236470351e+01
-1.696372509622747771e+01
-1.703889413416510479e+01
-1.703828970197051973e+01
-1.701194978051913864e+01
-1.696532672031463918e+01
-1.692198150562973780e+01
-1.687920768894318613e+01
-1.687814928811600268e+01
-1.690128246364773190e+01
-1.693148951537778402e+01
-1.689818911659660827e+01
-1.694891036842477661e+01
-1.689727973642265013e+01
-1.690151883561358659e+01
-1.676688449885609700e+01
-1.665881614703472025e+01
-1.668094116781144365e+01
-1.669606593469513101e+01
-1.675675417608493234e+01
-1.686210666490051580e+01
-1.682439328025634850e+01
-1.687745986688151234e+01
-1.684391025531785147e+01
-1.684376412381352495e+01
-1.698830983401341754e+01
-1.695859439152995662e+01
-1.699430785507363950e+01
-1.687975728140921916e+01
-1.700431546217976475e+01
-1.696414223748993066e+01
-1.689938212788367267e+01
-1.685883027813111568e+01
-1.684385394029756000e+01
-1.687512794717923725e+01
-1.691048901682992422e+01
-1.678703133443297446e+01
-1.684679924224485603e+01
-1.681566272379815885e+01
-1.686255704091452756e+01
-1.685584528497712498e+01
-1.694480037202839284e+01
-1.686614878796541106e+01
-1.693638334998736994e+01
-1.700130619937788623e+01
-1.676501688027359904e+01
-1.677417946992033748e+01
-1.671053862185359051e+01
-1.672529973067633335e+01
-1.673198148949549591e+01
-1.689142440455481875e+01
-1.682430278251737832e+01
-1.674234485126130068e+01
-1.680018795799029263e+01
-1.683171179236349246e+01
-1.691567792074607723e+01
-1.693211667105347118e+01
-1.682970499054271230e+01
-1.687721778969078557e+01
-1.697181251329357465e+01
-1.706219736704706946e+01
-1.703728710324777040e+01
-1.702574183889449699e+01
-1.691831986490575801e+01
-1.687207346012072406e+01
-1.696195467190963413e+01
-1.711737606411787738e+01
-1.712295987596357350e+01
-1.706566603625033451e+01
-1.703896263440618242e+01
-1.712880571741996860e+01
-1.712964067539388324e+01
-1.714695482248727743e+01
-1.722543992899707277e+01
-1.710430969221227215e+01
-1.705941420060360514e+01
-1.688708405698310244e+01
-1.678570367182791756e+01
-1.689088252898514853e+01
-1.679225066009777834e+01
-1.694294685489178320e+01
-1.686265974593719008e+01
-1.686240936208748664e+01
-1.693912014066492944e+01
-1.695433007791923430e+01
-1.694476495030891172e+01
-1.699926940715861434e+01
-1.704790453914979054e+01
-1.703536792273996525e+01
-1.693254556823300305e+01
-1.694191190519847012e+01
-1.698890936121993533e+01
-1.692062177103217024e+01
-1.691929596856172324e+01
-1.685846561666671661e+01
-1.678944324024181967e+01
-1.673597145443491030e+01
-1.677801163233943171e+01
-1.685402204263217740e+01
-1.687993156640322212e+01
-1.685622380878606563e+01
-1.682937533917055717e+01
-1.682864029888694901e+01
-1.682061897090584779e+01
-1.681044514523514621e+01
-1.685880726301080301e+01
-1.686201146577451482e+01
-1.688141352036039677e+01
-1.692848119662209427e+01
-1.689645556428618889e+01
-1.687487799832861057e+01
-1.689190815845420346e+01
-1.693223461424343057e+01
-1.675936555794842420e+01
-1.667844898285569855e+01
-1.667351190383599757e+01
-1.675554425235508660e+01
-1.678012811790056702e+01
-1.665841133507496608e+01
-1.665298363572019724e+01
-1.663005817199499603e+01
-1.670271021561679703e+01
-1.652771555221217170e+01
-1.653712668382605244e+01
-1.656824644414875891e+01
-1.647302336492698771e+01
-1.647970004295122237e+01
-1.652252334871021944e+01
-1.646282156222231663e+01
-1.646582992031154902e+01
-1.643847565167602909e+01
-1.644713219902248014e+01
-1.652444340304785086e+01
-1.644888942955632416e+01
-1.649090445999767596e+01
-1.640406797440967779e+01
-1.649995412015674745e+01
-1.655572857601635661e+01
-1.656634202830149505e+01
-1.663868812885022663e+01
-1.668230528342570196e+01
-1.672756470087338698e+01
-1.663128714597410251e+01
-1.664467135088577265e+01
-1.665280973945189302e+01
-1.662332924105066567e+01
-1.660183989667833160e+01
-1.656939387333143188e+01
-1.665734123393369259e+01
-1.666683487640340289e+01
-1.660550354834386866e+01
-1.665224723163898801e+01
-1.660364248589774050e+01
-1.664306074851932848e+01
-1.665590487395088104e+01
-1.650050319345782412e+01
-1.653806696869931159e+01
-1.659943494073307235e+01
-1.655785867075198325e+01
-1.650342220930639314e+01
-1.658807329079121473e+01
-1.658810290138996990e+01
-1.653807094049390614e+01
-1.662926369441890628e+01
-1.660090047017323300e+01
-1.658994692280308314e+01
-1.665483392301556265e+01
-1.666462299690838123e+01
-1.661783868255061591e+01
-1.659467868877077024e+01
-1.661673334221741882e+01
-1.658670517354645924e+01
-1.654052953079706256e+01
-1.656522806347729926e+01
-1.656323575850944607e+01
-1.652308103201919565e+01
-1.654231086897091529e+01
-1.663269521770960679e+01
-1.661236508223739250e+01
-1.669739784036442387e+01
-1.668952445013855979e+01
-1.667097518342470153e+01
-1.664706736526719411e+01
-1.660897125577439937e+01
-1.665426403156587654e+01
-1.663783214632986329e+01
-1.666585441918941868e+01
-1.664415242892551206e+01
-1.660078352690809567e+01
-1.661085451647489108e+01
-1.657232099273175763e+01
-1.655414216937377248e+01
-1.645888142225906137e+01
-1.644398233412635690e+01
-1.645908714143084239e+01
-1.639627727761182996e+01
-1.638107934294237467e+01
-1.637592751476451625e+01
-1.646466853553606313e+01
-1.638395082865494956e+01
-1.643874682332017301e+01
-1.645227197870669400e+01
-1.628735166854423255e+01
-1.635221414474966650e+01
-1.642251779142940293e+01
-1.647981654076837543e+01
-1.639030214727204537e+01
-1.642858781188446216e+01
-1.642274574804354614e+01
-1.646489387330468546e+01
-1.638969923929467498e+01
-1.644267744006794274e+01
-1.646242453557370666e+01
-1.658886609163083392e+01
-1.653615454022973452e+01
-1.649443439804469946e+01
-1.643034255446581327e+01
-1.635806215879688708e+01
-1.640523565254851235e+01
-1.630372682091139325e+01
-1.627207867699838673e+01
-1.632684478634535097e+01
-1.627381182211777144e+01
-1.618678430771475263e+01
-1.624487693914680619e+01
-1.618198281922681758e+01
-1.618190978337417363e+01
-1.633573500172932214e+01
-1.639687100895059046e+01
-1.642102298121301374e+01
-1.639165908640561042e+01
-1.643690889231625363e+01
-1.641230086123490040e+01
-1.642305795383665057e+01
-1.640075488553804917e+01
-1.643031026350757173e+01
-1.647099633522899254e+01
-1.645378088987094145e+01
-1.639098574509723605e+01
-1.645624957981950232e+01
-1.650373989659551199e+01
-1.651670666219569128e+01
-1.644732289558308835e+01
-1.644898035746161469e+01
-1.655185920834865243e+01
-1.654922310099625804e+01
-1.655775295842840933e+01
-1.658876893264275765e+01
-1.648717105894566615e+01
-1.643657448252686493e+01
-1.642103672075755583e+01
-1.648354694198262038e+01
-1.644779094349452819e+01
-1.645159853077910839e+01
-1.649192864484751908e+01
-1.646978849065830275e+01
-1.647951124525228650e+01
-1.654165215954081347e+01
-1.643980192206768010e+01
-1.651254346769002623e+01
-1.647941757294223919e+01
-1.648819890954518641e+01
-1.652332873238715294e+01
-1.644394976179949808e+01
-1.641774424930630616e+01
-1.639129878030369980e+01
-1.634281147892077257e+01
-1.632698356000386042e+01
-1.630804944396989242e+01
-1.623768253968754038e+01
-1.619882061964977993e+01
-1.625293088937554487e+01
-1.628515644626062198e+01
-1.621948697267887241e+01
-1.623496868334320808e+01
-1.625485246756573332e+01
-1.620969815661934987e+01
-1.622476378763013471e+01
-1.629222852559387391e+01
-1.626807235312349675e+01
-1.633151981510408390e+01
-1.626101605164395636e+01
-1.625598304236605074e+01
-1.633005530793591120e+01
-1.624555020431803243e+01
-1.634403542434419165e+01
-1.628042810825231257e+01
-1.624863662564082745e+01
-1.618527773672309067e+01
-1.613937486037377056e+01
-1.608134666075713071e+01
-1.610406658560798476e+01
-1.626021486469070254e+01
-1.620036473447211733e+01
-1.617748251880951571e+01
-1.618124217250581864e+01
-1.619359350006633846e+01
-1.624767500800452780e+01
-1.622330708406704858e+01
-1.627251865846933754e+01
-1.623330844433042230e+01
-1.628271436577761833e+01
-1.638622899845015723e+01
-1.630778144022734466e+01
-1.625206241581533817e+01
-1.627295192402367263e+01
-1.626506935013431487e+01
-1.624820159097536276e+01
-1.629935639973368922e+01
-1.627201756238773811e+01
-1.632712561018785991e+01
-1.638631835800872238e+01
-1.633817162644479737e+01
-1.633249863204278896e+01
-1.633210173913213836e+01
-1.632548562218281063e+01
-1.629243183148960128e+01
-1.637851842325303053e+01
-1.636744645465693537e+01
-1.632331602327521125e+01
-1.637798481403396167e+01
-1.639397614616482457e+01
-1.642852674286647030e+01
-1.642754803999629232e+01
-1.656904234193398295e+01
-1.658675857246155516e+01
-1.652380555451659561e+01
-1.648294040070554800e+01
-1.650167107711733649e+01
-1.649098214063275591e+01
-1.638540519410518570e+01
-1.636767924612746938e+01
-1.634098653898404052e+01
-1.635332457812029006e+01
-1.644433156232193127e+01
-1.636701971564953340e+01
-1.631636501617294144e+01
-1.622092629487512028e+01
-1.621003605302785999e+01
-1.616128042758972683e+01
-1.624848799323012116e+01
-1.626854042590368721e+01
-1.632547343839650011e+01
-1.630201708833077845e+01
-1.628000332261139249e+01
-1.624253944639674785e+01
-1.626142690974403493e+01
-1.618514120181547256e+01
-1.621559686136684775e+01
-1.619631839742733348e+01
-1.623174210975798459e+01
-1.623898985612357038e+01
-1.631250784943031107e+01
-1.630335199200790797e+01
-1.620393979651452909e+01
-1.625494464483355372e+01
-1.631959782907227208e+01
-1.633452353098075349e+01
-1.623903220933481961e+01
-1.626303895097682073e+01
-1.626185999632637547e+01
-1.632274903605882344e+01
-1.641866664348774307e+01
-1.636811533261918328e+01
-1.638623058839339919e+01
-1.632992363336944663e+01
-1.629656771886361355e+01
-1.628080439198972940e+01
-1.627537921335012783e+01
-1.624035353552113037e+01
-1.629765518858598483e+01
-1.627534314913435409e+01
-1.627154722119115959e+01
-1.626067283279826370e+01
-1.632529059932070936e+01
-1.642375313922933699e+01
-1.642029215697777644e+01
-1.640755742283626972e+01
-1.639082581257174098e+01
-1.636376549104424072e+01
-1.634357796605819146e+01
-1.633184277492945213e+01
-1.634693916609516151e+01
-1.630067739141467698e+01
-1.625643306767489094e+01
-1.631483024050969277e+01
-1.644036876607259501e+01
-1.638870778366397474e+01
-1.643340506528654288e+01
-1.642400122453865308e+01
-1.644246800419504595e+01
-1.645191724093769636e+01
-1.638362493360172323e+01
-1.638844891135627435e+01
-1.640387423878189566e+01
-1.633987705685091640e+01
-1.635038952114650357e+01
-1.640756677556126775e+01
-1.644353014237658073e+01
-1.642743790538985138e+01
-1.643579104294401816e+01
-1.652029041367849516e+01
-1.645808427958436937e+01
-1.643294282081015467e+01
-1.643466677183379332e+01
-1.638862523034703855e+01
-1.641245743575277416e+01
-1.641330589768164216e+01
-1.643589592895127183e+01
-1.647803032256066658e+01
-1.634603253140093315e+01
-1.646989163640230913e+01
-1.633250960667126961e+01
-1.631692048826965902e+01
-1.627968898891930749e+01
-1.631085537572340982e+01
-1.629495682359271314e+01
-1.632808025376920469e+01
-1.632812823977042527e+01
-1.633693281084656235e+01
-1.646764534385041046e+01
-1.649753108285691994e+01
-1.641708256731312687e+01
-1.634561985070960333e+01
-1.635617115494880380e+01
-1.629007232277248463e+01
-1.625111616876801790e+01
-1.621153422842633063e+01
-1.621029616694399067e+01
-1.609052184648033545e+01
-1.617354855934888747e+01
-1.614874867307816331e+01
-1.610419407726211105e+01
-1.612217462993547201e+01
-1.616036189615062213e+01
-1.616521650564712687e+01
-1.609401053280834404e+01
-1.601270690092634297e+01
-1.596655824683028513e+01
-1.601883605392878707e+01
-1.603497130031761486e+01
-1.599718387331106584e+01
-1.606375477256192852e+01
-1.615421757716267237e+01
-1.611279079027528738e+01
-1.599381162211245133e+01
-1.593107638672645976e+01
-1.598032916999543573e+01
-1.602760081964149208e+01
-1.607343205351835635e+01
-1.603356803959452392e+01
-1.603720541822993439e+01
-1.605111728772836699e+01
-1.604627762043760697e+01
-1.606287598790461857e+01
-1.602100924999504628e+01
-1.617861886004811112e+01
-1.609581235160741741e+01
-1.607098361607848247e+01
-1.604547364389323505e+01
-1.605186637086143975e+01
-1.604047538474658907e+01
-1.593824857323458488e+01
-1.590009192280281169e+01
-1.591044118171282129e+01
-1.587807817924834630e+01
-1.593076097505943522e+01
-1.592634508402081472e+01
-1.595665443765001257e+01
-1.593328253853846199e+01
-1.596245458788292204e+01
-1.602600522259799121e+01
-1.606142266063519131e+01
-1.599690405424232331e+01
-1.599095387636280918e+01
-1.595179588394726089e+01
-1.590371552947585521e+01
-1.591441692453333090e+01
-1.591762058185360829e+01
-1.593163973438455017e+01
-1.594006573664765192e+01
-1.586646246353903855e+01
-1.586422182709015161e+01
-1.588772027085518346e+01
-1.584664106120339611e+01
-1.585894752875333502e+01
-1.582614590749993511e+01
-1.579996134686865084e+01
-1.586278583945238729e+01
-1.586074315687281100e+01
-1.594308164941192807e+01
-1.579137321416894579e+01
-1.589573165916565678e+01
-1.593602110691766249e+01
-1.584178932728744549e+01
-1.585278571513039125e+01
-1.592757580337380929e+01
-1.592224700458822007e+01
-1.587461035985300661e+01
-1.592334507661509591e+01
-1.585668093754373409e+01
-1.582585493069158211e+01
-1.587182327672714699e+01
-1.585024004750164117e+01
-1.583350323159931428e+01
-1.581479414073253587e+01
-1.584965325634053634e+01
-1.586305627032353094e+01
-1.585592303274572501e+01
-1.588339698577683023e+01
-1.575088718669140064e+01
-1.574118702077697307e+01
-1.573151003453977381e+01
-1.579911370212584387e+01
-1.581483678699749795e+01
-1.581973659974756963e+01
-1.574877943160024074e+01
-1.570686330887109783e+01
-1.579372125589958387e+01
-1.583476202026493773e+01
-1.590312940769725536e+01
-1.590615752175678921e+01
-1.593460413500120154e+01
-1.584476342928535075e+01
-1.583324469734237994e+01
-1.597647015254663039e+01
-1.599579117888225355e+01
-1.592836311599612920e+01
-1.591776411648072198e+01
-1.588160005932232721e+01
-1.592669659279341765e+01
-1.591339183094709320e+01
-1.591390671884029295e+01
-1.588136744937804679e+01
-1.590742636148899081e+01
-1.580568556859060259e+01
-1.578785885040783477e+01
-1.589471935616773379e+01
-1.589821993608253869e+01
-1.594756561580457266e+01
-1.590732269063745186e+01
-1.594357997398908822e+01
-1.592492432439261485e+01
-1.589120509660213365e+01
-1.588991766375119319e+01
-1.593181684045656432e+01
-1.592987693492747248e+01
-1.601242066852427115e+01
-1.601404842657413141e+01
-1.593228003507291390e+01
-1.596897976137596409e+01
-1.594625229675305711e+01
-1.592009550609863489e+01
-1.583747122513063843e+01
-1.585435305445341747e+01
-1.589655978855841489e+01
-1.589467805658339117e+01
-1.595582059272911302e+01
-1.592833174029716581e+01
-1.595714717726641041e+01
-1.589467294536980013e+01
-1.594657045713301180e+01
-1.590102336748824463e+01
-1.595239793545008311e+01
-1.597362808046434601e+01
-1.588757007631053320e+01
-1.590485806806538527e+01
-1.592102104939809948e+01
-1.592386503195178982e+01
-1.592280310033197033e+01
-1.586832876579098794e+01
-1.589941839672399126e+01
-1.591754837679276768e+01
-1.593283571340442961e+01
-1.595521149472753564e+01
-1.597081252803791607e+01
-1.599703280720179777e+01
-1.599963596596166404e+01
-1.595199058915977197e+01
-1.591887959788294182e+01
-1.586986816680835233e+01
-1.587507537256443335e+01
-1.598601366174960248e+01
-1.599415011436832401e+01
-1.595639182365181341e+01
-1.593023971931646976e+01
-1.594281325542230299e+01
-1.593399500110641398e+01
-1.592250576437205645e+01
-1.591223437980587718e+01
-1.582840474624065941e+01
-1.585885004095944772e+01
-1.593631015059617617e+01
-1.587487230842261177e+01
-1.583117073392880236e+01
-1.585550092359576269e+01
-1.588205580237458037e+01
