# 2*np.log[MAD(r)] for 100 flights; 1000 steps per flight; run 30 of 50; mu: 3.00; seed: 29
-2.527566875083467579e+01
-2.382838580686665608e+01
-2.302986475047758219e+01
-2.284298632414247976e+01
-2.224283257035338934e+01
-2.174385990426329940e+01
-2.155482060202901451e+01
-2.109178380128474117e+01
-2.136023227369932442e+01
-2.105542522809943407e+01
-2.122353376399718172e+01
-2.085308939809532092e+01
-2.058151124807455545e+01
-2.038035096548114566e+01
-2.036086520224723628e+01
-2.004144602219994908e+01
-2.003548924430715772e+01
-2.013926367703586351e+01
-2.007095328588428274e+01
-1.995225533403705498e+01
-1.977832920167523767e+01
-1.960997836639537795e+01
-1.984101846534664304e+01
-1.989741253241948016e+01
-1.974660607036133086e+01
-1.978523057131051388e+01
-1.992808899059962968e+01
-1.999008008414610416e+01
-2.010781089314257031e+01
-1.989388976964402289e+01
-1.968585543773745528e+01
-1.986301516160678204e+01
-1.993674907347181247e+01
-2.011665725664517623e+01
-2.011601214658336190e+01
-1.992740842591695127e+01
-1.985294902843629927e+01
-1.975528690305359802e+01
-1.998630237118854680e+01
-1.974140326929633105e+01
-1.990920882900822164e+01
-1.999058882145031646e+01
-1.981870978899006630e+01
-1.980860826860877566e+01
-1.971352660682446256e+01
-1.985315192781151694e+01
-1.988100597031789363e+01
-1.959099486882484698e+01
-1.961824178106434857e+01
-1.928298241274028868e+01
-1.948059628069577087e+01
-1.921237921316093988e+01
-1.951508821751620815e+01
-1.958502819526321659e+01
-1.940916017694044271e+01
-1.938087981989865582e+01
-1.943514225292057773e+01
-1.964742173170661843e+01
-1.939557023346837639e+01
-1.964888385328459819e+01
-1.935910885355607292e+01
-1.941595244143688603e+01
-1.937210828913253735e+01
-1.917342992932747237e+01
-1.895454373708327012e+01
-1.919462541811703460e+01
-1.909133342002557754e+01
-1.914070575780602468e+01
-1.914218944224504426e+01
-1.920277983138728217e+01
-1.899124003385974291e+01
-1.914218583208998581e+01
-1.904601432422754925e+01
-1.903742933887911803e+01
-1.899935283983582224e+01
-1.896154496683827873e+01
-1.906416898761406742e+01
-1.930317870532075375e+01
-1.904879835236896923e+01
-1.913596981243161466e+01
-1.910054281960645639e+01
-1.904094694438401802e+01
-1.916024442135088179e+01
-1.916425989752218939e+01
-1.914618594713267896e+01
-1.913422297393256954e+01
-1.910828435944779358e+01
-1.917735804022112234e+01
-1.886188926725985837e+01
-1.885271039888451483e+01
-1.882109938335620569e+01
-1.886609937192786290e+01
-1.902176955085828425e+01
-1.869101693021387689e+01
-1.881073691110573520e+01
-1.873520173462416238e+01
-1.880371771103067857e+01
-1.888762025535968192e+01
-1.886443119227478959e+01
-1.871425542162609545e+01
-1.866935549895537250e+01
-1.865292382880621602e+01
-1.875470799521139043e+01
-1.884369667890574007e+01
-1.857556720710395126e+01
-1.856138237606207042e+01
-1.876590975809627437e+01
-1.867163512530006031e+01
-1.865401398735918193e+01
-1.850867787149042698e+01
-1.843196225637802499e+01
-1.867228530365822792e+01
-1.850932614202043069e+01
-1.826710077051617986e+01
-1.832698674090126900e+01
-1.822176737662760360e+01
-1.817687172548269814e+01
-1.829439657535335328e+01
-1.830422963824100790e+01
-1.829079810390267014e+01
-1.825492987650700982e+01
-1.838396787881764638e+01
-1.827380657749226955e+01
-1.833653246527282477e+01
-1.811336039811473242e+01
-1.812802980416880771e+01
-1.796179553919700211e+01
-1.779051082857671062e+01
-1.797543234301194914e+01
-1.803474480126465096e+01
-1.808744680002321559e+01
-1.810082298133247392e+01
-1.803699203826008812e+01
-1.813316099919347835e+01
-1.805765004799570050e+01
-1.812658824992590567e+01
-1.797820756438429157e+01
-1.795852424781249468e+01
-1.796228386773458752e+01
-1.803744398918865599e+01
-1.798106490419651848e+01
-1.795747829203179435e+01
-1.798024033713119607e+01
-1.785475511356040812e+01
-1.790328770862927854e+01
-1.796413830499994191e+01
-1.804859727761104438e+01
-1.800628455410047124e+01
-1.818541644204655583e+01
-1.809382998201015980e+01
-1.802902152114478440e+01
-1.816551880666737162e+01
-1.822441573770910139e+01
-1.822096632227178858e+01
-1.840664854469131839e+01
-1.834300714134889176e+01
-1.831950133254212076e+01
-1.823821802984542018e+01
-1.845754289159074091e+01
-1.830942110207780260e+01
-1.828635513294988968e+01
-1.829793586969062602e+01
-1.829367214690061516e+01
-1.823438059971000058e+01
-1.822721629662776621e+01
-1.844541279548382207e+01
-1.821725919374971525e+01
-1.830914659909757347e+01
-1.829872548519317732e+01
-1.841860863881882082e+01
-1.840265270356098881e+01
-1.813237521698352239e+01
-1.817932870157678238e+01
-1.800827349184989501e+01
-1.809976425424893165e+01
-1.807260021177129161e+01
-1.817066189089994666e+01
-1.824731246276065377e+01
-1.827668571042967471e+01
-1.822959777723428232e+01
-1.837274230972692024e+01
-1.850742784082607173e+01
-1.826296548319360369e+01
-1.838009937954584316e+01
-1.836481534376354574e+01
-1.829029414900948680e+01
-1.831939931561412038e+01
-1.816050077576661437e+01
-1.804826827609960205e+01
-1.792265274086099680e+01
-1.782885513262742805e+01
-1.797963354950298509e+01
-1.794397360466837199e+01
-1.802247774281418558e+01
-1.805886320913500498e+01
-1.795340639887063716e+01
-1.783800970543603981e+01
-1.782228844969129256e+01
-1.788340770835209170e+01
-1.795058600210454003e+01
-1.788756706982350053e+01
-1.790940495512784736e+01
-1.783843310570690122e+01
-1.791255642086199273e+01
-1.788562142217711681e+01
-1.797180088242020091e+01
-1.784322746347186239e+01
-1.781865303808813294e+01
-1.790612356739018551e+01
-1.788316970073062251e+01
-1.786766712343157693e+01
-1.786239971274964589e+01
-1.791101496671479154e+01
-1.797742777696193883e+01
-1.785300101742206635e+01
-1.778815488910642983e+01
-1.774164768338042109e+01
-1.783674369175438912e+01
-1.789520548946327594e+01
-1.787215148377139329e+01
-1.785507152202341175e+01
-1.788566967921610384e+01
-1.776882994189908516e+01
-1.775562984070574402e+01
-1.775989781673521506e+01
-1.749002356436545824e+01
-1.754959200343626691e+01
-1.754361119018411941e+01
-1.743875728841763717e+01
-1.745889363300485186e+01
-1.738215791304951097e+01
-1.745876522274681264e+01
-1.749797019351129634e+01
-1.747490829997114758e+01
-1.752178030225116601e+01
-1.756205553571718170e+01
-1.743151322516715140e+01
-1.754886855498592624e+01
-1.744789481945473142e+01
-1.736061839505840965e+01
-1.742286568461110718e+01
-1.733176188558671882e+01
-1.728129681893186032e+01
-1.723912372566967477e+01
-1.726874061826364581e+01
-1.733119939552985400e+01
-1.756522488178866226e+01
-1.754489378396993615e+01
-1.754966119549581904e+01
-1.743054006090594399e+01
-1.750045598650560308e+01
-1.758674120453257572e+01
-1.761570960671534181e+01
-1.761394369309222441e+01
-1.769884617230623647e+01
-1.772027980980591622e+01
-1.765224748226710361e+01
-1.765493029928240176e+01
-1.756112215869631044e+01
-1.745214220189327392e+01
-1.728917062673238192e+01
-1.729197175629207806e+01
-1.736795659717741813e+01
-1.751030143696190677e+01
-1.749092552224680475e+01
-1.751427676961450786e+01
-1.747913828858746399e+01
-1.741130457339790638e+01
-1.742140119237078011e+01
-1.740864002396153154e+01
-1.740789049007533507e+01
-1.739429321201641088e+01
-1.737778134065614921e+01
-1.740483028955218359e+01
-1.741487271014022653e+01
-1.751980452705610247e+01
-1.738004765992531375e+01
-1.733728900559833974e+01
-1.742379216638657624e+01
-1.740745208545238398e+01
-1.734943746989267765e+01
-1.732293135217578239e+01
-1.731576970460424292e+01
-1.738009066624757537e+01
-1.725483721427536565e+01
-1.718104339005552816e+01
-1.713378661619438503e+01
-1.723632503024719398e+01
-1.727361096686349384e+01
-1.732667040342026965e+01
-1.731881138474979309e+01
-1.713476096728203402e+01
-1.722399535799440073e+01
-1.725055957922874228e+01
-1.722215130940099215e+01
-1.734461188162727652e+01
-1.732980010939182591e+01
-1.710904427990097432e+01
-1.711599432485384398e+01
-1.712277655581813107e+01
-1.713529094390746721e+01
-1.712951637756100709e+01
-1.717198620907144502e+01
-1.706776888561848082e+01
-1.711973330862879905e+01
-1.716148535884081383e+01
-1.701588049721525664e+01
-1.703010198250924390e+01
-1.695587503669408136e+01
-1.712757891805688359e+01
-1.722730849767534522e+01
-1.719640256919035082e+01
-1.710854849857487281e+01
-1.708144211256869838e+01
-1.703392723410218679e+01
-1.712334883684274800e+01
-1.716029958452894633e+01
-1.709592049029742356e+01
-1.708243081183171341e+01
-1.713011855137914452e+01
-1.706298646943460540e+01
-1.707269667087902576e+01
-1.704631005796708365e+01
-1.711275783328976630e+01
-1.713103138155537764e+01
-1.712613785455177151e+01
-1.715752316183411708e+01
-1.717159789634749600e+01
-1.705574935940665782e+01
-1.698590942223708566e+01
-1.697132163492543810e+01
-1.690541027982319378e+01
-1.700059419803690375e+01
-1.702288401858809763e+01
-1.693050144744086793e+01
-1.686763851962134453e+01
-1.693814356615310146e+01
-1.699677996353917919e+01
-1.693731072723403841e+01
-1.688343084685454443e+01
-1.696435327702462104e+01
-1.693787103540348582e+01
-1.688093950653638942e+01
-1.686469129254001231e+01
-1.685805429528528165e+01
-1.692694411572428237e+01
-1.696973308897381116e+01
-1.690817315305762492e+01
-1.691526942340231088e+01
-1.699712911421315908e+01
-1.715958464455204791e+01
-1.700096685102940341e+01
-1.697655514264408438e+01
-1.704375023234414144e+01
-1.707434416617222084e+01
-1.704674489108845847e+01
-1.725267835602338451e+01
-1.726754755633609051e+01
-1.714669623428745382e+01
-1.708803974536651182e+01
-1.721359270428014554e+01
-1.705566166715947674e+01
-1.706585652325558300e+01
-1.701853236581617779e+01
-1.690376884576742711e+01
-1.679028773018321985e+01
-1.675340823180985339e+01
-1.681090417267839854e+01
-1.675758809228520363e+01
-1.668679766609944437e+01
-1.668944948408495677e+01
-1.675607012703255805e+01
-1.677010540405051486e+01
-1.685485385803827896e+01
-1.680747941825725178e+01
-1.686840304784290012e+01
-1.683358385867001772e+01
-1.685839523819888441e+01
-1.679586433690109004e+01
-1.680164263142023628e+01
-1.683051988180512026e+01
-1.677066844875431073e+01
-1.683567928959885052e+01
-1.691508374137623250e+01
-1.685662613860372261e+01
-1.688926704584244831e+01
-1.687040166994156820e+01
-1.684489198450084757e+01
-1.686372882132383211e+01
-1.682199759079831836e+01
-1.672248137407236612e+01
-1.670722356250328033e+01
-1.674508411895788029e+01
-1.682462813184033479e+01
-1.677959820047099271e+01
-1.674153696341211628e+01
-1.679516670992371985e+01
-1.676742468587917401e+01
-1.681983273265019108e+01
-1.685013343939933605e+01
-1.680060013661961804e+01
-1.676280892974306269e+01
-1.679317960390525855e+01
-1.684465426876688809e+01
-1.688511151415856304e+01
-1.690705655150479103e+01
-1.686058899821329504e+01
-1.695699038105686540e+01
-1.697202918792299542e+01
-1.691937131667526373e+01
-1.672578158421042360e+01
-1.676924012000338493e+01
-1.677210009579325956e+01
-1.675274416411894052e+01
-1.682470540542824367e+01
-1.679683065411249743e+01
-1.675942146427069446e+01
-1.677289280976247099e+01
-1.666352174505743022e+01
-1.681200177025904807e+01
-1.678719716394846273e+01
-1.680446430857108808e+01
-1.687422629451118539e+01
-1.690047500459420604e+01
-1.688700455999884653e+01
-1.691585817431663585e+01
-1.696321408782326401e+01
-1.688671662883012559e+01
-1.688863550275076619e+01
-1.685241354912368905e+01
-1.684239710150366065e+01
-1.681907338531405571e+01
-1.679761899727584762e+01
-1.685686396154899569e+01
-1.687784730259723887e+01
-1.665169750732832199e+01
-1.665338537908032635e+01
-1.662470329302180971e+01
-1.658625665269794069e+01
-1.670592370369627133e+01
-1.663107736162070438e+01
-1.675777725533731655e+01
-1.670120605834610572e+01
-1.679843083995767472e+01
-1.666280493463959900e+01
-1.661896246417759571e+01
-1.662627488429291134e+01
-1.662867874702330795e+01
-1.660180166319304007e+01
-1.665692170619114520e+01
-1.667650867975687135e+01
-1.670171097128764615e+01
-1.663210167761042158e+01
-1.660457167340382156e+01
-1.655498969492611749e+01
-1.657051101271638771e+01
-1.652935737944462957e+01
-1.658684810115755326e+01
-1.660984298468503795e+01
-1.668326220873735011e+01
-1.665895328115579233e+01
-1.664061081132105713e+01
-1.667792230860669278e+01
-1.663000651718240519e+01
-1.665948053264434492e+01
-1.667067280976868204e+01
-1.662775207950700462e+01
-1.664046875559023420e+01
-1.661114265579003302e+01
-1.662719991787463769e+01
-1.664238854294771741e+01
-1.661277219436909292e+01
-1.661575390248295747e+01
-1.659363802070936700e+01
-1.658554005225743211e+01
-1.665985339736385384e+01
-1.660579875651616888e+01
-1.662835713388547276e+01
-1.663837282055750677e+01
-1.671170060244687861e+01
-1.663369191932546087e+01
-1.664538430974594618e+01
-1.660302317307636244e+01
-1.657164843557483636e+01
-1.653265968246445539e+01
-1.650603950366108208e+01
-1.655033954215473813e+01
-1.655197037426003703e+01
-1.651170555111720262e+01
-1.657396844578309469e+01
-1.659976869512958686e+01
-1.654365147952765014e+01
-1.650154898188270991e+01
-1.654555303182198145e+01
-1.653432732702588481e+01
-1.659956063352975875e+01
-1.651297530489165055e+01
-1.658002349593614966e+01
-1.660878388768011860e+01
-1.656350128342450034e+01
-1.651429094049622748e+01
-1.648479103590250716e+01
-1.652359497730104820e+01
-1.646763741579774987e+01
-1.657035532018396751e+01
-1.658793930342935141e+01
-1.650619108865054585e+01
-1.652466654046861905e+01
-1.660811832893296014e+01
-1.659219994942356635e+01
-1.656065357442340158e+01
-1.661744257039317674e+01
-1.660772418756099711e+01
-1.666747862419412840e+01
-1.660589760470646681e+01
-1.661167254843805807e+01
-1.662447682180285113e+01
-1.658565098914748859e+01
-1.664005123521403107e+01
-1.668122353189671259e+01
-1.668582392508257684e+01
-1.652707001916354557e+01
-1.659585430614489709e+01
-1.657337144859731026e+01
-1.656559027720312471e+01
-1.659580448490666527e+01
-1.667569850764866501e+01
-1.666442357795526519e+01
-1.661646400507304477e+01
-1.658430169635952112e+01
-1.651465568404950091e+01
-1.655376361965712562e+01
-1.657917967167565010e+01
-1.652476456633543123e+01
-1.660743164073205236e+01
-1.665372136702404759e+01
-1.660219629267321650e+01
-1.652081446593121328e+01
-1.662386728564180771e+01
-1.651210489212850874e+01
-1.655035302842610889e+01
-1.650128331460232545e+01
-1.659690835170650658e+01
-1.656428495008666602e+01
-1.642057045568128260e+01
-1.644117325869084567e+01
-1.650925987502229830e+01
-1.652456217315892317e+01
-1.657532220842882609e+01
-1.656780888223091708e+01
-1.661451282214509462e+01
-1.660243585383673448e+01
-1.655124136230368848e+01
-1.642080681667350817e+01
-1.646654115341790714e+01
-1.640843104666871000e+01
-1.646382134485362414e+01
-1.647000836668783563e+01
-1.641289757265620608e+01
-1.640229840881682222e+01
-1.647082618623349148e+01
-1.645980147650212544e+01
-1.643448832620226696e+01
-1.650828277275039468e+01
-1.668569704400622200e+01
-1.663908637350758468e+01
-1.664118634525035390e+01
-1.661062330088033434e+01
-1.657498956570689685e+01
-1.647582323092486689e+01
-1.652840315227629731e+01
-1.647032047458019477e+01
-1.656210427599620161e+01
-1.653714184176652324e+01
-1.652512690605069778e+01
-1.656709057045190292e+01
-1.652069249647638927e+01
-1.651607552813072388e+01
-1.659871671722250142e+01
-1.659025159163522645e+01
-1.662202870280472311e+01
-1.659447420353937375e+01
-1.653942065752675816e+01
-1.654989083170410424e+01
-1.653832741075839863e+01
-1.657955831727238305e+01
-1.666834392731825076e+01
-1.658130081643365372e+01
-1.658180669647489580e+01
-1.655433121267057217e+01
-1.655572521831234667e+01
-1.656208105103495143e+01
-1.658290999937225862e+01
-1.662395429115910872e+01
-1.667727226469231638e+01
-1.675940246745351914e+01
-1.676356045215374380e+01
-1.687548331732724094e+01
-1.682083648017158239e+01
-1.673718725312878419e+01
-1.660369507969461011e+01
-1.659389146586555341e+01
-1.665512920667060470e+01
-1.658918803779929618e+01
-1.646668597102207343e+01
-1.649583979261011280e+01
-1.644576243394665127e+01
-1.646126934041003409e+01
-1.638701554712221053e+01
-1.626483891239752921e+01
-1.638689019289130755e+01
-1.638489184928147679e+01
-1.641902505635317766e+01
-1.636818212369929171e+01
-1.635550376843196574e+01
-1.637698690475087204e+01
-1.632444113796358920e+01
-1.626653958615180429e+01
-1.630131262669062053e+01
-1.629140421188610688e+01
-1.631672720476793614e+01
-1.640254072318256462e+01
-1.643832046173346484e+01
-1.638865701467357994e+01
-1.637187644053506830e+01
-1.644315741810631692e+01
-1.641201450090554559e+01
-1.640982354120913911e+01
-1.639115496796847893e+01
-1.642930811755970666e+01
-1.628080317167945168e+01
-1.630218722099902351e+01
-1.629181841596506075e+01
-1.627346551922109796e+01
-1.624399206627777659e+01
-1.625930597931973765e+01
-1.631370899499481908e+01
-1.632113674879972010e+01
-1.629453535905281214e+01
-1.636443055178557060e+01
-1.636263364302988066e+01
-1.629984060472137841e+01
-1.628419294886302282e+01
-1.632560695308178822e+01
-1.629975352262162502e+01
-1.619888283111713534e+01
-1.630157672221796972e+01
-1.624548574678867396e+01
-1.620167237369208024e+01
-1.622165751804736544e+01
-1.621455115387255930e+01
-1.617610641851225139e+01
-1.622745770372588225e+01
-1.626062107065937923e+01
-1.622371923098911495e+01
-1.618714513139807920e+01
-1.619950804174413506e+01
-1.614103282119250693e+01
-1.620837967896053300e+01
-1.624093793379771355e+01
-1.625748673559853330e+01
-1.625139648662332092e+01
-1.622241657327979780e+01
-1.619569146329029863e+01
-1.617501426390237640e+01
-1.620669885270584487e+01
-1.617235944116383450e+01
-1.618147936053160052e+01
-1.619195036461799475e+01
-1.620620425420346322e+01
-1.619073119676749073e+01
-1.617847422876350905e+01
-1.614941265503502166e+01
-1.621048789321529782e+01
-1.615964608124881963e+01
-1.613800444439113235e+01
-1.630828744997058877e+01
-1.623797742610188166e+01
-1.626131714951043250e+01
-1.615569950214594996e+01
-1.615525895458893402e+01
-1.606121482597228933e+01
-1.610045648381924721e+01
-1.611184807908295369e+01
-1.613087663667159077e+01
-1.606640192621538077e+01
-1.604657644771450364e+01
-1.607592729430675860e+01
-1.610304463731955948e+01
-1.610736518477331458e+01
-1.611690327384073385e+01
-1.610321202557205922e+01
-1.607748426610242021e+01
-1.605556936926315714e+01
-1.603653517377772886e+01
-1.607627284923588817e+01
-1.601653210545974559e+01
-1.605652508142473067e+01
-1.610992051968940331e+01
-1.605491733018260803e+01
-1.607525567574874259e+01
-1.609984417803730850e+01
-1.606431621545813826e+01
-1.610131226372239155e+01
-1.607518742005079204e+01
-1.593784717617214319e+01
-1.596563320094181471e+01
-1.591068942833583932e+01
-1.593908661900593060e+01
-1.597180423683664685e+01
-1.606797525691854744e+01
-1.602727342466799243e+01
-1.601779805781503185e+01
-1.605917515465906220e+01
-1.597693082507432649e+01
-1.602663870150906789e+01
-1.598375297004306006e+01
-1.601905902142034677e+01
-1.603798964901309532e+01
-1.597821413148739111e+01
-1.598466059996549404e+01
-1.600583122062890595e+01
-1.603307786531589940e+01
-1.599693188155574575e+01
-1.601854324452479261e+01
-1.608892669963194777e+01
-1.620262645188110184e+01
-1.611042439898334422e+01
-1.623999451170076824e+01
-1.612681358475850857e+01
-1.611389154461203788e+01
-1.616205359926382101e+01
-1.614587055967629325e+01
-1.613591481258780647e+01
-1.613095501836172119e+01
-1.604194153175997073e+01
-1.605617025098742090e+01
-1.605000682482160812e+01
-1.603302168430030150e+01
-1.609690586875916551e+01
-1.607008681313786980e+01
-1.604825635388452909e+01
-1.604605744290508440e+01
-1.600406459615704691e+01
-1.606620190274975712e+01
-1.605291445971383624e+01
-1.600686493684344569e+01
-1.598307067244602209e+01
-1.603128024528956530e+01
-1.600097143873870564e+01
-1.601041533487822477e+01
-1.609688530012881458e+01
-1.615181868793723297e+01
-1.614803855738035665e+01
-1.610927463863494324e+01
-1.600511018327125257e+01
-1.607471426232306655e+01
-1.614196785225250608e+01
-1.613079029716386970e+01
-1.616171060422757577e+01
-1.614554616075117011e+01
-1.618088128044644591e+01
-1.613272491125023222e+01
-1.610118720219863064e+01
-1.613116351264695680e+01
-1.614954984674114513e+01
-1.616649314778763014e+01
-1.614359112517401229e+01
-1.618437869081075320e+01
-1.615345120839435467e+01
-1.617504081105041891e+01
-1.617836611025936833e+01
-1.618087745125518850e+01
-1.617854531784177041e+01
-1.616015930239331055e+01
-1.611083643633333295e+01
-1.620998339671854183e+01
-1.624370733771772635e+01
-1.623891438710158752e+01
-1.622364453260655637e+01
-1.618963915240487950e+01
-1.621784341025430720e+01
-1.611393892728405675e+01
-1.611298475678575315e+01
-1.609192555219862797e+01
-1.607471338416944207e+01
-1.599188054666707792e+01
-1.592855750998575282e+01
-1.589621601798788220e+01
-1.599929973674876749e+01
-1.608418038059708977e+01
-1.613345451844239520e+01
-1.620249645725205312e+01
-1.620006603077012386e+01
-1.627581683403736790e+01
-1.624055841639457398e+01
-1.615984610683663902e+01
-1.608303426165636907e+01
-1.611889178417396096e+01
-1.623697571096033343e+01
-1.618981561386609869e+01
-1.614085413415234527e+01
-1.615987064817262819e+01
-1.622885267151898248e+01
-1.618009445718662676e+01
-1.611493265630721794e+01
-1.605426996222046299e+01
-1.608612375239027159e+01
-1.609618267499972433e+01
-1.610472483609757077e+01
-1.613414472060759408e+01
-1.612144898261598058e+01
-1.614707717995725034e+01
-1.621284273148859612e+01
-1.624542631882076194e+01
-1.622096923377192823e+01
-1.604753469176473502e+01
-1.598641620678914599e+01
-1.601454452549368668e+01
-1.603996564326767782e+01
-1.603301759129249859e+01
-1.606271911575213096e+01
-1.599952618106537727e+01
-1.602468126940407700e+01
-1.593978488416748895e+01
-1.591817405770570737e+01
-1.591320826943247368e+01
-1.598615484175256540e+01
-1.598291961394981264e+01
-1.597148111332848153e+01
-1.596897127073324185e+01
-1.593437955461824451e+01
-1.595983581071569546e+01
-1.596790122353348629e+01
-1.592515943041057369e+01
-1.602508974809980913e+01
-1.603172318651635209e+01
-1.605133211178832298e+01
-1.600177523409004721e+01
-1.603221362327418476e+01
-1.596450233849723865e+01
-1.599773402835639402e+01
-1.599918621869391444e+01
-1.607118828192722049e+01
-1.606515438296434084e+01
-1.602690191775078077e+01
-1.605324576403717529e+01
-1.601962598581794595e+01
-1.598866399224166024e+01
-1.601051235934694716e+01
-1.599115607849300957e+01
-1.598161522642059396e+01
-1.591311286928587876e+01
-1.585425961811319340e+01
-1.587698493954072632e+01
-1.588209171395649477e+01
-1.585823790616051632e+01
-1.587475845056833101e+01
-1.590444515709130968e+01
-1.588880623898864464e+01
-1.590160926711729239e+01
-1.585003639418558485e+01
-1.583625008458807670e+01
-1.601075642249936237e+01
-1.592482677788876977e+01
-1.595881272255817507e+01
-1.598959150606652102e+01
-1.597138176118096808e+01
-1.594629369163046739e+01
-1.586025851003018516e+01
-1.576851874069376969e+01
-1.574278492729376033e+01
-1.576356979483708365e+01
-1.582399871183020146e+01
-1.580231076413380897e+01
-1.597275848951905708e+01
-1.592688283277684036e+01
-1.594837323584218680e+01
-1.590692150775402780e+01
-1.586188753384642958e+01
-1.582131062339779604e+01
-1.585607454369948854e+01
-1.582974640345060990e+01
-1.588151167440756950e+01
-1.584622832307389118e+01
-1.582236393864423185e+01
-1.587870129234815586e+01
-1.586573216058156000e+01
-1.586200825625198441e+01
-1.585871961093766380e+01
-1.595290892204389799e+01
-1.596925305576786513e+01
-1.596070765144067671e+01
-1.603324353203771935e+01
-1.603214181587621212e+01
-1.593716210319333015e+01
-1.594861959822542019e+01
-1.596921607905439799e+01
-1.598320917128382845e+01
-1.605677153551494030e+01
-1.612875077084515496e+01
-1.610864483880114406e+01
-1.606245510399300969e+01
-1.605397411426636722e+01
-1.604899235483473774e+01
-1.604476165727622927e+01
-1.611101789970798848e+01
-1.604929229506011623e+01
-1.606315501252076317e+01
-1.601668446455865080e+01
-1.606363509707280102e+01
-1.606533511615249310e+01
-1.609401728589059388e+01
-1.614561467691122587e+01
-1.604056465930305464e+01
-1.604458764237470803e+01
-1.601134537489560827e+01
-1.598777702340443874e+01
-1.606967095191528472e+01
-1.600753169065849235e+01
-1.606640534859347724e+01
-1.612460690401618990e+01
-1.607138191973682950e+01
-1.610666323371809838e+01
-1.599413711882466416e+01
-1.601745888228971282e+01
-1.606862951697553754e+01
-1.599009180423547427e+01
-1.599273342395078323e+01
-1.596380901333686531e+01
-1.593628814681353134e+01
-1.591519471965040644e+01
-1.583857691061925799e+01
-1.587604971066932080e+01
-1.593999903556707665e+01
-1.593384027850614615e+01
-1.598197265752795104e+01
-1.598789100806954622e+01
-1.600267736257248785e+01
-1.602943170132369488e+01
-1.612317150821623457e+01
-1.607799285154314362e+01
-1.613191363343402784e+01
-1.609481154606204001e+01
-1.599217826052757552e+01
-1.602890356968614327e+01
-1.592236016702707779e+01
-1.590454238269119713e+01
-1.591076056392434523e+01
-1.593619345577129565e+01
-1.593853954968405162e+01
-1.582539815854123866e+01
-1.583805905836450911e+01
-1.585287525741282266e+01
-1.587671081025963993e+01
-1.582853863616611889e+01
-1.582525299598029278e+01
-1.576387006989727091e+01
-1.577377795805421989e+01
-1.585506994199226227e+01
-1.585620826024801566e+01
-1.584784519648866663e+01
-1.581676845017955735e+01
-1.583978158939649461e+01
-1.583763124393329136e+01
-1.581923432501887739e+01
-1.584717806066245593e+01
-1.587102199705050332e+01
-1.583421429228900479e+01
-1.576997509822859911e+01
-1.584957794245696938e+01
-1.591428631107428515e+01
-1.584334241079442407e+01
-1.585334785291018100e+01
-1.589832894391144436e+01
-1.583263255581630702e+01
-1.584594083525930053e+01
-1.581341965140688366e+01
-1.576380459673698198e+01
-1.573400447905353161e+01
-1.571443968436679839e+01
-1.574005938536877913e+01
-1.573865116780655526e+01
-1.575097469752058110e+01
-1.582430383948188179e+01
-1.587896117898397641e+01
-1.582900496760290743e+01
-1.578398347384857736e+01
-1.578425253951849783e+01
-1.576950075925268635e+01
-1.579553531665985844e+01
-1.574593541292748888e+01
-1.580061220331781691e+01
-1.584848221128150492e+01
-1.585779855755525780e+01
-1.573655363860055800e+01
-1.577144833633216159e+01
-1.581022321690084098e+01
-1.581729270464710346e+01
-1.576053693080809914e+01
