# 2*np.log[MAD(r)] for 100 flights; 1000 steps per flight; run 45 of 50; mu: 3.00; seed: 44
-2.532813428596812599e+01
-2.374554577548536827e+01
-2.287195752295583873e+01
-2.251150331719586006e+01
-2.232152431941869253e+01
-2.206641869565751790e+01
-2.179424170478006317e+01
-2.157543892084003900e+01
-2.137128211079963691e+01
-2.112805856807018046e+01
-2.093342740857842443e+01
-2.089668364661105215e+01
-2.091240550889173377e+01
-2.087660212891090694e+01
-2.072079566541789220e+01
-2.067722156218080798e+01
-2.069369354483513135e+01
-2.047467108331812824e+01
-2.067859967705272339e+01
-2.052991594105188611e+01
-2.004664016669952176e+01
-2.033510118597154559e+01
-2.018192188094108985e+01
-2.048798373926428695e+01
-2.021701231934220644e+01
-2.015785406115919542e+01
-2.022284466972850581e+01
-2.000565891941510444e+01
-2.001002693293086310e+01
-1.986940642933249990e+01
-1.967305040016213979e+01
-1.965043131057159087e+01
-1.983111202060427303e+01
-1.981476116603998960e+01
-1.967546011774285475e+01
-1.975321105530914423e+01
-1.974750985901158629e+01
-1.965802115542553707e+01
-1.964882064344996238e+01
-1.975809135261014404e+01
-1.977957770972721008e+01
-1.967126912015962503e+01
-1.970303648117549500e+01
-1.975904014687412769e+01
-1.972921058493382773e+01
-1.960275942096126300e+01
-1.943145014479037869e+01
-1.951484871586512071e+01
-1.931481290351632651e+01
-1.938372050959243609e+01
-1.918000314257231409e+01
-1.932486454027608858e+01
-1.936169468838320640e+01
-1.943170611457686192e+01
-1.937872591091597840e+01
-1.945223309471894169e+01
-1.951345949232835864e+01
-1.946405091661862130e+01
-1.945287928400049537e+01
-1.935303102987826307e+01
-1.939930084667886590e+01
-1.934813441726064198e+01
-1.923885943921091979e+01
-1.910211184447005550e+01
-1.907516320127942677e+01
-1.908884353143763590e+01
-1.907792679643328881e+01
-1.886057577598826285e+01
-1.874061585441857503e+01
-1.871986588708766774e+01
-1.877239448313133963e+01
-1.877510924097987299e+01
-1.882040526524106028e+01
-1.886184264051656712e+01
-1.885568639303265925e+01
-1.885238974861521655e+01
-1.888496318554802400e+01
-1.867814972961474851e+01
-1.880816897124821807e+01
-1.874451398587558160e+01
-1.866201433755519190e+01
-1.859724605498141159e+01
-1.854477366636938385e+01
-1.861222884598674554e+01
-1.867649930728476448e+01
-1.866880399351161657e+01
-1.841432929986610390e+01
-1.865322040462368491e+01
-1.848282371749548503e+01
-1.854261538185602021e+01
-1.850547220292763484e+01
-1.862837197404642353e+01
-1.873398633582193185e+01
-1.861084466063992338e+01
-1.864229480238860859e+01
-1.858296948748046162e+01
-1.852389355687004979e+01
-1.859380734359154630e+01
-1.853937265683264002e+01
-1.863631521827075588e+01
-1.856308971914888062e+01
-1.857204036929834956e+01
-1.854824228371122885e+01
-1.886074023125209109e+01
-1.898409201750150999e+01
-1.876339744231206552e+01
-1.881861428244429035e+01
-1.876900277368991965e+01
-1.869368288188968208e+01
-1.875957672765869688e+01
-1.873850556143458235e+01
-1.888367481657136082e+01
-1.877639823625847981e+01
-1.860164376854491763e+01
-1.860607889732134623e+01
-1.884283492761998957e+01
-1.861768366902011351e+01
-1.881494867583735342e+01
-1.878765863962680172e+01
-1.866905870752121999e+01
-1.873603748735237673e+01
-1.871681093547060470e+01
-1.870582941603682059e+01
-1.862288824306467205e+01
-1.852986863808955675e+01
-1.865228609067141008e+01
-1.846456102161153012e+01
-1.830954834035367540e+01
-1.828587738642220728e+01
-1.822615048327246257e+01
-1.829240448999929214e+01
-1.828327984909073223e+01
-1.843493565397184852e+01
-1.837588535338463913e+01
-1.830127095971002049e+01
-1.837638462275556606e+01
-1.839411055057145816e+01
-1.851008966739505723e+01
-1.856676789129074123e+01
-1.861927707386186981e+01
-1.866867557702720859e+01
-1.860755563811223112e+01
-1.850996242613510390e+01
-1.838779798913402530e+01
-1.841933216782345184e+01
-1.835237560487863817e+01
-1.833630681416414632e+01
-1.832005176187220385e+01
-1.843752930858806494e+01
-1.840136132374421507e+01
-1.820659546983111454e+01
-1.818340894045275746e+01
-1.815928924318914284e+01
-1.806097638426653518e+01
-1.807661132651940150e+01
-1.823368944651043932e+01
-1.823255194908384169e+01
-1.822160804146317403e+01
-1.817301604125735537e+01
-1.803200315698969192e+01
-1.809013990361008695e+01
-1.822290888015003318e+01
-1.806067601880871365e+01
-1.804862724321139567e+01
-1.806779433890436692e+01
-1.802021773693736506e+01
-1.802803064051249393e+01
-1.799515418918254284e+01
-1.796885500635952226e+01
-1.793465864657657249e+01
-1.781700553488551364e+01
-1.799565272941528704e+01
-1.805433388048942689e+01
-1.819808295953859201e+01
-1.818742577355708789e+01
-1.803756189603957694e+01
-1.794158308833294413e+01
-1.821683254755851777e+01
-1.802762944273770174e+01
-1.809016185435718072e+01
-1.803749058591159482e+01
-1.799123321933303288e+01
-1.797431668933459292e+01
-1.790646322626765397e+01
-1.794252427460428123e+01
-1.790344814592074485e+01
-1.791646085649556142e+01
-1.796082776901001665e+01
-1.792011548075527116e+01
-1.793350091969404758e+01
-1.792609614682442754e+01
-1.797951527314358344e+01
-1.789768233085639437e+01
-1.800642569608092813e+01
-1.795290319975575954e+01
-1.771051409793332354e+01
-1.768394747957166402e+01
-1.784234810267365745e+01
-1.798038996398958744e+01
-1.786564307913719674e+01
-1.797106360260380242e+01
-1.795043507812887995e+01
-1.788960792452471082e+01
-1.788128618752690357e+01
-1.798251476400857385e+01
-1.802189482843435187e+01
-1.800507461498317952e+01
-1.789207848879413731e+01
-1.794408497324132767e+01
-1.784490899559936494e+01
-1.783593307267691586e+01
-1.769998768476317252e+01
-1.770901104098813406e+01
-1.774701196411143300e+01
-1.777207671476529072e+01
-1.785011116581987167e+01
-1.784896132432347926e+01
-1.780686310408213302e+01
-1.776794754201199567e+01
-1.784640378848310505e+01
-1.777165427366044881e+01
-1.759552543853788009e+01
-1.749701891973185752e+01
-1.756416598265069595e+01
-1.750053936843874425e+01
-1.755863441026781047e+01
-1.752262308472020891e+01
-1.770112516867672525e+01
-1.758827584973053959e+01
-1.750353242281686406e+01
-1.761886363401712785e+01
-1.749905186721470329e+01
-1.756298107850189183e+01
-1.740874456824760941e+01
-1.750320346871265542e+01
-1.740165071922353235e+01
-1.736588168483860173e+01
-1.729005112381705089e+01
-1.736195020364027286e+01
-1.735411061185001458e+01
-1.731412368582328654e+01
-1.728149825751088997e+01
-1.719122752920024411e+01
-1.716707794267150788e+01
-1.708904252334784957e+01
-1.704162115128826827e+01
-1.707092114443399922e+01
-1.716948719031989512e+01
-1.717891883069800585e+01
-1.719050286005175110e+01
-1.725358319567310161e+01
-1.726095364133441734e+01
-1.721319243589010028e+01
-1.720823306545510434e+01
-1.718221115829720702e+01
-1.721183206572248636e+01
-1.726834009947440762e+01
-1.725741521845704440e+01
-1.723742928982057165e+01
-1.727706199389593422e+01
-1.723280229669606456e+01
-1.714696088370827809e+01
-1.714990696531237546e+01
-1.720555827550492722e+01
-1.723961474583724396e+01
-1.723659970543948106e+01
-1.725856011606350293e+01
-1.735136469330384656e+01
-1.740180013031453754e+01
-1.763886069484391328e+01
-1.744541510273581153e+01
-1.735205647295378029e+01
-1.735283197103675334e+01
-1.742420928474640718e+01
-1.738907326119801056e+01
-1.736691064337344059e+01
-1.745056235089395358e+01
-1.751541550447776530e+01
-1.741419815866224852e+01
-1.744924540610901786e+01
-1.749157259456035973e+01
-1.746383943259770177e+01
-1.749939084115237620e+01
-1.749204500486361979e+01
-1.742035257158206463e+01
-1.756082746278647022e+01
-1.738572764566329809e+01
-1.727423045970902393e+01
-1.733625796115425288e+01
-1.732772945598105707e+01
-1.733675959338893691e+01
-1.721829750532790015e+01
-1.729064482731721242e+01
-1.731298988867869681e+01
-1.739454309896613182e+01
-1.743395986082585125e+01
-1.735182415996511551e+01
-1.735306487114410601e+01
-1.741850865420861894e+01
-1.734042692211355075e+01
-1.726136707018923389e+01
-1.735483594259926932e+01
-1.733792916133443640e+01
-1.731213684142054632e+01
-1.725188064973257696e+01
-1.729479205819309939e+01
-1.724921423575625923e+01
-1.726119863247778596e+01
-1.723139556106478310e+01
-1.721936806217549432e+01
-1.717634445401668586e+01
-1.721943093934940094e+01
-1.725436287536363622e+01
-1.733424389169152136e+01
-1.721770782942555300e+01
-1.724008954265263327e+01
-1.730730613411554941e+01
-1.726849472427466736e+01
-1.722347354480304205e+01
-1.730624707527241668e+01
-1.724895083665065343e+01
-1.729674627870143055e+01
-1.730706565543690090e+01
-1.727162058106179288e+01
-1.722289825613267311e+01
-1.721502233146029326e+01
-1.722785963309210189e+01
-1.713525302044871523e+01
-1.739902631682346268e+01
-1.720743087719810305e+01
-1.729787180464025198e+01
-1.738568329559639736e+01
-1.732777635969133101e+01
-1.731916288883844857e+01
-1.735041450880626357e+01
-1.727879258638080984e+01
-1.719385824390793616e+01
-1.718327297207272153e+01
-1.717763249902918687e+01
-1.704144516354942596e+01
-1.715343249119884561e+01
-1.724661355066503532e+01
-1.735632157481567361e+01
-1.738360995925255992e+01
-1.732366682184005668e+01
-1.734198993162689462e+01
-1.736279832810926038e+01
-1.740615594776389941e+01
-1.732640305521197632e+01
-1.722896432755207741e+01
-1.712682370753743299e+01
-1.725850680348484900e+01
-1.720042159022571582e+01
-1.721962836887322723e+01
-1.721087955237844724e+01
-1.714786851951653901e+01
-1.729809377946893889e+01
-1.723294740533444980e+01
-1.719703275072033932e+01
-1.716790635538150056e+01
-1.717040088889011429e+01
-1.730785555247010166e+01
-1.722997583405269495e+01
-1.729980737794468126e+01
-1.726073014873864153e+01
-1.709874600237840170e+01
-1.721011339332906331e+01
-1.720587031690716984e+01
-1.722828183030956950e+01
-1.713068254856294459e+01
-1.723496848417333638e+01
-1.714064158496988100e+01
-1.716019867417979583e+01
-1.725008724435582153e+01
-1.720321401916093151e+01
-1.712631949577982837e+01
-1.707754797868685870e+01
-1.722066274652180695e+01
-1.726606212891691428e+01
-1.727070183039491624e+01
-1.716603626559172113e+01
-1.713701422277078379e+01
-1.713562736053258817e+01
-1.713346679879324341e+01
-1.716963944095486028e+01
-1.736355379178050384e+01
-1.730818050823165777e+01
-1.733944550151884556e+01
-1.729765768708248785e+01
-1.743155940625688416e+01
-1.725754200386035464e+01
-1.719146922762145735e+01
-1.719961228851872548e+01
-1.724424616736568083e+01
-1.720272879631566809e+01
-1.729500239331699163e+01
-1.712255388740596729e+01
-1.722136201544715206e+01
-1.719525299458847556e+01
-1.714390017911016528e+01
-1.700342769305139257e+01
-1.707560059918285944e+01
-1.711439051977452763e+01
-1.705821575358118025e+01
-1.711827614892039406e+01
-1.724370921933118339e+01
-1.730475396141273592e+01
-1.724137445129936808e+01
-1.715716899936472828e+01
-1.718797420697459089e+01
-1.712529073170120242e+01
-1.708753555503952271e+01
-1.712613289581602771e+01
-1.711009784517528232e+01
-1.699283290089156395e+01
-1.700753170193121733e+01
-1.715782441209027098e+01
-1.717962811332049711e+01
-1.719583212192696209e+01
-1.719562636055484006e+01
-1.727760931781232401e+01
-1.726709236615101517e+01
-1.725691476510945321e+01
-1.737575986582373488e+01
-1.728252847278242754e+01
-1.722417248031003112e+01
-1.711345274175659981e+01
-1.709681958438847715e+01
-1.697510115728796265e+01
-1.724444991722537779e+01
-1.707870343235430965e+01
-1.721010735147702775e+01
-1.721662116064856463e+01
-1.715625001842649766e+01
-1.719945197210521570e+01
-1.723918742636724843e+01
-1.725726712143820762e+01
-1.733251898643835887e+01
-1.735187658552126067e+01
-1.722436671331225000e+01
-1.730177895148512945e+01
-1.740065867418625345e+01
-1.749697318999495721e+01
-1.746726973635066926e+01
-1.747088993762547204e+01
-1.753735147438232644e+01
-1.734233415900476416e+01
-1.733560855740602236e+01
-1.740490092382037446e+01
-1.758869336066787170e+01
-1.737837835419982824e+01
-1.744611478718747577e+01
-1.725746942856864052e+01
-1.741467578807665006e+01
-1.725262697798668299e+01
-1.714004854726310967e+01
-1.718916978753557245e+01
-1.715847088326486869e+01
-1.729287746483856836e+01
-1.728221751156731401e+01
-1.733618415041043903e+01
-1.725875008952404599e+01
-1.728835398433753312e+01
-1.738422535798214241e+01
-1.738889284974327509e+01
-1.740040267970100984e+01
-1.744584052397382479e+01
-1.746256850709136899e+01
-1.742409052339672115e+01
-1.738373356486627941e+01
-1.730527098874555847e+01
-1.731333621925815791e+01
-1.725414692188566335e+01
-1.728045530046345135e+01
-1.727866882300594042e+01
-1.728092787119151197e+01
-1.745383463804938984e+01
-1.740293550895617614e+01
-1.731089363217839505e+01
-1.722219899338021065e+01
-1.707749497587873222e+01
-1.716131052382925759e+01
-1.718860865369853741e+01
-1.718075836353341046e+01
-1.709327843792961943e+01
-1.711486781046552963e+01
-1.711375438309089603e+01
-1.709438190622898546e+01
-1.709424787731346740e+01
-1.716657459349002224e+01
-1.719327694189745515e+01
-1.721965388594655622e+01
-1.709539675516003854e+01
-1.705340510609791238e+01
-1.704988020385922809e+01
-1.706569714815946526e+01
-1.699717615144298222e+01
-1.703400001547294806e+01
-1.703305840855106723e+01
-1.707605817421343630e+01
-1.695453288722036689e+01
-1.697785003584968067e+01
-1.697267022639616130e+01
-1.700069206209563788e+01
-1.706458294217345539e+01
-1.705166350406708986e+01
-1.712133107954935340e+01
-1.708324837387630524e+01
-1.715184476663537083e+01
-1.719935082524665759e+01
-1.718588724883450070e+01
-1.718128754047930684e+01
-1.708221034443285191e+01
-1.710883835250332297e+01
-1.707155121780235163e+01
-1.707532074547087930e+01
-1.710928646271968745e+01
-1.698811867935962283e+01
-1.692032919592102047e+01
-1.683528650619386724e+01
-1.692525603684582691e+01
-1.696599524629102262e+01
-1.702215789176801763e+01
-1.692537884591746078e+01
-1.710041616703059120e+01
-1.715491752469456799e+01
-1.714462070700174223e+01
-1.724101933041098889e+01
-1.709446385812658065e+01
-1.717667519116638886e+01
-1.715815404127352650e+01
-1.703076468775016394e+01
-1.701316757585970052e+01
-1.701338247527767678e+01
-1.700772401958401758e+01
-1.704317929170666090e+01
-1.704085579468812028e+01
-1.699216272392374094e+01
-1.700148642249238051e+01
-1.700554336340960759e+01
-1.702652171340388065e+01
-1.696953639593578700e+01
-1.692905584789540896e+01
-1.695369914534482092e+01
-1.694142927497456697e+01
-1.702933270519712394e+01
-1.697622023166952587e+01
-1.704479849921763090e+01
-1.707516228076658393e+01
-1.701988395879426363e+01
-1.699849518091159695e+01
-1.690530381431536711e+01
-1.685765911201552569e+01
-1.693868342487236944e+01
-1.690582456333934402e+01
-1.681988090305178218e+01
-1.683427139217939583e+01
-1.697536315928778450e+01
-1.691015059252075048e+01
-1.680202055880625522e+01
-1.684467650240176084e+01
-1.670868224051260853e+01
-1.673926569867905556e+01
-1.663870393053490560e+01
-1.670732070890204213e+01
-1.666926473593624536e+01
-1.666292093222847726e+01
-1.657630028877022710e+01
-1.667515997227826219e+01
-1.662669802394720264e+01
-1.658800858040127935e+01
-1.659641212159255019e+01
-1.658873455183050538e+01
-1.652376411115048072e+01
-1.650977204586698832e+01
-1.649054497687016152e+01
-1.647515445466071782e+01
-1.648529571831983276e+01
-1.640634800398012416e+01
-1.649061863401952976e+01
-1.644220589612113059e+01
-1.643454983369948508e+01
-1.642615261060245047e+01
-1.641646417488107446e+01
-1.642808160934563233e+01
-1.635749160404407121e+01
-1.641351797692308168e+01
-1.642880816651936726e+01
-1.645205177645902950e+01
-1.638291783953848935e+01
-1.637707195576621544e+01
-1.632807693193923626e+01
-1.635445900917276774e+01
-1.631423460675311077e+01
-1.632335843502994166e+01
-1.642219244904216424e+01
-1.642944551923484298e+01
-1.648272323584470911e+01
-1.650168064950278080e+01
-1.648143381071469804e+01
-1.649258019127264774e+01
-1.643475833136229980e+01
-1.645130642067019622e+01
-1.644821168402225098e+01
-1.647825542489560391e+01
-1.645059743377651174e+01
-1.652628813113270567e+01
-1.652207379156124034e+01
-1.646422212065706248e+01
-1.643430547882451620e+01
-1.645609847587497754e+01
-1.650004756637029146e+01
-1.644901059286611300e+01
-1.645863259732582762e+01
-1.655043930833256027e+01
-1.658159371240379443e+01
-1.652975476933034216e+01
-1.646196380136262505e+01
-1.653959200491164694e+01
-1.657937736990767164e+01
-1.660893994345305558e+01
-1.657669020185629449e+01
-1.662593202120258695e+01
-1.666677455086998449e+01
-1.667499962800983582e+01
-1.674484700289248806e+01
-1.680376290125584759e+01
-1.674490792956613916e+01
-1.678091131822175086e+01
-1.671942292765430693e+01
-1.662407666360817160e+01
-1.655126882832504265e+01
-1.667020627006889555e+01
-1.675874170152314591e+01
-1.672755777214413442e+01
-1.671852417880937480e+01
-1.671335860963624498e+01
-1.677205135423908544e+01
-1.681727352972858114e+01
-1.669261990174874910e+01
-1.660509247820298029e+01
-1.663903185256866379e+01
-1.673637309061892608e+01
-1.665963086754598166e+01
-1.664129001124991447e+01
-1.653802644526497900e+01
-1.665990321620358827e+01
-1.659526277874375921e+01
-1.662204561158916150e+01
-1.660503419020874105e+01
-1.661675375481812011e+01
-1.656994460092568033e+01
-1.652429190024734851e+01
-1.650735439984052633e+01
-1.655020357737891601e+01
-1.656052687103529308e+01
-1.661316310077332048e+01
-1.663529004953147705e+01
-1.654887358183142965e+01
-1.659787727754678954e+01
-1.659087244218637380e+01
-1.658085530523844398e+01
-1.660954639373587582e+01
-1.655403562459939337e+01
-1.664021383615013150e+01
-1.660136966979494488e+01
-1.662253158019806776e+01
-1.669930983874157349e+01
-1.665287714596177082e+01
-1.669540356727494057e+01
-1.664602888612892428e+01
-1.661540739439842795e+01
-1.667121059715436715e+01
-1.656888547270896339e+01
-1.655126557641692742e+01
-1.641117408207036377e+01
-1.649815879414313713e+01
-1.665581031789975697e+01
-1.664045879283963458e+01
-1.662724706914423933e+01
-1.651939416322499099e+01
-1.657714789178438508e+01
-1.655196776666125302e+01
-1.652833644846008809e+01
-1.655696479975418356e+01
-1.662610922750906184e+01
-1.663557355265188420e+01
-1.663274855885440573e+01
-1.665019227507065480e+01
-1.658483633162433435e+01
-1.659570502218844368e+01
-1.666126131428193347e+01
-1.668418597004831128e+01
-1.676084890985073628e+01
-1.672283453615384374e+01
-1.676439917246318956e+01
-1.660841199416249125e+01
-1.656706119528640642e+01
-1.658000881796612447e+01
-1.665195071543399052e+01
-1.667169809239081957e+01
-1.663678605654998677e+01
-1.655444545129513756e+01
-1.649501215659146069e+01
-1.652397349156888495e+01
-1.659679438410188013e+01
-1.654953378257261676e+01
-1.654570435856143718e+01
-1.644616210803772560e+01
-1.639768320234345111e+01
-1.646902188740247652e+01
-1.646089861036659840e+01
-1.645285735805836325e+01
-1.648615735093009249e+01
-1.645624452252420511e+01
-1.637491606184855542e+01
-1.646363610392780785e+01
-1.642512337290376578e+01
-1.642414293118404345e+01
-1.641742819396245778e+01
-1.634921629340618665e+01
-1.631367272736570229e+01
-1.628609409242384842e+01
-1.619052889054089306e+01
-1.627434885874567527e+01
-1.627326772079313599e+01
-1.623167437606304375e+01
-1.634436555993426765e+01
-1.635406700731669716e+01
-1.629264758062314300e+01
-1.631278521597321074e+01
-1.632778632317057443e+01
-1.637827697376274472e+01
-1.642661615958969890e+01
-1.636125151023295743e+01
-1.643362690570344853e+01
-1.652784263156632605e+01
-1.648710319705562810e+01
-1.650913825273600111e+01
-1.645769237196463308e+01
-1.657158890971065901e+01
-1.648696549002705325e+01
-1.654218353441573797e+01
-1.643589033863995397e+01
-1.644986295233202256e+01
-1.648082542620261748e+01
-1.647548802401478696e+01
-1.646012796950086354e+01
-1.637515266775062983e+01
-1.634452493082690694e+01
-1.627024984451847800e+01
-1.627853246947557508e+01
-1.634669208887665093e+01
-1.629967391618819406e+01
-1.631771542951555531e+01
-1.631904121464523172e+01
-1.631989189586243683e+01
-1.631038056780221979e+01
-1.630332044695382976e+01
-1.622824613715672726e+01
-1.615444337406895059e+01
-1.616571313560480405e+01
-1.616930610453966821e+01
-1.618235663919640288e+01
-1.622776871468498427e+01
-1.619105496987862480e+01
-1.616428380213705296e+01
-1.614366339924432481e+01
-1.622822281153678858e+01
-1.613596978136619242e+01
-1.619097094664659409e+01
-1.622193389077559189e+01
-1.617231932801652405e+01
-1.624195739734796717e+01
-1.612012067695570039e+01
-1.621853680307510714e+01
-1.612897097502424160e+01
-1.615668830536674250e+01
-1.620177441708090527e+01
-1.622286965194755837e+01
-1.626151436350732382e+01
-1.616053028210719589e+01
-1.612287979152415573e+01
-1.602105565674520093e+01
-1.605736251964452421e+01
-1.607856632636505623e+01
-1.604764605897526764e+01
-1.605661064545719086e+01
-1.603342042362148234e+01
-1.600015519517683416e+01
-1.599746320379860975e+01
-1.604835699942044513e+01
-1.605387721920621757e+01
-1.607901999909205060e+01
-1.598578212369588947e+01
-1.597354556351571730e+01
-1.599951711593591952e+01
-1.602863982022958211e+01
-1.600273616591741543e+01
-1.601340825748226493e+01
-1.621511461290859302e+01
-1.621252666063850967e+01
-1.616605378046966734e+01
-1.617996305497653964e+01
-1.614596388888723411e+01
-1.616302828216651477e+01
-1.616232634274355462e+01
-1.613071777944892204e+01
-1.613986952891274385e+01
-1.608781047074504755e+01
-1.612140078605301952e+01
-1.612678167452546774e+01
-1.613389738342080193e+01
-1.609754562409528234e+01
-1.616065373887166956e+01
-1.610340233378594021e+01
-1.608986769122391181e+01
-1.610114874775994309e+01
-1.606945528683422708e+01
-1.609853905404795782e+01
-1.610221892351868078e+01
-1.607784411353719989e+01
-1.611723387845844613e+01
-1.614390806032728065e+01
-1.615651404735293539e+01
-1.621610445843764481e+01
-1.604786818531402304e+01
-1.602291809489163654e+01
-1.605987645376812267e+01
-1.596146234296035260e+01
-1.605032926960022266e+01
-1.602849619252603119e+01
-1.601900013336624085e+01
-1.610781385899821672e+01
-1.613323204445374159e+01
-1.619001081789938112e+01
-1.622825383290299328e+01
-1.615309025685366962e+01
-1.612108621154506949e+01
-1.617229349740188837e+01
-1.611647283993628577e+01
-1.601860968739256563e+01
-1.605568475808258455e+01
-1.610283549978230155e+01
-1.606474391459127560e+01
-1.601987716023674579e+01
-1.607054992651649528e+01
-1.615639921355973740e+01
-1.621353720877217341e+01
-1.616180067271730891e+01
-1.618223471935700175e+01
-1.614046349917674306e+01
-1.613307738043494055e+01
-1.614771053425949887e+01
-1.614405512897224781e+01
-1.621357830443691839e+01
-1.611592611417156462e+01
-1.608512509434466864e+01
-1.615674199366344865e+01
-1.614786916263955163e+01
-1.615903311260045072e+01
-1.610672980412816102e+01
-1.617376000237326750e+01
-1.608410160721734883e+01
-1.613561644189806898e+01
-1.609972539787209556e+01
-1.606181461597207871e+01
-1.618778117352658086e+01
-1.617015234880567220e+01
-1.624280909243210402e+01
-1.622245891165306730e+01
-1.612131202006448660e+01
-1.621695079986562860e+01
-1.622347871066208214e+01
-1.614276317876435840e+01
-1.609963351475169091e+01
-1.615704680675746374e+01
-1.616672333331251110e+01
-1.611135948099635229e+01
-1.606712087676226730e+01
-1.612627598538708540e+01
-1.614986088848803192e+01
-1.608514488396186337e+01
-1.605810668049199919e+01
-1.605929040335404068e+01
-1.605537048923796206e+01
-1.611903163433106556e+01
-1.609141239198896045e+01
-1.604653760236951143e+01
-1.602381659286412940e+01
-1.604436741840966718e+01
-1.598825713390001546e+01
-1.606497122380273268e+01
-1.632224701792226540e+01
-1.628321469635240604e+01
-1.628637177275606973e+01
-1.624650570611035505e+01
-1.626730075966138855e+01
-1.630571517176924701e+01
-1.622937539059412515e+01
-1.637477342606654318e+01
-1.634894540448754441e+01
-1.629327007341537126e+01
-1.639818153888592178e+01
-1.639214035956902649e+01
-1.643083839101396038e+01
-1.631669050875105498e+01
-1.637078959039156345e+01
-1.631392203050910439e+01
-1.634368585996914547e+01
-1.636459912636433600e+01
-1.637452119854529542e+01
-1.638798175603123042e+01
-1.639309565451657491e+01
-1.642630648739263677e+01
-1.640455757337857534e+01
-1.645221850769438632e+01
-1.637914900862428880e+01
-1.632972807853791863e+01
-1.634242667608039312e+01
-1.641924154338264685e+01
-1.642408404364135777e+01
-1.643054245357597054e+01
-1.642135654963225022e+01
-1.640235400027047064e+01
-1.640289925871088528e+01
-1.637295036916541946e+01
-1.635501661376012450e+01
-1.631197410804749026e+01
-1.639989944876909078e+01
-1.634938454996503410e+01
-1.631474547525593621e+01
-1.637349027626709130e+01
-1.639367043035110072e+01
-1.639889797680908856e+01
-1.649789998545287517e+01
-1.650500204926378700e+01
-1.647124998414609820e+01
-1.647881201211216151e+01
-1.662607456443391385e+01
-1.662498622472342902e+01
-1.668860593111432067e+01
-1.665759264260858075e+01
-1.662375475519747781e+01
-1.655117814320185232e+01
-1.658562850575709646e+01
-1.657753616713683087e+01
-1.653540138816430982e+01
-1.658265268801529757e+01
-1.659208600851722082e+01
-1.657331123342313006e+01
-1.645900457416568941e+01
-1.648816406523670253e+01
-1.657088389521219440e+01
-1.662849000875142380e+01
-1.663186128279646070e+01
-1.656795105995939466e+01
-1.651824836924544115e+01
-1.654215882608380284e+01
-1.654679537664740963e+01
-1.656671073786703019e+01
-1.655487645190389756e+01
-1.658749809652811891e+01
-1.663661988302469297e+01
-1.657441612855589952e+01
-1.651689659357522899e+01
-1.655690330466750382e+01
-1.657988175554674726e+01
-1.664641512352264741e+01
-1.664301779280318172e+01
-1.669730326920738861e+01
-1.653424586016423348e+01
-1.658754036795463094e+01
-1.656365393159224908e+01
-1.659879062605537570e+01
-1.651579799549377725e+01
-1.653815767161304606e+01
-1.658654546389395890e+01
-1.654012637667024421e+01
-1.654539235685643206e+01
-1.651907964840073362e+01
-1.651918255407102265e+01
-1.657252212955904014e+01
-1.654680658401160898e+01
-1.653707031051356324e+01
-1.656214807773952202e+01
-1.645309612346283146e+01
-1.646493832814462976e+01
-1.642317247670130698e+01
-1.648752033555263807e+01
-1.651873424729264528e+01
-1.658655064451455630e+01
-1.658508326844015102e+01
-1.670381432736561678e+01
-1.666637985949477496e+01
-1.665052536124061078e+01
-1.657749648395430242e+01
-1.658822943048696175e+01
-1.660688668679963698e+01
-1.659682389358038179e+01
