# 2*np.log[MAD(r)] for 100 flights; 1000 steps per flight; run 35 of 50; mu: 3.00; seed: 34
-2.506182252455134574e+01
-2.301905521380429676e+01
-2.279868412538599998e+01
-2.246203360970555352e+01
-2.182223010461422774e+01
-2.171240126542472737e+01
-2.158391147640380581e+01
-2.140800926239659319e+01
-2.111597336684139847e+01
-2.101124473998078557e+01
-2.113969588812743439e+01
-2.101331520356567850e+01
-2.086278948863296279e+01
-2.123523498296516721e+01
-2.114128716404771424e+01
-2.072658263609943319e+01
-2.068207205520052128e+01
-2.041581325439996775e+01
-2.022831341751977519e+01
-2.030431015352905533e+01
-2.009308868147227045e+01
-1.997882854560198496e+01
-2.016268090404353330e+01
-2.007517244459788941e+01
-2.014454884339603069e+01
-2.012802209778911333e+01
-1.995040742051377691e+01
-2.003391012539645999e+01
-2.005932758426598994e+01
-2.001730018504246189e+01
-2.017159124947672666e+01
-2.019951165608370758e+01
-2.003392381837584324e+01
-1.976610902744489451e+01
-1.987440080701809819e+01
-1.960806167240731313e+01
-1.950572037963990724e+01
-1.922523206001852714e+01
-1.936129934429908417e+01
-1.933501443954351728e+01
-1.925132711294030230e+01
-1.941980273715171279e+01
-1.962094623660086157e+01
-1.934540661344874124e+01
-1.935138405690675611e+01
-1.952854698414490642e+01
-1.944124663300728528e+01
-1.956980628206657968e+01
-1.964877095717755751e+01
-1.936051812050319043e+01
-1.930077773335377955e+01
-1.928599349536189678e+01
-1.914017056831658081e+01
-1.927712523581959303e+01
-1.903358852013656133e+01
-1.881352408763262218e+01
-1.893217705004686735e+01
-1.887331171778470562e+01
-1.895651036517383048e+01
-1.898555048303453674e+01
-1.891618685499659236e+01
-1.903822513704849229e+01
-1.902396310557237769e+01
-1.915168383439841193e+01
-1.900619910265496060e+01
-1.915758942096775996e+01
-1.927538848024163443e+01
-1.923128897953739269e+01
-1.918621111579766492e+01
-1.919476706962823087e+01
-1.911862217315158219e+01
-1.894766589076948193e+01
-1.903902772839501267e+01
-1.895369509784545059e+01
-1.903733857788794026e+01
-1.907240847843878129e+01
-1.897715864801720542e+01
-1.902917553699972686e+01
-1.903507414829392985e+01
-1.895938584022994533e+01
-1.900746067073971091e+01
-1.897227210147670817e+01
-1.884034990128915155e+01
-1.887473374108202862e+01
-1.898576935812969779e+01
-1.893583175803666308e+01
-1.885209400292467663e+01
-1.888315421572486841e+01
-1.884598440963580401e+01
-1.874927318812711974e+01
-1.879439468730015150e+01
-1.876282656822209205e+01
-1.879292957372661732e+01
-1.862501658055881748e+01
-1.840710656174056936e+01
-1.850129455554297309e+01
-1.848043640328889481e+01
-1.861213038076577675e+01
-1.862634931597745691e+01
-1.866070710236500929e+01
-1.859033835554314606e+01
-1.863601469918448927e+01
-1.880339091551027408e+01
-1.875001067132107835e+01
-1.852321797460784225e+01
-1.851509139190720887e+01
-1.841719217369444550e+01
-1.838091076646794164e+01
-1.838634839824386802e+01
-1.838927705761562237e+01
-1.840568365906554860e+01
-1.841063562663601871e+01
-1.832973368818138482e+01
-1.842054622096659244e+01
-1.839927954937563115e+01
-1.833408072564690272e+01
-1.839921106844293774e+01
-1.831601656173306125e+01
-1.821273632051270752e+01
-1.818651417986756869e+01
-1.819086528248239176e+01
-1.830559533674725259e+01
-1.810012292473139794e+01
-1.802780687682711402e+01
-1.807287131971915173e+01
-1.816550144190926019e+01
-1.812937710986016171e+01
-1.803800149656313323e+01
-1.806771176760378594e+01
-1.815772614998646262e+01
-1.806541074268667657e+01
-1.804261720449529705e+01
-1.815454069132672998e+01
-1.809956281167078629e+01
-1.817580183774839853e+01
-1.826780781346927895e+01
-1.845177357097293225e+01
-1.829284667154423261e+01
-1.823638274251542413e+01
-1.833334270175231140e+01
-1.832127230137895069e+01
-1.834121659955215478e+01
-1.838040774367896191e+01
-1.827287330191843751e+01
-1.823068762557490174e+01
-1.807387814233518952e+01
-1.798080081706935118e+01
-1.803481453461922257e+01
-1.807440556538559662e+01
-1.818835196376048557e+01
-1.845594843257417139e+01
-1.852079124690228440e+01
-1.846070624364843482e+01
-1.846135717216636962e+01
-1.821308393360644828e+01
-1.838963002895464882e+01
-1.847855389540470128e+01
-1.837108726137365267e+01
-1.843405730570419010e+01
-1.838363627754474194e+01
-1.831973269791280856e+01
-1.819712617048057623e+01
-1.813260268598585512e+01
-1.821485547244251180e+01
-1.829953128812739394e+01
-1.812552798210961669e+01
-1.812267098052923231e+01
-1.830046255981958936e+01
-1.837477196045695038e+01
-1.830417184105256467e+01
-1.835337555348964855e+01
-1.837689734353897464e+01
-1.824822768898449965e+01
-1.840263013288696214e+01
-1.825855775024175642e+01
-1.828280279920443618e+01
-1.835989088677902004e+01
-1.833323666742279201e+01
-1.840946223163129147e+01
-1.833552450444272353e+01
-1.839376848472386783e+01
-1.819532875555806939e+01
-1.815541387258280537e+01
-1.827021991717003502e+01
-1.825638830376546196e+01
-1.823239614597703806e+01
-1.824669588368524842e+01
-1.797207620023500141e+01
-1.800787447774272820e+01
-1.787782652692306229e+01
-1.802021578205577867e+01
-1.788448311605368701e+01
-1.792583058642869176e+01
-1.764388812954971897e+01
-1.772442876714768545e+01
-1.788550902699829237e+01
-1.801964540912642221e+01
-1.788474671578170927e+01
-1.801073531570320796e+01
-1.773128963777625700e+01
-1.772371029952545385e+01
-1.773107433634133301e+01
-1.763581833835891288e+01
-1.761037655260389556e+01
-1.764258527671284327e+01
-1.760359971723603678e+01
-1.755259695938554998e+01
-1.772828937619449974e+01
-1.770621638284914567e+01
-1.769019940765122811e+01
-1.775238730815794597e+01
-1.776478675719448574e+01
-1.778642248714858454e+01
-1.754561738064408516e+01
-1.768930202511997152e+01
-1.783312651068954935e+01
-1.767488267102445576e+01
-1.764018506803052588e+01
-1.762561546907947019e+01
-1.765858216611292875e+01
-1.767856245591912412e+01
-1.794881374577368760e+01
-1.784126694048532613e+01
-1.801703365736285534e+01
-1.804333130492562987e+01
-1.792822593173428558e+01
-1.792274454848741527e+01
-1.790503640985943434e+01
-1.792267603179790569e+01
-1.776593723246011081e+01
-1.781579108705390269e+01
-1.784390060302318304e+01
-1.784168550301560785e+01
-1.780090345650814143e+01
-1.795688188451893197e+01
-1.787000445407453952e+01
-1.782294576771036532e+01
-1.754010578333646464e+01
-1.755829476643751619e+01
-1.768439330163750611e+01
-1.758546300265892270e+01
-1.749961086890835560e+01
-1.747165764936444177e+01
-1.749840797096696221e+01
-1.740875328224699459e+01
-1.742642237901308988e+01
-1.730059787078471345e+01
-1.728435316537954236e+01
-1.732426354507947863e+01
-1.735660302484305006e+01
-1.739218974950533081e+01
-1.732474522226223357e+01
-1.741952285107771203e+01
-1.739295465907444438e+01
-1.738655637916864194e+01
-1.741772417292568775e+01
-1.743092979809575382e+01
-1.748045994436035855e+01
-1.742332618650950948e+01
-1.746714056150812056e+01
-1.748266818058063876e+01
-1.760066389608252990e+01
-1.763953647116320411e+01
-1.759519626570565975e+01
-1.760755034878851433e+01
-1.759603742430555684e+01
-1.753769193738225241e+01
-1.756601789393793922e+01
-1.738283398929571177e+01
-1.744104606922131495e+01
-1.742155709652427475e+01
-1.742693275722903223e+01
-1.754953845510826582e+01
-1.755837134517379639e+01
-1.743378003494511574e+01
-1.751584121372411929e+01
-1.735960483797964571e+01
-1.747656727039966640e+01
-1.736205191464576814e+01
-1.739540419361619072e+01
-1.741464906127037082e+01
-1.737641084011415415e+01
-1.733069154424752512e+01
-1.740157666760497435e+01
-1.730478315820820256e+01
-1.737037356973341318e+01
-1.731189086753127171e+01
-1.733374684250350839e+01
-1.733150999720807661e+01
-1.737137124640059582e+01
-1.724386831434540213e+01
-1.727588029910887357e+01
-1.730693406739801077e+01
-1.727222342929681886e+01
-1.727928452142383264e+01
-1.728940220806858719e+01
-1.722141044993619730e+01
-1.728723770874136889e+01
-1.731401281143530113e+01
-1.726391540753466813e+01
-1.725600811511284860e+01
-1.736706887049324521e+01
-1.742165806039872678e+01
-1.743760140263744773e+01
-1.741897947811032665e+01
-1.753749693316972014e+01
-1.737029928692254188e+01
-1.729311739019596317e+01
-1.737690139865182815e+01
-1.739359960724184972e+01
-1.718172977659915901e+01
-1.718646441686108517e+01
-1.707313524570234620e+01
-1.712589694235112958e+01
-1.696873186466661210e+01
-1.704184094988370646e+01
-1.700907994029268266e+01
-1.708921894685627763e+01
-1.715443620055518537e+01
-1.719148308119104485e+01
-1.715294663615040349e+01
-1.713285084193947583e+01
-1.720060805157391925e+01
-1.724624629169448653e+01
-1.715793882023819350e+01
-1.718010289485652464e+01
-1.718978595401121723e+01
-1.714203688151720328e+01
-1.720951562364514587e+01
-1.709822276364505456e+01
-1.702400740998230333e+01
-1.708325763777311934e+01
-1.716028842140216071e+01
-1.714194254190276112e+01
-1.715058272133499173e+01
-1.715223626611123819e+01
-1.709547908166533858e+01
-1.706153310285851177e+01
-1.699246297375700721e+01
-1.694895466710838861e+01
-1.704175091840766143e+01
-1.699212109461402420e+01
-1.694403814182405910e+01
-1.686424314809804414e+01
-1.690861749839141837e+01
-1.695163935613426531e+01
-1.698194773904823407e+01
-1.697981752762596130e+01
-1.693454465862962621e+01
-1.688864933190194861e+01
-1.687065256240419586e+01
-1.689192798153789710e+01
-1.695652852667425847e+01
-1.700402026327303062e+01
-1.697396718917340763e+01
-1.700746781917153072e+01
-1.701361807201153198e+01
-1.701162567936527736e+01
-1.701452425439535787e+01
-1.697980783649525449e+01
-1.699872198117018840e+01
-1.700599794725685143e+01
-1.698298864527384566e+01
-1.696065328220347013e+01
-1.703573511681087282e+01
-1.708910825121241928e+01
-1.709676857121640481e+01
-1.704405770505206164e+01
-1.709995272855475790e+01
-1.702248475003457884e+01
-1.705600555301041510e+01
-1.703216025046337734e+01
-1.700668862443670903e+01
-1.693512031821692432e+01
-1.691920522765986945e+01
-1.695575295151487083e+01
-1.697668233234189117e+01
-1.701632478978172358e+01
-1.695718576265969801e+01
-1.693324152826012963e+01
-1.691307543358967536e+01
-1.699675649550834322e+01
-1.691508533017303151e+01
-1.706354757501140540e+01
-1.713853508699182626e+01
-1.711561754290440618e+01
-1.701524316235093437e+01
-1.713457410457483832e+01
-1.704841389594514212e+01
-1.703544943346344809e+01
-1.694958637212224417e+01
-1.700547478039373317e+01
-1.699423528179408649e+01
-1.694220170048827256e+01
-1.692660593899080013e+01
-1.696723424819287018e+01
-1.707948346285030894e+01
-1.697320391925027749e+01
-1.689340044216815429e+01
-1.694057092035651735e+01
-1.694152044254828482e+01
-1.699821789811097617e+01
-1.699089747510298309e+01
-1.695119171283534243e+01
-1.693112500899948003e+01
-1.694462038129435300e+01
-1.690536980204687012e+01
-1.694803471592682342e+01
-1.693361453684464735e+01
-1.692934916498055387e+01
-1.705193617201658540e+01
-1.719655254735508265e+01
-1.700274653944018866e+01
-1.702651442352301814e+01
-1.689632213239447012e+01
-1.687452481887994082e+01
-1.678805548292129401e+01
-1.686125904222391370e+01
-1.698665997943565742e+01
-1.693271912980557303e+01
-1.683089371769296250e+01
-1.683365559359323171e+01
-1.682390117945391594e+01
-1.696233611102839944e+01
-1.697567666239394057e+01
-1.695049674463435707e+01
-1.698735813840442432e+01
-1.687823212074757606e+01
-1.696970656418752910e+01
-1.698432038007691247e+01
-1.700243449904293769e+01
-1.698740093013516628e+01
-1.704820683665215242e+01
-1.701958312151146302e+01
-1.707792060693628144e+01
-1.703037257224822199e+01
-1.697306987377948317e+01
-1.697551654513171471e+01
-1.695079794046064592e+01
-1.702791688025817507e+01
-1.707199296074686501e+01
-1.718043755182644716e+01
-1.715194310334124950e+01
-1.714715204433900198e+01
-1.708610839347990762e+01
-1.713422099914111385e+01
-1.711813300859013864e+01
-1.708693985793622616e+01
-1.704863476584283433e+01
-1.711847958668117897e+01
-1.708874252500086044e+01
-1.712894146416175190e+01
-1.708224239174325731e+01
-1.721413994499775768e+01
-1.720989228812402061e+01
-1.704141279397865816e+01
-1.706796225371327225e+01
-1.711676939413422716e+01
-1.733688915147127574e+01
-1.732885994069724589e+01
-1.731351794693832957e+01
-1.728771838708159692e+01
-1.725469465398909819e+01
-1.724500496619061352e+01
-1.718660599912661269e+01
-1.721212806929488082e+01
-1.726051334613670463e+01
-1.720179965422163448e+01
-1.720561206306465607e+01
-1.718013815952922130e+01
-1.714531321433956279e+01
-1.722515495477193426e+01
-1.718905563324016228e+01
-1.716477527748573095e+01
-1.707071484264899297e+01
-1.715906323837511493e+01
-1.713251856589937816e+01
-1.707198698760566202e+01
-1.711051506676403022e+01
-1.705210149075714554e+01
-1.711073012255130266e+01
-1.716102608219078007e+01
-1.720202508319475498e+01
-1.711627424387752683e+01
-1.707134659233413032e+01
-1.708909112432604971e+01
-1.707621797796428353e+01
-1.716173604351888571e+01
-1.720208828296631509e+01
-1.730723583739831994e+01
-1.719717932028071772e+01
-1.716129779114991294e+01
-1.730297663497645289e+01
-1.719725082392006144e+01
-1.727264936528923300e+01
-1.717586881778114716e+01
-1.717867994175368196e+01
-1.714580372320409651e+01
-1.717313631862656464e+01
-1.709487795190570480e+01
-1.713398203474713455e+01
-1.713305253597040334e+01
-1.717555665134813125e+01
-1.714127398700487603e+01
-1.723168384962050226e+01
-1.716661481735248529e+01
-1.706882279796657187e+01
-1.710060168954415616e+01
-1.714787938155373581e+01
-1.717239874146889633e+01
-1.722910810665260328e+01
-1.726569630714882209e+01
-1.729142706192488887e+01
-1.741359145969550326e+01
-1.739461624593798561e+01
-1.733592270464231788e+01
-1.730339169558967427e+01
-1.731486947740908633e+01
-1.743117559710026754e+01
-1.736529585572747081e+01
-1.720360160342583811e+01
-1.732369519194053709e+01
-1.727131237550064569e+01
-1.716216701075115481e+01
-1.718263826183278908e+01
-1.713147918780770951e+01
-1.715276939724503436e+01
-1.706345836353152379e+01
-1.707694989312276945e+01
-1.709332053061973156e+01
-1.712017384013675070e+01
-1.716661621169571106e+01
-1.721178257469266626e+01
-1.734278962028160009e+01
-1.720513107177178469e+01
-1.719790511233361840e+01
-1.730396785088895939e+01
-1.727629595427882947e+01
-1.721927217607531446e+01
-1.712179546417898734e+01
-1.716514825459435301e+01
-1.710215791057841983e+01
-1.710697641295324445e+01
-1.714564524754653974e+01
-1.706883401922046772e+01
-1.711699721249073747e+01
-1.698281637369098362e+01
-1.697453424975842040e+01
-1.695563839976254172e+01
-1.692970636451159905e+01
-1.695177548847889781e+01
-1.690496808295112174e+01
-1.681658551779041488e+01
-1.675255074732017846e+01
-1.671293428621741128e+01
-1.673458621738395280e+01
-1.679190201476847477e+01
-1.681374313480869276e+01
-1.677657549348432653e+01
-1.685189882709788733e+01
-1.686129011895572916e+01
-1.681371696986613884e+01
-1.677230697777715918e+01
-1.684993911580270520e+01
-1.685270106495756437e+01
-1.681344577332175660e+01
-1.677488065736426393e+01
-1.675486750626758692e+01
-1.676154404826203503e+01
-1.668222328340679894e+01
-1.665595114165653001e+01
-1.667720524121768477e+01
-1.659693147032935556e+01
-1.665276981442293902e+01
-1.666133254272030584e+01
-1.658556636864119938e+01
-1.662479701722443792e+01
-1.655080440381240336e+01
-1.652334642044276336e+01
-1.658339925713647389e+01
-1.666839564143410257e+01
-1.658803745755307801e+01
-1.656261753808485437e+01
-1.654088531532065431e+01
-1.654248304453513896e+01
-1.655355263642517016e+01
-1.657684718032947302e+01
-1.656320738671621484e+01
-1.657007186893972772e+01
-1.657598333066426832e+01
-1.657770949568808305e+01
-1.652885313473889539e+01
-1.659093392632725994e+01
-1.647856856085569177e+01
-1.651798466826770806e+01
-1.651566820459709817e+01
-1.661809161458763029e+01
-1.657909820440148252e+01
-1.657899143152649657e+01
-1.654784890654475049e+01
-1.657389326802558216e+01
-1.658582452774673399e+01
-1.663643256334565734e+01
-1.661723620067982310e+01
-1.667927778883484535e+01
-1.677818916712266883e+01
-1.665116476332061168e+01
-1.662638482823639308e+01
-1.659053286626042123e+01
-1.663008508490455029e+01
-1.658454699574413738e+01
-1.660894797728302663e+01
-1.652334362269583323e+01
-1.653124978667202782e+01
-1.658712249988868948e+01
-1.654628744270599938e+01
-1.667146304705369175e+01
-1.659853494375285621e+01
-1.658522616785605663e+01
-1.665480022924037939e+01
-1.665436414418071109e+01
-1.665776172756436679e+01
-1.665651245822397897e+01
-1.668600314622303671e+01
-1.665154512879376725e+01
-1.664601887245450129e+01
-1.661124040672838120e+01
-1.660461039013750906e+01
-1.665536319180704794e+01
-1.666724319396642429e+01
-1.656800562439225288e+01
-1.651927146431289728e+01
-1.656514414144940517e+01
-1.647285359962625506e+01
-1.661129936386905470e+01
-1.660911617935040852e+01
-1.652684375296595221e+01
-1.649706772411435551e+01
-1.649530533410679212e+01
-1.639506642943807790e+01
-1.642372140642774880e+01
-1.643353884684723099e+01
-1.636545638596021135e+01
-1.638866688781406111e+01
-1.641330976151577659e+01
-1.642322093335647892e+01
-1.637078628896402321e+01
-1.642904748678921578e+01
-1.641662589132624461e+01
-1.637307682257896246e+01
-1.636694843677735989e+01
-1.637719342465227612e+01
-1.638833628047223812e+01
-1.641798493269342174e+01
-1.642048123603098375e+01
-1.640109666170384983e+01
-1.643460128075086857e+01
-1.641879975941228409e+01
-1.650076696346261684e+01
-1.645057515988939656e+01
-1.642901083959673159e+01
-1.646839835386681372e+01
-1.646102456837757089e+01
-1.651772670592414727e+01
-1.644906475945225921e+01
-1.651419764276909419e+01
-1.645848599358651043e+01
-1.635869876439599224e+01
-1.640283465580776223e+01
-1.648464118038682358e+01
-1.649425500076682027e+01
-1.648419114749841441e+01
-1.653099309919767279e+01
-1.649767037483864485e+01
-1.650946459942012012e+01
-1.669165199853154391e+01
-1.677210424474570871e+01
-1.662419244041117850e+01
-1.660749465810721759e+01
-1.660834872819683738e+01
-1.653368809866869782e+01
-1.657771674333313783e+01
-1.660799338991377283e+01
-1.661165061878037363e+01
-1.670838486522537281e+01
-1.663299774167824197e+01
-1.659579476673798482e+01
-1.654025572963620050e+01
-1.664836548331055255e+01
-1.662048113494033785e+01
-1.673778143398023843e+01
-1.660732049164699475e+01
-1.675178702834022459e+01
-1.668651657981715530e+01
-1.673797839985862268e+01
-1.664748102458393930e+01
-1.652772862040856694e+01
-1.657442591007656318e+01
-1.660378211399205028e+01
-1.658303402877497135e+01
-1.659149848540263505e+01
-1.649074238225613342e+01
-1.652885607814204860e+01
-1.647535807799733476e+01
-1.647249633333062491e+01
-1.651518312029006808e+01
-1.671014549780639769e+01
-1.671585802974195545e+01
-1.670026371521770869e+01
-1.663027756484599351e+01
-1.652497295229796137e+01
-1.645897411974269886e+01
-1.653848516232705990e+01
-1.642364959450902262e+01
-1.645937884197707035e+01
-1.644823025525618476e+01
-1.650546598813629728e+01
-1.647285294416912294e+01
-1.643976889349988468e+01
-1.643260228688733093e+01
-1.652368535430876761e+01
-1.646945850399979250e+01
-1.638058987805445810e+01
-1.643520276762268040e+01
-1.643421374744714925e+01
-1.644356618934888914e+01
-1.638724857947156011e+01
-1.637601849184792613e+01
-1.639796786809899132e+01
-1.639607107938624964e+01
-1.637699414189186697e+01
-1.638834157559072580e+01
-1.633065551372783730e+01
-1.634458374741743114e+01
-1.630225464963999471e+01
-1.633624225850258327e+01
-1.629653349827226450e+01
-1.629868734304909594e+01
-1.631538107870187559e+01
-1.633107407226401619e+01
-1.634440646742904235e+01
-1.631940490483974671e+01
-1.627332286524115190e+01
-1.627092252461159205e+01
-1.629793646691662445e+01
-1.623768921105836327e+01
-1.621666896314175332e+01
-1.622634088601336444e+01
-1.621186210103241265e+01
-1.628607253619565043e+01
-1.621903619882688119e+01
-1.614838341217088669e+01
-1.622480951975761698e+01
-1.623168157770085429e+01
-1.621022101688513928e+01
-1.616965796075690776e+01
-1.613814910814905446e+01
-1.613142500542840097e+01
-1.619146129490700758e+01
-1.612211423499208962e+01
-1.610782863506005569e+01
-1.608631111935497415e+01
-1.613642263954038114e+01
-1.612192555762298340e+01
-1.614386915910677089e+01
-1.613712633043117961e+01
-1.617871573347311553e+01
-1.620310195338068482e+01
-1.618532470433897785e+01
-1.616003298969857127e+01
-1.609973427634339060e+01
-1.615712368431578838e+01
-1.608128444547193325e+01
-1.609654440385236285e+01
-1.620212180769933497e+01
-1.622924900502128409e+01
-1.624803680200411549e+01
-1.618067083939759598e+01
-1.621467845970580512e+01
-1.617563505161900395e+01
-1.612791638995657451e+01
-1.607468661110759101e+01
-1.607184708484045998e+01
-1.614153047802200902e+01
-1.608095419564395456e+01
-1.609861796317306926e+01
-1.613569428445325471e+01
-1.609933766696643787e+01
-1.609132545065533648e+01
-1.605783723540777430e+01
-1.612371151399954528e+01
-1.607848533977180949e+01
-1.601701627260526450e+01
-1.600908203491558623e+01
-1.602082332746486770e+01
-1.606795205866549026e+01
-1.609431567300716637e+01
-1.610448308216703595e+01
-1.608480199198003646e+01
-1.606095949761840558e+01
-1.610659728054094586e+01
-1.608065737817631913e+01
-1.607584159128824197e+01
-1.608127761331238759e+01
-1.605413493260904190e+01
-1.615391127042652286e+01
-1.613807446870846007e+01
-1.624194243886137912e+01
-1.627572605073191880e+01
-1.622943092375507135e+01
-1.625612643781021660e+01
-1.622627668787583843e+01
-1.631341163916517445e+01
-1.631251250426528898e+01
-1.628553310874351112e+01
-1.623026233109486327e+01
-1.621272205637074393e+01
-1.619569292722828635e+01
-1.626087031540696159e+01
-1.625798734342943064e+01
-1.622645810720316462e+01
-1.626156099128232668e+01
-1.627749272882330445e+01
-1.627727027552564465e+01
-1.626918537364187500e+01
-1.635318353733958929e+01
-1.629962442193023264e+01
-1.629358902212416282e+01
-1.634409399428612630e+01
-1.628696532739014202e+01
-1.621707109084614018e+01
-1.625792201866016384e+01
-1.626240280243964165e+01
-1.633609420675826485e+01
-1.627656703967130269e+01
-1.627931572241438474e+01
-1.619817557423637311e+01
-1.620706644073696268e+01
-1.612091979384310036e+01
-1.613020260266954864e+01
-1.615368090756344799e+01
-1.613950587292220007e+01
-1.605315275521887841e+01
-1.603852066316525793e+01
-1.603992471382127860e+01
-1.613240689978924536e+01
-1.617851038779857120e+01
-1.613327686548607431e+01
-1.612476204110470945e+01
-1.621025229583914040e+01
-1.615066652960889826e+01
-1.614898926556215386e+01
-1.616236433684612095e+01
-1.619536589374878233e+01
-1.620109137524384835e+01
-1.618888914222056741e+01
-1.615927894536037712e+01
-1.613811003851107984e+01
-1.611087565671155275e+01
-1.610863594611195637e+01
-1.612012114723316003e+01
-1.625156067446052788e+01
-1.625143511739464230e+01
-1.625865898164668977e+01
-1.625137096537386938e+01
-1.618632038134097328e+01
-1.612429633706657128e+01
-1.614409293786993160e+01
-1.613819869674846075e+01
-1.613181843230664114e+01
-1.611468147935861239e+01
-1.604948269211083556e+01
-1.600748000194432663e+01
-1.597845162777201722e+01
-1.596432278172730790e+01
-1.597953172876958128e+01
-1.598770744707555558e+01
-1.599786534308829644e+01
-1.598298914488294287e+01
-1.598151035649689256e+01
-1.597331606757437505e+01
-1.595311785218583189e+01
-1.591635118929128900e+01
-1.594156353643117718e+01
-1.593710533133399565e+01
-1.592766862898476887e+01
-1.593924234149249486e+01
-1.593633407155900983e+01
-1.593860744464748969e+01
-1.593897965266396533e+01
-1.600542556195231114e+01
-1.608583368156694249e+01
-1.608313148550891825e+01
-1.608319814019522909e+01
-1.608156394177835224e+01
-1.608745794809307839e+01
-1.605669821010517495e+01
-1.606747855934951374e+01
-1.607150181031589398e+01
-1.605852247260988364e+01
-1.605434311398629532e+01
-1.608394672895197175e+01
-1.613492953039409983e+01
-1.614541338055849096e+01
-1.613528890850111708e+01
-1.616865754476836159e+01
-1.616200124077655076e+01
-1.619912726106190348e+01
-1.620522310556223999e+01
-1.618760627383139550e+01
-1.620660284212670987e+01
-1.622839370090775546e+01
-1.621143188063362217e+01
-1.621817909815235126e+01
-1.622729936604153167e+01
-1.620524963575261879e+01
-1.607770883824137798e+01
-1.611382381557173815e+01
-1.604847212333070416e+01
-1.608336354607723351e+01
-1.602961430670823262e+01
-1.607087303404452783e+01
-1.605424253413318780e+01
-1.602278655131312490e+01
-1.599433192089391120e+01
-1.601957118341613295e+01
-1.598864434874396423e+01
-1.595871434419991530e+01
-1.597709167875771463e+01
-1.599581964983188698e+01
-1.605626623179158585e+01
-1.605516326380903536e+01
-1.603682952039500265e+01
-1.610672023540816511e+01
-1.611058866913644039e+01
-1.605913244442275101e+01
-1.612691674129045083e+01
-1.612634086659646826e+01
-1.610777134594927062e+01
-1.611240514358859954e+01
-1.613777224132277865e+01
-1.616195079840154847e+01
-1.615969116545098672e+01
-1.617445768662121353e+01
-1.615213739177071162e+01
-1.612923297523322219e+01
-1.612979422007635577e+01
-1.613295678784521314e+01
-1.616453181202542311e+01
-1.622879463046219328e+01
-1.622613327785099813e+01
-1.623930723688242495e+01
-1.623419736579222672e+01
-1.621133407077317656e+01
-1.619330420990704411e+01
-1.618476111273054840e+01
-1.620380177821069267e+01
-1.608592048584774759e+01
-1.612200468150766142e+01
-1.607137909077451354e+01
-1.606713311311163750e+01
-1.610926594281350077e+01
-1.612760032173670766e+01
-1.601905974171912561e+01
-1.603069512187757439e+01
-1.610504439076392913e+01
-1.604116382130386853e+01
-1.615115900718105379e+01
-1.616642985054645010e+01
-1.617129249153527581e+01
-1.608657655251588636e+01
-1.609697855852159520e+01
-1.597401243068310883e+01
-1.596356559994406155e+01
-1.593640276892414143e+01
-1.595921972979210324e+01
-1.590413515397805178e+01
-1.589641674353375222e+01
-1.601813666470157216e+01
-1.599060501591179673e+01
-1.598632549499203215e+01
-1.600794199406816176e+01
-1.601009564153397235e+01
-1.596060776168854822e+01
-1.592189534041553323e+01
-1.591371827331353472e+01
-1.593355743816917247e+01
-1.589588195932437564e+01
-1.589243425292253065e+01
-1.588189281406933162e+01
-1.591409236548241601e+01
-1.595946877052237767e+01
-1.595709691658242591e+01
-1.588990030770148465e+01
-1.580128427808251779e+01
-1.581596605281319867e+01
-1.592307878798454190e+01
-1.588166008063847912e+01
-1.589416178463124218e+01
-1.581291282155105371e+01
