# 2*np.log[MAD(r)] for 100 flights; 1000 steps per flight; run 17 of 50; mu: 3.00; seed: 16
-2.544415078462800750e+01
-2.325950307732878031e+01
-2.293852075047594496e+01
-2.242284239087228315e+01
-2.242688855012820426e+01
-2.145394685352603048e+01
-2.117047179875964957e+01
-2.140972571920199385e+01
-2.123234833263994403e+01
-2.144581451847879094e+01
-2.143990427499648987e+01
-2.111522527441834995e+01
-2.101868629813394307e+01
-2.100258891186580001e+01
-2.101478297328533174e+01
-2.104237731330613670e+01
-2.082284998079605032e+01
-2.096414423864630194e+01
-2.064430612737117698e+01
-2.060935474041857063e+01
-2.045355252221404285e+01
-2.070117630198822312e+01
-2.043742956961811075e+01
-2.056557463737269487e+01
-2.052847932682377774e+01
-2.027531620794738032e+01
-1.995591867722548329e+01
-1.996159176071973818e+01
-1.981019547469133357e+01
-1.995333255727475574e+01
-1.978591718316110004e+01
-1.969212934648011171e+01
-1.989778056846202148e+01
-1.969767642195777668e+01
-1.973035189357861086e+01
-1.969644060566613675e+01
-1.969582356748092877e+01
-1.976529600350853855e+01
-1.943340039897552529e+01
-1.930873473038672827e+01
-1.941605256992122719e+01
-1.955406733789797613e+01
-1.948409307625523468e+01
-1.945594541315359649e+01
-1.953494955428939051e+01
-1.931246457926941318e+01
-1.922921118985627942e+01
-1.927044439620929239e+01
-1.939396613781913459e+01
-1.943003931041464938e+01
-1.921554179781173488e+01
-1.939181384938490638e+01
-1.928822944349521151e+01
-1.934776099836639673e+01
-1.927219432359728302e+01
-1.929844674580417774e+01
-1.932642172302589145e+01
-1.919347143722029614e+01
-1.914799718294464981e+01
-1.902184927693714656e+01
-1.908723030199923798e+01
-1.910852384622939937e+01
-1.913127100397817415e+01
-1.907443357938599604e+01
-1.893741907029814087e+01
-1.915085028048662963e+01
-1.911703345883112348e+01
-1.885789020443641917e+01
-1.887576151622335630e+01
-1.896585291923378236e+01
-1.892634803374182439e+01
-1.907911786868659121e+01
-1.893469042617784837e+01
-1.914433460906247930e+01
-1.914086131530209656e+01
-1.891259516779084393e+01
-1.881739361756243412e+01
-1.872033908850859873e+01
-1.886777565860622374e+01
-1.887300869987464225e+01
-1.879436998609484277e+01
-1.892026387165946844e+01
-1.861588820145255241e+01
-1.863338002977425845e+01
-1.855306810946731488e+01
-1.861974814910099596e+01
-1.861062824659774506e+01
-1.864279987378990100e+01
-1.866435876453510545e+01
-1.868724829433059043e+01
-1.872477421370755124e+01
-1.868003465923662532e+01
-1.885107220783197235e+01
-1.860906409998993283e+01
-1.873891486564733810e+01
-1.872664605108068514e+01
-1.871948551307342612e+01
-1.861400122814317371e+01
-1.857839774496966001e+01
-1.857182037926556006e+01
-1.861109097348920827e+01
-1.844825368062379312e+01
-1.830272974658965524e+01
-1.823835273203104279e+01
-1.833018575588739196e+01
-1.835315894645555446e+01
-1.836113572877129485e+01
-1.855325660503388008e+01
-1.868363267316377474e+01
-1.857782675693149699e+01
-1.844297009034803736e+01
-1.835169731548934280e+01
-1.831814335180315112e+01
-1.836846913385279478e+01
-1.821692929312224152e+01
-1.817585272756845072e+01
-1.822920937967693433e+01
-1.808467820137832760e+01
-1.810090099138196251e+01
-1.809371552973371777e+01
-1.800482317533659682e+01
-1.804145631652108506e+01
-1.794502626026794445e+01
-1.803145693159568452e+01
-1.795057284494364680e+01
-1.785961911528541535e+01
-1.791293508669458490e+01
-1.801913712082279773e+01
-1.789846054597762048e+01
-1.813018728240118804e+01
-1.817516433640470908e+01
-1.817474713287939281e+01
-1.814927523316378455e+01
-1.800822179136352830e+01
-1.803691469381676882e+01
-1.803286395865595182e+01
-1.787124207879190863e+01
-1.802832971816844676e+01
-1.810848661800751103e+01
-1.811726479417180613e+01
-1.793323976206987780e+01
-1.802225748341848544e+01
-1.799686979878902093e+01
-1.796659889588228154e+01
-1.801629639033350472e+01
-1.777688370299600251e+01
-1.779603492456265457e+01
-1.782599307182744042e+01
-1.794429500600728389e+01
-1.789910710596522136e+01
-1.792331064165690435e+01
-1.792899805725020101e+01
-1.790564074079168577e+01
-1.787602783467364276e+01
-1.781285076842153714e+01
-1.798236793933257260e+01
-1.795994141656111509e+01
-1.790434685691753103e+01
-1.785992768443681555e+01
-1.794119681723824300e+01
-1.791592104141016506e+01
-1.780412404648254210e+01
-1.789292196783452127e+01
-1.782326598227463421e+01
-1.784184487772017036e+01
-1.776414664091850071e+01
-1.764731983551993366e+01
-1.774004251908569785e+01
-1.781121175832468850e+01
-1.784241146432749758e+01
-1.780522921202167197e+01
-1.778081759256469496e+01
-1.790103679206850273e+01
-1.789473959009502835e+01
-1.791094749944695153e+01
-1.783884087012257424e+01
-1.790896719688664618e+01
-1.776344683181590511e+01
-1.791121590497564142e+01
-1.790049458806331373e+01
-1.798347110893389100e+01
-1.793526560502590428e+01
-1.794911547299512833e+01
-1.806004574160242271e+01
-1.806793578586196958e+01
-1.806320455062542507e+01
-1.821027815204614697e+01
-1.821674357282233458e+01
-1.827595985968295267e+01
-1.818011542427668559e+01
-1.823284383151158394e+01
-1.822036641977812010e+01
-1.804062643109971020e+01
-1.801127815150303491e+01
-1.803696514621354297e+01
-1.811343581251876600e+01
-1.809693494415193982e+01
-1.811780370763914760e+01
-1.814359158203692246e+01
-1.821947892185472639e+01
-1.817761998918307143e+01
-1.809996588119391348e+01
-1.811917751178688718e+01
-1.804973015102271816e+01
-1.817064276634803477e+01
-1.811401165513383660e+01
-1.809896386054535000e+01
-1.809464652144102459e+01
-1.802500481066261173e+01
-1.790056839530418387e+01
-1.798163766578045752e+01
-1.790982764762348722e+01
-1.776326754390940366e+01
-1.778983672496862312e+01
-1.775352234640472560e+01
-1.770823965506534492e+01
-1.741261215682190056e+01
-1.762719670695781105e+01
-1.743545255361391355e+01
-1.748714434596350742e+01
-1.752450988775241925e+01
-1.757901409002997184e+01
-1.776685004987646366e+01
-1.769249495378627302e+01
-1.766226543125510418e+01
-1.776168354440563846e+01
-1.758709751061604720e+01
-1.759996505309338488e+01
-1.762014989716784186e+01
-1.748845153403479102e+01
-1.762604220714977643e+01
-1.752159147007755635e+01
-1.754420911377226844e+01
-1.744596244642876215e+01
-1.737636747685510485e+01
-1.740193611918159178e+01
-1.738099878914674434e+01
-1.740330792492254020e+01
-1.740286303646897892e+01
-1.746608714958098219e+01
-1.746219390772089497e+01
-1.753643559247610284e+01
-1.754870526571618683e+01
-1.751695722988312554e+01
-1.743964445701866950e+01
-1.738947575489045150e+01
-1.743871003158313826e+01
-1.758414866889703987e+01
-1.755291493349945853e+01
-1.745377070319620572e+01
-1.748415412281888948e+01
-1.747323099399509161e+01
-1.735316349780476486e+01
-1.732430689074604402e+01
-1.757673605696834329e+01
-1.766030254777308528e+01
-1.737251534763798944e+01
-1.723622374619174735e+01
-1.733252083395508336e+01
-1.727952366838309572e+01
-1.734524583060218106e+01
-1.738507905368041406e+01
-1.734977841977284285e+01
-1.751142363086318454e+01
-1.736310867948056114e+01
-1.735405077020842057e+01
-1.739183795217439155e+01
-1.737823041885482667e+01
-1.727076366536034158e+01
-1.731368067886874584e+01
-1.735775161995636395e+01
-1.735294977150901019e+01
-1.724544713357777326e+01
-1.724229796929902392e+01
-1.729282240923245340e+01
-1.724524423410308671e+01
-1.732205712100379458e+01
-1.727250573307814463e+01
-1.734147263969981267e+01
-1.743597192037518084e+01
-1.736597346413515908e+01
-1.735191178517915489e+01
-1.739520584983248597e+01
-1.738933584721437242e+01
-1.745511487859491950e+01
-1.751049475684801138e+01
-1.744957723443878450e+01
-1.747126969305529443e+01
-1.757209984687443338e+01
-1.759532240946938231e+01
-1.759381168718966393e+01
-1.757758306848819174e+01
-1.765316179147852438e+01
-1.768317018718012434e+01
-1.769678334782257068e+01
-1.776353866125560543e+01
-1.780592757950508798e+01
-1.777438134200699693e+01
-1.775011021625072516e+01
-1.780722701435038147e+01
-1.792117786207480279e+01
-1.801103211079357536e+01
-1.806877505319738830e+01
-1.807110593318879310e+01
-1.792270095539169006e+01
-1.771873975640013299e+01
-1.775091694613041327e+01
-1.784193085010870661e+01
-1.804655301464062944e+01
-1.791090211444385716e+01
-1.803495246060941071e+01
-1.790796023813507176e+01
-1.796141361990056140e+01
-1.792653080613331085e+01
-1.771267777299755863e+01
-1.786302029825115767e+01
-1.776246260456305137e+01
-1.774064012816720037e+01
-1.772976671742894439e+01
-1.784684983963418148e+01
-1.795858265914417373e+01
-1.787565038298119546e+01
-1.792976504060423437e+01
-1.765216126714088674e+01
-1.768045675768951241e+01
-1.763994517736121281e+01
-1.771812868291227971e+01
-1.762553485389950580e+01
-1.763671416992912810e+01
-1.748614423060273992e+01
-1.747614035237515395e+01
-1.739481938347365997e+01
-1.739613616005155095e+01
-1.737688188522817612e+01
-1.750042608173065162e+01
-1.759914771844579917e+01
-1.763100506023591763e+01
-1.771210814219549334e+01
-1.760684727164516161e+01
-1.763217344265790132e+01
-1.766599063471940312e+01
-1.752647728196181731e+01
-1.754821219406971977e+01
-1.751649796478617560e+01
-1.762220139208042724e+01
-1.758159912464774521e+01
-1.759446008689794283e+01
-1.759166247270439243e+01
-1.751292671107056620e+01
-1.747021328348794711e+01
-1.740775939119429694e+01
-1.754358859217317601e+01
-1.754810651415439082e+01
-1.744117430157018944e+01
-1.743228177338704299e+01
-1.745560932095619933e+01
-1.743735424461042527e+01
-1.743809173878156926e+01
-1.756407531181069714e+01
-1.753858128752638734e+01
-1.751816559227424008e+01
-1.752611571416455050e+01
-1.745129164291774515e+01
-1.747090993539566384e+01
-1.743525167183462443e+01
-1.735430391823566509e+01
-1.727245214898410453e+01
-1.722182617350653189e+01
-1.723197266209065148e+01
-1.726715846178683833e+01
-1.716430588940670532e+01
-1.713220533280317071e+01
-1.715880157091466174e+01
-1.714737238614981507e+01
-1.719740345745138299e+01
-1.719893530052423714e+01
-1.711730055401289974e+01
-1.708171438825661426e+01
-1.707705929464372119e+01
-1.716178173299330112e+01
-1.709899882108550173e+01
-1.713455878028589296e+01
-1.716022807051308519e+01
-1.716849466051284523e+01
-1.724267102236826332e+01
-1.720132652278011065e+01
-1.724158722127830856e+01
-1.725302520073671886e+01
-1.723142219325067970e+01
-1.728516744208687328e+01
-1.732728566206757748e+01
-1.729998618534678556e+01
-1.728831354521066288e+01
-1.729545974327685798e+01
-1.712510385661329693e+01
-1.716165416327163129e+01
-1.716852585916458551e+01
-1.698049361393959700e+01
-1.706592688854169992e+01
-1.714319029121735483e+01
-1.714573324020714296e+01
-1.720260404467762783e+01
-1.716729110236512312e+01
-1.726564262814724060e+01
-1.725797090543254342e+01
-1.712928731205078492e+01
-1.703627345376545321e+01
-1.696305359676317437e+01
-1.700432514992590072e+01
-1.700392320880540353e+01
-1.702351795367456688e+01
-1.722090385113104460e+01
-1.702130592374575713e+01
-1.709979899863096620e+01
-1.703614091741948400e+01
-1.711413568859429901e+01
-1.715207018527070915e+01
-1.717140659985930640e+01
-1.702029849473206369e+01
-1.695324412762964883e+01
-1.689797521961125071e+01
-1.701658076613183468e+01
-1.700125071794738219e+01
-1.695463994850509692e+01
-1.707183393784884018e+01
-1.706350320376644802e+01
-1.702423001161341531e+01
-1.706417738013436036e+01
-1.719942448605577923e+01
-1.711956951414817141e+01
-1.724084873833412956e+01
-1.724513628749615535e+01
-1.716071241373572320e+01
-1.711687946080798284e+01
-1.720658662582972553e+01
-1.717592387409243671e+01
-1.715027857234112574e+01
-1.717732346033674062e+01
-1.714396787440312053e+01
-1.702158650469439749e+01
-1.713412880054723786e+01
-1.703661461444564296e+01
-1.712553733779092724e+01
-1.703091575343529485e+01
-1.699551009616929065e+01
-1.694815713611579255e+01
-1.684442885427425551e+01
-1.680210945622602026e+01
-1.684862125454932880e+01
-1.678639322281289736e+01
-1.674690719854162069e+01
-1.677390818649983473e+01
-1.695758740783424301e+01
-1.692838502035975523e+01
-1.674840640117010793e+01
-1.674250417003684177e+01
-1.672956284700844520e+01
-1.679132676967748594e+01
-1.667766732333749147e+01
-1.668712110270124427e+01
-1.663649849984552276e+01
-1.666413051434818371e+01
-1.669424649897517199e+01
-1.652130646623033527e+01
-1.655841623831897991e+01
-1.649520585391613636e+01
-1.664749879325129456e+01
-1.659240389828266160e+01
-1.675571009283565260e+01
-1.668743373165602151e+01
-1.664602378902543833e+01
-1.669264829866493471e+01
-1.669558790416751393e+01
-1.672963487511172787e+01
-1.661916494492375307e+01
-1.672696002841366791e+01
-1.671295948326917369e+01
-1.678501886671454102e+01
-1.676930047308655247e+01
-1.667820123549996580e+01
-1.667559404224508768e+01
-1.670856349377555006e+01
-1.677809317383270127e+01
-1.678556681856184696e+01
-1.665391915297979253e+01
-1.660607455626083961e+01
-1.672459079075531108e+01
-1.658640795594158490e+01
-1.648881989146166305e+01
-1.658453001890141110e+01
-1.659126740519289456e+01
-1.650488483445033339e+01
-1.660090304752150558e+01
-1.652982868478868284e+01
-1.668887992343836402e+01
-1.669417774625553008e+01
-1.671667323838860852e+01
-1.671775588297122894e+01
-1.677500467173416254e+01
-1.658436969343058465e+01
-1.655502868118479043e+01
-1.665251919675205627e+01
-1.659554152599698185e+01
-1.659505764775080294e+01
-1.660138564063587907e+01
-1.656386715642559793e+01
-1.660391593941861998e+01
-1.657401135974460260e+01
-1.660888917219655880e+01
-1.648844180697660988e+01
-1.651324951680823006e+01
-1.636958384320361048e+01
-1.646226432792781935e+01
-1.643919977481270678e+01
-1.644059983981824757e+01
-1.641796231794361915e+01
-1.645946067236077326e+01
-1.661074180366390962e+01
-1.651873948805290837e+01
-1.652524761674647635e+01
-1.648885656514193343e+01
-1.646733882032932073e+01
-1.650698163531798457e+01
-1.651787162288513855e+01
-1.655079377099139393e+01
-1.655275331006154715e+01
-1.650867087392368049e+01
-1.647654194014615570e+01
-1.647475984149842532e+01
-1.647447475571411601e+01
-1.650149032537883187e+01
-1.647792226230155421e+01
-1.646839934578163067e+01
-1.654144473408139149e+01
-1.658482441273037011e+01
-1.659068033484886229e+01
-1.643917588360064386e+01
-1.650206410254506650e+01
-1.650293796432477578e+01
-1.651546183904211063e+01
-1.657685618343749212e+01
-1.659773987460897260e+01
-1.659247134315594963e+01
-1.660428506608710109e+01
-1.651876809936664969e+01
-1.656122532390132207e+01
-1.659954617063473137e+01
-1.665634493332203903e+01
-1.660145529940691134e+01
-1.661374148833170139e+01
-1.664719384763545307e+01
-1.667338016961496194e+01
-1.668638448281871334e+01
-1.667471710008857144e+01
-1.675036580440375644e+01
-1.672167778531839843e+01
-1.668018478903486113e+01
-1.673450370004163190e+01
-1.672630351449426556e+01
-1.665067604330669582e+01
-1.673699733518367694e+01
-1.680227238947313140e+01
-1.680966689697075722e+01
-1.676502241546768701e+01
-1.672458723451044804e+01
-1.667072294772594176e+01
-1.665526603985647114e+01
-1.662876637743789132e+01
-1.664916116874405816e+01
-1.660244121457368394e+01
-1.655675398184163782e+01
-1.657543564787669155e+01
-1.660124150724420033e+01
-1.669622382417811579e+01
-1.665993935020546957e+01
-1.664988027647872570e+01
-1.667141975680243249e+01
-1.671273043236466904e+01
-1.683733006943224098e+01
-1.677205248480148470e+01
-1.684080602693520845e+01
-1.689552596534213436e+01
-1.687705513421876447e+01
-1.685000886540511544e+01
-1.670997888184684044e+01
-1.673553610096736932e+01
-1.680925663444557827e+01
-1.676246620596032599e+01
-1.673452106071967549e+01
-1.656201149237827863e+01
-1.659638179892672838e+01
-1.659851351506321393e+01
-1.665591695578124742e+01
-1.659729768841443587e+01
-1.657669643292201300e+01
-1.656764672330763588e+01
-1.662118858419044898e+01
-1.661999185097513276e+01
-1.648118768279354995e+01
-1.665139134411990085e+01
-1.654335864826162350e+01
-1.651337064633005980e+01
-1.650632917974956015e+01
-1.649177399173943215e+01
-1.655754740525118507e+01
-1.652622431365491806e+01
-1.657870509638573608e+01
-1.646872736764202827e+01
-1.659584201090611444e+01
-1.655885992944000762e+01
-1.648104911290392138e+01
-1.656881755754109520e+01
-1.659228402751479692e+01
-1.648987243056460272e+01
-1.647801671084196329e+01
-1.650735802803406571e+01
-1.656410947422981650e+01
-1.654314435612602807e+01
-1.663756011959115000e+01
-1.658660001494027370e+01
-1.658826771577589554e+01
-1.656562253858412959e+01
-1.665267442429585643e+01
-1.662278221967144276e+01
-1.663004466551017657e+01
-1.657726792153433237e+01
-1.656234742018031270e+01
-1.653628509585172424e+01
-1.643776405347733416e+01
-1.642671762523658785e+01
-1.645794038111655055e+01
-1.648713971950892798e+01
-1.642790368314010152e+01
-1.646197484372043007e+01
-1.644119898160222704e+01
-1.647806213700598121e+01
-1.647635072812441948e+01
-1.643386690221377577e+01
-1.647546084087534979e+01
-1.640416283007431630e+01
-1.634336549679593276e+01
-1.635591746912179190e+01
-1.634929160518140989e+01
-1.625376364952828823e+01
-1.628464161634294882e+01
-1.629014294196647583e+01
-1.631010707576018604e+01
-1.625271503616826507e+01
-1.628935271076977287e+01
-1.635152079274156378e+01
-1.640411230645403151e+01
-1.638522525232087901e+01
-1.633643008392309781e+01
-1.640461137048270146e+01
-1.638210812709317921e+01
-1.636486730191193217e+01
-1.637050258072527598e+01
-1.639266063904343440e+01
-1.646449808006561000e+01
-1.642686527264604379e+01
-1.649844749854403503e+01
-1.647851993372848867e+01
-1.648183779256400072e+01
-1.652210804776297692e+01
-1.636066802359170680e+01
-1.642923672764385046e+01
-1.640705169099324934e+01
-1.654613590519861077e+01
-1.650645208105362727e+01
-1.654827703265786454e+01
-1.658440921669549439e+01
-1.655610657498463212e+01
-1.658635047166522014e+01
-1.658598154015453119e+01
-1.657971864956423502e+01
-1.647351340714323698e+01
-1.649361470813198949e+01
-1.641240773526593344e+01
-1.640825697489771784e+01
-1.642885085953782465e+01
-1.651641826706861238e+01
-1.648894422834568374e+01
-1.657818376752615208e+01
-1.653875408042357975e+01
-1.650546888298592307e+01
-1.647092170243774945e+01
-1.643961687187786325e+01
-1.639844668577907427e+01
-1.636946811755052877e+01
-1.629120830487655169e+01
-1.629391355646100692e+01
-1.635861458310463590e+01
-1.627554337761100456e+01
-1.634067267940202939e+01
-1.629444397269794820e+01
-1.632406947442966327e+01
-1.637616427033904642e+01
-1.643618687413201229e+01
-1.642748964956876989e+01
-1.639353237003567898e+01
-1.653999333653270298e+01
-1.647619142626637867e+01
-1.640138283489957161e+01
-1.645687963909577434e+01
-1.648837694089241523e+01
-1.641011257900785836e+01
-1.638919969172916069e+01
-1.638817569161618692e+01
-1.640726796606409366e+01
-1.643522799880584273e+01
-1.639728697168667182e+01
-1.643327431723302468e+01
-1.636654816044667271e+01
-1.640119906037894992e+01
-1.641023534616653379e+01
-1.640527554018678558e+01
-1.637993146203681860e+01
-1.635448098804071648e+01
-1.636744701959611348e+01
-1.643231969379127833e+01
-1.636714397155380496e+01
-1.641312604572607015e+01
-1.646693229241021328e+01
-1.644678446675559158e+01
-1.642805701842996413e+01
-1.641862254685438316e+01
-1.642423237464079833e+01
-1.632363736379235775e+01
-1.628815829717715147e+01
-1.629755569185486763e+01
-1.626127231080732471e+01
-1.616469521559697498e+01
-1.619972117284498836e+01
-1.617619888486510149e+01
-1.619498504638936609e+01
-1.624669870127076976e+01
-1.636105530149711740e+01
-1.624996567110568790e+01
-1.619611804827607315e+01
-1.625523974240784142e+01
-1.631360582120398561e+01
-1.621603017959593984e+01
-1.628843821814070125e+01
-1.630381888847741934e+01
-1.628789565540641604e+01
-1.621330123642270848e+01
-1.626800366789471397e+01
-1.622465357476538728e+01
-1.627098444164029445e+01
-1.633572007972957252e+01
-1.628935962377824254e+01
-1.625225142422454638e+01
-1.629837181789235601e+01
-1.609500872022198337e+01
-1.603334415290399662e+01
-1.605462438695909810e+01
-1.613876013874707027e+01
-1.612758169854472712e+01
-1.609515825574476011e+01
-1.607190643762648463e+01
-1.609683362379223581e+01
-1.611075822018637282e+01
-1.598107102902319632e+01
-1.595333614105399000e+01
-1.593598598626983076e+01
-1.601603098571713701e+01
-1.606109570429790523e+01
-1.607995960014219250e+01
-1.604781407784225422e+01
-1.597815067008304268e+01
-1.610026181294843894e+01
-1.601965362111220159e+01
-1.601714011725560383e+01
-1.596811669131700562e+01
-1.612487042872525578e+01
-1.609793383838717773e+01
-1.612839150599091198e+01
-1.620822643490792103e+01
-1.625520216980050847e+01
-1.617036785267617915e+01
-1.612505038975990956e+01
-1.603255395226836200e+01
-1.600601595475475492e+01
-1.603542581470815165e+01
-1.604842317503982940e+01
-1.603630286178798059e+01
-1.604177418335486394e+01
-1.603837325585116247e+01
-1.604832744311186232e+01
-1.603559081881551052e+01
-1.607146220673113035e+01
-1.602959177011070935e+01
-1.601695727946231429e+01
-1.597816493529792226e+01
-1.601695094668106378e+01
-1.604889328670436655e+01
-1.611262957903393911e+01
-1.618777577088395958e+01
-1.612715404911921979e+01
-1.612390758698118276e+01
-1.612134926904495558e+01
-1.600799028477984365e+01
-1.602403041716906529e+01
-1.604187512367880686e+01
-1.601389309298973984e+01
-1.606014632583950430e+01
-1.612009717142058918e+01
-1.612110041157473006e+01
-1.607563290443877690e+01
-1.604792129613097984e+01
-1.594232246064423286e+01
-1.592682750498657995e+01
-1.589591421544833238e+01
-1.591997421442759020e+01
-1.605330141736914484e+01
-1.604904616539205975e+01
-1.606030893422212813e+01
-1.602942155728225870e+01
-1.603628462250955167e+01
-1.611024278597687953e+01
-1.610982769433605100e+01
-1.610671449809023770e+01
-1.612947864857118319e+01
-1.616685902045024648e+01
-1.611991104202850877e+01
-1.624294428147194225e+01
-1.614629485405174236e+01
-1.623430980388247846e+01
-1.620780727111275965e+01
-1.621483320840178166e+01
-1.624073434038674790e+01
-1.626648065297342427e+01
-1.624556715132061058e+01
-1.616596854472155442e+01
-1.615176392554718987e+01
-1.615428738372669670e+01
-1.608131032807762395e+01
-1.607285255420588399e+01
-1.606392642574689233e+01
-1.598437566747920968e+01
-1.599663622736182944e+01
-1.599664607618281309e+01
-1.599014574007641798e+01
-1.597122148828974808e+01
-1.594979116326517676e+01
-1.604695047556449339e+01
-1.592194521876320756e+01
-1.585903069799674192e+01
-1.584889623303454975e+01
-1.586832485927217462e+01
-1.584880308829986362e+01
-1.582926458432032213e+01
-1.581158298498160519e+01
-1.580379448921612706e+01
-1.578662807794076528e+01
-1.586678290284396375e+01
-1.581558997397218747e+01
-1.587018162910655583e+01
-1.586237648761263941e+01
-1.587669105598617669e+01
-1.582021564839794081e+01
-1.584107357381270020e+01
-1.586815868582883660e+01
-1.585439263463010562e+01
-1.576483963237048513e+01
-1.580164040511496459e+01
-1.579151375413708003e+01
-1.580947605953908308e+01
-1.584543451971525663e+01
-1.580411672055970840e+01
-1.590923343925312672e+01
-1.590343703747688409e+01
-1.588464254334125947e+01
-1.599356216969509781e+01
-1.596586051377903459e+01
-1.596600287131298579e+01
-1.594704523534318596e+01
-1.601312536800133657e+01
-1.580570911150911151e+01
-1.584635998492285403e+01
-1.580026651362972068e+01
-1.586806866635667923e+01
-1.582013201888449849e+01
-1.585982291839527392e+01
-1.580701513619947107e+01
-1.587123668142909416e+01
-1.564837398592492157e+01
-1.565714352506904206e+01
-1.562154428764709913e+01
-1.567013346739653556e+01
-1.569174992562344251e+01
-1.566450715561374984e+01
-1.565378125324766856e+01
-1.570554579247596649e+01
-1.567520242085386784e+01
-1.568226745529580413e+01
-1.567863576548436910e+01
-1.567995195841623257e+01
-1.569463343564941482e+01
-1.577903263012663082e+01
-1.580888210219638523e+01
-1.585292028753680782e+01
-1.574760808753481456e+01
-1.573381142309548864e+01
-1.575212126851414141e+01
-1.573037353055704735e+01
-1.574025376767053785e+01
-1.576639911626023860e+01
-1.583268769766161022e+01
-1.575260000075105715e+01
-1.573857333793500679e+01
-1.579421670937042244e+01
-1.583334653764186939e+01
-1.583088402998556354e+01
-1.584589781951680898e+01
-1.588637316777521846e+01
-1.581639207837154260e+01
-1.593872373979876222e+01
-1.594674178079226401e+01
-1.596030926379229165e+01
-1.591423347526802168e+01
-1.592671853166794627e+01
-1.595760412440439069e+01
-1.598438984481541958e+01
-1.596949216275833550e+01
-1.594925693619656570e+01
-1.595104898908327584e+01
-1.600197798917173131e+01
-1.601508232583928049e+01
-1.596657284123377174e+01
-1.600874441015616512e+01
-1.594757645751431774e+01
-1.605145017960617082e+01
-1.608093145510263255e+01
-1.593348598310290321e+01
-1.587376836849604267e+01
-1.584239232055291069e+01
-1.575754258944215636e+01
-1.579560392318633433e+01
-1.581856104027445475e+01
-1.585063846435170554e+01
-1.581210870517054978e+01
-1.575807171007996388e+01
-1.583381662336998374e+01
-1.584580580658529136e+01
-1.585594709256584700e+01
-1.595163415708671728e+01
-1.587311369409420436e+01
-1.594838350503008328e+01
-1.587858359859208690e+01
-1.582282926554826474e+01
-1.583829544304361292e+01
-1.580854117378375534e+01
-1.589212638853343940e+01
-1.591580159508252024e+01
-1.590458258296337846e+01
-1.590025913562396376e+01
-1.591453546941260910e+01
-1.597588476973390925e+01
-1.601960821225129905e+01
-1.609780926118370203e+01
-1.605741585291677254e+01
-1.596309143230634042e+01
-1.586472751087580235e+01
-1.594866724162873517e+01
-1.597645630387665072e+01
-1.598782349126035207e+01
-1.609025194103575629e+01
-1.607328253389277251e+01
-1.608423923489180041e+01
-1.597921102032307594e+01
-1.592418337774086723e+01
-1.589490988554718953e+01
-1.595531251649035909e+01
-1.597856969644656644e+01
-1.590922469719352961e+01
-1.603882258388268767e+01
-1.596201839847732984e+01
-1.596893948769580973e+01
-1.603014604539928456e+01
-1.601296505140100024e+01
-1.599092323919962588e+01
-1.602089106497685833e+01
-1.606027311908926336e+01
-1.600690037160511281e+01
-1.599177276252345159e+01
-1.598143032465918267e+01
-1.602932491380767388e+01
-1.594733260491906535e+01
-1.587598267607170044e+01
-1.585862663456408050e+01
-1.592218095188753679e+01
-1.585987505157906341e+01
-1.574437755710818898e+01
-1.585835571189647197e+01
-1.579166442874906373e+01
-1.584755309422091685e+01
-1.589525770874276311e+01
-1.581541945951576800e+01
-1.582300818668782050e+01
