# 2*np.log[MAD(r)] for 100 flights; 1000 steps per flight; run 3 of 50; mu: 3.00; seed: 2
-2.509964635416892875e+01
-2.277706964926342081e+01
-2.247958861843563483e+01
-2.237228905187488337e+01
-2.188593093335173734e+01
-2.230778381097687557e+01
-2.180026538651730306e+01
-2.152736530036953866e+01
-2.160547317017794455e+01
-2.156663432524726787e+01
-2.113948432831355717e+01
-2.114558231330622817e+01
-2.097647629305426875e+01
-2.096778392863144447e+01
-2.099830212884008773e+01
-2.075191879033985742e+01
-2.073823113745467950e+01
-2.064042815037037215e+01
-2.057420224402126152e+01
-2.055455508473757931e+01
-2.068009977421652579e+01
-2.043544312742669078e+01
-2.054983599986502796e+01
-2.036070736424320771e+01
-2.055354218285926038e+01
-2.029789052088425905e+01
-2.015579723731865158e+01
-2.008578092128612624e+01
-1.990360371532112183e+01
-2.009910957676877530e+01
-1.998221583275254076e+01
-1.984510235577209158e+01
-1.984773762540125119e+01
-1.964809347421057595e+01
-1.957425353302740589e+01
-1.975521034634293471e+01
-1.947776110183450626e+01
-1.940459655721013732e+01
-1.945710180665438571e+01
-1.935476766230283729e+01
-1.934275956827233856e+01
-1.922032822982398415e+01
-1.921471410169582938e+01
-1.941567508851970913e+01
-1.956087716171441571e+01
-1.934391748289321455e+01
-1.912607426104823105e+01
-1.918944612875750622e+01
-1.938732877386845388e+01
-1.921530185200186480e+01
-1.913336846045671180e+01
-1.913394994910112246e+01
-1.909810038398796195e+01
-1.905287305718340818e+01
-1.913392751273591941e+01
-1.903204175578845536e+01
-1.910697282025573429e+01
-1.914990007767204716e+01
-1.903277797364392754e+01
-1.894894949787095229e+01
-1.888303063805109261e+01
-1.895657597646955494e+01
-1.879917307194397935e+01
-1.891461799395391097e+01
-1.880784295235100245e+01
-1.872683918751331333e+01
-1.869327276123632231e+01
-1.875469297608614383e+01
-1.867191839188109270e+01
-1.880124719584723181e+01
-1.861277684589840931e+01
-1.870133803812899487e+01
-1.872631145331377311e+01
-1.864971047425290251e+01
-1.861289255181165814e+01
-1.840281813604740080e+01
-1.840046644523289032e+01
-1.852672157523505447e+01
-1.841708718473239870e+01
-1.829957427019246197e+01
-1.840004107191169425e+01
-1.846284440533942828e+01
-1.851635989739153487e+01
-1.849595892467928948e+01
-1.865033078647707754e+01
-1.858973899324992729e+01
-1.860539674108169450e+01
-1.852023067509276899e+01
-1.850811294806576868e+01
-1.843778363257504793e+01
-1.820931075909860297e+01
-1.817689470416729947e+01
-1.831140954107585372e+01
-1.842217503038389381e+01
-1.831626819289830266e+01
-1.814961317806483976e+01
-1.799292299762643665e+01
-1.801557518733108409e+01
-1.825494366285537140e+01
-1.819070316833433409e+01
-1.813924827004556306e+01
-1.820356951562087033e+01
-1.819580917942428755e+01
-1.828677564768904773e+01
-1.824212064324377280e+01
-1.826158265706511230e+01
-1.819575087876652120e+01
-1.825606092766015109e+01
-1.829135168212220819e+01
-1.823586496628783848e+01
-1.829587610760438210e+01
-1.838172437979238083e+01
-1.837706285729905531e+01
-1.836069323320522173e+01
-1.837967389912724059e+01
-1.845296930128489876e+01
-1.832145663068548558e+01
-1.840722605846086424e+01
-1.832223228350178701e+01
-1.819551525608025599e+01
-1.830087361683370162e+01
-1.819663242461568586e+01
-1.816446720263479619e+01
-1.810322107781566103e+01
-1.814450686354318876e+01
-1.809679230505738090e+01
-1.803159602768500491e+01
-1.823035614977138152e+01
-1.845644603904142400e+01
-1.842156525843240544e+01
-1.831830483596040793e+01
-1.844601881862088177e+01
-1.843981457047419070e+01
-1.843226916896598411e+01
-1.831193094621264095e+01
-1.842610594612213859e+01
-1.829182400226154215e+01
-1.827718103527792692e+01
-1.811759743901932751e+01
-1.811971556489692148e+01
-1.810759882708050128e+01
-1.821929266676600179e+01
-1.816383460223664414e+01
-1.827484226486005880e+01
-1.819195872894061239e+01
-1.814234862816827132e+01
-1.800022825238661994e+01
-1.811016067177558853e+01
-1.810507860920677103e+01
-1.807146413843651445e+01
-1.813969165605852751e+01
-1.805061470358909048e+01
-1.797038748487057802e+01
-1.798016252297144391e+01
-1.804754812433743538e+01
-1.809844191733594698e+01
-1.795117618134957738e+01
-1.807354008976180282e+01
-1.800648400928669091e+01
-1.801322843677005991e+01
-1.790306391279528597e+01
-1.794611243369247688e+01
-1.793208646801030071e+01
-1.794058039236472268e+01
-1.792213737234861881e+01
-1.788946152451735827e+01
-1.787025440487163053e+01
-1.784460198097680816e+01
-1.782328907708058452e+01
-1.786681573764381881e+01
-1.777322069908660751e+01
-1.770842824596443776e+01
-1.778449741144262219e+01
-1.773519570696021574e+01
-1.776789835276495921e+01
-1.760411308214793991e+01
-1.762754701555863690e+01
-1.781495617116880936e+01
-1.789553122177107269e+01
-1.794248045147994475e+01
-1.782000208407040631e+01
-1.789487413595189480e+01
-1.777807533718796407e+01
-1.772203402348070256e+01
-1.762221911228707683e+01
-1.767877697192025721e+01
-1.765962249327963818e+01
-1.776388367005583291e+01
-1.772143998703909062e+01
-1.778160208136315035e+01
-1.785078446270574659e+01
-1.785353289112061859e+01
-1.762235797022825778e+01
-1.772008605901224598e+01
-1.774387776176092402e+01
-1.768651117926373928e+01
-1.776831325295945518e+01
-1.771401818292023833e+01
-1.771267256663512057e+01
-1.773036958751452019e+01
-1.765384022883182524e+01
-1.768796504350272514e+01
-1.764809003333580506e+01
-1.761818109364152463e+01
-1.763167458416604561e+01
-1.759913829359627968e+01
-1.757368449850056535e+01
-1.765789017302795472e+01
-1.771222199288605026e+01
-1.768190483154990034e+01
-1.781832289893837995e+01
-1.766777800255813347e+01
-1.768097000892458581e+01
-1.769837975501888039e+01
-1.777048352664562003e+01
-1.789061737721543821e+01
-1.778061193111842542e+01
-1.798101451356221858e+01
-1.778497177134998353e+01
-1.787215831305431024e+01
-1.786116105535505127e+01
-1.774207599431521132e+01
-1.772905847852781847e+01
-1.760226148766203735e+01
-1.772166400996818680e+01
-1.770315258017287263e+01
-1.771135636750298659e+01
-1.763610284104700554e+01
-1.775557129168753079e+01
-1.784764860374724549e+01
-1.777344472530704778e+01
-1.774160762869307462e+01
-1.763980126384869251e+01
-1.765565481662847347e+01
-1.772438120332396849e+01
-1.775324628621458700e+01
-1.746740629961215774e+01
-1.753657532033680511e+01
-1.767399208827790957e+01
-1.766015334735437392e+01
-1.757484438334192944e+01
-1.769447266962588472e+01
-1.768751221015015318e+01
-1.781495102392139884e+01
-1.774992277205024038e+01
-1.774317209478333979e+01
-1.769744383147641997e+01
-1.756954166713270382e+01
-1.742563646199597116e+01
-1.750370064855822250e+01
-1.745043835982743730e+01
-1.737409532805972745e+01
-1.745544683993013990e+01
-1.744479274350377906e+01
-1.739123311850813280e+01
-1.745955211476247371e+01
-1.727388596768559026e+01
-1.746455536145126430e+01
-1.741412273090104179e+01
-1.736308323118776897e+01
-1.731996568689888960e+01
-1.735739643020051659e+01
-1.737867043286158264e+01
-1.735329095656596010e+01
-1.724826331386808675e+01
-1.740765317932767431e+01
-1.743872368164018027e+01
-1.746815189134157364e+01
-1.747937869004017486e+01
-1.731047332547491990e+01
-1.732266501284351179e+01
-1.739803900204412912e+01
-1.740052943337726887e+01
-1.743248925505321623e+01
-1.734096993344842730e+01
-1.728390177058118837e+01
-1.729185479191243857e+01
-1.730052704830485055e+01
-1.726163294284468464e+01
-1.730310487267678354e+01
-1.718913209246614926e+01
-1.723260424582641548e+01
-1.725797969721873315e+01
-1.728323863599774057e+01
-1.735759353002162442e+01
-1.723691986593369307e+01
-1.738041260710508951e+01
-1.731048400312525715e+01
-1.736149691763225178e+01
-1.722960851847237507e+01
-1.724261964880575704e+01
-1.728872335667336912e+01
-1.736137952593722034e+01
-1.746363189636822000e+01
-1.744500332051891434e+01
-1.746335414819155929e+01
-1.741938516304582762e+01
-1.750245090393747560e+01
-1.752040409630807360e+01
-1.748432999920656528e+01
-1.758362630313367347e+01
-1.757182290505924627e+01
-1.749267475061444088e+01
-1.751552365701517644e+01
-1.752076446210271854e+01
-1.759389061871397075e+01
-1.758154753468519615e+01
-1.755577660921574079e+01
-1.761074612916589999e+01
-1.759906466100429867e+01
-1.760707819682966857e+01
-1.749533162805513697e+01
-1.753540738327843940e+01
-1.766477750493408294e+01
-1.750312837819287637e+01
-1.754270740829563380e+01
-1.746379508037808748e+01
-1.739425670119359424e+01
-1.737523469831808498e+01
-1.734442245530243554e+01
-1.732929501774431102e+01
-1.730016186215467755e+01
-1.729322055265551583e+01
-1.719486739664932173e+01
-1.736055317157168787e+01
-1.731216740991068548e+01
-1.730333078938562608e+01
-1.721378995185124339e+01
-1.712664164367128450e+01
-1.723638697358567029e+01
-1.732435915731762677e+01
-1.741901722843853761e+01
-1.731727794409550469e+01
-1.743017159502334934e+01
-1.746105220947763570e+01
-1.743583723820470510e+01
-1.749438933268775997e+01
-1.742837108705902338e+01
-1.734596531029965760e+01
-1.728224730053878488e+01
-1.733217643185425061e+01
-1.725778944876267218e+01
-1.722171345255181407e+01
-1.717945404409483245e+01
-1.718930550642178900e+01
-1.711957832475265207e+01
-1.708543580212065649e+01
-1.716583071705791852e+01
-1.711896296087828873e+01
-1.712156366801564999e+01
-1.716048178940993907e+01
-1.727325265305925939e+01
-1.722163684235379222e+01
-1.732454784872916775e+01
-1.728862034692157224e+01
-1.736419791988166139e+01
-1.733840325693973128e+01
-1.730868436527190468e+01
-1.732665526893736896e+01
-1.728838488666816886e+01
-1.726003325379101128e+01
-1.707129798790480280e+01
-1.720963213957717386e+01
-1.714344192644649922e+01
-1.712833021815018597e+01
-1.712334232957471514e+01
-1.714036794173912526e+01
-1.717500503921055355e+01
-1.730685163137488303e+01
-1.736763013680531387e+01
-1.729323027065381524e+01
-1.716523365172911042e+01
-1.721664338361440016e+01
-1.720562966366237490e+01
-1.716486725376960720e+01
-1.720828197314870422e+01
-1.723348883465533632e+01
-1.723127215704582582e+01
-1.711934756149178227e+01
-1.701080876566318523e+01
-1.707174881526389854e+01
-1.709032835709091813e+01
-1.709809333876869886e+01
-1.700393817660838280e+01
-1.719276965837879345e+01
-1.701530803775912304e+01
-1.706155307202173432e+01
-1.709353358620344920e+01
-1.717305648466411583e+01
-1.704018733099387362e+01
-1.709182107598064704e+01
-1.709142285615921253e+01
-1.693770927756684941e+01
-1.705462109010876048e+01
-1.707992451814070023e+01
-1.701559456883910570e+01
-1.696403047052079316e+01
-1.698328285522390502e+01
-1.705867077776225571e+01
-1.705134283846982513e+01
-1.696330812758907669e+01
-1.698530058710401036e+01
-1.699473380850686155e+01
-1.703850134936017824e+01
-1.688229136627802163e+01
-1.685896413100221025e+01
-1.676934046551411228e+01
-1.681909147303837315e+01
-1.693614995073516738e+01
-1.690824770075989392e+01
-1.691770860326024462e+01
-1.696438590380997979e+01
-1.694585483231099587e+01
-1.695337718083877121e+01
-1.695191090181270610e+01
-1.694049554212346109e+01
-1.694698972779112367e+01
-1.691252124045803384e+01
-1.687119215749705248e+01
-1.692523348509025283e+01
-1.691187008007367965e+01
-1.694069015612427975e+01
-1.691967197709129067e+01
-1.691146490021488447e+01
-1.687761277454536568e+01
-1.683222347389032691e+01
-1.682564076859776847e+01
-1.679411298798083507e+01
-1.683064620253892230e+01
-1.681849536214261320e+01
-1.676279954699833752e+01
-1.679710583909239574e+01
-1.691185303065309498e+01
-1.695386286445338442e+01
-1.687630480984508097e+01
-1.687911601607189382e+01
-1.691872600517910286e+01
-1.695079594956230196e+01
-1.694034613402063272e+01
-1.695278733583877440e+01
-1.695828839289405821e+01
-1.698963220544089481e+01
-1.673304979192370823e+01
-1.677401323022145974e+01
-1.678599377023099848e+01
-1.675424296149525816e+01
-1.670141611255830227e+01
-1.660016371629481569e+01
-1.666178842262881332e+01
-1.673022889878707176e+01
-1.663470372969248601e+01
-1.674099032169282708e+01
-1.672133339066243707e+01
-1.672636202321450938e+01
-1.676410626060984654e+01
-1.676385839020532842e+01
-1.681257168791360712e+01
-1.682490802423492937e+01
-1.676253516445362379e+01
-1.678335131869534536e+01
-1.676338392396565169e+01
-1.674437083231609336e+01
-1.675133180649180176e+01
-1.671690124160852164e+01
-1.682061887623417817e+01
-1.677781689093643180e+01
-1.673832359930094071e+01
-1.670636432696707274e+01
-1.671823508589673324e+01
-1.674408516252767143e+01
-1.685154541845347254e+01
-1.678102622440488645e+01
-1.684099582687551688e+01
-1.691095159647802859e+01
-1.674811289528285485e+01
-1.672301008207226403e+01
-1.678591676510267305e+01
-1.668124345996062985e+01
-1.662342206344075279e+01
-1.665581051368791421e+01
-1.670358257466402563e+01
-1.670307753125026196e+01
-1.676191313769746216e+01
-1.665080398398446349e+01
-1.657241457883014490e+01
-1.662051852978559907e+01
-1.673234724552777308e+01
-1.675671592995182380e+01
-1.676636473663140592e+01
-1.676563934057724126e+01
-1.676572948367818228e+01
-1.670206856636789894e+01
-1.673315331773794057e+01
-1.672669750625753693e+01
-1.671062489373557369e+01
-1.663323884935478603e+01
-1.657555874359848502e+01
-1.652311940951572566e+01
-1.650824957428336148e+01
-1.656955351411762223e+01
-1.655323055192974024e+01
-1.654897503602422049e+01
-1.673296608153909659e+01
-1.665454153185292796e+01
-1.674398559290175470e+01
-1.648904160901119909e+01
-1.651394338207034451e+01
-1.655542647392759292e+01
-1.661450069526628326e+01
-1.655564249699688517e+01
-1.660193549514877631e+01
-1.648890735717553824e+01
-1.644318204058002664e+01
-1.646759558472723128e+01
-1.641385123303085081e+01
-1.651301143874218980e+01
-1.655140023653178716e+01
-1.657999828324854974e+01
-1.655114521973247577e+01
-1.651666426465014581e+01
-1.644508201775790113e+01
-1.645168850643025849e+01
-1.640938635035418258e+01
-1.645787549887448620e+01
-1.642274974260051579e+01
-1.641360489215900742e+01
-1.637500728422109120e+01
-1.634260452212692272e+01
-1.654875387773173756e+01
-1.640823131462044060e+01
-1.639514885471778882e+01
-1.642567760293945511e+01
-1.647234941694417643e+01
-1.644875377138746586e+01
-1.642381044216942598e+01
-1.647301403141993603e+01
-1.646067985691213309e+01
-1.650582776344617741e+01
-1.652676690617764166e+01
-1.656698543690131586e+01
-1.657455167658477180e+01
-1.654321480259826771e+01
-1.651421780223131819e+01
-1.655983713739416885e+01
-1.659023076747271830e+01
-1.657302821198102549e+01
-1.657942966343276225e+01
-1.659147710104020490e+01
-1.660018240843426440e+01
-1.662755833948731521e+01
-1.667777473280578349e+01
-1.661816318595862541e+01
-1.661893532752023361e+01
-1.661997729025075898e+01
-1.659690558917906600e+01
-1.661737939663422736e+01
-1.656422824101224478e+01
-1.667769468168124192e+01
-1.668149051193466903e+01
-1.665086144078684427e+01
-1.657934654567510435e+01
-1.667975294614637249e+01
-1.674860772035293266e+01
-1.672726758855654694e+01
-1.658139079453474096e+01
-1.657478717263425949e+01
-1.658446271607667555e+01
-1.660217765760754460e+01
-1.657080547063397802e+01
-1.659419623451179504e+01
-1.655397057791997995e+01
-1.657930335725533766e+01
-1.661789687353738998e+01
-1.664012693125415510e+01
-1.666444588374537616e+01
-1.670889111505389479e+01
-1.678667475561454481e+01
-1.663580333308224013e+01
-1.669525900358243220e+01
-1.665546158603377336e+01
-1.673948397590143600e+01
-1.673993175965123470e+01
-1.682005477421608930e+01
-1.669421842799290445e+01
-1.666886760728548822e+01
-1.658335581274971204e+01
-1.661736365945557026e+01
-1.644385481455486442e+01
-1.656694006106987516e+01
-1.651541209073572247e+01
-1.650144621754487062e+01
-1.647117981193368053e+01
-1.642420314416118288e+01
-1.636505160655068281e+01
-1.643725520323540934e+01
-1.642669293841607114e+01
-1.643955596868972791e+01
-1.634571883227760836e+01
-1.645424034851463446e+01
-1.638556595995605747e+01
-1.640271722559878853e+01
-1.642656440138959439e+01
-1.631230036628309321e+01
-1.638565573611348825e+01
-1.635906993188731917e+01
-1.632728139270866663e+01
-1.641506852146280337e+01
-1.640636035472206800e+01
-1.630047899974736225e+01
-1.639071905777607796e+01
-1.651016871204865311e+01
-1.654693590912801682e+01
-1.646328521612622708e+01
-1.644705464889689495e+01
-1.644358060002659272e+01
-1.650296439829627460e+01
-1.649524571751347324e+01
-1.649158406359082107e+01
-1.650466642108152016e+01
-1.636210923495196568e+01
-1.634131655308789632e+01
-1.637181830704824748e+01
-1.642649338136398995e+01
-1.640945717681058369e+01
-1.632253096837488116e+01
-1.635458167668079810e+01
-1.643086646541425466e+01
-1.645137120067808922e+01
-1.654538596728953337e+01
-1.647640399957494139e+01
-1.646103632478569523e+01
-1.649376398720763248e+01
-1.649629232441971993e+01
-1.644915867317344293e+01
-1.647550990289477824e+01
-1.645001205315314863e+01
-1.647168077190990232e+01
-1.643232816739190838e+01
-1.640753897958817120e+01
-1.640592017916473111e+01
-1.639885223088465693e+01
-1.650063612747111819e+01
-1.652042101265251972e+01
-1.648977917541931504e+01
-1.651929825236896221e+01
-1.651036039242569942e+01
-1.653432752670335404e+01
-1.659192187884049119e+01
-1.655290128860051979e+01
-1.647588697742225250e+01
-1.649798693832806151e+01
-1.642588175575208354e+01
-1.630852884314397855e+01
-1.636968897027484005e+01
-1.642756483765734288e+01
-1.642441999171851563e+01
-1.642935743851620956e+01
-1.622169614973291374e+01
-1.622512902050344863e+01
-1.618057498858951249e+01
-1.618039922483402293e+01
-1.623748583775160625e+01
-1.631746700358033308e+01
-1.634267447054306288e+01
-1.631075597176338476e+01
-1.636417765181353801e+01
-1.638754962565339923e+01
-1.632274262241824303e+01
-1.640292451338511626e+01
-1.636554931889173758e+01
-1.630000077026116756e+01
-1.637591396075656291e+01
-1.639808138284971761e+01
-1.646941516440345410e+01
-1.645776196187507168e+01
-1.639914125108739995e+01
-1.637856581565911185e+01
-1.639058339020947486e+01
-1.642449349569730899e+01
-1.626012920301060660e+01
-1.633710324308418294e+01
-1.634288888136124385e+01
-1.630152191185441168e+01
-1.616215875420672887e+01
-1.621929561540776987e+01
-1.627573287668425195e+01
-1.625194237738325498e+01
-1.629848478542341894e+01
-1.633526369028147585e+01
-1.634148028324782231e+01
-1.626051137972305582e+01
-1.628635923800965912e+01
-1.627321166112648854e+01
-1.630044673529427612e+01
-1.629059902469665744e+01
-1.634804967608608806e+01
-1.635588889242267285e+01
-1.636304480018877427e+01
-1.636537815680329544e+01
-1.629190611376997211e+01
-1.626049779330438128e+01
-1.628276006250354868e+01
-1.631468411072496139e+01
-1.631931747040448144e+01
-1.625510208030404158e+01
-1.629162808729951095e+01
-1.618694119509348894e+01
-1.612316143971882099e+01
-1.614681044640960650e+01
-1.616292186865164027e+01
-1.605692642658789993e+01
-1.608645212462335650e+01
-1.609177933384588854e+01
-1.614806209874716103e+01
-1.614174326453359853e+01
-1.622045447849722777e+01
-1.622402668857478858e+01
-1.624999158381330844e+01
-1.633357611840333590e+01
-1.629832857510825050e+01
-1.629675057392489634e+01
-1.623919150486941021e+01
-1.637477128362342071e+01
-1.642204227436038622e+01
-1.652010143107750650e+01
-1.649430820766746564e+01
-1.649524106246413524e+01
-1.651468722047924231e+01
-1.650880308300111210e+01
-1.659013157212904233e+01
-1.653556291842482651e+01
-1.658667787259026838e+01
-1.654440701146944548e+01
-1.655796983957121782e+01
-1.652256409386721714e+01
-1.649617003421979433e+01
-1.641934672273501405e+01
-1.641327755851112968e+01
-1.648955035051554319e+01
-1.645949973230824881e+01
-1.645563983595711832e+01
-1.650885066350417674e+01
-1.643088442021629447e+01
-1.637654971290326245e+01
-1.630769732930407301e+01
-1.641680757088052545e+01
-1.638042355418812335e+01
-1.639213167588755127e+01
-1.638857885189134933e+01
-1.643522521484328536e+01
-1.647709405870335431e+01
-1.636963147611013980e+01
-1.635356765102193677e+01
-1.631152134169887091e+01
-1.631482144650122734e+01
-1.640944481210111050e+01
-1.637404558621501849e+01
-1.630079598072716962e+01
-1.631263052115459544e+01
-1.623905385897283082e+01
-1.627578004733030070e+01
-1.637859211571861096e+01
-1.635548255430882847e+01
-1.636623933524301577e+01
-1.645622267065047239e+01
-1.638227135136149926e+01
-1.639839850499698670e+01
-1.640603398849384931e+01
-1.633684257487534452e+01
-1.634351184264175672e+01
-1.629092966285453414e+01
-1.624359781798002800e+01
-1.624146060502204847e+01
-1.615293635517025805e+01
-1.623710328312263584e+01
-1.627549793753073715e+01
-1.613948867254372743e+01
-1.609097277860318798e+01
-1.604050620474049893e+01
-1.598725845839871162e+01
-1.600347929235773137e+01
-1.599475598787037356e+01
-1.612657762389643068e+01
-1.612619817314070403e+01
-1.600595166441936712e+01
-1.610762765553732478e+01
-1.600327591152137074e+01
-1.603352515178082527e+01
-1.604523514424141339e+01
-1.604513148374304876e+01
-1.610956909458902686e+01
-1.601718627582913612e+01
-1.607142463906747309e+01
-1.598299589124137654e+01
-1.600941782981008288e+01
-1.598714620025884514e+01
-1.595683827076735462e+01
-1.595770749993037718e+01
-1.590745907910490686e+01
-1.596882529601180245e+01
-1.590366758135407643e+01
-1.587784030797740797e+01
-1.598270979825421989e+01
-1.602956382014214398e+01
-1.602689399087331878e+01
-1.597388317123805201e+01
-1.596354547069391216e+01
-1.591216689432617670e+01
-1.585128560150202581e+01
-1.589973189482995153e+01
-1.598163911701981377e+01
-1.592468429588462442e+01
-1.587952529423926862e+01
-1.588516427630270833e+01
-1.585405579749407678e+01
-1.582700839424657424e+01
-1.577232505649809902e+01
-1.576716442233326632e+01
-1.579362499159512545e+01
-1.582583069749436788e+01
-1.575337842720051462e+01
-1.580676384869772910e+01
-1.587099318043027019e+01
-1.585493301553349887e+01
-1.587669566358187190e+01
-1.577234028644468111e+01
-1.581759532626842457e+01
-1.580992051140031407e+01
-1.579300900689852760e+01
-1.581117613942036293e+01
-1.581694168502381181e+01
-1.586590298557923440e+01
-1.581350907112719462e+01
-1.586790676616367080e+01
-1.584251051532022636e+01
-1.588107720734055128e+01
-1.592826373284293417e+01
-1.583995721046541583e+01
-1.572944387691654455e+01
-1.575036315694615929e+01
-1.571020872399929935e+01
-1.578197299717792390e+01
-1.573587265591926077e+01
-1.571578642303722262e+01
-1.572822695764710055e+01
-1.578046548604289612e+01
-1.583816315721550794e+01
-1.579236712227000439e+01
-1.589327724131207376e+01
-1.592800018949551877e+01
-1.595251515713412083e+01
-1.588105295768045089e+01
-1.591734157312743214e+01
-1.589085111533909433e+01
-1.584111027384053472e+01
-1.577160885034150617e+01
-1.574553585768616415e+01
-1.571935376019522579e+01
-1.570944296761898684e+01
-1.574008774886520889e+01
-1.577151725483856026e+01
-1.572199158546983178e+01
-1.568687572611808179e+01
-1.567794098026005756e+01
-1.570580932192179979e+01
-1.566344570360388389e+01
-1.561464843976580141e+01
-1.571682551107406489e+01
-1.575749094280928908e+01
-1.573144922826145375e+01
-1.574397566182976149e+01
-1.577919063024717161e+01
-1.577753994789416225e+01
-1.572881729965029329e+01
-1.572454095699866627e+01
-1.579069281021197924e+01
-1.580675968655176611e+01
-1.579922491626071945e+01
-1.576276936407514206e+01
-1.574381463699566730e+01
-1.577021875084068192e+01
-1.572633141670043777e+01
-1.578386458348805022e+01
-1.580118299850909125e+01
-1.575812964369069391e+01
-1.567245470077618741e+01
-1.569294197200193608e+01
-1.569046503196733688e+01
-1.571510846341661605e+01
-1.572309369488958275e+01
-1.563868253628976390e+01
-1.560675820966571692e+01
-1.567193645791362755e+01
-1.564160860085415727e+01
-1.571346307457785940e+01
-1.573570048109591646e+01
-1.566591269691669019e+01
-1.564964545850240007e+01
-1.571918540605638981e+01
-1.572741893915472922e+01
-1.576738825495715091e+01
-1.578453072205593877e+01
-1.572047902620264992e+01
-1.569824633270769532e+01
-1.567393761286646381e+01
-1.574253758116669033e+01
-1.577757120084588571e+01
-1.566882629840026553e+01
-1.564033909724447824e+01
-1.565045093266210330e+01
-1.572118565863663342e+01
-1.580935040411018377e+01
-1.579278351022126792e+01
-1.573559689648086746e+01
-1.570303147385169495e+01
-1.563179707127987328e+01
-1.560908080023069289e+01
-1.565172153460814464e+01
-1.570752381010126975e+01
-1.573990804524333420e+01
-1.566353637136311150e+01
-1.568067033422692980e+01
-1.568092298190887490e+01
-1.566027189301940581e+01
-1.564709823795830523e+01
-1.558467232415040726e+01
-1.566928808041352461e+01
-1.572508487623133711e+01
-1.572912913265798629e+01
-1.575007021345740910e+01
-1.575160245739899345e+01
-1.573413695644998356e+01
-1.575759098105529610e+01
-1.577324633845766577e+01
-1.576501841916320856e+01
-1.579262447771171018e+01
-1.580047105271481378e+01
-1.579495140099728445e+01
-1.583944862845298829e+01
-1.583911236478448537e+01
-1.580443513854150872e+01
-1.586241158624924452e+01
-1.579911206993823214e+01
-1.583681289717108598e+01
-1.591158029775216320e+01
-1.599431137226297395e+01
-1.600813304428593042e+01
-1.586103846282697738e+01
-1.581430748554228138e+01
-1.582590991808826253e+01
-1.591094344470717026e+01
-1.583430097578917461e+01
-1.576911986598553028e+01
-1.575499111377629013e+01
-1.579155037835593767e+01
-1.570965642326877365e+01
-1.582637130327130137e+01
-1.578842271098288208e+01
-1.577737503084030024e+01
-1.585166905307485941e+01
-1.589595067029028463e+01
-1.582764559208810695e+01
-1.579593833974043449e+01
-1.577624899117710733e+01
-1.579422436241095795e+01
-1.578955699127410739e+01
-1.576371657712607544e+01
-1.585561626940731550e+01
-1.578441639280279141e+01
-1.569278545139320258e+01
-1.564120688454159769e+01
-1.572176748220354092e+01
-1.579184800474946826e+01
-1.592016220324074993e+01
-1.583915329220828916e+01
-1.576910775765058581e+01
-1.580770768575453999e+01
-1.573409385807221383e+01
-1.577460040101619754e+01
-1.581187415053933876e+01
-1.581704606326811735e+01
-1.584395429297329194e+01
-1.581698515734941246e+01
-1.580002054053455574e+01
-1.585977307468215969e+01
-1.583781185316868090e+01
-1.582350453019871850e+01
-1.584556629539038575e+01
-1.576307275172221267e+01
-1.576048295775409436e+01
-1.578663691654066703e+01
-1.576525011373981400e+01
-1.577452656006894038e+01
-1.581896953812633555e+01
-1.583149878812740852e+01
-1.582121245511488361e+01
-1.588159839310164756e+01
-1.588284351990271936e+01
-1.583581151914796692e+01
-1.588367589793870849e+01
