# 2*np.log[MAD(r)] for 100 flights; 1000 steps per flight; run 46 of 50; mu: 3.00; seed: 45
-2.537050985378245471e+01
-2.336241984936572180e+01
-2.259126128588371429e+01
-2.229154116920201290e+01
-2.212201830992738394e+01
-2.171284841878526350e+01
-2.211084214095200551e+01
-2.164832384634325280e+01
-2.163878971459205047e+01
-2.122833950823807569e+01
-2.123373613056644871e+01
-2.112858377257136411e+01
-2.102456260893546514e+01
-2.115419083933231192e+01
-2.060808020464631696e+01
-2.086858801443749556e+01
-2.081735247709503511e+01
-2.071349829131392895e+01
-2.068489433804892030e+01
-2.065010256366807795e+01
-2.027577635479623552e+01
-2.033339520852473470e+01
-2.049791606120169618e+01
-2.052028364869899590e+01
-2.046070341086675271e+01
-2.073916858699964649e+01
-2.043141931420031909e+01
-2.054049659652017468e+01
-2.019866029633333326e+01
-1.997780633774883441e+01
-1.989817901911935039e+01
-1.998118653305651904e+01
-1.981497134908777724e+01
-2.003542793656460574e+01
-1.969324205408940998e+01
-1.970839897673831942e+01
-1.956442775966828762e+01
-1.952761176362664486e+01
-1.952404602704830694e+01
-1.948184858349608817e+01
-1.930864722109161491e+01
-1.944240560532008644e+01
-1.982506803403695272e+01
-1.973480159019500846e+01
-1.958859626598061610e+01
-1.955827430687894264e+01
-1.958001792905051985e+01
-1.965932505492081006e+01
-1.962607609687021437e+01
-1.962421969519776610e+01
-1.986317714500519926e+01
-1.961824684211849501e+01
-1.979712070041625793e+01
-1.971438830239806705e+01
-1.949752240463143949e+01
-1.944352718619288467e+01
-1.934950920440824618e+01
-1.917389054816191063e+01
-1.909271521880856071e+01
-1.913732458113612367e+01
-1.931986947669771482e+01
-1.925195050421134013e+01
-1.920094607016682886e+01
-1.925137784964572418e+01
-1.922347004982339769e+01
-1.946659725300152033e+01
-1.921032569856114236e+01
-1.920466786849743457e+01
-1.929154027320987908e+01
-1.931738508282278488e+01
-1.941214156048385675e+01
-1.951031930946517079e+01
-1.918873627033096696e+01
-1.919879415150727553e+01
-1.905983880580519951e+01
-1.900364349996994662e+01
-1.894397446079378966e+01
-1.884056285797794317e+01
-1.895096968412147476e+01
-1.898175830364348471e+01
-1.892320201573256711e+01
-1.880651286410454048e+01
-1.860763024542659139e+01
-1.856330543359946716e+01
-1.859813507297053548e+01
-1.847814286231049152e+01
-1.843156070724085183e+01
-1.852772126609323777e+01
-1.853844480652433901e+01
-1.866289937231323037e+01
-1.853816587820812600e+01
-1.866251838069690905e+01
-1.853063446888799604e+01
-1.849383271028738207e+01
-1.839373062564329686e+01
-1.835882071623749212e+01
-1.840244136361769378e+01
-1.844474317192020152e+01
-1.847936068133538612e+01
-1.845809536225905845e+01
-1.847010755336286536e+01
-1.852738404685625895e+01
-1.852338343696053613e+01
-1.853858347784513683e+01
-1.862613392584674088e+01
-1.842934925800948776e+01
-1.852611479628235713e+01
-1.841361374711237175e+01
-1.851091742740850066e+01
-1.838175122150803986e+01
-1.831813859275990097e+01
-1.855541783046582793e+01
-1.832649288934920762e+01
-1.844608275659080832e+01
-1.844097574110185889e+01
-1.859830083842309634e+01
-1.844091603524237399e+01
-1.845430224332806546e+01
-1.843727594458686525e+01
-1.832602110260412687e+01
-1.835736738090817255e+01
-1.859184057071209040e+01
-1.860951776295826576e+01
-1.871249202669021727e+01
-1.864848489039212609e+01
-1.858151594340710488e+01
-1.880015187563432022e+01
-1.879573293310619064e+01
-1.878441110470437181e+01
-1.881394121464989055e+01
-1.864847466452383173e+01
-1.874567455724147536e+01
-1.861252810563839688e+01
-1.863277706029515102e+01
-1.856651688993707694e+01
-1.838306214665472993e+01
-1.859399312477597022e+01
-1.871061563403717543e+01
-1.871099388489959026e+01
-1.864022796765376810e+01
-1.839505198564935995e+01
-1.851498880353442189e+01
-1.841635891426317784e+01
-1.856966478269225007e+01
-1.848436861920088248e+01
-1.826835946219812001e+01
-1.828220381012776841e+01
-1.828162060339806061e+01
-1.819201833716140726e+01
-1.830684607732669278e+01
-1.829086650033362105e+01
-1.835739149994625308e+01
-1.824385887839886422e+01
-1.815842725075495068e+01
-1.810017750121038205e+01
-1.829140989362561953e+01
-1.842059508591377082e+01
-1.819848717274449257e+01
-1.816730788019270904e+01
-1.827455255240550613e+01
-1.821258241980397230e+01
-1.824188187538566197e+01
-1.843736272233667606e+01
-1.856847471677872008e+01
-1.851330949405459592e+01
-1.874299893160609898e+01
-1.860056756544577894e+01
-1.850924935475307720e+01
-1.842286546061320252e+01
-1.837773233774546711e+01
-1.841757747093042497e+01
-1.850243951525988351e+01
-1.851476513959858039e+01
-1.840291855499007667e+01
-1.832778513815411969e+01
-1.831485479446229903e+01
-1.828602290076913306e+01
-1.837257297164287095e+01
-1.849267976228336252e+01
-1.844312702130062931e+01
-1.830702357643890466e+01
-1.828155229071389698e+01
-1.833758089119113421e+01
-1.831947366259264598e+01
-1.823953700277212775e+01
-1.817471682558796076e+01
-1.817010737780463359e+01
-1.817886091666693460e+01
-1.821920616114638847e+01
-1.829688390258910857e+01
-1.846721335425353416e+01
-1.825125555579109005e+01
-1.823770440570774909e+01
-1.795134383500989017e+01
-1.794476751709549944e+01
-1.798618970675636319e+01
-1.808563303383878562e+01
-1.789626310640842277e+01
-1.779118706402248051e+01
-1.798342287871586009e+01
-1.798310936620750411e+01
-1.815865815453381416e+01
-1.824572282877191398e+01
-1.811164650464558079e+01
-1.809406248549727181e+01
-1.802674067730343310e+01
-1.802261035462856498e+01
-1.785734853255955201e+01
-1.771710834529194045e+01
-1.765932543814836109e+01
-1.783455744976484780e+01
-1.795536217437814841e+01
-1.795598537980525222e+01
-1.786712322896244487e+01
-1.797361054858867391e+01
-1.776018840697645729e+01
-1.787837152865114732e+01
-1.798924928324499106e+01
-1.796059471927550177e+01
-1.792082878536204760e+01
-1.790542566020413062e+01
-1.786728211032392721e+01
-1.783143443164051334e+01
-1.784001607038296910e+01
-1.792422051962748952e+01
-1.796532456010537970e+01
-1.792496858344859589e+01
-1.791776659100363034e+01
-1.801765421467576189e+01
-1.793935997263522353e+01
-1.782976533520117002e+01
-1.781883096369162445e+01
-1.783049814658723875e+01
-1.778461169291249178e+01
-1.768404962905530553e+01
-1.768078159404461758e+01
-1.771870907686184893e+01
-1.785797947310984313e+01
-1.779252224183260722e+01
-1.774308748385601930e+01
-1.767199955179660620e+01
-1.776858938273333877e+01
-1.769644812318506766e+01
-1.757210432513377185e+01
-1.757983458415889899e+01
-1.756335602787816796e+01
-1.749279514189840867e+01
-1.752485513254636729e+01
-1.754611763188187723e+01
-1.745306274432539695e+01
-1.760395687134259290e+01
-1.757050813951765633e+01
-1.747173237478767049e+01
-1.750948091563019560e+01
-1.751497742558239779e+01
-1.751350044463911360e+01
-1.755496796374088930e+01
-1.751890596948697976e+01
-1.757355428327200997e+01
-1.761568826923315356e+01
-1.751819377970862845e+01
-1.749262574588072994e+01
-1.747223359875829729e+01
-1.759567160568313327e+01
-1.760042868963104112e+01
-1.764449574172200030e+01
-1.760406701375148231e+01
-1.761685156444566758e+01
-1.769359667202059327e+01
-1.767087203769692039e+01
-1.753370617349387928e+01
-1.759461813285735943e+01
-1.758302076117324120e+01
-1.759000108202130264e+01
-1.759235515163415542e+01
-1.753866899924389600e+01
-1.741711570124700614e+01
-1.749595469616985355e+01
-1.746007714605449124e+01
-1.755423229554955356e+01
-1.745393321678766796e+01
-1.750025813308943157e+01
-1.738683535719765771e+01
-1.738517279384227621e+01
-1.733997078307258022e+01
-1.724836668000970263e+01
-1.738780804136645131e+01
-1.750216317300892044e+01
-1.749100588903431230e+01
-1.744466332066226144e+01
-1.753473895486619227e+01
-1.746587809062864949e+01
-1.745997601307759339e+01
-1.749777137319124520e+01
-1.764616191306021165e+01
-1.774855526604000744e+01
-1.756104445369070532e+01
-1.757138952151537481e+01
-1.745074487589646495e+01
-1.751430441944059169e+01
-1.739994586750931305e+01
-1.732469788511865971e+01
-1.744517614608814782e+01
-1.739799144676591780e+01
-1.746951533905687981e+01
-1.740632861362588812e+01
-1.724737448753288049e+01
-1.727717079130204070e+01
-1.724119590918894573e+01
-1.746555043110337380e+01
-1.742776957675553007e+01
-1.726315363173890560e+01
-1.729360425133266332e+01
-1.724139084050845128e+01
-1.731944384578199703e+01
-1.723238642235630991e+01
-1.723245917272140915e+01
-1.722050714757035195e+01
-1.739183330709892772e+01
-1.724975312000188055e+01
-1.727991893300738724e+01
-1.722117936231703794e+01
-1.726557190488076898e+01
-1.734625161035632246e+01
-1.728243165273119075e+01
-1.731413450191527303e+01
-1.722708813558565666e+01
-1.721287333737071279e+01
-1.731873945677744331e+01
-1.721299819747086701e+01
-1.734291919200222765e+01
-1.732214921779670647e+01
-1.730726257908010624e+01
-1.735763474086951774e+01
-1.730644439189874717e+01
-1.739988384717003456e+01
-1.732527478823661937e+01
-1.736989962178549618e+01
-1.736221434644192030e+01
-1.732811410412556441e+01
-1.728324571619344496e+01
-1.729425948497304688e+01
-1.733683914690034200e+01
-1.747440575575592803e+01
-1.748183210559101752e+01
-1.753140437420864473e+01
-1.752286293440340614e+01
-1.742963228269054099e+01
-1.752247327160281642e+01
-1.729582516145855919e+01
-1.737256549828207497e+01
-1.731067384230514250e+01
-1.733794792431192988e+01
-1.733606541325657702e+01
-1.731979424050125616e+01
-1.730009084099602035e+01
-1.746533317263155993e+01
-1.749751266756094736e+01
-1.747945792836022605e+01
-1.747713683038962174e+01
-1.747865835808330459e+01
-1.757163604543415403e+01
-1.753611477844847144e+01
-1.752751162451966493e+01
-1.745627463830509640e+01
-1.751895382750182861e+01
-1.758089514804993669e+01
-1.773288989180737119e+01
-1.771698021997879380e+01
-1.757872646475854950e+01
-1.768809632986717872e+01
-1.766674255803054905e+01
-1.774764657582393212e+01
-1.768049207264669320e+01
-1.759114507339851485e+01
-1.756858543387491167e+01
-1.753215409889537924e+01
-1.760946415745442906e+01
-1.763740274854803047e+01
-1.745695611070120634e+01
-1.755127889576128908e+01
-1.760352198057172757e+01
-1.753007751672287995e+01
-1.739916821369402911e+01
-1.746395718586487433e+01
-1.732302665658506058e+01
-1.731618157282814607e+01
-1.733940837650821720e+01
-1.734671587550903737e+01
-1.727840674430441936e+01
-1.726044326843735277e+01
-1.719758712076578533e+01
-1.719616956224133730e+01
-1.712090307921674892e+01
-1.720049361064179294e+01
-1.720259193558753097e+01
-1.718663286716477856e+01
-1.714488678001697863e+01
-1.710584329753264754e+01
-1.707199359994962506e+01
-1.699239243075385630e+01
-1.695995668267555345e+01
-1.703586542076431698e+01
-1.707935774427021869e+01
-1.698832668166059889e+01
-1.691789894777771153e+01
-1.697547624735940630e+01
-1.699455902045116673e+01
-1.700111090529167512e+01
-1.689301522198504557e+01
-1.690363493437421027e+01
-1.693765873976344238e+01
-1.687219990363693967e+01
-1.677441405202123903e+01
-1.678996003546345150e+01
-1.674690859330671699e+01
-1.674951773958703072e+01
-1.677681158465558298e+01
-1.678441016354706505e+01
-1.684308887916057884e+01
-1.691514889656224696e+01
-1.681517010844443405e+01
-1.697602660450529655e+01
-1.705318077572614044e+01
-1.708918171036291866e+01
-1.710420995500756547e+01
-1.712138618867471607e+01
-1.704846571044167902e+01
-1.706839876202070627e+01
-1.705923329841160552e+01
-1.696631155047733586e+01
-1.687176340574441369e+01
-1.692853473121496677e+01
-1.684799942313718901e+01
-1.683320038709909383e+01
-1.675226390704118273e+01
-1.674950494734136086e+01
-1.672327179814974585e+01
-1.672389485934941433e+01
-1.668387672962837343e+01
-1.661756764676803755e+01
-1.674249545497059799e+01
-1.670006763300888153e+01
-1.676318628466031413e+01
-1.676622412517892258e+01
-1.671159927296337955e+01
-1.670125955612473234e+01
-1.666690580240109298e+01
-1.666477051443552782e+01
-1.676925154862156475e+01
-1.671133226267665250e+01
-1.673581753574626774e+01
-1.675741734571257169e+01
-1.668683627337329511e+01
-1.673723440013896990e+01
-1.673151166718471217e+01
-1.687624561633619891e+01
-1.681997060295374169e+01
-1.696188952222223634e+01
-1.689283409876387765e+01
-1.696530202714950519e+01
-1.694277252843108883e+01
-1.689799809530099850e+01
-1.684572559248507417e+01
-1.691834343510899785e+01
-1.696815549060594464e+01
-1.715075881874765784e+01
-1.704002511012110332e+01
-1.704878044932338810e+01
-1.685119163144878840e+01
-1.696716559201892949e+01
-1.685950752225596005e+01
-1.689702811044906738e+01
-1.686816117305080454e+01
-1.694021887545723715e+01
-1.698136797605478421e+01
-1.681174401285126407e+01
-1.686420660977367447e+01
-1.674576746091831225e+01
-1.677178908015316949e+01
-1.673027330702793591e+01
-1.682293407246810801e+01
-1.679257094995757527e+01
-1.677995956531447419e+01
-1.675981935447408588e+01
-1.674692796663466154e+01
-1.670544863177537209e+01
-1.664545993294402493e+01
-1.678637135058468743e+01
-1.683344742447808784e+01
-1.674251096696827545e+01
-1.673829622338461576e+01
-1.676033826394752069e+01
-1.681417143294625660e+01
-1.671081862648048855e+01
-1.671349521486582290e+01
-1.667703481791788533e+01
-1.671262437435682813e+01
-1.668611182060166342e+01
-1.673348842784632140e+01
-1.661938875281274974e+01
-1.667489770750034594e+01
-1.680689859575855039e+01
-1.673075164664428982e+01
-1.674248304074457749e+01
-1.675523219792954066e+01
-1.662011927690891255e+01
-1.668369329206385387e+01
-1.662498080097315167e+01
-1.677403773420018496e+01
-1.679933744766179515e+01
-1.666150879104662508e+01
-1.677014246012001664e+01
-1.682277437323253011e+01
-1.665195646221562953e+01
-1.680541030209041864e+01
-1.676793368827875952e+01
-1.679309226520551945e+01
-1.679366532366785592e+01
-1.677286941957608946e+01
-1.673411374342455105e+01
-1.663839619024304284e+01
-1.653628886151075150e+01
-1.655206205847504108e+01
-1.654404667001269402e+01
-1.651888972960629687e+01
-1.658726046529753617e+01
-1.647950070383482668e+01
-1.650839997972239814e+01
-1.642235656183317616e+01
-1.642919455900969794e+01
-1.630767602911561198e+01
-1.629656755779453192e+01
-1.624153495490512000e+01
-1.633081304974731651e+01
-1.631946528916713746e+01
-1.631541227284682805e+01
-1.634928695349751848e+01
-1.648185360798366617e+01
-1.652027570556835911e+01
-1.643189160331894527e+01
-1.637283038451507622e+01
-1.635087149926122052e+01
-1.630587933929622579e+01
-1.634700448701187625e+01
-1.639310989713338529e+01
-1.639678176404511944e+01
-1.646151788266048044e+01
-1.633155555316067264e+01
-1.629384405132914537e+01
-1.630824165437349293e+01
-1.638818300318129317e+01
-1.643930905758631411e+01
-1.632121951886176703e+01
-1.640091264138180094e+01
-1.648022009936809695e+01
-1.632330230650167024e+01
-1.631917264929689182e+01
-1.631132842992661125e+01
-1.631274515700557970e+01
-1.627508585777958316e+01
-1.629635516337079437e+01
-1.638652031916186047e+01
-1.635373060970334436e+01
-1.640264399988744159e+01
-1.635357778882675461e+01
-1.639438244768965092e+01
-1.640333081983853702e+01
-1.626292966053907918e+01
-1.622838060046292696e+01
-1.627557105983149555e+01
-1.619329567834990513e+01
-1.624802686070711744e+01
-1.628044544173419439e+01
-1.628406664201617460e+01
-1.629305109032090826e+01
-1.618568439902371381e+01
-1.619838650987892947e+01
-1.621478830126509507e+01
-1.621643474755325443e+01
-1.618220095917572721e+01
-1.620235414551614284e+01
-1.614398318933705312e+01
-1.613837893228200215e+01
-1.612483502407378211e+01
-1.609756886938868803e+01
-1.610796955966054256e+01
-1.612113386511223112e+01
-1.612597529346839309e+01
-1.605080157062632651e+01
-1.604044729091984678e+01
-1.605857523227972194e+01
-1.603160242934659152e+01
-1.599178496117059289e+01
-1.600463692156835904e+01
-1.597126511562157525e+01
-1.595253893618347618e+01
-1.599847584102249520e+01
-1.606275618528984594e+01
-1.599312914662467833e+01
-1.604798898178533761e+01
-1.609957837391167246e+01
-1.612642580199685938e+01
-1.608205126344919478e+01
-1.611869142682039779e+01
-1.621204546435023275e+01
-1.618456497552323725e+01
-1.610606779469159733e+01
-1.615860023360963638e+01
-1.618012342846515139e+01
-1.624516603762921108e+01
-1.624549565131177431e+01
-1.622973234346016014e+01
-1.618137030623672246e+01
-1.619230840054262544e+01
-1.621744994136259876e+01
-1.618988342269320668e+01
-1.620802271028642494e+01
-1.615248641557978715e+01
-1.611484313740085028e+01
-1.611753802844686589e+01
-1.604925911733167254e+01
-1.607658811146157163e+01
-1.610796188750704871e+01
-1.613039209212947611e+01
-1.616573707885246591e+01
-1.616788763610538027e+01
-1.614445731197513467e+01
-1.615283634148091707e+01
-1.616251105854161096e+01
-1.620425348002068944e+01
-1.613435870521228921e+01
-1.617564801347352343e+01
-1.608420555994239720e+01
-1.610560018092949974e+01
-1.613277923344987386e+01
-1.612632043745840704e+01
-1.621198618388593005e+01
-1.627210848133633192e+01
-1.612828062870061174e+01
-1.626036068261215206e+01
-1.627964724055927803e+01
-1.622305768573002993e+01
-1.615135790235146018e+01
-1.610585929315729814e+01
-1.621900402811597175e+01
-1.621390801500002965e+01
-1.620888220905005639e+01
-1.618269774975393460e+01
-1.616443038133494525e+01
-1.623065171494522829e+01
-1.618504706502343637e+01
-1.623727661092656049e+01
-1.623005171562574844e+01
-1.627784700462318668e+01
-1.625722615629610956e+01
-1.623263582171746933e+01
-1.618936643180625978e+01
-1.623963702738756254e+01
-1.619462773944879785e+01
-1.618463109038443548e+01
-1.608869068472197839e+01
-1.614495426581314419e+01
-1.615690373484322961e+01
-1.627301032548148996e+01
-1.607702795665548479e+01
-1.600910148039283243e+01
-1.604497449056404434e+01
-1.607370348706319163e+01
-1.610434338087125283e+01
-1.614123212577681699e+01
-1.610808117734057276e+01
-1.622323720815675330e+01
-1.618805906164041275e+01
-1.616950181497640315e+01
-1.621265034470278366e+01
-1.621047056796205865e+01
-1.618594597972520077e+01
-1.614620342978919254e+01
-1.603455470473726763e+01
-1.609525324031179849e+01
-1.613555372556114520e+01
-1.610910432884319476e+01
-1.626682922552333821e+01
-1.633907608144480506e+01
-1.620226578651870852e+01
-1.617178589701093117e+01
-1.618454757009862277e+01
-1.611387715948976407e+01
-1.613966419113474160e+01
-1.615027508249925958e+01
-1.611827910868839808e+01
-1.618737473894146817e+01
-1.617669425965118535e+01
-1.610252633497352548e+01
-1.617485765177773871e+01
-1.625588928752584295e+01
-1.629586468777819164e+01
-1.625224646607169632e+01
-1.622695340527310748e+01
-1.616486804311353254e+01
-1.611732762777900518e+01
-1.615157722269829321e+01
-1.607817076732293060e+01
-1.613515628497722787e+01
-1.611673174961908472e+01
-1.612812274632619491e+01
-1.611620520167115700e+01
-1.611764708744243535e+01
-1.614663754138020835e+01
-1.621333780499895738e+01
-1.618313962906086090e+01
-1.613555941588320763e+01
-1.612012737263456685e+01
-1.615950165181178733e+01
-1.612152580173745875e+01
-1.622070299042185226e+01
-1.618253683774351614e+01
-1.622273001442263052e+01
-1.628853258247950464e+01
-1.621788625697103825e+01
-1.623118635185405978e+01
-1.629131304691116711e+01
-1.622172271346427763e+01
-1.625346666798265360e+01
-1.620451378398552222e+01
-1.619752516763603367e+01
-1.620698196508251954e+01
-1.620347775108734112e+01
-1.619815936484907226e+01
-1.612624644206217894e+01
-1.620630128189723962e+01
-1.612480525224428618e+01
-1.614041898641240991e+01
-1.618701513934151848e+01
-1.621688374857638593e+01
-1.626939346453369595e+01
-1.623510172753631053e+01
-1.613038077200548770e+01
-1.621369025372594663e+01
-1.631408540257747219e+01
-1.619325500064761059e+01
-1.600182397059994699e+01
-1.604128174442274002e+01
-1.606500068526822034e+01
-1.609499022684957836e+01
-1.612644600678160955e+01
-1.611249730434201766e+01
-1.614994366454407881e+01
-1.617607252401772655e+01
-1.604469720485307249e+01
-1.622374805865938185e+01
-1.624379228837873512e+01
-1.618791357927675989e+01
-1.623169182496127050e+01
-1.621805894495786760e+01
-1.618196621917315525e+01
-1.618067496582551357e+01
-1.626966989813192654e+01
-1.627737728601137235e+01
-1.627885700581722261e+01
-1.625776318664286535e+01
-1.621438028643885332e+01
-1.630159991137870890e+01
-1.625888608273996638e+01
-1.626703254230190865e+01
-1.623910902677843993e+01
-1.622092580999964184e+01
-1.624685921499403918e+01
-1.626663191007214593e+01
-1.625616949027902081e+01
-1.621597990040485726e+01
-1.623114450460052538e+01
-1.623526400244956136e+01
-1.624007515946528102e+01
-1.618102738283819519e+01
-1.628979119055847846e+01
-1.626387414591785685e+01
-1.625506712487596417e+01
-1.632527146628140358e+01
-1.633310534336079201e+01
-1.627449777989043511e+01
-1.623835676654264049e+01
-1.621943050569969813e+01
-1.623717250653456645e+01
-1.622081384718750741e+01
-1.624094598973481141e+01
-1.624592455297333871e+01
-1.628012567938249333e+01
-1.636166463814975103e+01
-1.640678931482793246e+01
-1.643753782202087166e+01
-1.635412820441739257e+01
-1.642504223414740494e+01
-1.643070494252098612e+01
-1.641316434188420104e+01
-1.632566330890465878e+01
-1.629926540816046909e+01
-1.633644846217888613e+01
-1.612694828479543574e+01
-1.608159075278764405e+01
-1.612459912864362011e+01
-1.610099924925887649e+01
-1.610360245296179826e+01
-1.603537759108635186e+01
-1.610188622960360405e+01
-1.604912926697874909e+01
-1.606519056087127950e+01
-1.602414823087684326e+01
-1.604899774251181199e+01
-1.606152990708316963e+01
-1.608847198914432042e+01
-1.600222868630309847e+01
-1.599226321703567599e+01
-1.603355180093777221e+01
-1.605312174569870720e+01
-1.600650037658985880e+01
-1.612926302589803385e+01
-1.611472011850447927e+01
-1.612855042439134223e+01
-1.606852328141157216e+01
-1.612769430971050966e+01
-1.607881541250555912e+01
-1.604938343771627274e+01
-1.616396707570061864e+01
-1.616639427849791133e+01
-1.617493978677151034e+01
-1.615805283986284380e+01
-1.612051663829202752e+01
-1.614356080104139579e+01
-1.614771481962064925e+01
-1.610308980914158639e+01
-1.615759241899268517e+01
-1.614707771421683802e+01
-1.611784205221459843e+01
-1.623215133338134919e+01
-1.618421364621285718e+01
-1.614614481214709940e+01
-1.612891017055272513e+01
-1.613268031339492836e+01
-1.615806982162724736e+01
-1.613032034103182255e+01
-1.614161441717241274e+01
-1.612277727832416474e+01
-1.615643338207593871e+01
-1.621017493503269691e+01
-1.619495896383020295e+01
-1.623664484554917919e+01
-1.622884374106493155e+01
-1.615541415466073971e+01
-1.620257602092551252e+01
-1.616598666463983491e+01
-1.615228829773678143e+01
-1.620223763786891169e+01
-1.623197783302188313e+01
-1.624113479460419995e+01
-1.623907574132219267e+01
-1.625411399196709894e+01
-1.618962145283589749e+01
-1.622328195126409511e+01
-1.625325113261886045e+01
-1.622456117774355988e+01
-1.618131426838375475e+01
-1.624066134225670766e+01
-1.626409652741708101e+01
-1.630698486709107087e+01
-1.628618425708166484e+01
-1.637364113316538550e+01
-1.639592512481265629e+01
-1.640045853157001687e+01
-1.641561556320990078e+01
-1.646315727142650331e+01
-1.648180803748573808e+01
-1.647497215116068858e+01
-1.647538886285141757e+01
-1.649194314618811674e+01
-1.646356497846191758e+01
-1.644543778939154421e+01
-1.644766653441660154e+01
-1.640805381169527166e+01
-1.631600540500479468e+01
-1.634277238030126611e+01
-1.632809888721221370e+01
-1.643455649605204627e+01
-1.646344466064090994e+01
-1.638961008369760108e+01
-1.639737837776664264e+01
-1.647068880969030857e+01
-1.645616033478042795e+01
-1.646367637647143312e+01
-1.653380112987946049e+01
-1.653231929310354076e+01
-1.648559957751358596e+01
-1.646403698879075250e+01
-1.652565987767930267e+01
-1.642701808028188637e+01
-1.642030225334758953e+01
-1.640503358646187593e+01
-1.644535630462951303e+01
-1.635392621658869672e+01
-1.640672463889780985e+01
-1.640878590142219196e+01
-1.635949147923544444e+01
-1.643711801440277043e+01
-1.642079939767318209e+01
-1.629585374340242154e+01
-1.625973930296450831e+01
-1.631159334783742665e+01
-1.636991158975208549e+01
-1.636747365917018371e+01
-1.643227364698253012e+01
-1.631352932442508319e+01
-1.637313086972191201e+01
-1.633131858082990817e+01
-1.632058669991342370e+01
-1.629351645602774923e+01
-1.641289016032071046e+01
-1.636907324117231255e+01
-1.645474943859007766e+01
-1.640526905526784773e+01
-1.646247853723225418e+01
-1.638700619961590021e+01
-1.639605290942448335e+01
-1.640623973046596973e+01
-1.631233306021281493e+01
-1.639982674916912231e+01
-1.639173699184846811e+01
-1.641159001883141499e+01
-1.642580519512359771e+01
-1.637384528027890340e+01
-1.639903287083528483e+01
-1.632446135305228196e+01
-1.632900513470051251e+01
-1.618685255920243904e+01
-1.622499474592868296e+01
-1.616339263579566321e+01
-1.612682034066173387e+01
-1.610139583200639635e+01
-1.605126679116238364e+01
-1.606663076025971293e+01
-1.602451196353805685e+01
-1.602305234351837271e+01
-1.593064201950405590e+01
-1.597839003155459103e+01
-1.597157441709563130e+01
-1.600168981629989062e+01
-1.597589994267415214e+01
-1.601801963039967802e+01
-1.610025020291262976e+01
-1.616547960564853881e+01
-1.611488120172490568e+01
-1.614450511956931322e+01
-1.607588623815719941e+01
-1.610653405384941195e+01
-1.609081766516204226e+01
-1.603785822819808615e+01
-1.603138198676412429e+01
-1.594864485826628453e+01
-1.595088378435080756e+01
-1.595461206367907359e+01
-1.601953126643228842e+01
-1.604906557660811828e+01
-1.601403773955973620e+01
-1.596133697218173175e+01
-1.599230393683641260e+01
-1.603732962335993406e+01
-1.604684730378790647e+01
-1.607931907577767561e+01
-1.613721566139468777e+01
-1.608617832020333083e+01
-1.607530648583509603e+01
-1.609335258583594097e+01
-1.602021993832056168e+01
-1.601611694213790926e+01
-1.601995204147791441e+01
-1.605086091512290380e+01
-1.592327297727862145e+01
-1.600222580882967449e+01
-1.593189758060019656e+01
-1.596744417803662941e+01
-1.594101939630581022e+01
-1.596845485589610014e+01
-1.598087807099708790e+01
-1.595222442957422082e+01
-1.593895778677929442e+01
-1.593735741818130336e+01
-1.594655924328995056e+01
-1.592661126820501671e+01
-1.595184042655091794e+01
-1.595984677272717178e+01
-1.591685317611132255e+01
-1.592410405646494986e+01
-1.595680913635848519e+01
-1.598033545495584917e+01
-1.599189553026958421e+01
-1.596898259994073754e+01
-1.608763951843705797e+01
-1.608442644595361415e+01
-1.607493291173234695e+01
-1.605034590186855681e+01
