# 2*np.log[MAD(r)] for 100 flights; 1000 steps per flight; run 44 of 50; mu: 3.00; seed: 43
-2.588500498293033303e+01
-2.342141517482476587e+01
-2.260427008798611581e+01
-2.253719760584806409e+01
-2.186188163142642082e+01
-2.168601908613809570e+01
-2.167880742043729470e+01
-2.185950658656889800e+01
-2.150063021652869821e+01
-2.161614391344797426e+01
-2.141485066155024697e+01
-2.143350264129347948e+01
-2.107107496855060091e+01
-2.085049401875722808e+01
-2.075779714010928600e+01
-2.106245757088883153e+01
-2.082097685654836994e+01
-2.072168579463088633e+01
-2.046310569572704097e+01
-2.048771503512954339e+01
-2.056607958520190493e+01
-2.061435608210496895e+01
-2.037254181739772108e+01
-2.056378882702228594e+01
-2.035178736841076130e+01
-2.015804426966933249e+01
-2.006833785437085638e+01
-2.011345973172243262e+01
-2.020309058090907683e+01
-2.007612971111753453e+01
-2.001451295652644902e+01
-2.009789083650766273e+01
-1.990029812308433321e+01
-1.995124813786211249e+01
-1.991710393265817913e+01
-1.972942676957475783e+01
-1.983306222821239118e+01
-1.947560196597138571e+01
-1.970910853354274295e+01
-1.956014264435947680e+01
-1.939528806012517848e+01
-1.934978571614293585e+01
-1.938947645187381141e+01
-1.953502942834793998e+01
-1.939356115905751565e+01
-1.923806985573624573e+01
-1.959355618808442046e+01
-1.938558749093645872e+01
-1.929520173602214328e+01
-1.938799836082685601e+01
-1.928950271369469860e+01
-1.930846815696855501e+01
-1.927895280916423104e+01
-1.939012092723784164e+01
-1.927468335352344653e+01
-1.923426865001040653e+01
-1.921790386213941915e+01
-1.931570064882549431e+01
-1.934652813324549925e+01
-1.936680408129513964e+01
-1.929142159935321743e+01
-1.938909910715864626e+01
-1.942143703251174713e+01
-1.955846411115896544e+01
-1.942863441661172530e+01
-1.916456263385237335e+01
-1.920453641680936130e+01
-1.914561972133692080e+01
-1.938493046312261114e+01
-1.931891617678447659e+01
-1.933821765694926142e+01
-1.930720886618389187e+01
-1.921495304728399489e+01
-1.924207050550872466e+01
-1.933543775621355110e+01
-1.960325668477676331e+01
-1.940110219579182171e+01
-1.940808232616316431e+01
-1.933641387257507560e+01
-1.961160734916189696e+01
-1.937816106641754033e+01
-1.931174863753140158e+01
-1.937413737798156532e+01
-1.926155571987758819e+01
-1.929194813828690513e+01
-1.905888752743616266e+01
-1.906584154164860223e+01
-1.890390518219752636e+01
-1.896011889635399328e+01
-1.908906599902435275e+01
-1.929575686329256357e+01
-1.929938886583877178e+01
-1.909264378598697931e+01
-1.901142890607142277e+01
-1.898526569136001285e+01
-1.894806137703272952e+01
-1.873981968659190755e+01
-1.892152025565865614e+01
-1.878192585134669557e+01
-1.883894972053671424e+01
-1.894314726648494940e+01
-1.927412813461899788e+01
-1.902374936924499238e+01
-1.909589920418648745e+01
-1.901174265369959926e+01
-1.876497958186833870e+01
-1.871487152969386969e+01
-1.859765406259383269e+01
-1.850270874633726237e+01
-1.846639581093618432e+01
-1.851278749171915550e+01
-1.849060774914680749e+01
-1.835983957339417216e+01
-1.852592048889047049e+01
-1.862944317397957406e+01
-1.864062971247300027e+01
-1.865522885966242583e+01
-1.861236477991743499e+01
-1.859352163748663145e+01
-1.857728442512570410e+01
-1.861144432634349855e+01
-1.863623882888841621e+01
-1.848758098040411113e+01
-1.853793959527219926e+01
-1.855639960542439226e+01
-1.842885030804790603e+01
-1.857653644922509173e+01
-1.852376677694595486e+01
-1.854828448959124287e+01
-1.852580636764947641e+01
-1.879821856760676368e+01
-1.882423591440867483e+01
-1.865804605826469498e+01
-1.861554300203716750e+01
-1.865614005523058694e+01
-1.847948608206237964e+01
-1.847507996509474282e+01
-1.850219435034633975e+01
-1.848923233810946698e+01
-1.844406560884913304e+01
-1.840970788732717267e+01
-1.850754624723815667e+01
-1.837870652007097050e+01
-1.846094261006896176e+01
-1.844239227353673982e+01
-1.847150224216829173e+01
-1.854953155870936499e+01
-1.870746286194667007e+01
-1.859809535866885710e+01
-1.860554314461774084e+01
-1.850819315147043653e+01
-1.855178750163920043e+01
-1.851944662247836249e+01
-1.855477842084238560e+01
-1.861756547130926620e+01
-1.847265420656205848e+01
-1.846348015625238759e+01
-1.842250306378953439e+01
-1.836959921581086164e+01
-1.844745093806935543e+01
-1.842605121204129404e+01
-1.848764335424127125e+01
-1.825991332904232323e+01
-1.825598496603077336e+01
-1.827595164283220797e+01
-1.835961973963825500e+01
-1.819910725521734562e+01
-1.816538935198278537e+01
-1.815856915431962904e+01
-1.813665516505289688e+01
-1.810639777356259827e+01
-1.823454536754695354e+01
-1.821525482326828893e+01
-1.825467055076029865e+01
-1.818555244220869582e+01
-1.818696964505630831e+01
-1.817326633461092911e+01
-1.816086474442014875e+01
-1.808849136948592928e+01
-1.813299964908554429e+01
-1.809414152502491291e+01
-1.810064285847508714e+01
-1.792103178760163118e+01
-1.801112932702660174e+01
-1.798951867031723850e+01
-1.805679482540038805e+01
-1.799224915024064941e+01
-1.808737129178612690e+01
-1.807278334006959142e+01
-1.796220870744292242e+01
-1.788652801360870725e+01
-1.791839015225522758e+01
-1.791144688162137655e+01
-1.795668865809627235e+01
-1.794815431878246414e+01
-1.795291165680792744e+01
-1.792857410571077637e+01
-1.800432343352303377e+01
-1.806771778677500606e+01
-1.789968251043039871e+01
-1.791700888066666764e+01
-1.792286465872720669e+01
-1.779678103833440517e+01
-1.783233264528302797e+01
-1.777214632937975125e+01
-1.780985352059222393e+01
-1.760512800543191148e+01
-1.770757635137262298e+01
-1.777815111084363053e+01
-1.779641904287160159e+01
-1.773363061802869112e+01
-1.769761052651030653e+01
-1.780004506746218240e+01
-1.770482361688600292e+01
-1.780627675063804816e+01
-1.780782634097444372e+01
-1.795768553332136008e+01
-1.792427684628265894e+01
-1.793449357218790396e+01
-1.787777976779648270e+01
-1.792524203065708832e+01
-1.784710124556480082e+01
-1.779062391526700893e+01
-1.784688410516298873e+01
-1.774026634256768986e+01
-1.769647577285646634e+01
-1.762457022908428073e+01
-1.755202039153974525e+01
-1.763689657405841871e+01
-1.768171476605476400e+01
-1.764827720419105361e+01
-1.763221667726581288e+01
-1.764941709410418724e+01
-1.752851252430460960e+01
-1.748198147543821435e+01
-1.753092890558036032e+01
-1.737718594675331474e+01
-1.740244569458247170e+01
-1.752581751782527419e+01
-1.742312547539781420e+01
-1.747815883141882765e+01
-1.754426718581278521e+01
-1.753715482640198076e+01
-1.747556585000239338e+01
-1.755266085223349393e+01
-1.749153617481147904e+01
-1.774990509617883916e+01
-1.773872667743716747e+01
-1.767162449435560134e+01
-1.772961698061147828e+01
-1.757864207680603030e+01
-1.749378012462816656e+01
-1.755599450535530437e+01
-1.756128572894397522e+01
-1.760268428860087297e+01
-1.751037033961653222e+01
-1.748360202688551368e+01
-1.748640592807805305e+01
-1.750755181663246418e+01
-1.745321751484376449e+01
-1.735074278804374615e+01
-1.732694977310902829e+01
-1.734879096004733512e+01
-1.742894065490159861e+01
-1.739444848998054738e+01
-1.725806475568272802e+01
-1.724520800933645859e+01
-1.731761470412381243e+01
-1.729946366796109913e+01
-1.735892354213067890e+01
-1.728116268568852831e+01
-1.724042433881750824e+01
-1.729330500149733041e+01
-1.720904656217456008e+01
-1.723897329091312969e+01
-1.715880607951230274e+01
-1.722955519035993177e+01
-1.712314186799487103e+01
-1.718506515079675623e+01
-1.723086821103106558e+01
-1.718390486096607361e+01
-1.720760523830932343e+01
-1.718043974313283684e+01
-1.717111247784755079e+01
-1.716761080748582913e+01
-1.721121882753842769e+01
-1.731104170075475679e+01
-1.733823739441506717e+01
-1.740868683100083203e+01
-1.731655464643261766e+01
-1.723186046630046775e+01
-1.726035443573697137e+01
-1.722729178480264522e+01
-1.732023463937441221e+01
-1.736707350546201312e+01
-1.741418003479664378e+01
-1.731028827817016236e+01
-1.728219748199035521e+01
-1.727941401294170021e+01
-1.740146603431895400e+01
-1.730276241632742895e+01
-1.725748279707330468e+01
-1.718241316812294528e+01
-1.725383898781180392e+01
-1.723075981387816213e+01
-1.726958862832649544e+01
-1.735892373075008521e+01
-1.743075033127017903e+01
-1.738966532500283790e+01
-1.724206593637175899e+01
-1.720125303283162665e+01
-1.713702366125928123e+01
-1.711661167106139558e+01
-1.714250481841090235e+01
-1.711951651281736986e+01
-1.713549729374407349e+01
-1.709575588864251827e+01
-1.713700713576598034e+01
-1.713628129102815834e+01
-1.712981342399741536e+01
-1.717207720187464304e+01
-1.713131213541341324e+01
-1.722665303768508238e+01
-1.718763756290947597e+01
-1.716813477444691216e+01
-1.713092940803324993e+01
-1.721067498949451036e+01
-1.715268705825087281e+01
-1.723131047181191988e+01
-1.719606245340267492e+01
-1.721328494283544330e+01
-1.720102968636823348e+01
-1.715242987531364349e+01
-1.712558694306004625e+01
-1.703052667821127741e+01
-1.710742643385215445e+01
-1.703716079547561080e+01
-1.705427434792430219e+01
-1.715166384473646843e+01
-1.715455471306125546e+01
-1.715507409651502968e+01
-1.719625555231510461e+01
-1.717928286043305519e+01
-1.722129512521491534e+01
-1.717817445600735837e+01
-1.727673588408896777e+01
-1.737300446552087863e+01
-1.744511160407753891e+01
-1.741725125741932345e+01
-1.726510376827833326e+01
-1.741854718688333037e+01
-1.735638456373198935e+01
-1.737403361835711024e+01
-1.732281629052529581e+01
-1.731195463918486510e+01
-1.734683481273123462e+01
-1.724937492961796792e+01
-1.734837795523288762e+01
-1.727262712759735308e+01
-1.733007028333596011e+01
-1.732494913288413585e+01
-1.736815633931856695e+01
-1.739816944649668784e+01
-1.730537297745749115e+01
-1.740531593803834554e+01
-1.736772111531600515e+01
-1.755763579067194868e+01
-1.745107818236661501e+01
-1.755386690661350002e+01
-1.760657373987353225e+01
-1.750239644227141511e+01
-1.749559813288237464e+01
-1.742730009568835570e+01
-1.746108392896132600e+01
-1.745473433085727422e+01
-1.738833580147937141e+01
-1.752032275032466302e+01
-1.742056413673052617e+01
-1.743629492722320862e+01
-1.747939233972234518e+01
-1.753890617558441178e+01
-1.753949351405063695e+01
-1.753240160578694429e+01
-1.741532689598249206e+01
-1.736390463347568414e+01
-1.749153666006599295e+01
-1.740297124405681117e+01
-1.744409606957191272e+01
-1.732176222811513355e+01
-1.724251041822058639e+01
-1.725364922010147595e+01
-1.722722029031531221e+01
-1.730631007823823353e+01
-1.734019372319695051e+01
-1.744277333231398330e+01
-1.735428055550523041e+01
-1.730032680225448161e+01
-1.724564897554367704e+01
-1.740260641742841585e+01
-1.727286691564236065e+01
-1.727301282568831553e+01
-1.721682960881219770e+01
-1.728408112674015129e+01
-1.718515916387319820e+01
-1.714300282434920319e+01
-1.735293055344438073e+01
-1.744218702906918139e+01
-1.744542299409091157e+01
-1.743996167628920446e+01
-1.731240856814108753e+01
-1.735802445217287371e+01
-1.732875412431566176e+01
-1.736342924450379854e+01
-1.733992280873164660e+01
-1.724196739000506540e+01
-1.735199588759244094e+01
-1.734893189724467888e+01
-1.728784440505855358e+01
-1.723151806173946810e+01
-1.727442298212098848e+01
-1.721525750602259563e+01
-1.721661027292795509e+01
-1.720552316686154626e+01
-1.720795446465755063e+01
-1.727060535955091325e+01
-1.718952279199654498e+01
-1.735772199837722241e+01
-1.733480925729204003e+01
-1.728299732176394699e+01
-1.734247753147884552e+01
-1.736106134282373858e+01
-1.725510882917689415e+01
-1.730247590911782751e+01
-1.732954597714964606e+01
-1.728943274034309141e+01
-1.729637740991618600e+01
-1.732233769783170274e+01
-1.715647812701918440e+01
-1.715435730339182641e+01
-1.717083639183090682e+01
-1.712632185381499639e+01
-1.712394883531020540e+01
-1.702914118921162512e+01
-1.709981924574503509e+01
-1.718061987813283764e+01
-1.714978799264776654e+01
-1.715560839430076356e+01
-1.709907007627893805e+01
-1.707981749020735052e+01
-1.706241340670725037e+01
-1.695041008343566702e+01
-1.696822338683599796e+01
-1.701403674074798289e+01
-1.705728606272024805e+01
-1.694681979011013340e+01
-1.701060922343528858e+01
-1.697882408613171989e+01
-1.701109198593849570e+01
-1.714662676124946472e+01
-1.703194841686388372e+01
-1.699070991248081697e+01
-1.708686687240538404e+01
-1.706305680645312961e+01
-1.706691699951007379e+01
-1.707524877928369378e+01
-1.706870753678824570e+01
-1.708032863455068906e+01
-1.696728866797051083e+01
-1.698988497941173037e+01
-1.690655635366017151e+01
-1.686138828820362079e+01
-1.680289255072616683e+01
-1.684754559687146624e+01
-1.678601415821030329e+01
-1.678916120410699975e+01
-1.691481667631357055e+01
-1.701694663191088708e+01
-1.693516199337574690e+01
-1.685920926594226188e+01
-1.676818516368375711e+01
-1.681130835476277952e+01
-1.677841382988608032e+01
-1.676251497503813326e+01
-1.677042053579112846e+01
-1.676392431828973884e+01
-1.679012301269408525e+01
-1.676983872878238913e+01
-1.677573513067616773e+01
-1.681185445564996073e+01
-1.674888658743015313e+01
-1.681457039374516071e+01
-1.671628275108142958e+01
-1.681888439823666204e+01
-1.686474372120622078e+01
-1.678123982000777659e+01
-1.677317921906256970e+01
-1.667695204317833202e+01
-1.658540302987040604e+01
-1.656690606601586424e+01
-1.662273104083702790e+01
-1.663329531060208666e+01
-1.660267191033106116e+01
-1.658478502160892987e+01
-1.661322105100084912e+01
-1.658852356036435438e+01
-1.655065257413864899e+01
-1.665106989232067392e+01
-1.665442372561199846e+01
-1.667419108687744966e+01
-1.665114297005260369e+01
-1.667726258120586635e+01
-1.652675224323883540e+01
-1.661462593729805803e+01
-1.663344459371440109e+01
-1.662572301670562780e+01
-1.658896077800769220e+01
-1.665280367494789360e+01
-1.663487734698480125e+01
-1.659248209644542982e+01
-1.670509479752900717e+01
-1.670789896496394533e+01
-1.675065147481692307e+01
-1.677500625296066161e+01
-1.682902344648903892e+01
-1.681374623604772012e+01
-1.682209441969408914e+01
-1.675672066949144323e+01
-1.666867201595047732e+01
-1.668063432489406850e+01
-1.665833118250485967e+01
-1.658629438647879439e+01
-1.670313934064150274e+01
-1.665384245495327065e+01
-1.667921095928634401e+01
-1.665935901785458384e+01
-1.665118938585548491e+01
-1.663019084912050971e+01
-1.677679569663208170e+01
-1.677587148472846579e+01
-1.667245538058503840e+01
-1.666763546612418523e+01
-1.668950275251787474e+01
-1.679960651835471452e+01
-1.683396259155907160e+01
-1.683199972751813078e+01
-1.680295393698250450e+01
-1.679671456863929180e+01
-1.668803340824772974e+01
-1.672021783753532276e+01
-1.667663065311466752e+01
-1.664053656049321717e+01
-1.668436060354407147e+01
-1.663524316353424126e+01
-1.667965641256613196e+01
-1.668131171844602534e+01
-1.665650706241868662e+01
-1.667576269657365984e+01
-1.661396160523505472e+01
-1.662556401301777242e+01
-1.669583200706790294e+01
-1.673705500635273324e+01
-1.667404067520374866e+01
-1.670793079112794999e+01
-1.664318982548580905e+01
-1.657243813915865971e+01
-1.659534536383564429e+01
-1.657776015266352942e+01
-1.659489066019890302e+01
-1.666894820013915890e+01
-1.668299283862653581e+01
-1.668399863009863893e+01
-1.666220279047865915e+01
-1.666797137666049622e+01
-1.664253904607162937e+01
-1.657099061714992061e+01
-1.655007840985053491e+01
-1.655279074983427989e+01
-1.661874949652413491e+01
-1.660055420073549115e+01
-1.658613016369227822e+01
-1.662850405403790077e+01
-1.662666234644688501e+01
-1.664431749574587727e+01
-1.657166034674824928e+01
-1.666327445306294308e+01
-1.659174659570026478e+01
-1.667978478272570442e+01
-1.654988520619061632e+01
-1.656240710456290444e+01
-1.655698241739334620e+01
-1.647050938824861888e+01
-1.644070548614711669e+01
-1.642985922103937924e+01
-1.649832793190827118e+01
-1.651711768558897830e+01
-1.665127234518422128e+01
-1.656299642514895964e+01
-1.660133822231544798e+01
-1.664135054613587883e+01
-1.663227698630600315e+01
-1.667545970881977979e+01
-1.662458096298572485e+01
-1.660415455257169981e+01
-1.657572188057292095e+01
-1.656581966853422117e+01
-1.657694399996142565e+01
-1.656016412595087672e+01
-1.654336026916238112e+01
-1.661447623913039351e+01
-1.652901256472739888e+01
-1.646290844820808630e+01
-1.644251794767511043e+01
-1.661455272192678834e+01
-1.657477794050928566e+01
-1.655227452147967071e+01
-1.665301558886785571e+01
-1.665433496902656074e+01
-1.668162805744644928e+01
-1.668194620262131522e+01
-1.674044814423903560e+01
-1.676861146961198301e+01
-1.665915841591445457e+01
-1.652472331374257308e+01
-1.643977766747984859e+01
-1.654391425585151865e+01
-1.660591246351757633e+01
-1.664755219895101135e+01
-1.665983780398449809e+01
-1.656600443550329871e+01
-1.654807780006386864e+01
-1.660923829273732011e+01
-1.657216247572421608e+01
-1.667943208017716472e+01
-1.656214525204398669e+01
-1.638536851182006515e+01
-1.642145124338436801e+01
-1.640714771197233901e+01
-1.654386372512387027e+01
-1.656141863652022295e+01
-1.655234435157334616e+01
-1.655454526107104840e+01
-1.652039774136265748e+01
-1.650643128868010123e+01
-1.656515817756530140e+01
-1.660430862586130374e+01
-1.652947187059412215e+01
-1.658123012022929288e+01
-1.663142669698205012e+01
-1.663577723036464917e+01
-1.663999492915283440e+01
-1.666157888964709244e+01
-1.673938530853853379e+01
-1.666425781525808603e+01
-1.670981945171602234e+01
-1.668989145976814470e+01
-1.665096742636376348e+01
-1.663905229533157382e+01
-1.662142131236346643e+01
-1.663460103872516882e+01
-1.668832439132400935e+01
-1.665150545308243935e+01
-1.652674971924626846e+01
-1.651890302375917585e+01
-1.663231194925050715e+01
-1.665049699211508027e+01
-1.661297381543736051e+01
-1.655752396431870821e+01
-1.662149000888134864e+01
-1.656479130214675521e+01
-1.660537022767378090e+01
-1.657136892117549820e+01
-1.655696888384454724e+01
-1.650014814455706613e+01
-1.661412982260462456e+01
-1.661959505829734596e+01
-1.657695277256500788e+01
-1.659250217867384691e+01
-1.654331563638509550e+01
-1.655902861808485582e+01
-1.653802647580999619e+01
-1.649684172974587781e+01
-1.652926400756767578e+01
-1.646480991501881874e+01
-1.653046416134218788e+01
-1.651073928985838535e+01
-1.644518117398750690e+01
-1.650534752904140134e+01
-1.636027794541931968e+01
-1.648285407260347668e+01
-1.650992431291633622e+01
-1.659461806996601752e+01
-1.655659141366113829e+01
-1.662448267393356360e+01
-1.662398153025511860e+01
-1.658107526545094146e+01
-1.658843037637799256e+01
-1.656658047444541282e+01
-1.668043919984261336e+01
-1.676895636049743032e+01
-1.672159592505693837e+01
-1.663240714193211645e+01
-1.654267217170402304e+01
-1.654084910515283013e+01
-1.662737431910399977e+01
-1.660165478133072625e+01
-1.660557386790657475e+01
-1.657897687059189806e+01
-1.647548705976391403e+01
-1.651145913160192791e+01
-1.644755518316287279e+01
-1.649277243960884931e+01
-1.652975829272910602e+01
-1.652031467452596658e+01
-1.646333170733622353e+01
-1.643403195104144032e+01
-1.646641154349130431e+01
-1.655782452760728063e+01
-1.658452523687722291e+01
-1.639802490301640958e+01
-1.638434832786572670e+01
-1.640337526298067061e+01
-1.637379621187691825e+01
-1.628599263149319398e+01
-1.625703867888601550e+01
-1.628141132877690822e+01
-1.635921110568401460e+01
-1.640970347307604627e+01
-1.644232084239727598e+01
-1.646987078106824498e+01
-1.647916669059835826e+01
-1.648747450502258971e+01
-1.655093579599457243e+01
-1.661684298242111524e+01
-1.657505514757685816e+01
-1.650203190108631190e+01
-1.648275942560385232e+01
-1.654636226016004485e+01
-1.648691283316688327e+01
-1.643762534003557363e+01
-1.645129016410173506e+01
-1.651247948762528495e+01
-1.639715492477132486e+01
-1.640224063453443648e+01
-1.635108951087638829e+01
-1.631674226805480288e+01
-1.630100602190238135e+01
-1.636637726266712178e+01
-1.643929007062944692e+01
-1.637824891920961434e+01
-1.641066099394960887e+01
-1.634938555313385322e+01
-1.636125048693527617e+01
-1.639484704037145946e+01
-1.638813572541113928e+01
-1.621721590783424460e+01
-1.625723542105934172e+01
-1.632329802547076625e+01
-1.629495006747398378e+01
-1.629665551078860020e+01
-1.622144155117715414e+01
-1.624600100889957943e+01
-1.626623655013357350e+01
-1.621580333977017574e+01
-1.618609797626789515e+01
-1.620388525222086429e+01
-1.627278774993363442e+01
-1.627131518580910452e+01
-1.635091914825540016e+01
-1.630685318375099868e+01
-1.621385711522781037e+01
-1.614608618768128423e+01
-1.621299811740859198e+01
-1.621163832295500740e+01
-1.625120762193974855e+01
-1.627546662233331887e+01
-1.630607080826269950e+01
-1.632378162020473056e+01
-1.629315540849215083e+01
-1.625261499594433801e+01
-1.630770630202743376e+01
-1.634609019596960522e+01
-1.628373859206287122e+01
-1.638054497505481777e+01
-1.636409341779431870e+01
-1.630639096281475275e+01
-1.632497281709044401e+01
-1.626844669282065325e+01
-1.629694743488212083e+01
-1.641875450750714549e+01
-1.632757127743893832e+01
-1.627139645854509808e+01
-1.628387339864833550e+01
-1.633674905993736814e+01
-1.630766335396524624e+01
-1.640583288144105367e+01
-1.638538108324165421e+01
-1.636456887182731990e+01
-1.632873260186478248e+01
-1.632244545444685713e+01
-1.635038137430468552e+01
-1.636331742380782472e+01
-1.632243545935540396e+01
-1.630745478973856422e+01
-1.620828252245668821e+01
-1.624045061779604282e+01
-1.621209046800044007e+01
-1.626374995291649839e+01
-1.623174893343915315e+01
-1.612852240879186994e+01
-1.617206682165948806e+01
-1.610913977178067569e+01
-1.624236767686303651e+01
-1.614912042029303763e+01
-1.618968853660305030e+01
-1.620656734981978175e+01
-1.624779120738452320e+01
-1.626937937284727198e+01
-1.615063275857799496e+01
-1.610280958051108513e+01
-1.621959839466551756e+01
-1.625444481410181297e+01
-1.629744250187933829e+01
-1.624129923705874035e+01
-1.619144073676448770e+01
-1.618302826326159405e+01
-1.615416672603550907e+01
-1.614781728936049277e+01
-1.622794379942581600e+01
-1.622903135963718313e+01
-1.621794581782387112e+01
-1.617866281849114074e+01
-1.620635556109725073e+01
-1.616646991364679309e+01
-1.618554071441815267e+01
-1.623877272414997108e+01
-1.630743539379235330e+01
-1.632189223565858072e+01
-1.642898020165384665e+01
-1.642447301733013987e+01
-1.651830517462563463e+01
-1.646503181770991020e+01
-1.646334900659138967e+01
-1.651136010308980318e+01
-1.646557227341928353e+01
-1.642971992087815636e+01
-1.639496175269498579e+01
-1.644430962631368942e+01
-1.649353515172488116e+01
-1.647354365787416342e+01
-1.646332186225135175e+01
-1.646996920764279793e+01
-1.644540896019030285e+01
-1.646148161810241817e+01
-1.643012307648316650e+01
-1.641424497109875347e+01
-1.632735249618967899e+01
-1.634242021413785295e+01
-1.635376589755009036e+01
-1.636827600649814585e+01
-1.635483442458483339e+01
-1.638605169848162291e+01
-1.638973978511597096e+01
-1.639068375400037070e+01
-1.638763726104722451e+01
-1.628593531781213244e+01
-1.620436229963169339e+01
-1.615589887637088040e+01
-1.614658907920090769e+01
-1.619899314678641389e+01
-1.627994732080722784e+01
-1.623790974905614704e+01
-1.619448240173231923e+01
-1.617885581957783714e+01
-1.620906970185623308e+01
-1.628957419315731414e+01
-1.620162877037916260e+01
-1.630485244880066631e+01
-1.638824509139237051e+01
-1.637302506146813386e+01
-1.642791947683458531e+01
-1.645481189574110914e+01
-1.646155283807898684e+01
-1.650242005502467535e+01
-1.643308107178875233e+01
-1.645794083418969223e+01
-1.639907247897529174e+01
-1.647469800158990694e+01
-1.643529872810576009e+01
-1.649567596049730156e+01
-1.649892453624036293e+01
-1.638747297803935155e+01
-1.632420973493291072e+01
-1.631912687179421440e+01
-1.631619853194727199e+01
-1.637675040349364508e+01
-1.635618758005596973e+01
-1.651869783736012209e+01
-1.651546467273382390e+01
-1.640713959390734544e+01
-1.628184206860503735e+01
-1.633965290882327537e+01
-1.630559328006408748e+01
-1.629547447187449549e+01
-1.633441751830897815e+01
-1.628981084069575758e+01
-1.635355834226118077e+01
-1.640134171753701509e+01
-1.635799678945565461e+01
-1.634533704273233923e+01
-1.631676958567624069e+01
-1.644863284220721766e+01
-1.639219769137093152e+01
-1.635589197342523349e+01
-1.644657797867950322e+01
-1.644123508050417115e+01
-1.632456928887246406e+01
-1.640997348125862842e+01
-1.644308354222196655e+01
-1.634556416108152277e+01
-1.643485783665111910e+01
-1.647662105736038640e+01
-1.649601359334287309e+01
-1.645585483258004800e+01
-1.647147155016195441e+01
-1.635410337767012479e+01
-1.640445810630045287e+01
-1.644576166698051267e+01
-1.639272284063728691e+01
-1.641470721554349055e+01
-1.638333202460403371e+01
-1.632764071621329549e+01
-1.637938517440904818e+01
-1.642915184583516819e+01
-1.648083422899535933e+01
-1.644615535787795935e+01
-1.652351841482353478e+01
-1.651817291474876725e+01
-1.655480485776723398e+01
-1.647066145611728416e+01
-1.658606149089116855e+01
-1.666955515609651783e+01
-1.644569812266910702e+01
-1.640096661108029608e+01
-1.635187068083581963e+01
-1.637214930881836139e+01
-1.626962582725147044e+01
-1.638558426194649797e+01
-1.642867740544531330e+01
-1.639660248479822968e+01
-1.619722392791483401e+01
-1.617525300507365316e+01
-1.617947933280691686e+01
-1.622928268810435526e+01
-1.632536165084436419e+01
-1.636772295338736782e+01
-1.627634496459922531e+01
-1.634704009654992163e+01
-1.638094652457020572e+01
-1.631916324051372058e+01
-1.631702111766871255e+01
-1.621970188629788012e+01
-1.629678834204116100e+01
-1.633520365120924467e+01
-1.636016471413940465e+01
-1.640703047896275280e+01
-1.636215999842573510e+01
-1.636639976933760110e+01
-1.623625910461002420e+01
-1.632685696278735676e+01
-1.633942223045686859e+01
-1.624159287983076894e+01
-1.631041902906287433e+01
-1.631634588370470951e+01
-1.638565930084831024e+01
-1.642641573765356355e+01
-1.635218750288071021e+01
-1.638289350363130836e+01
-1.643678650780626782e+01
-1.649280571685791585e+01
-1.650969433473297698e+01
-1.645553887450176589e+01
-1.647924314409822344e+01
-1.649403838837639569e+01
-1.651538347713573884e+01
-1.644123624538716300e+01
-1.645123810111233809e+01
-1.638471601278544298e+01
-1.644191473997056718e+01
-1.641725750762785907e+01
-1.642234811480598111e+01
-1.630926324626460300e+01
-1.631474857715893023e+01
-1.636360209799111232e+01
-1.627259075844078851e+01
-1.626144215577127028e+01
-1.628947448656893826e+01
-1.625767054216144558e+01
-1.623125188553150267e+01
-1.625485986550502915e+01
-1.632003272483841982e+01
