# 2*np.log[MAD(r)] for 100 flights; 1000 steps per flight; run 9 of 50; mu: 3.00; seed: 8
-2.491675686937545819e+01
-2.374294964987641166e+01
-2.269982433373169783e+01
-2.234029712391935973e+01
-2.187701776913859675e+01
-2.212655819652294298e+01
-2.192118975215649002e+01
-2.187244771131953414e+01
-2.184358977901372256e+01
-2.179796837478502525e+01
-2.149822400731784811e+01
-2.110435737871056361e+01
-2.104831997843312053e+01
-2.094265977357807529e+01
-2.111257317469270944e+01
-2.085455801796793907e+01
-2.110125248498774297e+01
-2.074247871997040349e+01
-2.084278524544624389e+01
-2.047167628425866326e+01
-2.075289019075349373e+01
-2.062903632830122191e+01
-2.060547394111273789e+01
-2.055741690289662671e+01
-2.041883581116120894e+01
-2.029700917793789472e+01
-2.025408575249116438e+01
-2.032603570509437674e+01
-2.032775574683562425e+01
-2.018737167468590243e+01
-2.027312597912052183e+01
-2.030288316131140292e+01
-2.032095964947908584e+01
-2.028581733522493380e+01
-2.023893482843433489e+01
-2.015942928817828772e+01
-1.981163438750619932e+01
-2.010597663557903658e+01
-2.002184334380284270e+01
-1.996184801407411058e+01
-1.999956208850341000e+01
-1.994246719528032230e+01
-1.972013583192595831e+01
-1.953317143001635969e+01
-1.965329709267952296e+01
-1.950978139186261728e+01
-1.955656646446453095e+01
-1.942821242840631868e+01
-1.924584396185332125e+01
-1.920181805708653044e+01
-1.928139445593397738e+01
-1.938211394200718729e+01
-1.962111114633880504e+01
-1.951804068732664632e+01
-1.932215706603024685e+01
-1.933052109424585296e+01
-1.920567109707798537e+01
-1.935883117738709913e+01
-1.923018610525719652e+01
-1.923485247895473194e+01
-1.916498331194234694e+01
-1.917150476922298097e+01
-1.914538992425165986e+01
-1.896414081028253662e+01
-1.912290187119777940e+01
-1.914477457731987187e+01
-1.924923106786931015e+01
-1.926185478850250377e+01
-1.920605522439342394e+01
-1.922564918956994262e+01
-1.900743130210981136e+01
-1.924386703654074537e+01
-1.919301343144724470e+01
-1.909876576257662251e+01
-1.928180380102406488e+01
-1.921855016703953467e+01
-1.925381384110502125e+01
-1.913645885755588338e+01
-1.916540900996871954e+01
-1.924825897726637436e+01
-1.920845938848582080e+01
-1.873312925597908318e+01
-1.882594520878970457e+01
-1.908787872212423053e+01
-1.907638624024662377e+01
-1.885521167781993412e+01
-1.900365165208443230e+01
-1.909701946290727292e+01
-1.907994442592900697e+01
-1.900679336425437427e+01
-1.894404948862572979e+01
-1.892994875917745645e+01
-1.889380176605663308e+01
-1.902194102985900059e+01
-1.874585348366907311e+01
-1.863817012072580326e+01
-1.854315490425529234e+01
-1.848893820942185684e+01
-1.842167434979418417e+01
-1.834703021512251908e+01
-1.828505053380427015e+01
-1.825983966096483613e+01
-1.829203408959472910e+01
-1.840950998506820824e+01
-1.845413972448609030e+01
-1.847606185292726266e+01
-1.842599258448894872e+01
-1.833823674755920408e+01
-1.838438408961866699e+01
-1.838989365194742120e+01
-1.833954083863068263e+01
-1.811646480854181007e+01
-1.815561802680748116e+01
-1.822852745998503821e+01
-1.817345895621400942e+01
-1.812124437579441505e+01
-1.819341567671190774e+01
-1.823126799246867691e+01
-1.833818168595318809e+01
-1.825645266484810847e+01
-1.829811752837050776e+01
-1.829559182177108667e+01
-1.824919869239921866e+01
-1.810782619553676298e+01
-1.811359251391327163e+01
-1.810010066721279642e+01
-1.809971307059511147e+01
-1.818408837795574229e+01
-1.825006131902191342e+01
-1.821170457219327687e+01
-1.825560103186012739e+01
-1.818979418208194687e+01
-1.824152514654403490e+01
-1.834624029822403202e+01
-1.840686980480915125e+01
-1.850484039505127498e+01
-1.847583363523076727e+01
-1.855561630835251563e+01
-1.854503910515272125e+01
-1.849014529957078778e+01
-1.848341670913709223e+01
-1.846319142178286299e+01
-1.852814511421283683e+01
-1.854762890280827037e+01
-1.852390816208313140e+01
-1.830900892181535511e+01
-1.821824937490467988e+01
-1.836164504378769635e+01
-1.833728760257429258e+01
-1.833319870791694939e+01
-1.824669199278691067e+01
-1.811071741985483641e+01
-1.808394039417871468e+01
-1.826520507332465471e+01
-1.832458485679710947e+01
-1.826951648783665405e+01
-1.822662503352827201e+01
-1.814742181276520938e+01
-1.819500706278745383e+01
-1.828300936852589587e+01
-1.835698620962977046e+01
-1.820635998090321905e+01
-1.825747109456893469e+01
-1.813822948180527916e+01
-1.804376385413751649e+01
-1.807695266724690697e+01
-1.803758540659910992e+01
-1.800904090951224035e+01
-1.814753430728854866e+01
-1.808048425528755487e+01
-1.804036215276068589e+01
-1.825292341598181167e+01
-1.820087012406001392e+01
-1.816198863048338907e+01
-1.806036039778631164e+01
-1.809016747688074034e+01
-1.807362599980667994e+01
-1.797555899402760815e+01
-1.796696563060500651e+01
-1.809121919891172325e+01
-1.792956249562601556e+01
-1.803661505151569955e+01
-1.783693677459880789e+01
-1.797926700346214091e+01
-1.800126309862981699e+01
-1.793518495678734936e+01
-1.783104813294845670e+01
-1.792647957060935582e+01
-1.792957306917640992e+01
-1.806205830258013023e+01
-1.787811574254978808e+01
-1.784719876767606905e+01
-1.812431554967986713e+01
-1.800918075825382658e+01
-1.795279374838007413e+01
-1.794608608580379183e+01
-1.798521492712121272e+01
-1.790088049029677109e+01
-1.814503445898165168e+01
-1.811448094455786517e+01
-1.805852532455895698e+01
-1.803094986408465417e+01
-1.814045978231892775e+01
-1.812983358661861999e+01
-1.817936093761053584e+01
-1.827448365502342043e+01
-1.807533329557010049e+01
-1.801169107935595903e+01
-1.802460609477715536e+01
-1.799418333109106882e+01
-1.801289397814654691e+01
-1.807149422567157160e+01
-1.802696357613029221e+01
-1.796292455789292930e+01
-1.790195768327033932e+01
-1.796468846660236451e+01
-1.799226765146414664e+01
-1.805617787647117822e+01
-1.800426084567127205e+01
-1.787264047968088931e+01
-1.787524263438915639e+01
-1.785642266155090851e+01
-1.778233772665283752e+01
-1.773483579308271985e+01
-1.783548820133052359e+01
-1.776328765108580043e+01
-1.782529916269458781e+01
-1.775804092675317136e+01
-1.780557831268373903e+01
-1.786332728098575018e+01
-1.782140030111234452e+01
-1.785864029877050996e+01
-1.783582204139995753e+01
-1.780569260972564294e+01
-1.777092507641423325e+01
-1.777379581361832805e+01
-1.784744863421112271e+01
-1.774754621626186335e+01
-1.774921290603826307e+01
-1.802578009245313950e+01
-1.787084197841576838e+01
-1.790766982954928110e+01
-1.791213020504541831e+01
-1.791914133840888468e+01
-1.815121469359821305e+01
-1.802765193112671582e+01
-1.801764955283865177e+01
-1.810322074650549595e+01
-1.809505949055662910e+01
-1.808409471307300009e+01
-1.819141510354311464e+01
-1.808276303369394000e+01
-1.810348167487551763e+01
-1.818447930947628066e+01
-1.810512602902897328e+01
-1.812762951223019314e+01
-1.781031377332872623e+01
-1.779126634604767077e+01
-1.775391808000859939e+01
-1.773928716633055913e+01
-1.771674084271275973e+01
-1.784668943429764099e+01
-1.783859260568778993e+01
-1.768452428025259948e+01
-1.761017783663339031e+01
-1.767796033595542582e+01
-1.754505978931725352e+01
-1.763616025045098823e+01
-1.758064822898283097e+01
-1.750293905125248628e+01
-1.752156547349367699e+01
-1.761539022899600582e+01
-1.771432895611777170e+01
-1.773379976376898171e+01
-1.772322708908783540e+01
-1.759097337956114870e+01
-1.757956469451546866e+01
-1.768523411136650836e+01
-1.763999577992294832e+01
-1.766233679961774072e+01
-1.763663405716098609e+01
-1.758979854324094205e+01
-1.758981296906911140e+01
-1.766309178125954915e+01
-1.769797928092598838e+01
-1.763983751002921352e+01
-1.753693193825980501e+01
-1.757852616937158885e+01
-1.748344688730604091e+01
-1.746166977298987533e+01
-1.747059904438231825e+01
-1.740242789311955107e+01
-1.762028232109961223e+01
-1.747510561221458758e+01
-1.754160498443270555e+01
-1.744642912544467350e+01
-1.753737204908551206e+01
-1.756809911770699273e+01
-1.751952268612419772e+01
-1.749784498468329730e+01
-1.745349275292308633e+01
-1.743989748604140644e+01
-1.742620692975173924e+01
-1.743976400761096102e+01
-1.743566203663677427e+01
-1.741691748183214017e+01
-1.739310287281990952e+01
-1.740850855824834653e+01
-1.762433772927492015e+01
-1.762450970425130947e+01
-1.746734936943754590e+01
-1.735334207748372748e+01
-1.746764545141528657e+01
-1.745763715650886994e+01
-1.743875922089503305e+01
-1.742635553361940026e+01
-1.750562075255136563e+01
-1.742875370555596959e+01
-1.752326728168861791e+01
-1.745788601194649914e+01
-1.732748908692632028e+01
-1.729278171534570063e+01
-1.729107852351905450e+01
-1.720386586204829626e+01
-1.722576803565491943e+01
-1.713710639508300915e+01
-1.722262538592528358e+01
-1.730549109643319028e+01
-1.748916837250758149e+01
-1.725840745299215939e+01
-1.718476088112815603e+01
-1.722542795477335531e+01
-1.721234611047662000e+01
-1.725237719185324892e+01
-1.722065215196903765e+01
-1.724307378046286132e+01
-1.736873860240088874e+01
-1.734058003363958633e+01
-1.734147357163750769e+01
-1.722593563306949349e+01
-1.729661465849958901e+01
-1.731166172722814878e+01
-1.724664978966097806e+01
-1.720435093570709029e+01
-1.723795556959422015e+01
-1.732160957685420755e+01
-1.731348604485895493e+01
-1.738021401010594502e+01
-1.737900706491522129e+01
-1.721947735665869317e+01
-1.724930490720629450e+01
-1.735127374899772335e+01
-1.728238494739985143e+01
-1.732909837485485482e+01
-1.716514059156998684e+01
-1.712714842088178813e+01
-1.711758916976064882e+01
-1.706049410954239320e+01
-1.706526682035169884e+01
-1.706553167785703096e+01
-1.719367487767118519e+01
-1.718832724546095392e+01
-1.720571814286483914e+01
-1.722441623039024705e+01
-1.718472701673218594e+01
-1.715097376750611957e+01
-1.726901156022842798e+01
-1.721742396472559022e+01
-1.725695588974388528e+01
-1.719737235198532233e+01
-1.713600441267795560e+01
-1.709963176014169051e+01
-1.722238303375324975e+01
-1.719426736489776530e+01
-1.725358998457625503e+01
-1.713405906229573361e+01
-1.709954807052801584e+01
-1.713494890616827249e+01
-1.714570940911343655e+01
-1.712903870407544460e+01
-1.711916534176823745e+01
-1.723493627261487049e+01
-1.729581933363083479e+01
-1.727619316648992154e+01
-1.723516541958371207e+01
-1.724978129897567314e+01
-1.737873482529139579e+01
-1.725759445022961813e+01
-1.721418317725683167e+01
-1.706253979038384472e+01
-1.718259991673600595e+01
-1.708659296171455821e+01
-1.716155239128715593e+01
-1.716979821185174870e+01
-1.711474229366322675e+01
-1.714281729416576283e+01
-1.718411463008751028e+01
-1.709231838858780250e+01
-1.705779295808367735e+01
-1.712342250794119280e+01
-1.712011987779794708e+01
-1.721218695400215992e+01
-1.715228752472704343e+01
-1.722425473833670040e+01
-1.709249062276408182e+01
-1.716038134489546962e+01
-1.704588810853985237e+01
-1.702088722580456803e+01
-1.701548673887507590e+01
-1.705226677767521792e+01
-1.709441261923754141e+01
-1.710413308785166819e+01
-1.699235206584553026e+01
-1.696311822275485071e+01
-1.701883423619271340e+01
-1.712662343581045121e+01
-1.714413501408014895e+01
-1.702811074953685377e+01
-1.702300513728523157e+01
-1.702216385485489880e+01
-1.680670621267702103e+01
-1.684348977259393365e+01
-1.682423380383917078e+01
-1.677138073735452295e+01
-1.685339607874872669e+01
-1.694881167800429367e+01
-1.689239894327517533e+01
-1.690282266514304510e+01
-1.689177254469480260e+01
-1.691502963895937128e+01
-1.690631780439711562e+01
-1.685851237486812337e+01
-1.688670858659306617e+01
-1.689470854197393379e+01
-1.695024827211086205e+01
-1.693698960175279211e+01
-1.688345848645577973e+01
-1.687514249710896053e+01
-1.693720604629143267e+01
-1.695391609500496699e+01
-1.686290265581593673e+01
-1.693223846380232089e+01
-1.697231174221781203e+01
-1.700693824406441479e+01
-1.697938499108390786e+01
-1.692131567819655302e+01
-1.697412279188928252e+01
-1.698976390218019716e+01
-1.700417582599484945e+01
-1.696752273394349686e+01
-1.688401915667805397e+01
-1.692284649773070271e+01
-1.688232938297184305e+01
-1.686884306789008647e+01
-1.682317730831713476e+01
-1.686161437460134849e+01
-1.692949560381619278e+01
-1.702138616869901711e+01
-1.702258156520081656e+01
-1.690580454961616397e+01
-1.686951746441172872e+01
-1.685290180231671542e+01
-1.691134743361854831e+01
-1.694605966952195786e+01
-1.681442908299540662e+01
-1.686010336805789223e+01
-1.692191818791534175e+01
-1.706114144839634861e+01
-1.703648116800914281e+01
-1.700941337987078228e+01
-1.693026191319336959e+01
-1.709055389453378027e+01
-1.709068731350103221e+01
-1.703808511357467026e+01
-1.704496494989402322e+01
-1.707974369874371945e+01
-1.709342658471792475e+01
-1.702906354268278832e+01
-1.692782106220732530e+01
-1.695524847282808523e+01
-1.691734693908644971e+01
-1.701246679728843958e+01
-1.708866248395962373e+01
-1.715593742607692462e+01
-1.707954655047570114e+01
-1.705293446842354044e+01
-1.694992008965148855e+01
-1.701992062402452888e+01
-1.695683816486804218e+01
-1.696294589426588928e+01
-1.688211269561461592e+01
-1.686369572081889601e+01
-1.688916090347747812e+01
-1.685621022003403624e+01
-1.686552952398173844e+01
-1.699981239458109528e+01
-1.697316646154117237e+01
-1.680509495982985158e+01
-1.692236988879403015e+01
-1.691264515317631734e+01
-1.677219645882453491e+01
-1.687113521186103071e+01
-1.681332442421252082e+01
-1.684092954357267402e+01
-1.691725974707132707e+01
-1.699010178590718922e+01
-1.696339871325453075e+01
-1.689066626816782346e+01
-1.692088385981803356e+01
-1.701851072698060108e+01
-1.695954652218089009e+01
-1.688736571646982298e+01
-1.691873585660154689e+01
-1.681171589195647442e+01
-1.672260400402651470e+01
-1.683549580520690014e+01
-1.687739360513747044e+01
-1.688538869420057154e+01
-1.697896531340761328e+01
-1.693707462281624032e+01
-1.695672054944200724e+01
-1.702801021972617335e+01
-1.704755656897945570e+01
-1.709046068893457715e+01
-1.704348598607354504e+01
-1.701969133025164638e+01
-1.700629177428014316e+01
-1.714425720947356879e+01
-1.710917358798999643e+01
-1.695976936523106104e+01
-1.703998681074213906e+01
-1.694126091283827051e+01
-1.686501474884162022e+01
-1.674713520024435809e+01
-1.672200053095382799e+01
-1.673329814081977318e+01
-1.677619657961457023e+01
-1.679916985598973866e+01
-1.684010993047207805e+01
-1.680246891616060978e+01
-1.672141823511953262e+01
-1.668378772914055475e+01
-1.675415732969858951e+01
-1.674304145820727996e+01
-1.680402049262713859e+01
-1.681285805924217058e+01
-1.682013627328125693e+01
-1.679784534340284452e+01
-1.680220446267711765e+01
-1.675199748948226741e+01
-1.674292860833102736e+01
-1.673145321655758266e+01
-1.673136137324108930e+01
-1.668945468785651087e+01
-1.680790932287617068e+01
-1.681022812771379193e+01
-1.684929615458685248e+01
-1.674219166550343374e+01
-1.683190498230357690e+01
-1.672411634552204518e+01
-1.670766421183945383e+01
-1.673602493205063269e+01
-1.674890420905234478e+01
-1.667100165549504709e+01
-1.671758988414650560e+01
-1.672754880846649428e+01
-1.674752612296751053e+01
-1.665263124735009370e+01
-1.664410512045011004e+01
-1.671915166131520536e+01
-1.668318300170195201e+01
-1.672167550907992606e+01
-1.667828076626111766e+01
-1.669124065618583330e+01
-1.678224106311227004e+01
-1.671372089543603323e+01
-1.672357282657301880e+01
-1.674199301728952349e+01
-1.679518467880473054e+01
-1.676858784224222276e+01
-1.679945967038131371e+01
-1.669265721718877415e+01
-1.678118685269621224e+01
-1.672580959387136801e+01
-1.674635463679501513e+01
-1.669707544470063709e+01
-1.670168316394383368e+01
-1.672340727998114573e+01
-1.682554189839857628e+01
-1.679662521332893732e+01
-1.679025617948805404e+01
-1.682090909164338655e+01
-1.681867198645822015e+01
-1.678562106532512388e+01
-1.685009104233773769e+01
-1.686364185193178145e+01
-1.694172327389452803e+01
-1.698295160104111190e+01
-1.700194797129963220e+01
-1.703223073304770097e+01
-1.692689898377902935e+01
-1.693702060516150354e+01
-1.686195886754321194e+01
-1.693890871889887251e+01
-1.693197675089368559e+01
-1.684306627790236988e+01
-1.684373123348500911e+01
-1.686499674658900716e+01
-1.690271306458816980e+01
-1.684559426464800680e+01
-1.699611480231906313e+01
-1.688989471935312636e+01
-1.687531145406927280e+01
-1.688969035067299629e+01
-1.697106239231432312e+01
-1.702154225535574028e+01
-1.697557281900204984e+01
-1.688410232506630493e+01
-1.698469464834025899e+01
-1.699070471008873184e+01
-1.698430776954878496e+01
-1.705270795389927230e+01
-1.695378269201367161e+01
-1.699075221223257159e+01
-1.705202012056679450e+01
-1.707972806168700686e+01
-1.701958835200836972e+01
-1.697328789213179689e+01
-1.697463277652405012e+01
-1.696781482664562546e+01
-1.693625013295449833e+01
-1.693295920106984909e+01
-1.695846277140949709e+01
-1.692424691999900332e+01
-1.689178909302743747e+01
-1.684544037209359502e+01
-1.687841152907493480e+01
-1.692825704347269067e+01
-1.698333597562420394e+01
-1.694425649457593508e+01
-1.692125883203978987e+01
-1.684726041327535029e+01
-1.689937041612102320e+01
-1.692371681648300452e+01
-1.686203842144782783e+01
-1.678386361920356507e+01
-1.678055358912029860e+01
-1.682341870039469001e+01
-1.678822539022465676e+01
-1.673124450632570515e+01
-1.684185253404170979e+01
-1.687815196740150725e+01
-1.672477198240125773e+01
-1.676661705487229526e+01
-1.669475995102386179e+01
-1.665262096446639006e+01
-1.666475826337068256e+01
-1.664204635441567959e+01
-1.657907865179824469e+01
-1.667603497767454712e+01
-1.668026766549252216e+01
-1.672641659354532706e+01
-1.673540809040138200e+01
-1.660319618388442109e+01
-1.667205317895032479e+01
-1.666521843198563246e+01
-1.667753734724546177e+01
-1.668752179036071581e+01
-1.676002034494084114e+01
-1.667581316156051940e+01
-1.651121056397325759e+01
-1.657819265219812976e+01
-1.654824734942977926e+01
-1.655895447335769788e+01
-1.653050643379490481e+01
-1.648595800912983123e+01
-1.650369886392871521e+01
-1.645924777962716234e+01
-1.645676688778316077e+01
-1.643237764602588413e+01
-1.646207822465443371e+01
-1.645768353251701654e+01
-1.649068825649817782e+01
-1.648782631801320164e+01
-1.646249159485511981e+01
-1.648748378656065228e+01
-1.644153387466504412e+01
-1.653175238200582697e+01
-1.652677599875399395e+01
-1.654297375760580380e+01
-1.665643472402517844e+01
-1.674612691474590775e+01
-1.673425702829830541e+01
-1.674219305732328777e+01
-1.669837948487291968e+01
-1.678983830135050326e+01
-1.680299920359365018e+01
-1.681164085419674237e+01
-1.682473788266685588e+01
-1.689025567569460762e+01
-1.675765603875078824e+01
-1.665926704836060779e+01
-1.671277892179485747e+01
-1.682191090415001966e+01
-1.682510900868591008e+01
-1.676845588688404121e+01
-1.672410691541147898e+01
-1.668771830835756020e+01
-1.674483077502200956e+01
-1.672926440449991148e+01
-1.671339812464798413e+01
-1.663326320830835314e+01
-1.666916610964046086e+01
-1.666499771097429416e+01
-1.665877641229326400e+01
-1.655040950536930566e+01
-1.655813682954248378e+01
-1.659253067678967497e+01
-1.661319189307906896e+01
-1.658735524588038857e+01
-1.658317912608764289e+01
-1.664718488812065189e+01
-1.663291361652045097e+01
-1.656465484796710186e+01
-1.653454655483193747e+01
-1.638654107529263371e+01
-1.627388706126265205e+01
-1.630078325792804961e+01
-1.623660709231957000e+01
-1.626859893732839524e+01
-1.623430775357213918e+01
-1.621233438119580583e+01
-1.625833528968473018e+01
-1.621125126546090911e+01
-1.620463634543535036e+01
-1.615178466438554494e+01
-1.611729364110376750e+01
-1.614886690688563675e+01
-1.616824353292870242e+01
-1.617773510409221061e+01
-1.628328925369826052e+01
-1.619516254761851215e+01
-1.632730343189484401e+01
-1.636092523010598399e+01
-1.632044136641867027e+01
-1.637117566780177924e+01
-1.634545595738527624e+01
-1.637720286624720956e+01
-1.642525764447581338e+01
-1.645277406524225938e+01
-1.647661473986080338e+01
-1.657935117145496307e+01
-1.650851196953621880e+01
-1.647360235406452844e+01
-1.649710916505080505e+01
-1.648463965492011596e+01
-1.654840745054659124e+01
-1.656372941857568293e+01
-1.649705430983610910e+01
-1.648618546389563377e+01
-1.655600485721051029e+01
-1.653340273935551963e+01
-1.653587694750335046e+01
-1.653774723945779002e+01
-1.657509238673688756e+01
-1.655319321788901021e+01
-1.650568040265649117e+01
-1.639621011387605876e+01
-1.644885030241470147e+01
-1.644854346121494970e+01
-1.644409367507731190e+01
-1.639744117774573340e+01
-1.641794313704928143e+01
-1.645616342178351488e+01
-1.645542763094470118e+01
-1.647052270082316738e+01
-1.646315387654160034e+01
-1.635934423511092106e+01
-1.641908686111253957e+01
-1.639881237481405662e+01
-1.632959707825171591e+01
-1.632163349113412565e+01
-1.628285790726530635e+01
-1.628723357845390041e+01
-1.614850592937253992e+01
-1.622093642708610162e+01
-1.615740401135116144e+01
-1.622635753998096675e+01
-1.628778550407288961e+01
-1.624348875292042749e+01
-1.625466779798842509e+01
-1.636002827998968812e+01
-1.638777464844540077e+01
-1.634193473917593664e+01
-1.629386677942181905e+01
-1.636165401466483260e+01
-1.632399543629320959e+01
-1.640867424212165560e+01
-1.635007924593883644e+01
-1.638453445185173862e+01
-1.637932344383937888e+01
-1.635688237438291637e+01
-1.630088287254595514e+01
-1.628058013157537687e+01
-1.626896903334812450e+01
-1.631166924317241751e+01
-1.638898549027836538e+01
-1.636852645677668150e+01
-1.638596013119062889e+01
-1.632048656638569284e+01
-1.632224043136682567e+01
-1.628435771096138041e+01
-1.632556230715879053e+01
-1.627549771408251189e+01
-1.627359663455138872e+01
-1.639148224736130288e+01
-1.642614550197422574e+01
-1.644208191336041835e+01
-1.642112575731395907e+01
-1.639014442982577791e+01
-1.635223483989987159e+01
-1.632890315920464985e+01
-1.631306893675940017e+01
-1.640638802683998421e+01
-1.642287639384884912e+01
-1.644664777995266647e+01
-1.645153870906809956e+01
-1.643511845531265081e+01
-1.636832501197865497e+01
-1.643204326118374325e+01
-1.631680085417034931e+01
-1.634434226830789783e+01
-1.629378242665394083e+01
-1.634503672647320016e+01
-1.628143959601075252e+01
-1.638496415531880146e+01
-1.630662876051898635e+01
-1.623942951721901906e+01
-1.625309953578731026e+01
-1.635972700443847216e+01
-1.636331062745981413e+01
-1.636817768610046642e+01
-1.614106253990786399e+01
-1.618185962555459767e+01
-1.617354609160670620e+01
-1.610362246869004466e+01
-1.614374977783021592e+01
-1.621211025151877649e+01
-1.625061488896288253e+01
-1.617958022190295253e+01
-1.618903793565132432e+01
-1.622477135483875088e+01
-1.636417993950565020e+01
-1.630988913692859299e+01
-1.639860827383415298e+01
-1.631302187134873805e+01
-1.642461583123700564e+01
-1.635821249473639227e+01
-1.631041782289581477e+01
-1.638862048518226544e+01
-1.638829662073366933e+01
-1.643403068801759304e+01
-1.652354157544491997e+01
-1.640578934971364333e+01
-1.639199824214336232e+01
-1.639776618841154132e+01
-1.633921753149174094e+01
-1.633070155043249727e+01
-1.639107793594317997e+01
-1.635136363535688986e+01
-1.646137586567719424e+01
-1.653720182330548383e+01
-1.648064822115528116e+01
-1.647966113437404445e+01
-1.640406405553694213e+01
-1.641929428163013682e+01
-1.641687119187648136e+01
-1.644755278958914602e+01
-1.644249966854764722e+01
-1.651669151439980254e+01
-1.645519087250938739e+01
-1.639453443936602284e+01
-1.626877324951381709e+01
-1.642453360145733754e+01
-1.644474839754924389e+01
-1.636654172764459858e+01
-1.636366844316468416e+01
-1.634219251898944947e+01
-1.633870234628161100e+01
-1.641656450411270285e+01
-1.637218318848406895e+01
-1.644156035801673710e+01
-1.636926033773984202e+01
-1.622568654295050550e+01
-1.637114373747888862e+01
-1.636193408157260976e+01
-1.630587716774204665e+01
-1.628323736423448764e+01
-1.632247448025242065e+01
-1.629460398519411157e+01
-1.619765220092660840e+01
-1.628154308665094874e+01
-1.631769429767556545e+01
-1.631619633366763722e+01
-1.625474320411133533e+01
-1.627165006510889711e+01
-1.624713631172615180e+01
-1.638662364314431485e+01
-1.636607820580035977e+01
-1.631335751302751902e+01
-1.631340166706115014e+01
-1.627502207549239799e+01
-1.626727448327890002e+01
-1.627881396036062611e+01
-1.627394252229504090e+01
-1.622542545645645973e+01
-1.619422364085869148e+01
-1.630381788913420493e+01
-1.627385465956095700e+01
-1.623199513573583275e+01
-1.624329219245942824e+01
-1.629462038727856310e+01
-1.628801555565394210e+01
-1.632604543189390256e+01
-1.637289261154697328e+01
-1.643669242675082387e+01
-1.651642571270895488e+01
-1.656234718314273735e+01
-1.639837682874743052e+01
-1.649621882824356334e+01
-1.649154995012109737e+01
-1.643515106397569880e+01
-1.645716765075926702e+01
-1.639544280431930900e+01
-1.643782025232698274e+01
-1.634414672117814504e+01
-1.627927499340987794e+01
-1.635765646285072705e+01
-1.631476654385519254e+01
-1.640048741554917200e+01
-1.636993782733541281e+01
-1.633345508691753878e+01
-1.646606851874800626e+01
-1.633875471551050040e+01
-1.633086868762577382e+01
-1.647632747968330236e+01
-1.647083792345267028e+01
-1.647734190850185598e+01
-1.645915297731988503e+01
-1.650069451206724125e+01
-1.641332335669891762e+01
-1.637327462773085784e+01
-1.644345072305110023e+01
-1.649033206354823022e+01
-1.660186296080027546e+01
-1.656286011687874904e+01
-1.659175486491503193e+01
-1.660889973475147841e+01
-1.645482451811802704e+01
-1.648796277893104545e+01
-1.655667773619355998e+01
-1.648640284523614596e+01
-1.651143990264002426e+01
-1.658876409465250390e+01
-1.653637395301312907e+01
-1.647810135954320288e+01
-1.651218060766629492e+01
-1.642460421361855794e+01
-1.647280870228397021e+01
-1.653774144133116408e+01
-1.654058115125340578e+01
-1.658620494901612830e+01
-1.656175883842619001e+01
-1.656241018819489597e+01
-1.646003859216522613e+01
-1.650440811897691518e+01
-1.661434861295693111e+01
-1.656241411977055122e+01
-1.652831937669033024e+01
-1.657759377457990979e+01
-1.651899463524451406e+01
-1.643799705888843476e+01
-1.640351899847757267e+01
-1.639457880100790277e+01
-1.636269100224079409e+01
-1.628039999819417361e+01
-1.627224706021781131e+01
-1.633429702589372567e+01
-1.624736533179387976e+01
-1.628662478279837345e+01
-1.623075202852378141e+01
-1.624620513315243642e+01
-1.620609538116091741e+01
-1.619339159844320264e+01
-1.625615799849484588e+01
-1.627686520903348466e+01
-1.637733255609676775e+01
-1.641652360606953565e+01
-1.645432789693553133e+01
-1.646871712319511971e+01
