# 2*np.log[MAD(r)] for 100 flights; 1000 steps per flight; run 43 of 50; mu: 3.00; seed: 42
-2.496219752626026533e+01
-2.358543555807156267e+01
-2.323811960156499623e+01
-2.276148567817338275e+01
-2.254995209911973575e+01
-2.221706161930775636e+01
-2.181512659610881855e+01
-2.203353580102338327e+01
-2.133761703050327085e+01
-2.159540367182447440e+01
-2.138397494050716219e+01
-2.135737574569703412e+01
-2.090599282020344063e+01
-2.055571405980742128e+01
-2.071503442332953071e+01
-2.098625168536544194e+01
-2.080157172722336512e+01
-2.083485510879209812e+01
-2.065108286609480004e+01
-2.073754022053603663e+01
-2.079477142599636608e+01
-2.093598031105847923e+01
-2.052890204577231970e+01
-2.027425142355423304e+01
-2.032621441684376506e+01
-2.037796614997282418e+01
-2.021106069500034863e+01
-1.995765407684890747e+01
-1.980712147285565905e+01
-1.989932500650469294e+01
-1.999288796735965690e+01
-1.991721491817691003e+01
-1.964435737894852707e+01
-1.991033507407295389e+01
-1.960720997274588484e+01
-1.938492664266932408e+01
-1.942656208802540618e+01
-1.967837015081800445e+01
-1.953983591904790984e+01
-1.938442904893731722e+01
-1.948589824717370433e+01
-1.964844825262385442e+01
-1.955236870583199860e+01
-1.954244713428484914e+01
-1.963659475010835465e+01
-1.952117978382600327e+01
-1.957808879054387319e+01
-1.959663444974285795e+01
-1.957271299308572665e+01
-1.954200092031852165e+01
-1.922414718314539783e+01
-1.928305644385259399e+01
-1.929874940709020237e+01
-1.912644093439481452e+01
-1.915678369249977209e+01
-1.912644467197368314e+01
-1.899844090283567155e+01
-1.915339069771236424e+01
-1.920591473135205618e+01
-1.936389194635300726e+01
-1.919415081944482537e+01
-1.924052177212409731e+01
-1.926100358298670301e+01
-1.940153865555391377e+01
-1.948618197112379846e+01
-1.938176401117987169e+01
-1.935547572105258141e+01
-1.930726372727449558e+01
-1.923713682463844776e+01
-1.912051209112463823e+01
-1.929549427908251502e+01
-1.917132052635933448e+01
-1.912141992695135073e+01
-1.934126706268134299e+01
-1.922479053934974047e+01
-1.916412467669255548e+01
-1.897385033815352173e+01
-1.911391501206838583e+01
-1.916193512455838643e+01
-1.912164587085456446e+01
-1.909734332148477876e+01
-1.929025386720464397e+01
-1.898813576166932293e+01
-1.899674091444003565e+01
-1.875399075355795020e+01
-1.888387389328508803e+01
-1.873924665042849114e+01
-1.883411668658786553e+01
-1.909993454961390924e+01
-1.885857703866613377e+01
-1.899414996386871124e+01
-1.893270396279232415e+01
-1.869419624145817593e+01
-1.863874126044451174e+01
-1.866031557755516346e+01
-1.856126028077273915e+01
-1.869231734161006031e+01
-1.887233881591643936e+01
-1.885006615161065113e+01
-1.873568254215707185e+01
-1.889058569733122894e+01
-1.858100708320077032e+01
-1.838037717416864680e+01
-1.853454673562944421e+01
-1.861278690707633032e+01
-1.842066397764277141e+01
-1.835213252348022550e+01
-1.842737612925985147e+01
-1.823288811132244192e+01
-1.828965811870754621e+01
-1.842532051432575457e+01
-1.827421524591735036e+01
-1.813591656058977009e+01
-1.811830934242393454e+01
-1.816906972511067053e+01
-1.808924222980234475e+01
-1.803125967744690072e+01
-1.799838931981140178e+01
-1.811740458596569425e+01
-1.804954676157748850e+01
-1.806750952101354812e+01
-1.809656214014757936e+01
-1.819378097444528564e+01
-1.826138133504412409e+01
-1.823006084823640904e+01
-1.812693653322227760e+01
-1.820912275594864482e+01
-1.809373356282077694e+01
-1.802794794532475109e+01
-1.792393910127898238e+01
-1.800012842835297988e+01
-1.798061822405845334e+01
-1.796886992104843728e+01
-1.804998452915203089e+01
-1.822072522292820551e+01
-1.806062244306631470e+01
-1.822152399167889314e+01
-1.831820373418766579e+01
-1.825160369031490504e+01
-1.803692547246652822e+01
-1.823941374587657904e+01
-1.798387542878952772e+01
-1.810460495319031793e+01
-1.804568098809621546e+01
-1.807937822721085652e+01
-1.807149199952748120e+01
-1.817843005860969186e+01
-1.803195534787167631e+01
-1.802969370045038744e+01
-1.804562996970679123e+01
-1.811223702259763613e+01
-1.805103160178907373e+01
-1.806031885667081127e+01
-1.811996168272587582e+01
-1.804390375625632359e+01
-1.800797431817998628e+01
-1.793133184609987296e+01
-1.792742310661173377e+01
-1.794851951110486254e+01
-1.795363060218652862e+01
-1.808313836418790643e+01
-1.797225787318571122e+01
-1.793241410962189164e+01
-1.805516057810702435e+01
-1.827806005219420626e+01
-1.802990045052657209e+01
-1.820974369568314444e+01
-1.832270356161216540e+01
-1.827836883538035906e+01
-1.818710006991900840e+01
-1.806615453018182649e+01
-1.810627667436713040e+01
-1.814790812287393962e+01
-1.798569637319449299e+01
-1.789471746244734263e+01
-1.785502233821416240e+01
-1.789079154299794538e+01
-1.793000249933321300e+01
-1.797979359164094504e+01
-1.787938441913252774e+01
-1.782651902452292347e+01
-1.778894733932085614e+01
-1.783677368576642763e+01
-1.780585195680178501e+01
-1.780304741196820828e+01
-1.779766973847487677e+01
-1.782720246657221352e+01
-1.785749004924985073e+01
-1.785955671211305429e+01
-1.786284555298545129e+01
-1.788850576232859524e+01
-1.792015126183955687e+01
-1.790799393455601418e+01
-1.790986050175156663e+01
-1.793166028143344803e+01
-1.786710256809628916e+01
-1.793701339815274309e+01
-1.785215239908680118e+01
-1.777425071040921267e+01
-1.791924826829374950e+01
-1.783254671932218116e+01
-1.783598302541259528e+01
-1.795770308384775760e+01
-1.782473079576112340e+01
-1.788689934908218859e+01
-1.783136229959692187e+01
-1.793734583225971946e+01
-1.811761766490828052e+01
-1.809897575936462744e+01
-1.799656614988009551e+01
-1.785301258270712310e+01
-1.779093347295287231e+01
-1.790903422742500695e+01
-1.789121076984049097e+01
-1.798045005688366160e+01
-1.802818015614776925e+01
-1.789806837211751400e+01
-1.791570110583005615e+01
-1.798140881728584972e+01
-1.780371446521651180e+01
-1.782933745371153478e+01
-1.768025068638152675e+01
-1.778427646317193478e+01
-1.785193185451892361e+01
-1.784367612069373266e+01
-1.772695176738886857e+01
-1.768123634060398786e+01
-1.763674586146091272e+01
-1.765081803335558774e+01
-1.761096330532679843e+01
-1.762673127488050895e+01
-1.752881198203282764e+01
-1.742403128756637187e+01
-1.744081495485459499e+01
-1.755870999888725237e+01
-1.741663936726880380e+01
-1.740632306152772557e+01
-1.733971910987097331e+01
-1.732844156251181289e+01
-1.746187677105118752e+01
-1.741694045131060875e+01
-1.734020946203071034e+01
-1.733214052911480252e+01
-1.736970005002066486e+01
-1.731325207902622765e+01
-1.723588317529879177e+01
-1.729569950501682740e+01
-1.730298270771346481e+01
-1.730394570888195460e+01
-1.739330565855545174e+01
-1.747427733622187063e+01
-1.746959603632445024e+01
-1.763439991922617978e+01
-1.745600489124211308e+01
-1.735251595418803205e+01
-1.726994331153555606e+01
-1.734264636318172847e+01
-1.728679617340899100e+01
-1.737950941974989050e+01
-1.728843791472448999e+01
-1.730458941510180537e+01
-1.722852422098699421e+01
-1.724386726963077265e+01
-1.729247687116669496e+01
-1.721975719331057775e+01
-1.716474911412119653e+01
-1.711340862779527683e+01
-1.718789162617209954e+01
-1.723517098588449770e+01
-1.724508091496747042e+01
-1.723819632410101477e+01
-1.732905888576393139e+01
-1.736213334410865627e+01
-1.735614842933081192e+01
-1.728987098022039959e+01
-1.713330496915268952e+01
-1.719194001181232778e+01
-1.722373457119247320e+01
-1.723893133598956950e+01
-1.732557529369874416e+01
-1.728716267196202594e+01
-1.729759115396645797e+01
-1.739254485588588395e+01
-1.739954827168801543e+01
-1.734652891347326431e+01
-1.727415313935858521e+01
-1.748329769160598701e+01
-1.736677698141060588e+01
-1.736862886478946066e+01
-1.727867661371421804e+01
-1.726616938754612107e+01
-1.722591485075950857e+01
-1.716985743011164800e+01
-1.728671535174151686e+01
-1.729493149924482864e+01
-1.715951986900938309e+01
-1.718309618549086792e+01
-1.717621204441581284e+01
-1.707154467120483687e+01
-1.713825779909551272e+01
-1.711429391120348953e+01
-1.710310058016661827e+01
-1.723048108287278524e+01
-1.738146699876851642e+01
-1.744208601140488213e+01
-1.740654995413262895e+01
-1.751054742299526978e+01
-1.750886319558438942e+01
-1.743707864258263029e+01
-1.759492072595017476e+01
-1.746539211275495518e+01
-1.751643452765553022e+01
-1.757890709015898523e+01
-1.739878446411455570e+01
-1.754001378564564462e+01
-1.745399601786335353e+01
-1.749796528466169576e+01
-1.746214560493469747e+01
-1.751715872302835209e+01
-1.755543548511034047e+01
-1.753687280917316116e+01
-1.740310807794265813e+01
-1.739761954250248266e+01
-1.742671907387060770e+01
-1.747406831286863849e+01
-1.752420316233377307e+01
-1.756709599050871873e+01
-1.771012229538500904e+01
-1.763192894884192796e+01
-1.770323071369043078e+01
-1.781056042031737618e+01
-1.765338068054697729e+01
-1.758582928817210700e+01
-1.746429781834055817e+01
-1.741345107504888645e+01
-1.734505770321884555e+01
-1.743833945167637367e+01
-1.738645147459028095e+01
-1.739132268248706481e+01
-1.746452995826110666e+01
-1.756678568293745002e+01
-1.749318735302705718e+01
-1.752080637510704264e+01
-1.742348375072111111e+01
-1.743201468814497801e+01
-1.744084878722658161e+01
-1.751742581991013736e+01
-1.748645672322700761e+01
-1.742654187890368789e+01
-1.765317827394821393e+01
-1.756344624331778803e+01
-1.761470857580593474e+01
-1.768084469868574971e+01
-1.757220222400179566e+01
-1.764135076887438558e+01
-1.759355878897483549e+01
-1.768010473463179366e+01
-1.779260334297718416e+01
-1.774356430182649902e+01
-1.763834710044479337e+01
-1.764164682700148035e+01
-1.754526244887260944e+01
-1.773026138437203514e+01
-1.768653424288240217e+01
-1.767700372887967220e+01
-1.770381846059148145e+01
-1.752494554862749609e+01
-1.739603591334072519e+01
-1.756926398494435659e+01
-1.752961260824082146e+01
-1.756414093508209007e+01
-1.752074357243114022e+01
-1.740990875080634126e+01
-1.760133751973403449e+01
-1.741715336430092975e+01
-1.741841815074629096e+01
-1.730654373651539757e+01
-1.741902520897057371e+01
-1.740810638925047726e+01
-1.737015170138978348e+01
-1.739021034508337138e+01
-1.730482307365696926e+01
-1.739497610135683558e+01
-1.743829265593650391e+01
-1.731200129228604823e+01
-1.730930359875317848e+01
-1.727806265627286919e+01
-1.736391970567609988e+01
-1.740336963258167913e+01
-1.728563384719479146e+01
-1.731551003539226841e+01
-1.717565451135609678e+01
-1.723460440507341929e+01
-1.723085525283502051e+01
-1.725424860694814200e+01
-1.719893626756578797e+01
-1.716433210355845063e+01
-1.722351339615505594e+01
-1.705167234428981615e+01
-1.698497425767078894e+01
-1.690605808875911009e+01
-1.694652166709295571e+01
-1.696903935592104773e+01
-1.701615140262726555e+01
-1.713108159421982890e+01
-1.723560201024953642e+01
-1.716662288765513367e+01
-1.720377839439118617e+01
-1.703969190644525611e+01
-1.714309176322747419e+01
-1.711460876994128100e+01
-1.710091813761753698e+01
-1.708676816154363820e+01
-1.706317527857931182e+01
-1.701755883746051978e+01
-1.706396518381331973e+01
-1.711256787668722268e+01
-1.704524534424587401e+01
-1.707255118662268956e+01
-1.708672968973880657e+01
-1.709860679148737717e+01
-1.713581351742574554e+01
-1.704443211536817060e+01
-1.709664963898362089e+01
-1.711363574015913258e+01
-1.714644693952629240e+01
-1.723772090893844222e+01
-1.713976745728556850e+01
-1.701211563419307993e+01
-1.712385913945031035e+01
-1.707420298716573726e+01
-1.715184272101972240e+01
-1.715429489657579154e+01
-1.716935617709657080e+01
-1.717176483141103560e+01
-1.709553241922145617e+01
-1.711351656038683799e+01
-1.701169336125286691e+01
-1.685929452031023956e+01
-1.694714628809015977e+01
-1.693726703231378750e+01
-1.687585963778103348e+01
-1.695293107686303102e+01
-1.693103197959796447e+01
-1.693698997798555439e+01
-1.694961173614335337e+01
-1.684109616034512413e+01
-1.688990160844586441e+01
-1.685050780536437642e+01
-1.696680721409458314e+01
-1.689420731880624871e+01
-1.697561165711002218e+01
-1.695759794600280301e+01
-1.689259977425973602e+01
-1.688487029788576876e+01
-1.692736159586176825e+01
-1.690976005915742775e+01
-1.691314578685385683e+01
-1.689225749093703044e+01
-1.685351147058365484e+01
-1.681475817116661275e+01
-1.679062197097746179e+01
-1.674675460886322753e+01
-1.676978629863858927e+01
-1.674167627874655651e+01
-1.674048400573742867e+01
-1.674016030833080748e+01
-1.670052011323791419e+01
-1.669444432552831969e+01
-1.679479499163100797e+01
-1.672950276686195892e+01
-1.679429986986131595e+01
-1.684220002589352561e+01
-1.674581342228700365e+01
-1.683207276105169470e+01
-1.679556371438727780e+01
-1.679542007710055529e+01
-1.674047524206603654e+01
-1.676571737753777214e+01
-1.662539632951859403e+01
-1.660669977436176481e+01
-1.661922888471335824e+01
-1.659602751616558081e+01
-1.671879286205050974e+01
-1.668914834393142144e+01
-1.663095157578464978e+01
-1.651423507682741132e+01
-1.654890390478976769e+01
-1.653252045823920113e+01
-1.667012563358431265e+01
-1.665775901686179594e+01
-1.671226309604838534e+01
-1.667619188243488182e+01
-1.667212535938100260e+01
-1.666208030599332446e+01
-1.666075678225814016e+01
-1.660920416766645857e+01
-1.669398950026653949e+01
-1.657164192280403370e+01
-1.650845854895394993e+01
-1.647790009266610767e+01
-1.653617443214447036e+01
-1.655721175141206913e+01
-1.655744113184976385e+01
-1.648080280168857215e+01
-1.645283469266130538e+01
-1.637722809064013063e+01
-1.635220687026482622e+01
-1.642468218652854972e+01
-1.649311647711226669e+01
-1.645112603962504494e+01
-1.636116911166352494e+01
-1.632066634801238081e+01
-1.638679384701419650e+01
-1.643660424727272584e+01
-1.633402655975582007e+01
-1.634271539885867242e+01
-1.632124133321526926e+01
-1.630805070794476919e+01
-1.626896549679482717e+01
-1.628651199352861667e+01
-1.627555514903187017e+01
-1.625402285248213374e+01
-1.636008798224447602e+01
-1.637507343462504394e+01
-1.630459065041912581e+01
-1.634055354566049090e+01
-1.649400609218806579e+01
-1.658357974721865347e+01
-1.654109282162076866e+01
-1.661860061764784291e+01
-1.654167999474595163e+01
-1.652189291583457020e+01
-1.651422987742337867e+01
-1.648511379397834276e+01
-1.652658284449362114e+01
-1.655272247640709438e+01
-1.654167748123258264e+01
-1.652944194233689146e+01
-1.649290647768095397e+01
-1.649480450396610109e+01
-1.640498276755263163e+01
-1.640543165336664089e+01
-1.643009305824629962e+01
-1.634267309342552821e+01
-1.637487733251348843e+01
-1.636277147429803236e+01
-1.638448919125125514e+01
-1.637892045424909071e+01
-1.631677094148348672e+01
-1.625752761395870039e+01
-1.637206266351920192e+01
-1.641373142190216328e+01
-1.631957381642356708e+01
-1.634023454757976879e+01
-1.642594023264927472e+01
-1.645429164645065612e+01
-1.638247357807587434e+01
-1.650950359969642278e+01
-1.651775916700415792e+01
-1.643556605365352752e+01
-1.641161478663285322e+01
-1.644797250928330357e+01
-1.642722888275307014e+01
-1.641999784596929857e+01
-1.636815331015819197e+01
-1.643576660531194733e+01
-1.648766609797001692e+01
-1.643160424151136567e+01
-1.638614052411328714e+01
-1.641674728678163220e+01
-1.631625654417931770e+01
-1.638423885053568796e+01
-1.635187175400406545e+01
-1.634843786357756201e+01
-1.635078653823117278e+01
-1.635029572976254642e+01
-1.636186937730729696e+01
-1.639622457273561551e+01
-1.641913809097487231e+01
-1.638130565283877971e+01
-1.633713623261954950e+01
-1.639475227784098621e+01
-1.640280138722406633e+01
-1.641278110887881070e+01
-1.641926994727728584e+01
-1.629606706295780327e+01
-1.637003702734968513e+01
-1.634961851632683505e+01
-1.627714904022903397e+01
-1.630120955176104047e+01
-1.630343006145385587e+01
-1.621669491716117406e+01
-1.628568404938588543e+01
-1.628085801217277861e+01
-1.627713536894304269e+01
-1.634843735554422750e+01
-1.631308911027005237e+01
-1.631152228351675504e+01
-1.630763241350641835e+01
-1.634343918008601904e+01
-1.628227574676645872e+01
-1.631870659156194137e+01
-1.627298374958528626e+01
-1.630528211706768715e+01
-1.633910256618040435e+01
-1.634814334585307805e+01
-1.638686930257440721e+01
-1.642431726587198426e+01
-1.641918621102739095e+01
-1.635324918242550396e+01
-1.632046422123371698e+01
-1.641600093734516363e+01
-1.638766004934905141e+01
-1.639855299700533919e+01
-1.640474277637173373e+01
-1.651023664043281869e+01
-1.661298861869584798e+01
-1.654732626854671196e+01
-1.655495339771707108e+01
-1.658466268316081837e+01
-1.660218455816991678e+01
-1.656698641347461987e+01
-1.636270514913171681e+01
-1.642681494311484869e+01
-1.642212712140656450e+01
-1.645404306458166133e+01
-1.639212657975216203e+01
-1.638585038575751085e+01
-1.641280560460117499e+01
-1.641277078526917421e+01
-1.637887278678077152e+01
-1.638926774886223825e+01
-1.647351440710182757e+01
-1.651824105796767128e+01
-1.655659163984234539e+01
-1.651560291346425657e+01
-1.645301295302625277e+01
-1.641581965046457370e+01
-1.646154105852167149e+01
-1.640660927900341903e+01
-1.648421181700486926e+01
-1.638309288524843410e+01
-1.640773943758590647e+01
-1.641770007703714285e+01
-1.639245077123963767e+01
-1.644131000226558825e+01
-1.637034845189697307e+01
-1.639554558206401680e+01
-1.633159512084342069e+01
-1.637166053765291096e+01
-1.643662049967068839e+01
-1.643590742438428265e+01
-1.640726830081175791e+01
-1.645659852410818402e+01
-1.645331157125098898e+01
-1.643466331302306216e+01
-1.643067749227379792e+01
-1.644430824108113853e+01
-1.637307347719096029e+01
-1.643554504924574999e+01
-1.648446190566910730e+01
-1.646928618776768971e+01
-1.647460778449897134e+01
-1.646745314450789621e+01
-1.643822413907643210e+01
-1.646211096792939088e+01
-1.640025223306354007e+01
-1.650067469779291685e+01
-1.647986976903545298e+01
-1.644903256602871977e+01
-1.647259877584188104e+01
-1.649009966501434832e+01
-1.647388963413227003e+01
-1.642283890451112782e+01
-1.641040061091945645e+01
-1.643600982698092849e+01
-1.655662826207386473e+01
-1.650540670877517258e+01
-1.640352999890432883e+01
-1.645140665318968232e+01
-1.636179471731755442e+01
-1.643675120349792707e+01
-1.635932383491317665e+01
-1.641800234932185631e+01
-1.643574683037323325e+01
-1.641162216377243155e+01
-1.637279380291234077e+01
-1.635016752791407413e+01
-1.632525646435309241e+01
-1.630981594660708467e+01
-1.622168217293952353e+01
-1.624954049032167802e+01
-1.625313490666836813e+01
-1.625949269848511847e+01
-1.630399260439136100e+01
-1.640087012848196935e+01
-1.640409966839459699e+01
-1.643749736548619467e+01
-1.643630344154140843e+01
-1.642351619647136118e+01
-1.633560825472828171e+01
-1.630746233274168944e+01
-1.637652546858249991e+01
-1.630173278886843846e+01
-1.633254360287521578e+01
-1.630932348315485569e+01
-1.636613841656967239e+01
-1.643584127683256924e+01
-1.634753946803472147e+01
-1.637965154167045512e+01
-1.638198736651294141e+01
-1.638830929909148182e+01
-1.638946545602638949e+01
-1.638077881268532821e+01
-1.626338878211161187e+01
-1.626586637706953198e+01
-1.627764436481173504e+01
-1.640086449457127671e+01
-1.632502178554581107e+01
-1.636069496878980800e+01
-1.639633172794996696e+01
-1.642578228481390212e+01
-1.633744836323705485e+01
-1.636475595701964991e+01
-1.633563848278157593e+01
-1.635533783980279310e+01
-1.640755380323050261e+01
-1.644863192933214791e+01
-1.642610371517254109e+01
-1.641118599064696326e+01
-1.644439737937960899e+01
-1.647524770374904435e+01
-1.635272105808923016e+01
-1.640466145275954801e+01
-1.640853250187720747e+01
-1.642019066763096546e+01
-1.648376663731962211e+01
-1.642464655580192101e+01
-1.643933206282483184e+01
-1.650319100907207925e+01
-1.650383402448163750e+01
-1.644919454883884669e+01
-1.648650369643545943e+01
-1.650259171408070102e+01
-1.657661404891440071e+01
-1.658190145657542303e+01
-1.659105397504133705e+01
-1.656625533239909842e+01
-1.662544863670466455e+01
-1.669429606346733763e+01
-1.665174275769898316e+01
-1.671284213061577617e+01
-1.674545049960538989e+01
-1.664088770037311704e+01
-1.665184528399734631e+01
-1.657236315802845183e+01
-1.647123105668640619e+01
-1.648163544523567126e+01
-1.654753516812512260e+01
-1.644220226824148767e+01
-1.647288998232918544e+01
-1.640883560745606573e+01
-1.630054714974169627e+01
-1.632750488314314907e+01
-1.636952459304178120e+01
-1.638646510992049699e+01
-1.636879256002188399e+01
-1.642983668505121742e+01
-1.640385298131408831e+01
-1.641987035683833085e+01
-1.641989352119021817e+01
-1.643404771393074526e+01
-1.644905875404648654e+01
-1.640020241055323780e+01
-1.639572744489110434e+01
-1.640070885317747695e+01
-1.637046704452453127e+01
-1.626423915543690057e+01
-1.637931101949938650e+01
-1.651196108014511665e+01
-1.637299047324111356e+01
-1.644955002941161126e+01
-1.633582825780856851e+01
-1.631427862043034338e+01
-1.631444457163766160e+01
-1.625441740827838544e+01
-1.627393764470648208e+01
-1.630666495501210278e+01
-1.628248772415314249e+01
-1.633282861999222035e+01
-1.639807290552131747e+01
-1.648632420378943664e+01
-1.642644690503139415e+01
-1.635900255498312461e+01
-1.632419509963053983e+01
-1.653690684831075330e+01
-1.643903984272360219e+01
-1.634666641897512918e+01
-1.626609314284761609e+01
-1.624312844310250981e+01
-1.635261622745279197e+01
-1.635798535837626844e+01
-1.636971288840143757e+01
-1.622612997172252136e+01
-1.626003571062381070e+01
-1.635933250199335376e+01
-1.641271671209211647e+01
-1.652213935438929582e+01
-1.642134202231036966e+01
-1.640254928926883338e+01
-1.643467854205204759e+01
-1.639253655921996611e+01
-1.641287305059808332e+01
-1.640825034785215308e+01
-1.630769304109457707e+01
-1.638456375381769803e+01
-1.635656228005840518e+01
-1.641518165466871437e+01
-1.632224516372435374e+01
-1.628762749714644542e+01
-1.628864812046798249e+01
-1.630482066774465366e+01
-1.631549659815404496e+01
-1.633142307197851650e+01
-1.635960108994753170e+01
-1.630204791556583643e+01
-1.622533554568318692e+01
-1.630436591205641506e+01
-1.629565376089957951e+01
-1.620151389853276314e+01
-1.631955518372572200e+01
-1.628283661227091628e+01
-1.633292430377452931e+01
-1.624704543108401822e+01
-1.620027415627140499e+01
-1.612620908904391825e+01
-1.616466235089044190e+01
-1.624322216383112050e+01
-1.610413187238524912e+01
-1.614958232684364248e+01
-1.619727640655073486e+01
-1.608365827825890904e+01
-1.617052653067745283e+01
-1.612838093205100520e+01
-1.603275925104066246e+01
-1.604765663258351793e+01
-1.610609914633349504e+01
-1.612978970304329351e+01
-1.614184672646685570e+01
-1.611093091233169972e+01
-1.607569671580149517e+01
-1.607308378382964165e+01
-1.602738035148308171e+01
-1.601649329429676527e+01
-1.605429248390132457e+01
-1.601581707508748664e+01
-1.607386284521664166e+01
-1.616226015968333485e+01
-1.623769454189834249e+01
-1.628776969002421282e+01
-1.627060262938616475e+01
-1.627565242190048878e+01
-1.626561529090581715e+01
-1.613270986649469663e+01
-1.619767511647416214e+01
-1.619000371408431960e+01
-1.620048966578448102e+01
-1.635552660743607589e+01
-1.640239020773651291e+01
-1.650212060586455110e+01
-1.646325248249684492e+01
-1.655840554321208202e+01
-1.655588261587444521e+01
-1.643746552634614488e+01
-1.647531153217338584e+01
-1.638722079548446686e+01
-1.635139524161505165e+01
-1.633492121434071009e+01
-1.634447055842124996e+01
-1.621925197702783095e+01
-1.627534705365826539e+01
-1.626205260022919674e+01
-1.624289760633338986e+01
-1.620985269898878300e+01
-1.611622107519474412e+01
-1.609798507967411041e+01
-1.603077874885510212e+01
-1.612478659244805002e+01
-1.610833947855663340e+01
-1.609453417333382674e+01
-1.607348851512935894e+01
-1.603401579155451628e+01
-1.607153917441076985e+01
-1.604589538985752029e+01
-1.604086359626848335e+01
-1.603607319603194625e+01
-1.603822080201512890e+01
-1.603012757166506930e+01
-1.599686863462432029e+01
-1.604241066342956756e+01
-1.600113807119394949e+01
-1.607152568592125164e+01
-1.611868387294772020e+01
-1.606270190130609876e+01
-1.607747611161437362e+01
-1.613214742513343580e+01
-1.620546875807252718e+01
-1.613735749792995122e+01
-1.609973032762965772e+01
-1.611240437540955739e+01
-1.610417452427186902e+01
-1.609868165931701256e+01
-1.607929642990291086e+01
-1.614518021028050754e+01
-1.609731353791209685e+01
-1.614750008974885276e+01
-1.607049421743738549e+01
-1.618370382643114880e+01
-1.614287929200960647e+01
-1.618357318021556068e+01
-1.616138099718891397e+01
-1.617928517185246307e+01
-1.623272189159651901e+01
-1.622918080000853536e+01
-1.626872696617915182e+01
-1.624835595823899936e+01
-1.619927423194634741e+01
-1.626419090345213547e+01
-1.620279493852094177e+01
-1.621646890245840567e+01
-1.620512249065605914e+01
-1.620755010619740943e+01
-1.623262873118640215e+01
-1.622738515394064862e+01
-1.623503290961566492e+01
-1.616506101572490905e+01
-1.612044210179363191e+01
-1.615909495121900008e+01
-1.619399246641483359e+01
-1.618311528602577454e+01
-1.626787948856948063e+01
-1.622614368105103466e+01
-1.630129047418445865e+01
-1.622720277668393152e+01
-1.624694808613663000e+01
-1.624053976158836932e+01
-1.620609583014012500e+01
-1.627753317756566531e+01
-1.621020934739917152e+01
-1.620214402183482250e+01
-1.625998891532696078e+01
-1.630989821415884578e+01
-1.626513551508857702e+01
-1.635052378944913798e+01
-1.637229744617621208e+01
-1.624665026198030660e+01
-1.623593446827329245e+01
-1.631293996130192525e+01
-1.629601709002040621e+01
-1.631802980570094519e+01
-1.619177732323496954e+01
-1.625454888700183531e+01
-1.616046065172600521e+01
-1.617376263716510465e+01
-1.603650331602306522e+01
-1.600457711636669700e+01
-1.598411077230922750e+01
-1.598016518399153263e+01
-1.587152620975059669e+01
-1.584960478860154254e+01
-1.598436840458233732e+01
-1.592158563808396288e+01
-1.593827283188326760e+01
-1.605753457177132049e+01
-1.614304460299198141e+01
-1.623944316200810078e+01
-1.606927044466175403e+01
-1.616414083085942011e+01
-1.618001868152515499e+01
-1.613965273219420027e+01
-1.607974789661320258e+01
-1.627092058185244383e+01
-1.621348368511401361e+01
-1.613554767626485997e+01
-1.613854596451826851e+01
-1.611738804793003510e+01
-1.608857574436733273e+01
-1.605586879117226573e+01
-1.596150726609891279e+01
-1.589827913584928432e+01
-1.579164690903159851e+01
-1.593046311174423124e+01
-1.590962755602291168e+01
-1.584600108823701525e+01
-1.586347090802462212e+01
-1.587628072906831989e+01
-1.586600951020152017e+01
-1.592167385466674112e+01
-1.584773038945292001e+01
