# 2*np.log[MAD(r)] for 100 flights; 1000 steps per flight; run 4 of 50; mu: 3.00; seed: 3
-2.543446468170106911e+01
-2.354069012406885975e+01
-2.288780616020664382e+01
-2.258559973423007605e+01
-2.217456856354867156e+01
-2.183120673772286935e+01
-2.192162824901403795e+01
-2.169222378151863850e+01
-2.157092584486491305e+01
-2.148752215787559550e+01
-2.123902989800798125e+01
-2.086941895820041637e+01
-2.043796097823178570e+01
-2.040774400448684389e+01
-2.034560614542174406e+01
-2.013550309709566477e+01
-2.008361543778661229e+01
-2.025980223467821872e+01
-2.000655620604581841e+01
-2.012138183923690704e+01
-2.006980433268120478e+01
-2.004285700577493756e+01
-2.010507857651735719e+01
-2.003273500639004823e+01
-2.003844597072177436e+01
-2.015224052446527025e+01
-2.037449066027247468e+01
-2.011456633263380667e+01
-2.016351528674190874e+01
-2.017922705399651662e+01
-2.000172534119721846e+01
-1.990852713893124459e+01
-1.973815873510449492e+01
-1.970047285657117442e+01
-1.974531078913994975e+01
-2.008235005517517280e+01
-1.987107720313795767e+01
-1.995151898469899265e+01
-1.988562733291357887e+01
-1.972410157317919044e+01
-1.986345956565217463e+01
-1.999160788765459174e+01
-1.978400955495439106e+01
-1.981292986130242539e+01
-1.955751511530343123e+01
-1.921400157783844875e+01
-1.933423771756917020e+01
-1.941571745583229358e+01
-1.948518140953694200e+01
-1.944112382457084465e+01
-1.955089737467098843e+01
-1.924686373801836936e+01
-1.923448605621232943e+01
-1.925311893198078295e+01
-1.906517151145407496e+01
-1.893216150819734622e+01
-1.921764004287230421e+01
-1.909248707847111604e+01
-1.899237540745304287e+01
-1.888813697284556170e+01
-1.894884905905719918e+01
-1.879002384136362380e+01
-1.886993643129889620e+01
-1.872090120023557702e+01
-1.870012494749501286e+01
-1.861009857691437475e+01
-1.868913476248572891e+01
-1.868382571362427313e+01
-1.870238671395448193e+01
-1.865763221864672161e+01
-1.860246211253124926e+01
-1.858049899123169268e+01
-1.837657674173767930e+01
-1.839010227071460690e+01
-1.834871670413178890e+01
-1.829408103473853942e+01
-1.844232943079582654e+01
-1.829908008269273267e+01
-1.823262277541331500e+01
-1.832685077881970770e+01
-1.832604949186566046e+01
-1.835387503666543907e+01
-1.839842993956550288e+01
-1.840940314920165122e+01
-1.844243822720309822e+01
-1.844506613043261467e+01
-1.835808292358335692e+01
-1.837828465313009829e+01
-1.853085381255349517e+01
-1.852741654439502739e+01
-1.856736390524136127e+01
-1.844622279686454647e+01
-1.854087202179233529e+01
-1.849341703301983841e+01
-1.860512177573780335e+01
-1.850777939057749677e+01
-1.840640856555692295e+01
-1.830260763381969014e+01
-1.833427664617239472e+01
-1.826569061188370569e+01
-1.830310360325310270e+01
-1.820720758089948532e+01
-1.820746787058315874e+01
-1.805486508918896149e+01
-1.797271399214727339e+01
-1.820903717237904118e+01
-1.818680831213184845e+01
-1.811606621007962659e+01
-1.801387460445872435e+01
-1.793187739095240474e+01
-1.788533570152232954e+01
-1.800064933488956953e+01
-1.803192000573981346e+01
-1.807275067777339217e+01
-1.789077269896779754e+01
-1.782471802114868709e+01
-1.794312608645208940e+01
-1.785198450927774161e+01
-1.794378681027682276e+01
-1.789762726135570858e+01
-1.776914944981781019e+01
-1.785011669346141261e+01
-1.799368080098276934e+01
-1.791623884167995939e+01
-1.789370699585147406e+01
-1.786859249626768786e+01
-1.789549577554810611e+01
-1.794081502557810381e+01
-1.798150574005787306e+01
-1.809709907984824540e+01
-1.824545241090362424e+01
-1.827596805719922202e+01
-1.828972030842017915e+01
-1.825512381439351373e+01
-1.814097038111397708e+01
-1.822707338242429032e+01
-1.828340839163785247e+01
-1.823837327438057798e+01
-1.813218913492281104e+01
-1.830142651352086247e+01
-1.825705631983734634e+01
-1.822502801554513852e+01
-1.818414705099616313e+01
-1.810224162069680887e+01
-1.810390008097519754e+01
-1.812480899150564539e+01
-1.813125693702974317e+01
-1.814667521135451267e+01
-1.805272412406206683e+01
-1.810077232974413519e+01
-1.795846696408961307e+01
-1.802291560550565919e+01
-1.785327925382453174e+01
-1.786839750449760800e+01
-1.785799008576290703e+01
-1.781239633850645632e+01
-1.790332848034053725e+01
-1.788899035399350268e+01
-1.791249350697950149e+01
-1.794420084627311951e+01
-1.796219737565645502e+01
-1.794944722083183919e+01
-1.795617665314436451e+01
-1.788700862945605863e+01
-1.784815599649054363e+01
-1.784227289072797973e+01
-1.766701399051717303e+01
-1.769535012962407805e+01
-1.765185622406501054e+01
-1.779096869000003522e+01
-1.769379176220718364e+01
-1.761513528560897868e+01
-1.769283663614039526e+01
-1.760262286931254039e+01
-1.763211172716200892e+01
-1.767163586853322244e+01
-1.750274792917373290e+01
-1.748943035254069756e+01
-1.751102250552078843e+01
-1.763006645246218085e+01
-1.772221496535736307e+01
-1.768865800270726751e+01
-1.768902994347966739e+01
-1.767170082336707893e+01
-1.770242266708788392e+01
-1.772499657551207264e+01
-1.766598400564617677e+01
-1.775925801477198718e+01
-1.785517468722405354e+01
-1.768193660345403728e+01
-1.767799709798565289e+01
-1.760307799162554687e+01
-1.768794028242133720e+01
-1.750608639053427140e+01
-1.753873985712057149e+01
-1.745621040662517487e+01
-1.747065356321901675e+01
-1.750422784441453672e+01
-1.751511161932207017e+01
-1.751360683652919903e+01
-1.763124844583693829e+01
-1.759511154038472469e+01
-1.769007491174717472e+01
-1.761253129519839078e+01
-1.761250502774967686e+01
-1.772609736014173265e+01
-1.768079600616200153e+01
-1.766429447190221325e+01
-1.766304923707524566e+01
-1.762556537955626368e+01
-1.754074138426506835e+01
-1.749664178639710954e+01
-1.762739863387382400e+01
-1.754401097618330851e+01
-1.754432589754110339e+01
-1.754647409638057454e+01
-1.753212691309681048e+01
-1.763283836905397806e+01
-1.760086889367702057e+01
-1.755312204306402180e+01
-1.753263834072334504e+01
-1.743816568714306214e+01
-1.762692588897414581e+01
-1.758842243597965904e+01
-1.747513046009971660e+01
-1.751145798512874308e+01
-1.741982551590611905e+01
-1.744503539740064824e+01
-1.737407913329678166e+01
-1.737757022970913923e+01
-1.742307792001106392e+01
-1.735840240860856909e+01
-1.734106141368386389e+01
-1.734831970916086519e+01
-1.723580336525087375e+01
-1.724856182153559558e+01
-1.729298374086588552e+01
-1.724724275938173434e+01
-1.726500524031843042e+01
-1.723457725650322203e+01
-1.731878489010263777e+01
-1.729707388643291566e+01
-1.734733353976061565e+01
-1.730549313219082919e+01
-1.725968630786108449e+01
-1.715767519980269284e+01
-1.717444553005259422e+01
-1.724663191979242427e+01
-1.723376914183083386e+01
-1.713179556505690471e+01
-1.708605550602566936e+01
-1.703744860572683351e+01
-1.704733655872703224e+01
-1.714624413429179839e+01
-1.722031071863797536e+01
-1.717964889819194596e+01
-1.713640111110343156e+01
-1.719656944176862012e+01
-1.723180764699295864e+01
-1.726998223415976952e+01
-1.728646856112744601e+01
-1.722978882477136509e+01
-1.728282941850023491e+01
-1.728794211446733797e+01
-1.731085638949836181e+01
-1.727704725366826466e+01
-1.719112878909997733e+01
-1.723189774476884395e+01
-1.719813234003910196e+01
-1.717521864668152887e+01
-1.709379203022126603e+01
-1.720978876174412875e+01
-1.721773471483281526e+01
-1.717314844680936758e+01
-1.728747169557288998e+01
-1.720997974641181116e+01
-1.731823734515456081e+01
-1.733843735904930128e+01
-1.725029039612860515e+01
-1.722534845120814850e+01
-1.709891866077255429e+01
-1.716219146669773465e+01
-1.727254934767152150e+01
-1.726125642015437123e+01
-1.726699874978044846e+01
-1.732262509523025429e+01
-1.719794470436761458e+01
-1.738539700809882405e+01
-1.731832378280535778e+01
-1.727229832405162213e+01
-1.731154245262148805e+01
-1.735735928056578103e+01
-1.724531554611223427e+01
-1.721540013106687539e+01
-1.728029577641225245e+01
-1.720641445207017028e+01
-1.716474834926087212e+01
-1.707276281519268935e+01
-1.710795092866678857e+01
-1.710185561993728953e+01
-1.704963813445901977e+01
-1.705895844010090201e+01
-1.707605290196697467e+01
-1.705829230546913777e+01
-1.701095136213880465e+01
-1.724190002962358292e+01
-1.720595653679258419e+01
-1.715027657973438835e+01
-1.715982584064327909e+01
-1.714136317287786682e+01
-1.716442197056408503e+01
-1.714582171337131911e+01
-1.721264635910411300e+01
-1.714617884797341318e+01
-1.717941726703546834e+01
-1.712791007485499861e+01
-1.712902453863244645e+01
-1.703889300586006428e+01
-1.699497125091020777e+01
-1.708598228029300969e+01
-1.707584583904375108e+01
-1.711629852766865056e+01
-1.707973401484620268e+01
-1.710291935831767063e+01
-1.704057197339824370e+01
-1.688153779449386604e+01
-1.695844193627125662e+01
-1.706610628649640660e+01
-1.700516260484983277e+01
-1.698457725161932075e+01
-1.704118580702388641e+01
-1.689453879202950759e+01
-1.685468415197814451e+01
-1.697986011057794187e+01
-1.704085853504273729e+01
-1.701389660624824174e+01
-1.699790576127118058e+01
-1.701465074828463742e+01
-1.722271387871707660e+01
-1.706378862596685053e+01
-1.713504239652946737e+01
-1.713242121031453991e+01
-1.718477222688075656e+01
-1.715840159816070454e+01
-1.717598726014093202e+01
-1.725838413256665760e+01
-1.728237694086168119e+01
-1.733172174216015193e+01
-1.730010874301199308e+01
-1.737714342288209934e+01
-1.724681831865696324e+01
-1.718924372820921675e+01
-1.716669907859106559e+01
-1.708100985376522019e+01
-1.711775053800431223e+01
-1.706174404814458256e+01
-1.723150807392399031e+01
-1.711033375361009945e+01
-1.708359794261445330e+01
-1.711432530318916534e+01
-1.717896110139652066e+01
-1.731646002876276569e+01
-1.744863100211259166e+01
-1.735864763991809667e+01
-1.746568423682877125e+01
-1.739483485721482126e+01
-1.738363919122809165e+01
-1.715106771659178975e+01
-1.715062178478786947e+01
-1.726548688690244759e+01
-1.718275878889085817e+01
-1.734669189601106964e+01
-1.726547343867890305e+01
-1.724393835979882184e+01
-1.699803293891452327e+01
-1.696998143451195773e+01
-1.695425857537298597e+01
-1.696430321825899767e+01
-1.703786689623621697e+01
-1.693434535082633730e+01
-1.695778323907257601e+01
-1.686402476323023336e+01
-1.697235073021156282e+01
-1.696673020182029745e+01
-1.692904368463173981e+01
-1.699848330186697964e+01
-1.701009309390313362e+01
-1.692336959493264104e+01
-1.697507454999092147e+01
-1.691444321665317219e+01
-1.701065059139450497e+01
-1.694600556551191417e+01
-1.690623183516650130e+01
-1.691487303246295681e+01
-1.693014179279906628e+01
-1.688243094975607761e+01
-1.687185747912014122e+01
-1.694930332343835744e+01
-1.696450104760952016e+01
-1.693287974795063278e+01
-1.705855367707284387e+01
-1.689795381544192665e+01
-1.702442103691851472e+01
-1.698432066352978964e+01
-1.694466965670420677e+01
-1.703735965982929912e+01
-1.696019084237111940e+01
-1.693049837179355421e+01
-1.699563146472257813e+01
-1.698534527993298227e+01
-1.687351538124997674e+01
-1.694229820386070884e+01
-1.696949247609990508e+01
-1.699782680504617716e+01
-1.695279153422934471e+01
-1.687970287205154918e+01
-1.699183958198282340e+01
-1.694206716206931063e+01
-1.684497449434624627e+01
-1.686229784129399789e+01
-1.696762843315165625e+01
-1.704338714072743954e+01
-1.699164249084627443e+01
-1.697628301804691375e+01
-1.693709593161322857e+01
-1.691493528539126601e+01
-1.693794387871286133e+01
-1.702416902067307802e+01
-1.705142713632191231e+01
-1.703213688855866437e+01
-1.703879004052167545e+01
-1.701398279957934534e+01
-1.696988057947262973e+01
-1.699404798996464550e+01
-1.699593668672324753e+01
-1.703210070393270925e+01
-1.699841898165938048e+01
-1.703689556443940845e+01
-1.681714583566838783e+01
-1.692052483848290478e+01
-1.691906434529294145e+01
-1.699797574811866241e+01
-1.704268238098246258e+01
-1.693917127574467330e+01
-1.688450986738001802e+01
-1.677294601297981913e+01
-1.677419443715388425e+01
-1.669967834082769897e+01
-1.671010582989617532e+01
-1.664861408934615028e+01
-1.665095978584019321e+01
-1.665998855197381090e+01
-1.664290851756253176e+01
-1.672684895038904784e+01
-1.674467999304777877e+01
-1.671506743936964412e+01
-1.668848833411929178e+01
-1.666072785208367790e+01
-1.681515101056780281e+01
-1.675229068537513299e+01
-1.660256997907392318e+01
-1.677564316477849005e+01
-1.684178260145138495e+01
-1.682804964318230390e+01
-1.675330423289241821e+01
-1.679880764561033146e+01
-1.665898893096306566e+01
-1.663341735495873053e+01
-1.666999825018954695e+01
-1.663503429852796600e+01
-1.662994881581802886e+01
-1.660244103213439359e+01
-1.667839191874219296e+01
-1.670594766347809568e+01
-1.672381839571894346e+01
-1.673080723270071601e+01
-1.681764374859654865e+01
-1.677877614782606841e+01
-1.694060431290252922e+01
-1.689577303073867398e+01
-1.704919971256736133e+01
-1.694287153271828927e+01
-1.694606122180173813e+01
-1.689394454078880514e+01
-1.683183188001469688e+01
-1.677097490475340180e+01
-1.681768436940211942e+01
-1.684062100648599980e+01
-1.685471718321389645e+01
-1.676848051519758087e+01
-1.681768013620309787e+01
-1.689073335257296904e+01
-1.686639396460951090e+01
-1.683182155016539738e+01
-1.686889461430715187e+01
-1.681886716358153322e+01
-1.677321977534346331e+01
-1.683555010811075192e+01
-1.679788360949620696e+01
-1.680156851031009779e+01
-1.683193152283795513e+01
-1.685361651904963765e+01
-1.676366668688648076e+01
-1.679619840825629140e+01
-1.680719710377837472e+01
-1.670677766721831148e+01
-1.671852885323730931e+01
-1.675017157416820268e+01
-1.679516490059824108e+01
-1.668450993302301200e+01
-1.672399363485319412e+01
-1.673835275967305236e+01
-1.675127354484148512e+01
-1.673247544107296747e+01
-1.680095498113562158e+01
-1.669093811457198484e+01
-1.671211281171685670e+01
-1.672902459379954365e+01
-1.685550900592657086e+01
-1.674295569467944844e+01
-1.674509714393814974e+01
-1.681728363819840055e+01
-1.689519746098572384e+01
-1.704683779668593147e+01
-1.697856023388958491e+01
-1.703549024559415770e+01
-1.693554742083430398e+01
-1.696497319446216778e+01
-1.692222530635003253e+01
-1.694652598463459725e+01
-1.700918320245071769e+01
-1.700028066142971284e+01
-1.701517771510872379e+01
-1.704291716634721610e+01
-1.696539185738458144e+01
-1.688944158044084887e+01
-1.685631373827032675e+01
-1.684440045274484632e+01
-1.682795726047003981e+01
-1.680947083292102562e+01
-1.688486050974292141e+01
-1.681106550858782356e+01
-1.698523463884749773e+01
-1.701819963099071842e+01
-1.692019135295389631e+01
-1.689670922925913743e+01
-1.683607419868837596e+01
-1.682955891907936774e+01
-1.680156500350242510e+01
-1.675640910383720694e+01
-1.675316742053079366e+01
-1.683077427874820842e+01
-1.687136187316619385e+01
-1.690514951534040478e+01
-1.681651528871497803e+01
-1.697981038701066936e+01
-1.691792506247783479e+01
-1.689772376228703266e+01
-1.682720909915802920e+01
-1.680500898439747459e+01
-1.684681460970739764e+01
-1.691906687200389925e+01
-1.683833536240859630e+01
-1.684635953215178361e+01
-1.683173824326521739e+01
-1.680999614149013510e+01
-1.682614646659816060e+01
-1.685933562293330468e+01
-1.687090316279090985e+01
-1.685375558068754387e+01
-1.695536217359316922e+01
-1.692137524682698668e+01
-1.700483122867990460e+01
-1.696792849098694234e+01
-1.683845567451680481e+01
-1.699153650922794512e+01
-1.698420608861550107e+01
-1.696116180379249272e+01
-1.685369725854407363e+01
-1.682172734611798148e+01
-1.687594475152961593e+01
-1.676856675643918848e+01
-1.686812191086759682e+01
-1.682618804413310443e+01
-1.680969220631794414e+01
-1.679686981848524852e+01
-1.678993480903674396e+01
-1.681603662721854064e+01
-1.688832137521773191e+01
-1.685798193237751263e+01
-1.686305526532621002e+01
-1.684730806887720789e+01
-1.686363300919008523e+01
-1.691999680287946362e+01
-1.692150614823343702e+01
-1.690443658297827412e+01
-1.691551425846704859e+01
-1.690003890248310370e+01
-1.685185748241189430e+01
-1.680796030173043576e+01
-1.683190702668814609e+01
-1.684985434184483566e+01
-1.683220290619817661e+01
-1.681296189614466741e+01
-1.674693250701482583e+01
-1.672164755244681800e+01
-1.683093626906282125e+01
-1.660656945887464175e+01
-1.664259463042346709e+01
-1.673062806716066220e+01
-1.673837798014777434e+01
-1.668785868956718232e+01
-1.669945416178432041e+01
-1.677569907039109509e+01
-1.690198292422680737e+01
-1.696778247604459366e+01
-1.695019293725864529e+01
-1.695403844288841810e+01
-1.697372751328347462e+01
-1.681912607972629914e+01
-1.675799945234960475e+01
-1.676118733804672090e+01
-1.684321498931808847e+01
-1.678999970717658741e+01
-1.662898652725420945e+01
-1.667157231404736706e+01
-1.675398949878125521e+01
-1.675581713294409525e+01
-1.674681555009905765e+01
-1.687271990332932603e+01
-1.687379320774855884e+01
-1.677086755073908009e+01
-1.681742970972186058e+01
-1.671303389853828492e+01
-1.681316873147101987e+01
-1.685279730736593606e+01
-1.675157908822326647e+01
-1.676357811157028266e+01
-1.673701561695568429e+01
-1.669896957890275502e+01
-1.664207728804890962e+01
-1.666018313859690636e+01
-1.662540322703735285e+01
-1.654194678082080827e+01
-1.657200222010046176e+01
-1.680883581800402382e+01
-1.677524921789948920e+01
-1.664035876333516484e+01
-1.663472451483547943e+01
-1.663730903889621615e+01
-1.659533730383350303e+01
-1.657794904791605362e+01
-1.667162326403438755e+01
-1.664162507452630280e+01
-1.669621693474118374e+01
-1.663415957565428016e+01
-1.660829172348162430e+01
-1.660004732102849445e+01
-1.652776044850391557e+01
-1.638632962009252836e+01
-1.647265953056824017e+01
-1.646661037963642116e+01
-1.646335328870677372e+01
-1.639537292241204725e+01
-1.644035412236232574e+01
-1.653798678209144768e+01
-1.646731684327429335e+01
-1.648161987704625631e+01
-1.654938866984841894e+01
-1.650042872316804932e+01
-1.661299503017085399e+01
-1.659618835513270696e+01
-1.655895196743074038e+01
-1.643694244769175938e+01
-1.629996520296019114e+01
-1.646313716383455628e+01
-1.637910159188441384e+01
-1.639324619530249905e+01
-1.642267224816060889e+01
-1.639641047014632491e+01
-1.644653555263899136e+01
-1.641850109260411372e+01
-1.642046372242502272e+01
-1.638647617471151108e+01
-1.641385269387147261e+01
-1.646378920547005009e+01
-1.642348586991263204e+01
-1.638331301575052024e+01
-1.626373169068118685e+01
-1.629002417461653707e+01
-1.627959315531938245e+01
-1.623036114476055403e+01
-1.620308866902649925e+01
-1.611941262084518911e+01
-1.615610857153491864e+01
-1.618081068188687155e+01
-1.624565594264128876e+01
-1.622784008498043562e+01
-1.618140961035730996e+01
-1.628623452367155267e+01
-1.631568461940194581e+01
-1.629098835275217994e+01
-1.629586543828026990e+01
-1.632587143632526860e+01
-1.634407355914594362e+01
-1.632878984220585750e+01
-1.644403123918583276e+01
-1.634095711506715887e+01
-1.646339950615064751e+01
-1.651286311725976219e+01
-1.652560629489072852e+01
-1.657461798839941380e+01
-1.661827561829527156e+01
-1.651027415848249191e+01
-1.658168681624484364e+01
-1.658071933603558534e+01
-1.653270247439424878e+01
-1.649751114523904150e+01
-1.655853297353175435e+01
-1.649633238326629581e+01
-1.647398924735250603e+01
-1.646660289297073732e+01
-1.646370409213178476e+01
-1.642249045557447928e+01
-1.637075624086145709e+01
-1.638652681496566288e+01
-1.641603986176840735e+01
-1.641734378560256147e+01
-1.642283601845912600e+01
-1.644703710994094337e+01
-1.640655635911222987e+01
-1.636037478324655936e+01
-1.657484931612030721e+01
-1.643061773299158546e+01
-1.638244406219913785e+01
-1.636604519875002595e+01
-1.636325015766539792e+01
-1.638138237674367303e+01
-1.633840572373868483e+01
-1.625312538955800434e+01
-1.631520234755926424e+01
-1.631501279647248026e+01
-1.631019814561229353e+01
-1.629025707508785814e+01
-1.635527718162523314e+01
-1.630661535305432608e+01
-1.632881242396027943e+01
-1.626634355395238529e+01
-1.625320550979344603e+01
-1.613819515536952665e+01
-1.620000486935983020e+01
-1.619073637185494263e+01
-1.620363513832095848e+01
-1.619926958133815731e+01
-1.620162636022917013e+01
-1.619882897013420475e+01
-1.618427103298053993e+01
-1.619858624867815067e+01
-1.624866427833554283e+01
-1.622936340345126638e+01
-1.616972187147220907e+01
-1.618740149942346207e+01
-1.616256100510712557e+01
-1.614110841246348826e+01
-1.623509525453597391e+01
-1.610264033727977662e+01
-1.601548357937501521e+01
-1.593921138299928764e+01
-1.598242519801231332e+01
-1.604294590138888665e+01
-1.606424410577439232e+01
-1.609688383887572627e+01
-1.612556138578784370e+01
-1.615006460700867663e+01
-1.604007462832709763e+01
-1.607756413568233711e+01
-1.611953615775506776e+01
-1.613568677358950154e+01
-1.609087942853562581e+01
-1.603603749369681353e+01
-1.613122450118600781e+01
-1.614052595977574001e+01
-1.614343470707783368e+01
-1.611485989506535432e+01
-1.606711314401250235e+01
-1.608583887759762021e+01
-1.607391439707931724e+01
-1.609852952986980412e+01
-1.617388867619185433e+01
-1.618825779198454740e+01
-1.615454206118387503e+01
-1.616157470902757609e+01
-1.616969203398078747e+01
-1.620020066095317901e+01
-1.609308023254304132e+01
-1.616386164813641457e+01
-1.622055917369999278e+01
-1.628094122133207478e+01
-1.626299032651211363e+01
-1.629349079073538675e+01
-1.631801444119828659e+01
-1.634815107607320073e+01
-1.629378458375263961e+01
-1.629022541877061414e+01
-1.629369536589434020e+01
-1.628755937770383255e+01
-1.631722108853721664e+01
-1.626833332484022421e+01
-1.638136187897189089e+01
-1.634520619197249047e+01
-1.632259902186884304e+01
-1.632042124734193678e+01
-1.631810368862789318e+01
-1.634331756096758426e+01
-1.638048435432740391e+01
-1.637710413736354553e+01
-1.629326061366955258e+01
-1.630927942204630554e+01
-1.633142361043857349e+01
-1.636911769047059195e+01
-1.631338090588165457e+01
-1.629436212382321969e+01
-1.629014114014372439e+01
-1.628885182180219360e+01
-1.625820897387514918e+01
-1.628672263255689501e+01
-1.621263537801166876e+01
-1.626855915530081376e+01
-1.628221196551411865e+01
-1.630200813306775132e+01
-1.636438055154575721e+01
-1.635968608445962147e+01
-1.634973703042586735e+01
-1.637599896533395238e+01
-1.642139290577049948e+01
-1.628121704667077196e+01
-1.622911889395576424e+01
-1.620978451276067744e+01
-1.615584872092868807e+01
-1.621114683031138171e+01
-1.622043823838788512e+01
-1.622339393595940038e+01
-1.623256668672050651e+01
-1.642556644492409390e+01
-1.632253152517762729e+01
-1.626376179618150175e+01
-1.637531666657884699e+01
-1.630233197559180525e+01
-1.633324804035610356e+01
-1.641031171933358124e+01
-1.639202202700012023e+01
-1.639072497736210465e+01
-1.640642983587236259e+01
-1.644697215725440387e+01
-1.652725538993002274e+01
-1.644917078747849715e+01
-1.624968247177154979e+01
-1.634930084626135383e+01
-1.642798206448571108e+01
-1.647869364084535704e+01
-1.639029265248218081e+01
-1.644881660439451920e+01
-1.641527573677264940e+01
-1.631317825186154735e+01
-1.636921780464108167e+01
-1.633681059407964753e+01
-1.627692128335703003e+01
-1.624944932469294656e+01
-1.630557906428892778e+01
-1.627238254016186048e+01
-1.620997235793894120e+01
-1.627761635099413695e+01
-1.623536462254132573e+01
-1.623112153603629437e+01
-1.628142751603268223e+01
-1.626620268399632607e+01
-1.628762370874865795e+01
-1.636607216520685171e+01
-1.629742233140848384e+01
-1.634380881217862935e+01
-1.630065640760255974e+01
-1.629240060438613824e+01
-1.629762058581619399e+01
-1.641556182199501634e+01
-1.649052774562185419e+01
-1.656917221860989287e+01
-1.656953953310727456e+01
-1.645918809071782718e+01
-1.652238849052251268e+01
-1.642900609794201117e+01
-1.640996551579671703e+01
-1.643639857304979657e+01
-1.641613281672450952e+01
-1.649083761474361509e+01
-1.649288266505930878e+01
-1.648248059699887946e+01
-1.648287100488738943e+01
-1.657254725720077460e+01
-1.655564768132008524e+01
-1.650316869088807081e+01
-1.651696665748134762e+01
-1.648119310815802407e+01
-1.655244970500285007e+01
-1.648019045157489160e+01
-1.653004372123554688e+01
-1.649381768218295363e+01
-1.655734305815046170e+01
-1.643505000557427209e+01
-1.646261435525632066e+01
-1.643644151067041292e+01
-1.655041350358290941e+01
-1.653895487295099187e+01
-1.653306603813955178e+01
-1.649708498718397109e+01
-1.656237888822276005e+01
-1.641872938540399929e+01
-1.644299202141106164e+01
-1.651655257738332949e+01
-1.632230000109776924e+01
-1.638823960663958701e+01
-1.637878757842357658e+01
-1.636501538713097048e+01
-1.629948634453053913e+01
-1.644105924560085796e+01
-1.637313282595302510e+01
-1.635699039193364257e+01
-1.629131412838867377e+01
-1.630607846992998233e+01
-1.628219194004833525e+01
-1.629206284853445297e+01
-1.635487606466538679e+01
-1.652630856276059745e+01
-1.654243825022363268e+01
-1.655730703301694007e+01
-1.648346674776532694e+01
-1.646361768575743767e+01
-1.642024673705659765e+01
-1.643496457803802357e+01
-1.643456590839361908e+01
-1.641757075037913438e+01
-1.638985590639283885e+01
-1.644218284440828626e+01
-1.646482531708009844e+01
-1.650330188143611920e+01
-1.647170112318254453e+01
-1.638894688424489487e+01
-1.642703434905927296e+01
-1.642889602852673647e+01
-1.643187894990187914e+01
-1.635735884769027848e+01
-1.638126377509752629e+01
-1.636994828028164051e+01
-1.628597611651114363e+01
-1.632882358886775265e+01
-1.621787909399632355e+01
-1.614258172984628459e+01
-1.620438867100526892e+01
-1.616469767903493349e+01
-1.620220483713259085e+01
-1.619025986476305334e+01
-1.619430443333077818e+01
-1.618507750935743417e+01
-1.622934029773350062e+01
-1.622389946323124477e+01
-1.606371110996223806e+01
-1.601034466544008694e+01
-1.602214180115332098e+01
-1.598785663305214300e+01
-1.604209581280272090e+01
-1.600426348193034443e+01
-1.604568496476024819e+01
-1.608098649438934657e+01
-1.614511007164964340e+01
-1.609196033173039098e+01
-1.612409734405911621e+01
-1.615346488061002717e+01
-1.620313615133840202e+01
-1.610729882693573956e+01
-1.615583794605575463e+01
-1.625478128436267156e+01
-1.614616363152130774e+01
-1.624579150677811157e+01
-1.615999269799561233e+01
-1.611580052600652024e+01
-1.614779146296770307e+01
-1.621897334804899771e+01
-1.631600359646156662e+01
-1.623508871084758809e+01
-1.623985491321188235e+01
-1.627467231487961996e+01
-1.621665641231145472e+01
-1.613220255447802387e+01
-1.610104464241447175e+01
-1.614622081752581195e+01
-1.620612850016962625e+01
-1.625927736409227009e+01
-1.626210053437466740e+01
-1.618421913916087362e+01
-1.618692786261506100e+01
-1.615601894985061548e+01
