# 2*np.log[MAD(r)] for 100 flights; 1000 steps per flight; run 40 of 50; mu: 3.00; seed: 39
-2.510934906655794663e+01
-2.346682720106171516e+01
-2.260477128002564484e+01
-2.281763738550299436e+01
-2.230328191113292746e+01
-2.238128578162835680e+01
-2.204400652374916803e+01
-2.171563512474802948e+01
-2.150155096371488384e+01
-2.151218152176615206e+01
-2.097905272242609698e+01
-2.089768258868031481e+01
-2.079792710560615632e+01
-2.085242888308455989e+01
-2.094530749647647738e+01
-2.071418731742522468e+01
-2.037151259917512292e+01
-2.032105718256203275e+01
-2.033711475575429972e+01
-2.014954560971504804e+01
-2.012749086823906453e+01
-1.993006141628076833e+01
-1.992721237144945334e+01
-1.976303774972832628e+01
-1.973496889071985549e+01
-1.970823542209168266e+01
-1.976462608427356216e+01
-1.972980323581449014e+01
-1.949408192403599216e+01
-1.966975403250475907e+01
-1.985483559977195611e+01
-1.964895254938161528e+01
-1.966262089323542028e+01
-1.971019618294142717e+01
-1.966737716016155346e+01
-1.966029184286851006e+01
-1.972474115690521401e+01
-1.994318728156741471e+01
-1.983677366483388482e+01
-1.979296905455520417e+01
-1.960754195014411394e+01
-1.951754452245871718e+01
-1.936606986547057829e+01
-1.951122300130533560e+01
-1.955941833344405012e+01
-1.973789314409117424e+01
-1.952706847293675807e+01
-1.945203145781733056e+01
-1.948814596392238840e+01
-1.960623194629697608e+01
-1.952750330117020283e+01
-1.930763473931388674e+01
-1.918896883886699456e+01
-1.927500434131484042e+01
-1.917951721753085437e+01
-1.921393188329194146e+01
-1.916018348360343282e+01
-1.910867070827728043e+01
-1.922406327743155430e+01
-1.904289147124740467e+01
-1.912056306690334750e+01
-1.912452188740432746e+01
-1.917126258406613815e+01
-1.906772449678892656e+01
-1.880347869301713004e+01
-1.891914882102805606e+01
-1.901490482232283696e+01
-1.912372004005841220e+01
-1.943543489689548309e+01
-1.901178993830771091e+01
-1.903130694695535752e+01
-1.891099001153605030e+01
-1.902016467893157525e+01
-1.907717213607351070e+01
-1.907592208450177296e+01
-1.909232661515510188e+01
-1.920236559483278072e+01
-1.894069895500769363e+01
-1.894878520576599712e+01
-1.877543419491889409e+01
-1.874814047584193233e+01
-1.877030330783340872e+01
-1.871190518443031081e+01
-1.862785252797324631e+01
-1.867709857666678275e+01
-1.859915353911193137e+01
-1.871076469461216618e+01
-1.868719681575047531e+01
-1.868890860825946021e+01
-1.872462104341485301e+01
-1.884606581427380689e+01
-1.872959615035884795e+01
-1.884800277499550347e+01
-1.868451228064459357e+01
-1.870045936286570409e+01
-1.868543848069315416e+01
-1.864071514667050877e+01
-1.872496996785461576e+01
-1.847516384234432252e+01
-1.854236431960561404e+01
-1.860493876430170701e+01
-1.866002594146745253e+01
-1.862697334444874642e+01
-1.847176416380613517e+01
-1.856585601406358776e+01
-1.839907454081104277e+01
-1.824585177675129799e+01
-1.838352961532864427e+01
-1.839106480577951075e+01
-1.837259631442964292e+01
-1.837044880226809340e+01
-1.852592686014494916e+01
-1.845318486046675588e+01
-1.859123561095479005e+01
-1.843222386135268920e+01
-1.832304948625959540e+01
-1.837099554599858209e+01
-1.827621555350154381e+01
-1.829060098558408498e+01
-1.824247170970741294e+01
-1.835598255661481559e+01
-1.848881502038227609e+01
-1.845384804727308392e+01
-1.835525161919021642e+01
-1.832646541299391174e+01
-1.828857120426325267e+01
-1.826508904724264681e+01
-1.817588123340100381e+01
-1.819159410530612675e+01
-1.824613008642095480e+01
-1.818390819660460878e+01
-1.805181013324946804e+01
-1.808561572416749286e+01
-1.802772666809555702e+01
-1.778915957178862328e+01
-1.789968421542906896e+01
-1.777825277841394680e+01
-1.780434586523046292e+01
-1.789553227627265031e+01
-1.790788016869500865e+01
-1.786130808728173491e+01
-1.789151957205935872e+01
-1.783606494770769402e+01
-1.778532324243323970e+01
-1.789583185512355001e+01
-1.783993606387931763e+01
-1.787388622977836050e+01
-1.786281604871674134e+01
-1.801174530144539787e+01
-1.810019077157108214e+01
-1.779978384597166752e+01
-1.779686181607712570e+01
-1.782855094338139068e+01
-1.805739931062765891e+01
-1.793016446908725570e+01
-1.789188305185665939e+01
-1.805305554504346333e+01
-1.797949068346465396e+01
-1.802842777903599014e+01
-1.816662673976452780e+01
-1.819746532897517355e+01
-1.829517709550792759e+01
-1.831690212106526872e+01
-1.823154749452749712e+01
-1.827269187195071254e+01
-1.810160947021262956e+01
-1.817992832789390079e+01
-1.814041101546180101e+01
-1.834771695239242462e+01
-1.831110861591074368e+01
-1.822100892059544819e+01
-1.839195340710110926e+01
-1.827444791004356262e+01
-1.829252766614838066e+01
-1.838488963982430846e+01
-1.838456031688899017e+01
-1.834942593769109465e+01
-1.836446211868326372e+01
-1.835198698878905432e+01
-1.810856485149857065e+01
-1.789020764825693632e+01
-1.800767515917858574e+01
-1.804041125005412027e+01
-1.795963456512880185e+01
-1.813718331720564692e+01
-1.806010406858728246e+01
-1.809636527664694583e+01
-1.812857155326017988e+01
-1.813426847072816273e+01
-1.810782708348776993e+01
-1.811016984705062782e+01
-1.795271878556416567e+01
-1.809800346241681268e+01
-1.808448392482323897e+01
-1.803276768023259535e+01
-1.800693953077859533e+01
-1.801857056097862753e+01
-1.793194640260196948e+01
-1.789484546877348592e+01
-1.800796238076076250e+01
-1.780429465727168648e+01
-1.781681333335107453e+01
-1.781231623907832073e+01
-1.779190798195850221e+01
-1.784957373900846278e+01
-1.786349242074034294e+01
-1.806561849185247937e+01
-1.786907093423909743e+01
-1.781548497924512375e+01
-1.780047552149752832e+01
-1.770825701494525006e+01
-1.779484782790020247e+01
-1.775556498504776215e+01
-1.788812124556671534e+01
-1.778184332541609081e+01
-1.775135349931000661e+01
-1.772124706421109153e+01
-1.782047044121246415e+01
-1.773469427279280453e+01
-1.773428680620046904e+01
-1.768074502250857805e+01
-1.765115900725506393e+01
-1.762242146700122092e+01
-1.764310917241911625e+01
-1.776422805041264041e+01
-1.762050680024602300e+01
-1.777532156116825846e+01
-1.776860097563819707e+01
-1.781435772638451454e+01
-1.773257932368408518e+01
-1.775135915037558476e+01
-1.780386817121657828e+01
-1.776952973668929658e+01
-1.778542050261445340e+01
-1.777889307210570990e+01
-1.772171220375928158e+01
-1.778650632222738182e+01
-1.776501488773402926e+01
-1.771868123413140594e+01
-1.768269884889840426e+01
-1.769153480867942463e+01
-1.793614944858576976e+01
-1.778505111555728035e+01
-1.765002868406794434e+01
-1.761369963259760496e+01
-1.769532298933233960e+01
-1.763088817147061604e+01
-1.755343050718231979e+01
-1.754713361115882719e+01
-1.753808809121623469e+01
-1.738009065631060324e+01
-1.746862593855064461e+01
-1.755138559965819667e+01
-1.743674800503979938e+01
-1.736675831113666746e+01
-1.745827338548603080e+01
-1.736291429541903497e+01
-1.751260188140623697e+01
-1.740869235659526737e+01
-1.739123638975494401e+01
-1.739308281186144001e+01
-1.750166057989085644e+01
-1.741818318345730177e+01
-1.742767656948853627e+01
-1.739893899862815729e+01
-1.743249091493519742e+01
-1.739384958846660822e+01
-1.760843708684123854e+01
-1.763501547914710343e+01
-1.765454367832883875e+01
-1.748909577935654980e+01
-1.749056548456473692e+01
-1.734035161047642148e+01
-1.746058522070957153e+01
-1.751786514637443659e+01
-1.739152889287096571e+01
-1.741580006797346414e+01
-1.736754717543534809e+01
-1.730593873009821948e+01
-1.731191085121553641e+01
-1.735297255278008421e+01
-1.716223883033860531e+01
-1.723496200475123885e+01
-1.722885852638452420e+01
-1.717194152169524912e+01
-1.723969334667459918e+01
-1.725199117041618990e+01
-1.724707302681161991e+01
-1.728225059606983294e+01
-1.741404509124650701e+01
-1.729819095014747887e+01
-1.727685845142960019e+01
-1.723560192513527412e+01
-1.712056641390057976e+01
-1.722187829942248172e+01
-1.719685493613603455e+01
-1.725243089573536537e+01
-1.725978889833099572e+01
-1.736660588886731915e+01
-1.735362049903839932e+01
-1.713601134463029396e+01
-1.729008743207327825e+01
-1.718636598085139866e+01
-1.721878209004669813e+01
-1.717147710857084419e+01
-1.720155406558571443e+01
-1.731938677225890899e+01
-1.732665254060398397e+01
-1.726194840043119072e+01
-1.718731572658666451e+01
-1.710199109888349511e+01
-1.708160974732183135e+01
-1.708714238987053591e+01
-1.717019011234578940e+01
-1.701501426681871720e+01
-1.711831061085964123e+01
-1.711081111453011872e+01
-1.714235071314745440e+01
-1.709760800924606272e+01
-1.716531518543481738e+01
-1.713195335163483080e+01
-1.716262184565568205e+01
-1.713756424832306635e+01
-1.724201425306385360e+01
-1.725536434873963287e+01
-1.726966058892113409e+01
-1.722444072603406084e+01
-1.718520399731556125e+01
-1.709981882462480129e+01
-1.717356306342615113e+01
-1.723163828622943683e+01
-1.729274843061188704e+01
-1.729606178991761212e+01
-1.714192279013695597e+01
-1.716686583775549479e+01
-1.710683000487503591e+01
-1.719540280109817232e+01
-1.714213836929551249e+01
-1.710149436030341263e+01
-1.713007009468829978e+01
-1.714090870891487839e+01
-1.709947465203282491e+01
-1.718497070841948826e+01
-1.727321500783958541e+01
-1.720744581387835481e+01
-1.713690446926080213e+01
-1.718281503328941895e+01
-1.725995910864241623e+01
-1.722124063708143993e+01
-1.723695633590012122e+01
-1.719961153550942612e+01
-1.720150815445563808e+01
-1.724767214644819546e+01
-1.724885607170928026e+01
-1.732309259487185216e+01
-1.731317147793927091e+01
-1.733918562603867031e+01
-1.726377115821757968e+01
-1.732282777964038445e+01
-1.732472575361797595e+01
-1.725798283426774660e+01
-1.724585771382674793e+01
-1.709518697971963874e+01
-1.713231313586165072e+01
-1.714376861714736577e+01
-1.725657242107602940e+01
-1.717468048009390813e+01
-1.721957675550183708e+01
-1.728111851844990809e+01
-1.722468318998220127e+01
-1.716226384478171596e+01
-1.714427440025711746e+01
-1.704027741175520916e+01
-1.692394153534566925e+01
-1.688037582269721781e+01
-1.693569460970355323e+01
-1.690465785316529690e+01
-1.683038856147415530e+01
-1.699695787827153381e+01
-1.701023200649590805e+01
-1.692956973036386970e+01
-1.689988387643391476e+01
-1.694306391302220405e+01
-1.700381158337301102e+01
-1.724003661985364033e+01
-1.712576052011167604e+01
-1.726130821210120914e+01
-1.716569860094007538e+01
-1.712768685672939739e+01
-1.717332455152746817e+01
-1.706498021627006878e+01
-1.714282534026024152e+01
-1.718263519894725277e+01
-1.715436664885117324e+01
-1.715331541380093938e+01
-1.710052084995400534e+01
-1.708536006964297727e+01
-1.702437711153790900e+01
-1.722099724930618692e+01
-1.721094705030074223e+01
-1.718855408383187466e+01
-1.723011719250367335e+01
-1.727892822889542757e+01
-1.721277802461838391e+01
-1.721364455327001863e+01
-1.724110294768881602e+01
-1.713584029379481422e+01
-1.722046160558126005e+01
-1.723217573671393055e+01
-1.720762148833382099e+01
-1.717721905446304831e+01
-1.705944571010453714e+01
-1.693866307230147683e+01
-1.695396189706320200e+01
-1.694096601350704745e+01
-1.693104786557838892e+01
-1.689716577757135951e+01
-1.699498358204776238e+01
-1.719438751055212933e+01
-1.707243042867849070e+01
-1.716448842482532910e+01
-1.716672300661371509e+01
-1.703413613611296995e+01
-1.715005025404900607e+01
-1.715225439247118899e+01
-1.704933036815080882e+01
-1.722991893483346004e+01
-1.714970382921628556e+01
-1.703227690945769268e+01
-1.698746781399390571e+01
-1.714079525426150852e+01
-1.686990274674316126e+01
-1.692324316102875414e+01
-1.693718631178755629e+01
-1.705498550770959554e+01
-1.707374128958730708e+01
-1.700398057681704955e+01
-1.709277181963902947e+01
-1.703624716436087638e+01
-1.700000314859822481e+01
-1.704740560155455853e+01
-1.708970719879730282e+01
-1.706623248524795144e+01
-1.701231598249539090e+01
-1.699246383305296604e+01
-1.700878955932692449e+01
-1.710036307886735329e+01
-1.692853225595846567e+01
-1.696470239735484142e+01
-1.701258612953163762e+01
-1.709686223119350856e+01
-1.713416611343992813e+01
-1.714237811088134578e+01
-1.721143263907684684e+01
-1.723481024127915262e+01
-1.736317327666424859e+01
-1.724568794617118073e+01
-1.722057393427244776e+01
-1.727209445643692121e+01
-1.718197816613993822e+01
-1.710832053349852799e+01
-1.713622900469587407e+01
-1.709045267630861176e+01
-1.701862270507062647e+01
-1.708787600913735716e+01
-1.701802513772528513e+01
-1.703650564512978960e+01
-1.723204257221179958e+01
-1.711190393737763316e+01
-1.707775088586221202e+01
-1.694784521772600527e+01
-1.703419829926163231e+01
-1.704769899452762871e+01
-1.701845345709255142e+01
-1.698503108627191693e+01
-1.692049881381455734e+01
-1.699536978109830088e+01
-1.701193959744146511e+01
-1.706489938741503920e+01
-1.719429034834835335e+01
-1.727846654547098382e+01
-1.717634788902797638e+01
-1.723522115980490099e+01
-1.711035326009720947e+01
-1.701625288948152814e+01
-1.693507001207916929e+01
-1.699770163066797224e+01
-1.683402210976362667e+01
-1.686600550495294115e+01
-1.700944665845970505e+01
-1.692264912848235525e+01
-1.694669258035318649e+01
-1.691273189356292761e+01
-1.686403927518507473e+01
-1.689349658888718508e+01
-1.691806096846106300e+01
-1.695536329224714578e+01
-1.702061108199806228e+01
-1.688793448239805528e+01
-1.687954259257497469e+01
-1.689808023563435668e+01
-1.696927945200252452e+01
-1.688779716904275929e+01
-1.676542604895459476e+01
-1.675556331192382231e+01
-1.670885179964420431e+01
-1.675707585699514013e+01
-1.671328371635647159e+01
-1.672595973398238556e+01
-1.681208715339149506e+01
-1.681195247810677529e+01
-1.684597938292341013e+01
-1.684175048880510062e+01
-1.691695396391406092e+01
-1.674128195512878037e+01
-1.666772713435135955e+01
-1.666381622179736866e+01
-1.669412829390392616e+01
-1.665027502140436155e+01
-1.669500813397672090e+01
-1.681381921917228084e+01
-1.689655715426699345e+01
-1.683825683007793472e+01
-1.674511960308817748e+01
-1.682133232284404656e+01
-1.684533770928933549e+01
-1.694806357939928176e+01
-1.679157671524682627e+01
-1.670046643483305715e+01
-1.671764670692490995e+01
-1.663645692690335665e+01
-1.663500412329728562e+01
-1.655221333317315668e+01
-1.666653736877538350e+01
-1.663105528809171574e+01
-1.665014117310813191e+01
-1.664395135970596229e+01
-1.671680532464602109e+01
-1.665247349994341164e+01
-1.659396215968391175e+01
-1.652888885025944177e+01
-1.651550049253093633e+01
-1.652906961453225776e+01
-1.655719991927745838e+01
-1.659299181798500911e+01
-1.656198010647931440e+01
-1.638885877188520013e+01
-1.649764979241232155e+01
-1.650659804448194734e+01
-1.648677486700889006e+01
-1.649335961931988592e+01
-1.650724929104432803e+01
-1.657171779421020474e+01
-1.648683050307339926e+01
-1.648929909148571227e+01
-1.657337283635977698e+01
-1.648272614381965795e+01
-1.650534725245490364e+01
-1.652050490408038286e+01
-1.650254875306642077e+01
-1.653047727055789906e+01
-1.645865902031573214e+01
-1.643350486395585008e+01
-1.643711580553883422e+01
-1.645904750536850969e+01
-1.642761446945230830e+01
-1.645082447099199285e+01
-1.639762329399997753e+01
-1.638502452227123030e+01
-1.639038194151587291e+01
-1.643021669462143564e+01
-1.635535808488422305e+01
-1.629415816999468092e+01
-1.632972725676845016e+01
-1.633523207703262159e+01
-1.636333400130552107e+01
-1.637900380855960947e+01
-1.636409113808580074e+01
-1.644483104592502443e+01
-1.635793329801588314e+01
-1.640289439422393158e+01
-1.632705051409356756e+01
-1.643999889314094531e+01
-1.647349989791715430e+01
-1.642022283474536692e+01
-1.636323001596612414e+01
-1.643565367404283961e+01
-1.631159637593010459e+01
-1.628484542482405928e+01
-1.629582975026819014e+01
-1.636235784279521965e+01
-1.639906677931260504e+01
-1.630781903735885763e+01
-1.627734494401379806e+01
-1.627961509321653821e+01
-1.630039563999098107e+01
-1.625951989877178505e+01
-1.643945921219291151e+01
-1.647822074799284309e+01
-1.647391160054664283e+01
-1.635950568899006541e+01
-1.642652199561203474e+01
-1.636914351188552175e+01
-1.633830007756165870e+01
-1.646395289835865938e+01
-1.631288578002956058e+01
-1.637154671226765146e+01
-1.643058998580051622e+01
-1.653970657596871163e+01
-1.649204878639513794e+01
-1.651306650989984348e+01
-1.654155095219542204e+01
-1.650104155848754672e+01
-1.655401509426022599e+01
-1.651456612154827397e+01
-1.645352596247875709e+01
-1.640678410556541422e+01
-1.628377378842242251e+01
-1.634894812518955121e+01
-1.625027440974942650e+01
-1.623536085112822391e+01
-1.624268244171860331e+01
-1.621601513813666884e+01
-1.626807105989929880e+01
-1.628942381203212619e+01
-1.624706642192887429e+01
-1.619742932042021621e+01
-1.623096661245122263e+01
-1.629894000244350494e+01
-1.629308455326762228e+01
-1.635213362171453966e+01
-1.631575714364194951e+01
-1.634517344745807321e+01
-1.633894260794424014e+01
-1.631345109553693717e+01
-1.636497443794299400e+01
-1.633854647115725101e+01
-1.638716212300639086e+01
-1.635130247972469775e+01
-1.634600157339579241e+01
-1.645226641211020535e+01
-1.641279628881689590e+01
-1.637756313532497998e+01
-1.637489135241798976e+01
-1.633179005512612747e+01
-1.626740270993099458e+01
-1.640178728855375212e+01
-1.629739931026380972e+01
-1.629687587677195282e+01
-1.630990371720522347e+01
-1.628812373816435866e+01
-1.625167407908546480e+01
-1.627715441400557950e+01
-1.626825257175413242e+01
-1.628514301254399044e+01
-1.623323912766092292e+01
-1.633907988033388747e+01
-1.628514752892460038e+01
-1.628038224011753954e+01
-1.627558507929862586e+01
-1.629617421166628333e+01
-1.626604389299400566e+01
-1.629416683952775458e+01
-1.630526566328751414e+01
-1.626680758141302618e+01
-1.633486825981738733e+01
-1.641933740825544064e+01
-1.631624586311226466e+01
-1.630810154832102654e+01
-1.637090872812932574e+01
-1.642505504261221105e+01
-1.629287542735482219e+01
-1.632159786361968656e+01
-1.632746720078939973e+01
-1.637023916822255387e+01
-1.639205334082566878e+01
-1.640619938780462661e+01
-1.631642598683540868e+01
-1.643245769349966778e+01
-1.638448777513040255e+01
-1.636015107676193381e+01
-1.634509916512892502e+01
-1.634668562629324384e+01
-1.632673920086977049e+01
-1.628105098835951026e+01
-1.624652822236943450e+01
-1.628203334772450717e+01
-1.627559000177350157e+01
-1.623849497283268661e+01
-1.635686310436364366e+01
-1.633720453714508736e+01
-1.634809327680262925e+01
-1.631900910294286078e+01
-1.630110771612090304e+01
-1.625573553077777333e+01
-1.628987249852465879e+01
-1.631872328293218288e+01
-1.617276605061991290e+01
-1.621337932440122742e+01
-1.623990522595918407e+01
-1.624040343110938522e+01
-1.635764318906658943e+01
-1.629645119776733253e+01
-1.629198723092806134e+01
-1.624718884395337781e+01
-1.625522865401576311e+01
-1.621158516887180312e+01
-1.628095060638913338e+01
-1.624478564274988202e+01
-1.630842926274662474e+01
-1.626707449647706838e+01
-1.628988192637044463e+01
-1.631762030732228652e+01
-1.633137553292477762e+01
-1.633146269350525159e+01
-1.633368867601264540e+01
-1.628192251727573137e+01
-1.621483964825991109e+01
-1.623310396975744041e+01
-1.618319073610516767e+01
-1.618430280094343843e+01
-1.626890431220848754e+01
-1.631487919552084520e+01
-1.636074263093012959e+01
-1.639386510709388034e+01
-1.639290734110882042e+01
-1.634323552392325851e+01
-1.634870932515985587e+01
-1.635614458516836578e+01
-1.634520129210581274e+01
-1.637784954322951592e+01
-1.638504055090610123e+01
-1.640581975733946862e+01
-1.637144993206999644e+01
-1.637820299583179917e+01
-1.639570939058598142e+01
-1.627769183116313556e+01
-1.630712903161841965e+01
-1.626861763853594312e+01
-1.623757661783237793e+01
-1.619872002945750822e+01
-1.614676483793967776e+01
-1.610830581833147335e+01
-1.621714008742083735e+01
-1.622572111273690965e+01
-1.618445769883688357e+01
-1.617628628387311807e+01
-1.605597157859569890e+01
-1.611076854195178498e+01
-1.612140584056457371e+01
-1.605437731569032067e+01
-1.603604597868493897e+01
-1.602546389497164725e+01
-1.602161097173647875e+01
-1.605699516167154783e+01
-1.601524068345455021e+01
-1.600179713860037722e+01
-1.600284606469471882e+01
-1.602480824032966567e+01
-1.599897243292301141e+01
-1.601533250519079132e+01
-1.604239525531660249e+01
-1.598243806236438935e+01
-1.601263062349273980e+01
-1.598593764943209905e+01
-1.604959307595439455e+01
-1.609324206201836915e+01
-1.616114462106254734e+01
-1.620812295156356697e+01
-1.613879485758570098e+01
-1.611437988051139314e+01
-1.612113191019270175e+01
-1.621057976530109457e+01
-1.609206119462495010e+01
-1.612346290929314563e+01
-1.611321955618856094e+01
-1.607861409143440312e+01
-1.604859702932272469e+01
-1.613737749064813087e+01
-1.610083538866722108e+01
-1.608573398013760780e+01
-1.607450266456917731e+01
-1.605685938007333391e+01
-1.599342010870210018e+01
-1.600994717367899156e+01
-1.605530854161931487e+01
-1.604336711037089103e+01
-1.602763526109165682e+01
-1.597793207763885093e+01
-1.596977070054213321e+01
-1.596458167987210608e+01
-1.589950675432529437e+01
-1.584598421548591141e+01
-1.584002087270039461e+01
-1.586026500470840084e+01
-1.581989006593761360e+01
-1.597930105030729919e+01
-1.599708762087808367e+01
-1.602255406277124550e+01
-1.597203958076668862e+01
-1.594660105158063423e+01
-1.592732716964402506e+01
-1.599081015460093269e+01
-1.599451990052442163e+01
-1.599515095047817326e+01
-1.596292868994195757e+01
-1.596940397310940973e+01
-1.597596735905023735e+01
-1.593462398696711979e+01
-1.592968224289254486e+01
-1.595107796147500956e+01
-1.592019877965297781e+01
-1.591797516592113304e+01
-1.592981009459036201e+01
-1.595658453051802184e+01
-1.591401653427604046e+01
-1.595870430695035758e+01
-1.597930939281899221e+01
-1.598895401941434358e+01
-1.595919074632162094e+01
-1.596391198902456487e+01
-1.604506851446284088e+01
-1.594965582190895681e+01
-1.607060652183304938e+01
-1.600242011979014123e+01
-1.597357658901311872e+01
-1.597810991834097294e+01
-1.596655691665794130e+01
-1.598865574071789197e+01
-1.593603350825668130e+01
-1.603474417603435853e+01
-1.593884448529885134e+01
-1.595403234549463178e+01
-1.598779555669764996e+01
-1.594653441834316787e+01
-1.591557033117396358e+01
-1.595093257764019512e+01
-1.593928851110127276e+01
-1.597649741430039683e+01
-1.596913374881005865e+01
-1.594796219777281721e+01
-1.590187891413161481e+01
-1.601249338072209838e+01
-1.593979526152203263e+01
-1.595422627278352579e+01
-1.596518717635242979e+01
-1.594264044799699676e+01
-1.592956202726836068e+01
-1.593501733546209920e+01
-1.598701461322163020e+01
-1.599925462798337961e+01
-1.601146163252337473e+01
-1.601618718748600045e+01
-1.606136873545096222e+01
-1.603558611602221262e+01
-1.608021589961960629e+01
-1.607675207436495057e+01
-1.612148096321825008e+01
-1.616217517313968344e+01
-1.613278392712954457e+01
-1.610139891076021001e+01
-1.603576459503703333e+01
-1.608971706659117373e+01
-1.609439754368787234e+01
-1.612292852993719094e+01
-1.604209556915007795e+01
-1.604827025089699077e+01
-1.612694464467312372e+01
-1.613161765810353643e+01
-1.612124445743872059e+01
-1.606461941496928603e+01
-1.606543060107392762e+01
-1.605156627857203588e+01
-1.612376989562362439e+01
-1.607908623982922336e+01
-1.612418819586276797e+01
-1.608184917935346903e+01
-1.616669532723431857e+01
-1.616063353269928626e+01
-1.618450389808125323e+01
-1.624582660220020713e+01
-1.634671699151608948e+01
-1.636212896663355920e+01
-1.633769924137812524e+01
-1.623253298985668280e+01
-1.624336220474605241e+01
-1.629675273899933430e+01
-1.622945219841342279e+01
-1.628504574785035430e+01
-1.622234014747191111e+01
-1.623604071357379297e+01
-1.631099546686719748e+01
-1.630149545466568028e+01
-1.628833922694783354e+01
-1.630753593159644765e+01
-1.626015266235273771e+01
-1.622542438390599884e+01
-1.621411720609093621e+01
-1.619464413503549949e+01
-1.621438105915830263e+01
-1.614171649826864297e+01
-1.617386502184430341e+01
-1.611212404254665742e+01
-1.613142495851189651e+01
-1.607882299194280051e+01
-1.613729737848316859e+01
-1.617273707918334935e+01
-1.621911652535533221e+01
-1.625100320455967307e+01
-1.627604325735538993e+01
-1.622362659554132591e+01
-1.628218303305498438e+01
-1.634204909365668357e+01
-1.624962218193186558e+01
-1.627192821495670572e+01
-1.626709885105227471e+01
-1.622560890312213644e+01
-1.628851999782697746e+01
-1.632857587222976292e+01
-1.633119772448256413e+01
-1.636044311093661818e+01
-1.630635577698359384e+01
-1.639445906816731835e+01
-1.631879663643656286e+01
-1.623382469172145903e+01
-1.627772542341531548e+01
-1.635652476732439453e+01
-1.634020585063846198e+01
-1.640189933537252998e+01
-1.633775368760487368e+01
-1.637315410623559231e+01
-1.622612172480974735e+01
-1.631834226779503894e+01
-1.633477824436961257e+01
-1.631894030204749058e+01
-1.626545980404775449e+01
-1.622443079618304651e+01
-1.626020633944869687e+01
-1.621533155665126458e+01
-1.620559996225448529e+01
-1.618725256985862160e+01
-1.624440354180099177e+01
-1.622460595862917287e+01
-1.626842788384252714e+01
-1.629497201352350189e+01
-1.626093775993867041e+01
-1.620932577831321098e+01
-1.620747422322772380e+01
-1.620217815284026130e+01
-1.620228830644207108e+01
-1.616375876206330986e+01
-1.612566404237307438e+01
-1.613291056669429935e+01
-1.620238961081525986e+01
-1.618015042916469426e+01
-1.616899807875778095e+01
-1.615008648923643619e+01
-1.606142287481020148e+01
-1.613593349805599786e+01
-1.612797952310233640e+01
-1.612894253885745144e+01
-1.619988356631667870e+01
-1.620357903216773110e+01
-1.625502535813045668e+01
-1.618966381781792663e+01
-1.617719439948381677e+01
-1.610480464058043282e+01
-1.605611143034240129e+01
-1.604020774580295239e+01
-1.607340181764118370e+01
-1.610637995089019725e+01
-1.613273450346482463e+01
-1.614184058901044239e+01
-1.615674650660616152e+01
-1.612834246283981443e+01
-1.608146111986489757e+01
-1.608497606870718499e+01
-1.604932256923151712e+01
-1.608141502345579710e+01
-1.609694463962948419e+01
-1.598858251049977497e+01
-1.606787069075436492e+01
-1.607187081694536701e+01
-1.599447628135459176e+01
-1.607859859862044871e+01
-1.601664136656955506e+01
-1.595557067663298767e+01
-1.601968108681329284e+01
-1.601019164772972658e+01
-1.597888332505521980e+01
-1.600391537434572697e+01
-1.606360246186876140e+01
-1.601539530806513767e+01
-1.589513240015675954e+01
-1.598186157902388516e+01
-1.595381033311519836e+01
-1.603361123862909920e+01
-1.600855369981414356e+01
-1.606758870353023738e+01
-1.610383898028623761e+01
