# 2*np.log[MAD(r)] for 100 flights; 1000 steps per flight; run 24 of 50; mu: 3.00; seed: 23
-2.523902637830535411e+01
-2.285292050233798022e+01
-2.247354561852674948e+01
-2.199273089128131531e+01
-2.217373024964432915e+01
-2.173669118435950054e+01
-2.175084976493798550e+01
-2.140062820741058403e+01
-2.137637983814568443e+01
-2.101176262694244201e+01
-2.103150171701960858e+01
-2.119296639862638543e+01
-2.101790179445181650e+01
-2.087673804239042497e+01
-2.069232448376891043e+01
-2.043236936209666865e+01
-2.044610666136651034e+01
-2.048262512178626338e+01
-2.033576865779623688e+01
-2.009904489010611428e+01
-2.027157644186338814e+01
-2.022219267731184900e+01
-2.013649880889187571e+01
-1.992786919585909189e+01
-2.004518067497346223e+01
-1.985151837818044385e+01
-1.999664175031822566e+01
-1.982124873362697670e+01
-1.980454063391465525e+01
-1.962817257597955845e+01
-1.961758412157384868e+01
-1.947310099519226512e+01
-1.966011243855184532e+01
-1.971748324876172020e+01
-1.948867570647918512e+01
-1.963646819809006061e+01
-1.980982397455134603e+01
-2.004459758612690123e+01
-1.995539981761601567e+01
-1.986071131875030460e+01
-1.991029803743192161e+01
-1.964228683665312758e+01
-1.969715611786736886e+01
-1.963218629998886655e+01
-1.950041054061696499e+01
-1.961411572788412983e+01
-1.978526904171229717e+01
-1.953836364511241896e+01
-1.940244037724572479e+01
-1.925682621289529095e+01
-1.934490365940318313e+01
-1.947520524715806545e+01
-1.946963738322832427e+01
-1.919667081826103683e+01
-1.931780420689789324e+01
-1.934396653811088740e+01
-1.945371642666060197e+01
-1.908490115286932820e+01
-1.905782672462844829e+01
-1.933997147858568155e+01
-1.923440428007813807e+01
-1.927014604125814046e+01
-1.919686574271571544e+01
-1.909159025515937813e+01
-1.910373298280245891e+01
-1.922453660939775943e+01
-1.910200952336105473e+01
-1.907192033088703198e+01
-1.907518230996770114e+01
-1.910055389304062956e+01
-1.913308918693698857e+01
-1.905153747149472210e+01
-1.905554692198330002e+01
-1.894343311356232107e+01
-1.892569144216981769e+01
-1.874983297751567690e+01
-1.866109769270495633e+01
-1.884950549058231317e+01
-1.868210398877658207e+01
-1.842482294810864474e+01
-1.845159640253012512e+01
-1.842743549235409262e+01
-1.836660698646901579e+01
-1.855947502257423665e+01
-1.840439778178766872e+01
-1.849133326994860127e+01
-1.854685403674366739e+01
-1.844623995384985804e+01
-1.853695656781321688e+01
-1.849738685792665294e+01
-1.857084316196557339e+01
-1.857002713641026403e+01
-1.842815081649261799e+01
-1.857306219814024928e+01
-1.857533999445345430e+01
-1.841484630464372074e+01
-1.873223759622248608e+01
-1.861011504810515405e+01
-1.859612830643141024e+01
-1.884788956462816500e+01
-1.872551260377317206e+01
-1.870788557196080149e+01
-1.863100837142835076e+01
-1.848267445237903317e+01
-1.857592067763633636e+01
-1.859100457805121920e+01
-1.874528657872428283e+01
-1.870258663340301553e+01
-1.866369192092281892e+01
-1.859529174526745621e+01
-1.876319585838634652e+01
-1.857458201044842028e+01
-1.873940915406880592e+01
-1.886714282254511943e+01
-1.876210183119859565e+01
-1.874736841431185042e+01
-1.893299381527803504e+01
-1.863458846830240034e+01
-1.862254779628006318e+01
-1.871560622139484664e+01
-1.868618721257544024e+01
-1.867417502804444140e+01
-1.873196096197755267e+01
-1.865266693378763563e+01
-1.870262876621508141e+01
-1.851955025465352378e+01
-1.836601764324036878e+01
-1.831943792391224690e+01
-1.825673707421881531e+01
-1.848932704562553297e+01
-1.825136305576413065e+01
-1.839121300604691100e+01
-1.830058325852458978e+01
-1.827439516493057070e+01
-1.829422103976103742e+01
-1.841235028863058076e+01
-1.838640236258894234e+01
-1.837331669443150872e+01
-1.843613849811664451e+01
-1.832662003844732013e+01
-1.833682757602032254e+01
-1.851539490175701985e+01
-1.838622990069818997e+01
-1.853568636838723194e+01
-1.853009963976689534e+01
-1.856122738918356063e+01
-1.841570968074443471e+01
-1.835513255727263981e+01
-1.851358814194827573e+01
-1.834734182868147556e+01
-1.830047277132229411e+01
-1.836136574102764740e+01
-1.839955609609366860e+01
-1.841406482408155654e+01
-1.824554356141394962e+01
-1.823786885741641584e+01
-1.815200617283918660e+01
-1.831247967992149484e+01
-1.817517733032892480e+01
-1.829408469795441761e+01
-1.819467181771949882e+01
-1.828166575314800468e+01
-1.817374222866253675e+01
-1.799123258419193050e+01
-1.798629051375799293e+01
-1.819254889102442974e+01
-1.814159659815599923e+01
-1.825402389733490693e+01
-1.819849818665765895e+01
-1.808998600419082692e+01
-1.815077661306747459e+01
-1.835089430081867690e+01
-1.814002532101573451e+01
-1.797698819884389110e+01
-1.802882366459083485e+01
-1.815885326396615440e+01
-1.808372042861712359e+01
-1.813912681039302299e+01
-1.811430469878547456e+01
-1.801597980900467988e+01
-1.813897148244691238e+01
-1.806957648664187843e+01
-1.814226024866329467e+01
-1.802579484338380311e+01
-1.814985858426720355e+01
-1.797323888731897057e+01
-1.816004529900556719e+01
-1.820648673692472741e+01
-1.817556376335542723e+01
-1.813408922611922236e+01
-1.801132536480660917e+01
-1.802691954836766897e+01
-1.794805631718594086e+01
-1.778826325851570900e+01
-1.790224507025699907e+01
-1.793746938186220063e+01
-1.797770969368089666e+01
-1.798021076823274100e+01
-1.792759923817375523e+01
-1.787760116992071602e+01
-1.796039194960564345e+01
-1.798346075495381413e+01
-1.808328158827325183e+01
-1.814033956464961506e+01
-1.798477287828703197e+01
-1.801732554461548474e+01
-1.799608620742210618e+01
-1.803303485613058754e+01
-1.782714956694440644e+01
-1.776951416305669440e+01
-1.780117580079210882e+01
-1.766698985202699390e+01
-1.763898793053078506e+01
-1.745043079918632856e+01
-1.749766182893748478e+01
-1.758991149070582338e+01
-1.765599299551319845e+01
-1.754537642389836094e+01
-1.742562308956750527e+01
-1.751971376565356664e+01
-1.755003000524216716e+01
-1.748303478637490116e+01
-1.739252995635930432e+01
-1.732449121171749340e+01
-1.745934145883613198e+01
-1.742575714070843418e+01
-1.749718997929207021e+01
-1.746037091409320752e+01
-1.754791891898852185e+01
-1.778257438162986759e+01
-1.768042035269899515e+01
-1.767778316972900754e+01
-1.776833654012777330e+01
-1.771787763597364318e+01
-1.765011691996292242e+01
-1.755214212939497642e+01
-1.755667323095798338e+01
-1.754589374208370955e+01
-1.756911416182724750e+01
-1.763427128352967799e+01
-1.751868047367893055e+01
-1.746540363811461916e+01
-1.751681876468527577e+01
-1.735153406336366544e+01
-1.737342928635311523e+01
-1.740008069117999057e+01
-1.747589295530932674e+01
-1.734075814146105898e+01
-1.744843316572837821e+01
-1.741181383322922827e+01
-1.736794223085609445e+01
-1.734281605305361396e+01
-1.729073181406585746e+01
-1.730323908799366706e+01
-1.737555043730023030e+01
-1.738587685256333515e+01
-1.743554781897576333e+01
-1.744745427839296426e+01
-1.754068772151495992e+01
-1.762109526971791951e+01
-1.753367071778048825e+01
-1.768346676938503492e+01
-1.768019548983245670e+01
-1.762669039868027099e+01
-1.758544954185306963e+01
-1.766532382242403187e+01
-1.761255823733215564e+01
-1.759848713377678564e+01
-1.752068619009048334e+01
-1.745607909000248625e+01
-1.745826330530728399e+01
-1.754317177740659162e+01
-1.738493451314221971e+01
-1.743220388534859921e+01
-1.764281865702695740e+01
-1.768138057398594398e+01
-1.763665011960793549e+01
-1.759940995062319402e+01
-1.762729895435180083e+01
-1.755001487390461534e+01
-1.765430445864804199e+01
-1.756212329541141770e+01
-1.756398644502636586e+01
-1.761197009689125181e+01
-1.772449225060620037e+01
-1.770567549537633667e+01
-1.764889894887825506e+01
-1.751560282995626849e+01
-1.747603332802438558e+01
-1.742511527717212871e+01
-1.742724683383564610e+01
-1.735236795100298934e+01
-1.739633343246132924e+01
-1.745169860162481612e+01
-1.739966089842940988e+01
-1.743659440311897768e+01
-1.740034302883773520e+01
-1.725103010259491398e+01
-1.727817050935404097e+01
-1.728315667258574351e+01
-1.729816223629400440e+01
-1.726230381756667143e+01
-1.727760864472177715e+01
-1.730460162460818552e+01
-1.735532080622706630e+01
-1.731227255008185040e+01
-1.739855473148686471e+01
-1.726412522272736183e+01
-1.732413830244641062e+01
-1.719273175218649996e+01
-1.729243060660122211e+01
-1.716890288563770639e+01
-1.715451915578196918e+01
-1.707526062010117229e+01
-1.713293923112556527e+01
-1.725646716577807638e+01
-1.725780646156721687e+01
-1.728932268781736070e+01
-1.721663590397547239e+01
-1.723579930597124132e+01
-1.717634225396805547e+01
-1.717929518558494806e+01
-1.723389720507056566e+01
-1.723085785881992038e+01
-1.724582590275418070e+01
-1.727294072969838012e+01
-1.728812659068339030e+01
-1.730505042758174383e+01
-1.720117218227449385e+01
-1.727891537553541923e+01
-1.735444608789931209e+01
-1.738212414993320110e+01
-1.732429829293617374e+01
-1.728904037403395932e+01
-1.721292414433597173e+01
-1.724168040222657439e+01
-1.736436760541838709e+01
-1.723677826022760584e+01
-1.706023761315913134e+01
-1.706213513169836204e+01
-1.718529861872514175e+01
-1.733114036100785071e+01
-1.731149082917863780e+01
-1.728327435590667704e+01
-1.733279799432821378e+01
-1.731718075978923466e+01
-1.722098546277145203e+01
-1.719185321837409575e+01
-1.720931411709736025e+01
-1.724438021742417604e+01
-1.723883191189545272e+01
-1.725417507260462457e+01
-1.727999847989185511e+01
-1.729102579919867111e+01
-1.729123964264760360e+01
-1.730967304960775266e+01
-1.716607622507957487e+01
-1.719837574002581704e+01
-1.721483894942750581e+01
-1.713250419845595829e+01
-1.707276806522246559e+01
-1.718298407792448401e+01
-1.718794547953850227e+01
-1.711572506820493444e+01
-1.711390592967111601e+01
-1.703108267115637631e+01
-1.695724335703083341e+01
-1.690209860965169497e+01
-1.683682428850458024e+01
-1.695598252028874242e+01
-1.696231548709876336e+01
-1.695420155923199346e+01
-1.701193891868702224e+01
-1.699168365404854697e+01
-1.703170286552499846e+01
-1.697961415323113599e+01
-1.693763309794875127e+01
-1.695626404301719958e+01
-1.698101569279538836e+01
-1.697049006749336897e+01
-1.700396607088688228e+01
-1.710274498614884209e+01
-1.705160715462572085e+01
-1.707381666993802938e+01
-1.706657883931977793e+01
-1.707118428505055263e+01
-1.714102312717448484e+01
-1.697621666990433553e+01
-1.707114534573760878e+01
-1.720211761420915408e+01
-1.722395121739982216e+01
-1.728586426759311578e+01
-1.714970690186936153e+01
-1.716459608115944491e+01
-1.721892857682146527e+01
-1.708587059858763624e+01
-1.711737572292926757e+01
-1.717254032909641737e+01
-1.721928732014408681e+01
-1.724540038075612003e+01
-1.727088069734385556e+01
-1.722976001404552093e+01
-1.711261978827574026e+01
-1.717374815193980808e+01
-1.725507250332626441e+01
-1.731066257576523171e+01
-1.739185162780428939e+01
-1.746394469594714138e+01
-1.747533774637687287e+01
-1.737457243387897421e+01
-1.734876533538718135e+01
-1.732821257298228090e+01
-1.716571899879540553e+01
-1.712474359870050833e+01
-1.724308509279685708e+01
-1.690473107730821312e+01
-1.690403441169163301e+01
-1.694904893593740880e+01
-1.698482858144381069e+01
-1.694757560003009544e+01
-1.698359634486614311e+01
-1.679131662064727948e+01
-1.683351307147460929e+01
-1.686301037045542728e+01
-1.681132142981078559e+01
-1.677693616946739752e+01
-1.672352270502222993e+01
-1.688858208497318714e+01
-1.685424771068198879e+01
-1.673909608558398432e+01
-1.680147357016365106e+01
-1.681906129215629164e+01
-1.687227378420671897e+01
-1.698584209714936932e+01
-1.706053281469887040e+01
-1.695159344632665821e+01
-1.707925275997737558e+01
-1.693963609152443794e+01
-1.691016495712915457e+01
-1.697518686096499962e+01
-1.706174626197639910e+01
-1.691857979034794823e+01
-1.689902967468351491e+01
-1.695601306861795265e+01
-1.694822976381028212e+01
-1.693795486246088089e+01
-1.690708067784974489e+01
-1.687717581872730221e+01
-1.688664168422105760e+01
-1.690354412020700892e+01
-1.704527859838246684e+01
-1.700400942959185002e+01
-1.697079385710855348e+01
-1.691045472628997715e+01
-1.685949621499848661e+01
-1.688525060727465288e+01
-1.688218924140304011e+01
-1.690112868937357149e+01
-1.672600808876187628e+01
-1.680148373957559826e+01
-1.677843786156186923e+01
-1.674408890510989067e+01
-1.686366201452584335e+01
-1.690161597299368879e+01
-1.688254277408918114e+01
-1.705224138980267057e+01
-1.702276743419488625e+01
-1.703631630980577683e+01
-1.699481332015699664e+01
-1.696419375626703641e+01
-1.703688196518727693e+01
-1.710430618996478813e+01
-1.704291008144208774e+01
-1.708823283344404231e+01
-1.696823885124096165e+01
-1.689749618655838859e+01
-1.706217701479095794e+01
-1.708499920476775102e+01
-1.716000888444894912e+01
-1.710766464272780141e+01
-1.719432990406063055e+01
-1.706301519617260354e+01
-1.696853359325132615e+01
-1.711647842462620162e+01
-1.709396158629639828e+01
-1.711022611829380580e+01
-1.710476301311725322e+01
-1.711573748305917064e+01
-1.713779662670583903e+01
-1.716610008495277739e+01
-1.705731168536373588e+01
-1.709454275676019464e+01
-1.694645893536519310e+01
-1.711095307516351127e+01
-1.704318319576420748e+01
-1.699487711908504650e+01
-1.692576560677004949e+01
-1.686271089331820150e+01
-1.695413295214087412e+01
-1.696824433091272155e+01
-1.689555043826392833e+01
-1.679883578780725273e+01
-1.679657049730640495e+01
-1.687370310833065190e+01
-1.697889151010797804e+01
-1.692069539196299743e+01
-1.682942011930329329e+01
-1.682855599131637803e+01
-1.692289999074866103e+01
-1.697398131261615717e+01
-1.692886612379526667e+01
-1.685042760994145539e+01
-1.687196253505203103e+01
-1.678884120786497292e+01
-1.682775158978310159e+01
-1.680068150383685932e+01
-1.664574357372453051e+01
-1.674438754051528733e+01
-1.666102884753908597e+01
-1.669673796502132745e+01
-1.671720814228518037e+01
-1.674015315242456836e+01
-1.675862193728529803e+01
-1.665924023029444356e+01
-1.666792536038201078e+01
-1.671064841389071987e+01
-1.672649940045891981e+01
-1.677324502156242758e+01
-1.678451561528289560e+01
-1.677972574066820144e+01
-1.682241800631295092e+01
-1.673700136137646766e+01
-1.656495455594750865e+01
-1.653092673715705274e+01
-1.653038958760511079e+01
-1.657640815191117056e+01
-1.666628344732767886e+01
-1.663501643914393568e+01
-1.660964470344864452e+01
-1.661614415328322281e+01
-1.657784510352754026e+01
-1.664703698994635062e+01
-1.669551785432589242e+01
-1.669560518226563772e+01
-1.666006171859395124e+01
-1.667737081823875300e+01
-1.663156980607807256e+01
-1.672465725702449646e+01
-1.674700299546152493e+01
-1.668248500502531684e+01
-1.680052884261119672e+01
-1.678526045292871061e+01
-1.672718917147328810e+01
-1.670649175049561208e+01
-1.660337961611163848e+01
-1.660463596894856053e+01
-1.674424991876809798e+01
-1.675098769840252544e+01
-1.685866380884638716e+01
-1.687014879015466207e+01
-1.688845392508467214e+01
-1.677260163740177745e+01
-1.682315336787782201e+01
-1.684761461264321269e+01
-1.692223208442036508e+01
-1.690134984037834087e+01
-1.681894231669853923e+01
-1.685567367236188474e+01
-1.680377784655463458e+01
-1.681166144287676545e+01
-1.677491564406141578e+01
-1.682941282388802051e+01
-1.675494828024752536e+01
-1.673502343157664640e+01
-1.669596085202253732e+01
-1.677410558188833534e+01
-1.675390937358292121e+01
-1.680145774663376557e+01
-1.681758324710956742e+01
-1.678799642063712483e+01
-1.672003099274467530e+01
-1.677482563547435035e+01
-1.675614257417931796e+01
-1.694291423622147619e+01
-1.686638014755055437e+01
-1.701253038953054286e+01
-1.700581532840229215e+01
-1.695693842498656423e+01
-1.690824479811140080e+01
-1.698067657822296184e+01
-1.678102455895105649e+01
-1.683274770625513739e+01
-1.670448169456212995e+01
-1.673509095545375658e+01
-1.673684192616210709e+01
-1.665525812624523283e+01
-1.666473903223949193e+01
-1.666430928171401149e+01
-1.675693176777026139e+01
-1.676179878244191812e+01
-1.680227821866664684e+01
-1.684237394052964731e+01
-1.685455835800077651e+01
-1.682100603019740959e+01
-1.678799428818510719e+01
-1.677413902214282260e+01
-1.680222421661229149e+01
-1.685664604680252054e+01
-1.676392810397273792e+01
-1.682712611999608043e+01
-1.684655783581331434e+01
-1.683391412421567068e+01
-1.683829740735517788e+01
-1.683648008456210476e+01
-1.680736730477011065e+01
-1.690535836331984143e+01
-1.687278454046274234e+01
-1.685899956362501939e+01
-1.683874979813669270e+01
-1.688405955989997054e+01
-1.678013867161843109e+01
-1.671053833583740555e+01
-1.673297811946081382e+01
-1.676994107632590669e+01
-1.682146354134314592e+01
-1.669813321948004869e+01
-1.670422049571696022e+01
-1.675200884368103615e+01
-1.672527587180041664e+01
-1.671267063690580912e+01
-1.672623706826828283e+01
-1.677866224316331056e+01
-1.679459631753084636e+01
-1.668494748955895446e+01
-1.668384569470151391e+01
-1.674747146288767752e+01
-1.677206431922079943e+01
-1.669473438384654784e+01
-1.655951367818014930e+01
-1.651829460491551771e+01
-1.658515630591014300e+01
-1.658949229819652871e+01
-1.649392186394936388e+01
-1.654883091310560417e+01
-1.657002014414579705e+01
-1.661669093613125625e+01
-1.664629874166674739e+01
-1.668483219539222517e+01
-1.675430382263498075e+01
-1.664879156121050485e+01
-1.672990552749567073e+01
-1.666546039949394142e+01
-1.665008530162335632e+01
-1.677695329441393213e+01
-1.672523226086703119e+01
-1.663515828152607767e+01
-1.667044889188992940e+01
-1.660208548626009772e+01
-1.665260241941268404e+01
-1.668913016157695139e+01
-1.655861711842952744e+01
-1.664639133145064420e+01
-1.662189122838218935e+01
-1.665454362536561916e+01
-1.662560210976461406e+01
-1.668895316309224697e+01
-1.670663772881779963e+01
-1.673056741148289461e+01
-1.665467827208890483e+01
-1.664349325838673010e+01
-1.657449039453005213e+01
-1.663903698353991345e+01
-1.667309820619632887e+01
-1.670382721322324215e+01
-1.666801320867241643e+01
-1.664006244516996347e+01
-1.658568779507320556e+01
-1.655169849894947021e+01
-1.654003284172386046e+01
-1.655780243900843374e+01
-1.663039317438710540e+01
-1.658945615205089297e+01
-1.657285347278805787e+01
-1.656312594664183990e+01
-1.659137624494130492e+01
-1.655943369987848612e+01
-1.645597302472852874e+01
-1.646497700915254825e+01
-1.646149930756243407e+01
-1.656615895452795328e+01
-1.655855988082865693e+01
-1.648756660075951785e+01
-1.645484025174165055e+01
-1.645998214101846102e+01
-1.648012631615526402e+01
-1.646880870431121480e+01
-1.655366109265281338e+01
-1.646742583854638298e+01
-1.650833941167281793e+01
-1.654477300325689981e+01
-1.642672479196603064e+01
-1.656982215668034186e+01
-1.653743734701825829e+01
-1.651545088967585428e+01
-1.652283257215962919e+01
-1.645355449078620680e+01
-1.646081627741849829e+01
-1.637955999144470454e+01
-1.640312996807710633e+01
-1.654631290238049957e+01
-1.650386618197317645e+01
-1.656676486359837241e+01
-1.653358617755698390e+01
-1.655212102768956939e+01
-1.669196173471105027e+01
-1.669534021537347357e+01
-1.671567256386907019e+01
-1.659296815011664705e+01
-1.663946446470666629e+01
-1.664864947732276690e+01
-1.656326904041582537e+01
-1.655257391803997180e+01
-1.658961526518659468e+01
-1.654748956790673375e+01
-1.652832492594226110e+01
-1.648657228724902524e+01
-1.659084827176123156e+01
-1.648995076877213961e+01
-1.648855607358208175e+01
-1.644037299217853487e+01
-1.652518456140283831e+01
-1.657399834108605319e+01
-1.657033307629504648e+01
-1.656042632221150157e+01
-1.663260941176764263e+01
-1.663594528241518944e+01
-1.666328325526537668e+01
-1.681607206082476225e+01
-1.679780881668830261e+01
-1.670779976306258519e+01
-1.689260987314058227e+01
-1.688505609804706253e+01
-1.692410005523354144e+01
-1.687553121585849780e+01
-1.697438458760437996e+01
-1.688653396809681340e+01
-1.689869234247412066e+01
-1.690954030165758937e+01
-1.685532247533437911e+01
-1.676895165900634410e+01
-1.681222684319908112e+01
-1.671985132915641614e+01
-1.688592633536060461e+01
-1.679308389146089198e+01
-1.692801715738525203e+01
-1.686319938335873658e+01
-1.680403229443457036e+01
-1.685916174147068958e+01
-1.687609340755955145e+01
-1.675982975751017534e+01
-1.672145234415517123e+01
-1.660692196160802325e+01
-1.666716259056567395e+01
-1.670886382574921214e+01
-1.669782798586065908e+01
-1.666789961387898344e+01
-1.671731518334580713e+01
-1.670096076156386289e+01
-1.657804006905285021e+01
-1.656902218226457535e+01
-1.659937097431619080e+01
-1.655672545389887063e+01
-1.652463651399564881e+01
-1.659215882806032027e+01
-1.653308117784935760e+01
-1.654590235874288595e+01
-1.651754675476642475e+01
-1.645989277883186475e+01
-1.652688418626289035e+01
-1.647781860771608820e+01
-1.649382033455622221e+01
-1.649914280889380080e+01
-1.655319920330507344e+01
-1.651463108256085732e+01
-1.657004500619752463e+01
-1.651974117408966691e+01
-1.649216722348642605e+01
-1.645690099393950590e+01
-1.653189621945652377e+01
-1.658266867089171015e+01
-1.648393106938518216e+01
-1.644847782297236094e+01
-1.646990893834093228e+01
-1.652321435420282114e+01
-1.648596198575013361e+01
-1.643540821467887270e+01
-1.639804156369378063e+01
-1.624681566780971309e+01
-1.617269845941485684e+01
-1.629429539426880069e+01
-1.638192379384221908e+01
-1.621720259791807806e+01
-1.610334728474200006e+01
-1.620907334878691941e+01
-1.618168338364928971e+01
-1.616611969689930817e+01
-1.624265119785616207e+01
-1.612308359204349983e+01
-1.610898715067586551e+01
-1.614258626737289859e+01
-1.622331609465815205e+01
-1.619117399383056011e+01
-1.623002827692246797e+01
-1.618721849927876377e+01
-1.627118969618489430e+01
-1.625582331847468964e+01
-1.623238475915665191e+01
-1.614245737142826087e+01
-1.624000071527733624e+01
-1.615783918702312505e+01
-1.623217694496143082e+01
-1.622837041295129978e+01
-1.628430249922334383e+01
-1.624917659062522901e+01
-1.625537371028099543e+01
-1.625596839013063644e+01
-1.624805628428786619e+01
-1.626323117008487529e+01
-1.624114358946900794e+01
-1.620939392896092102e+01
-1.615471332406178107e+01
-1.615611831655672503e+01
-1.610491750641255493e+01
-1.612025407529371535e+01
-1.612599978075370544e+01
-1.613247238070823286e+01
-1.610376112276940574e+01
-1.613122358122786437e+01
-1.609101962992163948e+01
-1.615868689479171039e+01
-1.611638636502610566e+01
-1.611611054929407771e+01
-1.616749216632422659e+01
-1.617216027561564928e+01
-1.618637927902149443e+01
-1.619381918792319297e+01
-1.628253299725934866e+01
-1.626007172729356043e+01
-1.621749341314184178e+01
-1.618827639021407805e+01
-1.623189701623545389e+01
-1.615234863922773911e+01
-1.616760059398938765e+01
-1.618617983023561280e+01
-1.617396286502745539e+01
-1.615928921944541941e+01
-1.610252424901181811e+01
-1.620780953335781405e+01
-1.623844967294985153e+01
-1.617586344658916886e+01
-1.616349257410850271e+01
-1.620929299421272773e+01
-1.624439886856463033e+01
-1.626317690274887084e+01
-1.622145759316272162e+01
-1.628157274997182569e+01
-1.625628614247956705e+01
-1.626915699670633586e+01
-1.629330557993333173e+01
-1.631067599575787597e+01
-1.630486781039033772e+01
-1.632335140309976751e+01
-1.625320115396887033e+01
-1.626991273010349914e+01
-1.627642012963728391e+01
-1.626085440040832353e+01
-1.622131594371658636e+01
-1.623595515159609803e+01
-1.622052412930299781e+01
-1.614416461716371387e+01
-1.610259588672361275e+01
-1.614704985969645534e+01
-1.617857694635946331e+01
-1.620208137176116026e+01
-1.617742340459597727e+01
-1.617993489396278761e+01
-1.619391142273984485e+01
-1.620107998980155273e+01
-1.627335049123864863e+01
-1.631418220288547261e+01
-1.629039363832962550e+01
-1.628082988079486526e+01
-1.627493520847671604e+01
-1.625719850207741501e+01
-1.633831180929131577e+01
-1.628429278601059949e+01
-1.637234389785639266e+01
-1.636463358184158423e+01
-1.627447983834100498e+01
-1.626866739848995635e+01
-1.633582162282409556e+01
-1.632077041062287392e+01
-1.631206149005996409e+01
-1.638944371346049067e+01
-1.638112659232838553e+01
-1.629716431914329533e+01
-1.614134793566686454e+01
-1.617370939300948862e+01
-1.609300410055289277e+01
-1.618384139648859232e+01
-1.617735523528417474e+01
-1.621999097928619449e+01
-1.613879331457092903e+01
-1.616153822123958150e+01
-1.614231713991630457e+01
-1.614808035927852714e+01
-1.616439752006027319e+01
-1.617295040287239516e+01
-1.617571712115982407e+01
-1.614289368009267989e+01
-1.617389172496801208e+01
-1.609469352193861269e+01
-1.611893133649271093e+01
-1.607131050806390959e+01
-1.611565975694295005e+01
-1.609724345148033819e+01
-1.611744954821860176e+01
-1.614297641613709544e+01
-1.609965093943709746e+01
-1.612122633162150365e+01
-1.607030740146173997e+01
-1.620374681453609611e+01
-1.617442254236528498e+01
-1.615681118647555081e+01
-1.608705422316203126e+01
-1.610578136516647874e+01
-1.611383326071299393e+01
-1.605926776821459967e+01
-1.595764609780561649e+01
-1.602059015656475083e+01
-1.596648314124962020e+01
-1.603179339289951955e+01
-1.598924666159611441e+01
-1.603946341205510251e+01
-1.607803858798843066e+01
-1.608486583559938055e+01
-1.609145355422138124e+01
-1.608322279704276170e+01
-1.602361218054694447e+01
-1.598602175372098699e+01
-1.602635494210311151e+01
-1.602430712961766091e+01
-1.610449743053142413e+01
-1.607999624357505652e+01
-1.605369756920551083e+01
-1.601828236280019269e+01
-1.597444363637097986e+01
-1.607802093032895741e+01
-1.620019959325576764e+01
-1.622589262739062832e+01
-1.621339545954913319e+01
-1.625310436950722348e+01
-1.597146845672475202e+01
-1.598593492250700265e+01
-1.593285540777049292e+01
-1.599815701661057687e+01
-1.599305267639907413e+01
-1.600641039183199865e+01
-1.610184435392401525e+01
-1.613561476732811784e+01
-1.602011815320972943e+01
-1.592905797969621240e+01
-1.599871757893468427e+01
-1.608898167243089006e+01
-1.607254287626284039e+01
-1.603827154765895813e+01
-1.598635091488841553e+01
-1.595410926990956391e+01
-1.596186891578664202e+01
-1.598155550826033711e+01
-1.602101035626863990e+01
-1.591123618160132658e+01
-1.594853196740838364e+01
-1.592984779331108669e+01
-1.600506168490792192e+01
-1.597190974441708278e+01
-1.594114031317281110e+01
-1.599004157352887923e+01
-1.607374416215279567e+01
-1.610020988900330963e+01
-1.613756178085376192e+01
-1.607094604378191249e+01
-1.602181879226976591e+01
-1.617344391642790669e+01
-1.626308754055157735e+01
-1.616190882799255846e+01
-1.614225997554606806e+01
-1.604474690695468553e+01
-1.608592143788272466e+01
-1.609974011871669219e+01
