# 2*np.log[MAD(r)] for 100 flights; 1000 steps per flight; run 49 of 50; mu: 3.00; seed: 48
-2.555291557393279334e+01
-2.343135538376910532e+01
-2.295373797452779030e+01
-2.219768832074546339e+01
-2.195456676721413913e+01
-2.167973844214240131e+01
-2.140001614742751457e+01
-2.143373727581525046e+01
-2.113165952918646084e+01
-2.109406946288585871e+01
-2.085532083713233575e+01
-2.063730395473675827e+01
-2.041962469408917613e+01
-2.041176234552663971e+01
-2.034554438843615998e+01
-2.039440400673918674e+01
-2.037018308917977905e+01
-2.011504383309537758e+01
-2.038772210231298487e+01
-2.025088359096571367e+01
-2.028697336383934058e+01
-1.995872779429010535e+01
-1.996405481353588485e+01
-1.988913792947133885e+01
-1.976400427028359275e+01
-1.957894150999024063e+01
-1.955727913678781960e+01
-1.954218812845047282e+01
-1.942693128457587548e+01
-1.940038272006356834e+01
-1.938795736965801808e+01
-1.932253580743151034e+01
-1.943030957522245572e+01
-1.943506155341617259e+01
-1.937730001896506238e+01
-1.939774904433157587e+01
-1.943029468704857265e+01
-1.934440711666560020e+01
-1.925281295074967503e+01
-1.915674182966977313e+01
-1.902642568940018108e+01
-1.903607192231494594e+01
-1.900686618511794634e+01
-1.895222039823010363e+01
-1.914156433611843156e+01
-1.896679254175248275e+01
-1.896583827195579985e+01
-1.886640053661406213e+01
-1.898634981708188008e+01
-1.890709007264486985e+01
-1.891153320213101807e+01
-1.903244847238065418e+01
-1.909788059895060996e+01
-1.915951433645948399e+01
-1.907459407272969543e+01
-1.885613472830462101e+01
-1.874645193992283865e+01
-1.869965706174459186e+01
-1.869131768123557080e+01
-1.869716182252876990e+01
-1.875869984863840756e+01
-1.877228977713660640e+01
-1.855349047854189237e+01
-1.842349065747929515e+01
-1.842616016571455617e+01
-1.836977849240848215e+01
-1.848295086461000025e+01
-1.853483389884157617e+01
-1.857472430326019364e+01
-1.847583285272001064e+01
-1.860247355465170216e+01
-1.867226745840468638e+01
-1.862278979749903840e+01
-1.864113298140561170e+01
-1.880833339354499856e+01
-1.882392060795445943e+01
-1.878226056848509629e+01
-1.874494343012367281e+01
-1.858639030812535253e+01
-1.860507120746927257e+01
-1.858358431960566293e+01
-1.849800525363770731e+01
-1.850874585558639396e+01
-1.859730033755851153e+01
-1.835957574415269988e+01
-1.849175480762487922e+01
-1.850207686820315445e+01
-1.864385704931810395e+01
-1.861618495315385857e+01
-1.848811277588944080e+01
-1.853876185547226996e+01
-1.836217014769100686e+01
-1.847530775047948381e+01
-1.853941862736066426e+01
-1.839774618571286169e+01
-1.854952803158653296e+01
-1.852584843587868235e+01
-1.858481395019234839e+01
-1.855078526627044866e+01
-1.850054076111626955e+01
-1.842599895353717443e+01
-1.847462230728733346e+01
-1.842706956793455220e+01
-1.855679943138989785e+01
-1.856245681812957216e+01
-1.858594414319177801e+01
-1.838809271807818035e+01
-1.850100857112848729e+01
-1.860519955347050214e+01
-1.836780267290180291e+01
-1.824041917338125884e+01
-1.820286342019993242e+01
-1.830189554099061411e+01
-1.829603019493710292e+01
-1.831246848571857555e+01
-1.826897519467902598e+01
-1.818960725168772896e+01
-1.832226287950081911e+01
-1.808781487731655702e+01
-1.818311887578686381e+01
-1.805361524837027787e+01
-1.808211240368830985e+01
-1.801779387327547610e+01
-1.789718134302786723e+01
-1.782185326360070121e+01
-1.777365909714089298e+01
-1.782757011359457522e+01
-1.787922463035873477e+01
-1.782604190682560841e+01
-1.780026136047922947e+01
-1.785105541309018662e+01
-1.778897758576219346e+01
-1.781494119808138166e+01
-1.778242741734337784e+01
-1.797518211450717374e+01
-1.800074830185491237e+01
-1.797697270677797832e+01
-1.810840936861568551e+01
-1.814275725152390351e+01
-1.815738637221116036e+01
-1.816517505604014460e+01
-1.825509353946572233e+01
-1.831084512579231927e+01
-1.824987782791379942e+01
-1.812857135650824958e+01
-1.810064633019573321e+01
-1.804637283381751089e+01
-1.789152914385013915e+01
-1.790229258318525041e+01
-1.788882844580952280e+01
-1.786460709797228930e+01
-1.795227873099273097e+01
-1.779477299659238199e+01
-1.792301304031407838e+01
-1.802091410770026414e+01
-1.805063879157184203e+01
-1.796363172594153923e+01
-1.782516038569153594e+01
-1.777433384835390129e+01
-1.778878114115467923e+01
-1.787225276365792226e+01
-1.773908609737980058e+01
-1.761916137980461627e+01
-1.767551357694028269e+01
-1.759051197992488014e+01
-1.756093135981732445e+01
-1.766808830980605194e+01
-1.767125140460760946e+01
-1.759861972720247181e+01
-1.761657368400488721e+01
-1.755042947885617366e+01
-1.754126102589795622e+01
-1.736680142836906171e+01
-1.745085889547272018e+01
-1.733472863203019187e+01
-1.738971096673903816e+01
-1.733776408127075541e+01
-1.752636146054637223e+01
-1.751594502281840349e+01
-1.739599616935545257e+01
-1.741723695383969073e+01
-1.737594437134139014e+01
-1.734349453807454466e+01
-1.736544325067921335e+01
-1.734343056105078063e+01
-1.744494381554721585e+01
-1.753065738756816927e+01
-1.753057351060842706e+01
-1.741534964321839851e+01
-1.737435577315384450e+01
-1.749892851327514265e+01
-1.744633615742378652e+01
-1.735578932952246944e+01
-1.725200961687055212e+01
-1.726392613773395723e+01
-1.731817885117531119e+01
-1.722874227995779250e+01
-1.735310835889479009e+01
-1.749580118024291409e+01
-1.732491642214617755e+01
-1.732152602149322362e+01
-1.728006657150544001e+01
-1.709357224887953208e+01
-1.703085782835813689e+01
-1.712009560868846947e+01
-1.711146656117731268e+01
-1.719868089048256010e+01
-1.722363575904671507e+01
-1.721559483507045130e+01
-1.713716147718415428e+01
-1.719817973523421628e+01
-1.719213867277754915e+01
-1.734738598340418747e+01
-1.730323723270575798e+01
-1.738031551594336221e+01
-1.731643689178823564e+01
-1.736474101900844147e+01
-1.737076567521828352e+01
-1.737772063511408760e+01
-1.740399061133987146e+01
-1.738533082693736276e+01
-1.739759899336002746e+01
-1.739090476738382662e+01
-1.727986758862648387e+01
-1.734018916012727018e+01
-1.737584407563227629e+01
-1.724766625293766253e+01
-1.712993741071929676e+01
-1.720124556483922973e+01
-1.714671038876444342e+01
-1.721484149047602941e+01
-1.718936830343643862e+01
-1.709088001446103888e+01
-1.707057267331246564e+01
-1.713657378684413857e+01
-1.722591241210113111e+01
-1.723187465894214299e+01
-1.735178918095288481e+01
-1.732294429636106514e+01
-1.726807495292608152e+01
-1.736085576155600307e+01
-1.734661508741507774e+01
-1.714469632860396331e+01
-1.726573437924235677e+01
-1.725594687663337368e+01
-1.724394632113252968e+01
-1.730279137507389109e+01
-1.734383718604949109e+01
-1.742807370197891004e+01
-1.730680616578768749e+01
-1.719924476875818797e+01
-1.716606477203771064e+01
-1.725662828731496035e+01
-1.708182351897734463e+01
-1.717619722062222820e+01
-1.716223097488431293e+01
-1.718463048747945265e+01
-1.703161286438929523e+01
-1.702447371709543944e+01
-1.704867135253214272e+01
-1.706782022890709882e+01
-1.699927488756796734e+01
-1.707980204810627356e+01
-1.715056575314553911e+01
-1.713296172851897126e+01
-1.706319562430975267e+01
-1.701766807564497697e+01
-1.700003220101737966e+01
-1.691245380215469751e+01
-1.702957609347112822e+01
-1.702089230047093338e+01
-1.707964140358029326e+01
-1.712371503081317314e+01
-1.726454543241204220e+01
-1.719645322219678008e+01
-1.725734313159878752e+01
-1.711189645369663381e+01
-1.726907246955231301e+01
-1.702540253679038429e+01
-1.710593155831301715e+01
-1.712805866644732689e+01
-1.729509722896332491e+01
-1.742919617913641162e+01
-1.737555624823704292e+01
-1.738762014616922258e+01
-1.739773571236591820e+01
-1.732661962631293306e+01
-1.728224797419222725e+01
-1.733425725026853215e+01
-1.744986422890357858e+01
-1.745127029018375353e+01
-1.740757555547919111e+01
-1.715178784957147684e+01
-1.722536761946391692e+01
-1.716848484602013514e+01
-1.712651961555443592e+01
-1.707176219676445683e+01
-1.711845431889894442e+01
-1.726432564817356052e+01
-1.720977241983511519e+01
-1.719298021283928080e+01
-1.712488213792939717e+01
-1.725040014445523084e+01
-1.708067026648711462e+01
-1.723259099600417343e+01
-1.719671763173943901e+01
-1.706713043733542179e+01
-1.705221146094095630e+01
-1.710176729742565627e+01
-1.701643014908167117e+01
-1.708404500571002771e+01
-1.704433749361075812e+01
-1.704966585908699273e+01
-1.710041838844273698e+01
-1.719550144432203709e+01
-1.726781372535680248e+01
-1.714572759487489861e+01
-1.719035993060568046e+01
-1.709986344217680809e+01
-1.698347910616354639e+01
-1.712741235453033539e+01
-1.702166179287667447e+01
-1.696311045497297698e+01
-1.705104161337853697e+01
-1.700549550844307589e+01
-1.712995923540128373e+01
-1.707571004812425031e+01
-1.704444473336502242e+01
-1.711337116457628227e+01
-1.699318824488153012e+01
-1.696289957431711315e+01
-1.718298494276561783e+01
-1.715463720569155726e+01
-1.707223856081634850e+01
-1.697967208791274984e+01
-1.701595571641599847e+01
-1.714751289291434233e+01
-1.709194154228030271e+01
-1.705229276953134487e+01
-1.711470621992387464e+01
-1.708891171737393933e+01
-1.705029326083837660e+01
-1.725887197296651010e+01
-1.722336861651101714e+01
-1.718468953490755169e+01
-1.715469120051997720e+01
-1.722713632136626316e+01
-1.716885289484057253e+01
-1.724827522863287399e+01
-1.700506605175903729e+01
-1.702752344542457053e+01
-1.710257900737677161e+01
-1.697239507045897611e+01
-1.704592355105634738e+01
-1.708439021608456088e+01
-1.721369852805871759e+01
-1.720938686162834941e+01
-1.713584520665785860e+01
-1.714149050894852877e+01
-1.705951784132134463e+01
-1.708647172149031590e+01
-1.710921279389710747e+01
-1.712570072797621279e+01
-1.713771867464260978e+01
-1.709381320748951438e+01
-1.715950705150153510e+01
-1.707769386656003618e+01
-1.698980564724205777e+01
-1.705678444904474134e+01
-1.701840206186765059e+01
-1.690110746827886601e+01
-1.688219011055904772e+01
-1.697055626276908313e+01
-1.697120459551577198e+01
-1.690355814264283651e+01
-1.686588433669676235e+01
-1.688723029929050412e+01
-1.681538776181719186e+01
-1.683868640753052048e+01
-1.688193210750539208e+01
-1.683359559617601064e+01
-1.695783980780589673e+01
-1.687035272333184821e+01
-1.683345635089460757e+01
-1.682827979985729883e+01
-1.677450147425722804e+01
-1.684674324903584974e+01
-1.686251440181746375e+01
-1.683216651321646751e+01
-1.684807382104946782e+01
-1.684334691690185792e+01
-1.689926164684664300e+01
-1.693582087931176261e+01
-1.694674126787609580e+01
-1.692876760302418049e+01
-1.704214305525613682e+01
-1.692092053311169053e+01
-1.700254637829740645e+01
-1.685046896821567586e+01
-1.688708063874652510e+01
-1.692323230112308963e+01
-1.675795182126844551e+01
-1.676426717301349356e+01
-1.676597399397793708e+01
-1.669803108968821093e+01
-1.672535694467715928e+01
-1.693015102478705458e+01
-1.686997534099509366e+01
-1.694640873175498186e+01
-1.689098231301895936e+01
-1.680756891614491977e+01
-1.685005661285380540e+01
-1.679627669324420935e+01
-1.689127679036766949e+01
-1.681171395713869998e+01
-1.687387927871420246e+01
-1.684177984538859363e+01
-1.685316427193596311e+01
-1.674443622503507711e+01
-1.664851689249944755e+01
-1.677848477417926176e+01
-1.673495829220276221e+01
-1.669834634740511348e+01
-1.664598319734428955e+01
-1.662035547214870590e+01
-1.662461957077218599e+01
-1.670612127420359627e+01
-1.670485436805916279e+01
-1.667222868983445494e+01
-1.670073861721571973e+01
-1.680603216912966857e+01
-1.665077487077607898e+01
-1.671340924602650446e+01
-1.676985539529530200e+01
-1.670597243818627931e+01
-1.671247989835880787e+01
-1.671692879852489710e+01
-1.672861942702599691e+01
-1.659881470883263077e+01
-1.664922573455057275e+01
-1.664771417632022121e+01
-1.675431677296889532e+01
-1.674989112343828879e+01
-1.680836178346877219e+01
-1.685704525117884245e+01
-1.680672762782885599e+01
-1.680277513084958940e+01
-1.682687275662361515e+01
-1.683634493943490895e+01
-1.678711592083838866e+01
-1.682505088223237877e+01
-1.680441703080549942e+01
-1.679531435612251755e+01
-1.676566197911161993e+01
-1.674330434403532664e+01
-1.681094786841461897e+01
-1.685253727681735469e+01
-1.683933003200046841e+01
-1.685749134604062505e+01
-1.685718571571187141e+01
-1.684355614802987233e+01
-1.699550295145792589e+01
-1.696526880437558660e+01
-1.696427630371685780e+01
-1.699335296161991238e+01
-1.690213310237165345e+01
-1.686889669154160032e+01
-1.684778097665581953e+01
-1.681270457062871770e+01
-1.682507499234878168e+01
-1.679340359267235172e+01
-1.671179243701803685e+01
-1.673264541195107213e+01
-1.677410743594772313e+01
-1.670876281802060248e+01
-1.672486590344835022e+01
-1.671840734148531737e+01
-1.670142746282279234e+01
-1.673395256233263595e+01
-1.661775226635841207e+01
-1.667870663002588572e+01
-1.665835556303607135e+01
-1.667821062259491427e+01
-1.673467922350425852e+01
-1.673502945632001015e+01
-1.663955306302798931e+01
-1.660965815617353059e+01
-1.655595334391485807e+01
-1.663389071352159831e+01
-1.668566313022922643e+01
-1.667726927121395875e+01
-1.669100038211367476e+01
-1.671965007992394803e+01
-1.673310448199197964e+01
-1.667241803431948455e+01
-1.661980067298685881e+01
-1.669973515456987556e+01
-1.667724979175004307e+01
-1.661809430811173627e+01
-1.671333280345497840e+01
-1.680081052147577836e+01
-1.687074975604787497e+01
-1.699173245421867051e+01
-1.689221386665293068e+01
-1.685283394042437521e+01
-1.677309040765363690e+01
-1.676475666370002315e+01
-1.677455148148034780e+01
-1.682535536813626820e+01
-1.682252511114366200e+01
-1.677482146488097925e+01
-1.686602759856395650e+01
-1.682433848385469588e+01
-1.680273995475166871e+01
-1.682164822001724147e+01
-1.682363970516652074e+01
-1.677179840037954506e+01
-1.665243138164537839e+01
-1.681525947375773455e+01
-1.676321420813657070e+01
-1.678383281838513597e+01
-1.671602070303753607e+01
-1.663934233832073062e+01
-1.669101520772801450e+01
-1.666329433009828165e+01
-1.678030056344220355e+01
-1.673866680399683915e+01
-1.684513516762155305e+01
-1.688558968092178958e+01
-1.691050845561504445e+01
-1.688784291842385343e+01
-1.680073185066935793e+01
-1.684645399129462007e+01
-1.687765679494849635e+01
-1.682778213923755928e+01
-1.688018149292165404e+01
-1.673038259826134322e+01
-1.671192450774595528e+01
-1.671756017260274163e+01
-1.678261349974137673e+01
-1.666120909078497192e+01
-1.673415380255046259e+01
-1.675956297941327833e+01
-1.682133404320787307e+01
-1.684369225118426883e+01
-1.682496567910006391e+01
-1.682430935270925687e+01
-1.667134318639585189e+01
-1.685124094805728134e+01
-1.681548161683440767e+01
-1.664717521746446849e+01
-1.677761238238738883e+01
-1.680126242126224412e+01
-1.683439849178378012e+01
-1.677558374920373296e+01
-1.674494374442319966e+01
-1.689188823162488973e+01
-1.694002900200622364e+01
-1.687338914950269242e+01
-1.684519234035414570e+01
-1.696597260338883117e+01
-1.700626882200539214e+01
-1.697935250623148917e+01
-1.689457344436653230e+01
-1.690960736449018498e+01
-1.685814412713299149e+01
-1.693339695891186381e+01
-1.695548621713139070e+01
-1.701000882004111858e+01
-1.705268544111887863e+01
-1.683233036303587582e+01
-1.675628085224545316e+01
-1.675244882802314805e+01
-1.680370988735323579e+01
-1.668323363793842518e+01
-1.658782782855490723e+01
-1.655498140110886496e+01
-1.652163476711540824e+01
-1.660544553985767280e+01
-1.661974688312809079e+01
-1.659207201594301040e+01
-1.662269868881003632e+01
-1.658892228273053959e+01
-1.667644662895290963e+01
-1.660331015396080900e+01
-1.656618652932622382e+01
-1.665049549689659614e+01
-1.659730600620118324e+01
-1.657313462280656324e+01
-1.671722031865061098e+01
-1.666755392086713172e+01
-1.665128796334567340e+01
-1.656945598925159402e+01
-1.654266910790394718e+01
-1.674574199917882567e+01
-1.676296854029104466e+01
-1.662405343600484287e+01
-1.673952130563240459e+01
-1.667291380066426143e+01
-1.677120055348028060e+01
-1.674188805186176765e+01
-1.680034372973273804e+01
-1.679525364167352564e+01
-1.674066636420092635e+01
-1.681126343263772682e+01
-1.674480398039250062e+01
-1.686661895431599234e+01
-1.681359020607628452e+01
-1.679485965045137519e+01
-1.668249243377519164e+01
-1.671506966471474698e+01
-1.675001769243736760e+01
-1.670954805222759987e+01
-1.670486544510458060e+01
-1.661942807891773199e+01
-1.661916829647297078e+01
-1.660030217880493097e+01
-1.656837395895740173e+01
-1.659428893247478243e+01
-1.659848394459126553e+01
-1.660926626664980787e+01
-1.668493207364297604e+01
-1.671533290861011523e+01
-1.671217315203755049e+01
-1.665365547299928295e+01
-1.665231533478573667e+01
-1.662387241042409158e+01
-1.667832807731504019e+01
-1.664935482941078249e+01
-1.666120999230195920e+01
-1.673888488150576137e+01
-1.668788449140027197e+01
-1.671254288200441707e+01
-1.680583186561470299e+01
-1.674261372931393765e+01
-1.659903819890630672e+01
-1.661633352401157993e+01
-1.669403047590940758e+01
-1.662960909644706220e+01
-1.665820319609786182e+01
-1.666033604816243141e+01
-1.671978517323761082e+01
-1.645271364531484082e+01
-1.641546931369722984e+01
-1.651821198003995406e+01
-1.646285677072470577e+01
-1.639694406486766809e+01
-1.649571741426378324e+01
-1.646541392526788883e+01
-1.647497841155229992e+01
-1.642843781226625310e+01
-1.637435769022311405e+01
-1.642008753297887225e+01
-1.640529606802870788e+01
-1.634157279670267471e+01
-1.633711656933186518e+01
-1.644993956876410479e+01
-1.650272577037551613e+01
-1.652689944123876131e+01
-1.653792124097907035e+01
-1.657533891827860373e+01
-1.661955583162171735e+01
-1.662727364520297968e+01
-1.652301611990479913e+01
-1.658730487389903274e+01
-1.645663500684622704e+01
-1.645869936050621618e+01
-1.643544096403870824e+01
-1.650965304666637934e+01
-1.653548634458629962e+01
-1.661789519009055383e+01
-1.655469087092305003e+01
-1.650808579596835912e+01
-1.656615194454314377e+01
-1.658552927186650905e+01
-1.657501983749753904e+01
-1.651390608224459200e+01
-1.648878477000915410e+01
-1.649693823630112632e+01
-1.642473356373759330e+01
-1.638934701616724254e+01
-1.634870083903622628e+01
-1.648443571100868610e+01
-1.635501222534846377e+01
-1.641482213451650551e+01
-1.625778994673514788e+01
-1.624226198362966400e+01
-1.623212727137435252e+01
-1.618042164186213583e+01
-1.626601762063156187e+01
-1.626781813022158474e+01
-1.625235159361457349e+01
-1.627916154058244302e+01
-1.623794814112211782e+01
-1.625990002616582686e+01
-1.631322480964141519e+01
-1.629576152340468553e+01
-1.625709705608659661e+01
-1.626404921068860787e+01
-1.617814053138819474e+01
-1.616816382953834008e+01
-1.624209310265781525e+01
-1.621878923994566790e+01
-1.626165144838427778e+01
-1.625891545805109573e+01
-1.620141558758407996e+01
-1.619257343291937801e+01
-1.626614198671108014e+01
-1.631410686227018303e+01
-1.631473782758984825e+01
-1.638399832386518895e+01
-1.636547878122005173e+01
-1.639137256673859966e+01
-1.643658174773563729e+01
-1.637564792436157646e+01
-1.637865744266923329e+01
-1.642310859154568803e+01
-1.636310568419342815e+01
-1.626602123556779489e+01
-1.628043842123936003e+01
-1.617065598729375253e+01
-1.616469847848119201e+01
-1.624895344571429945e+01
-1.626581579674431666e+01
-1.630454909989624568e+01
-1.622614962679288908e+01
-1.632417319241883646e+01
-1.629885070776658296e+01
-1.625390729558002789e+01
-1.625593164875665408e+01
-1.620876903339327768e+01
-1.622185723814651581e+01
-1.626023230564686983e+01
-1.623811742901374444e+01
-1.622248728799574380e+01
-1.621381666199426874e+01
-1.618403470769561636e+01
-1.616277775071856482e+01
-1.616602675306801373e+01
-1.611726173323303968e+01
-1.616862976354668291e+01
-1.611733230929872462e+01
-1.614821475279914864e+01
-1.609893892931942361e+01
-1.605510303443145759e+01
-1.601955891161345846e+01
-1.609676454124914358e+01
-1.613634357373445027e+01
-1.605704868698816412e+01
-1.613941459269317491e+01
-1.601675427912793381e+01
-1.621462576760916008e+01
-1.623325908193489653e+01
-1.622925685068858925e+01
-1.619996741347719649e+01
-1.609892467777982716e+01
-1.607872348133778218e+01
-1.621387159254905797e+01
-1.631750076952972606e+01
-1.630871939932277215e+01
-1.638455705886197222e+01
-1.631408891816013806e+01
-1.627788465125201256e+01
-1.628990672376468396e+01
-1.622063582824138095e+01
-1.621555516674228770e+01
-1.614652395450195144e+01
-1.609937138743058327e+01
-1.617372765949626867e+01
-1.612152134950684612e+01
-1.613250695574568638e+01
-1.621544186382701369e+01
-1.618090207107963252e+01
-1.624569809605326398e+01
-1.617104054596673635e+01
-1.618000430937103573e+01
-1.616162909815167126e+01
-1.623213970027754627e+01
-1.617931999223519668e+01
-1.609624718250031705e+01
-1.600863451745448174e+01
-1.607661664520314915e+01
-1.605692955620859763e+01
-1.602873992590864916e+01
-1.602322394181466692e+01
-1.594917124173598388e+01
-1.596170756185374451e+01
-1.600870654740532828e+01
-1.599320640219241696e+01
-1.600658591398348918e+01
-1.600685901316338899e+01
-1.602360247729575704e+01
-1.601279668414566970e+01
-1.599102259259015746e+01
-1.601193108928695352e+01
-1.596437484099395476e+01
-1.604659894036565149e+01
-1.587918569553508163e+01
-1.589046838702568998e+01
-1.587767523570694017e+01
-1.588961757060188162e+01
-1.594941319070088426e+01
-1.599395742125084574e+01
-1.607799840197386132e+01
-1.597514002715244175e+01
-1.606370707255353381e+01
-1.599211139776308421e+01
-1.595795740595111134e+01
-1.607250271177572287e+01
-1.604616800331060489e+01
-1.603363594786745949e+01
-1.608805776989935410e+01
-1.620386769658490067e+01
-1.625134644306166010e+01
-1.627915874149971032e+01
-1.623464410438615602e+01
-1.626901357977025953e+01
-1.627630046473711900e+01
-1.615165387742677794e+01
-1.626619126820318328e+01
-1.620125399434437341e+01
-1.611756720181847058e+01
-1.613380931120326878e+01
-1.615969023675901894e+01
-1.622290288045244822e+01
-1.625123220903585519e+01
-1.621642653088773045e+01
-1.620296624153702680e+01
-1.624874932393075966e+01
-1.624731688507339911e+01
-1.628541006074090092e+01
-1.629101786389725248e+01
-1.628483123504384977e+01
-1.624451974303615387e+01
-1.613786465213740939e+01
-1.613725609993136345e+01
-1.620176492830310622e+01
-1.616553214899781921e+01
-1.615160597293940015e+01
-1.623704888067880248e+01
-1.613514097224269150e+01
-1.627298828129550046e+01
-1.618822152093879296e+01
-1.613334051367919031e+01
-1.605758132330044674e+01
-1.609980773783001595e+01
-1.619602971153230442e+01
-1.624039204594492958e+01
-1.616844525654015996e+01
-1.608946938647707725e+01
-1.619451944226899087e+01
-1.613772562996066284e+01
-1.603976126242043776e+01
-1.609772059846944714e+01
-1.616965142218723273e+01
-1.607837235997061853e+01
-1.609927359560719040e+01
-1.600114262412330746e+01
-1.603731207659433977e+01
-1.599272234293635364e+01
-1.601946612575927986e+01
-1.602375006056574946e+01
-1.606954346123550437e+01
-1.615956710208211078e+01
-1.616385627742701914e+01
-1.606181555116656412e+01
-1.606808360524647838e+01
-1.598330196063423436e+01
-1.606168740081825774e+01
-1.599524922055867471e+01
-1.598671010321070085e+01
-1.597584001886484195e+01
-1.601737398271994550e+01
-1.604123882698815962e+01
-1.605730672566091144e+01
-1.597265129442749654e+01
-1.607236033384555540e+01
-1.594978186173670665e+01
-1.592026562639115639e+01
-1.587835207548722494e+01
-1.609345016532197903e+01
-1.602892378422427200e+01
-1.607488440065230861e+01
-1.610025819011566384e+01
-1.604164769839103855e+01
-1.602401065951987746e+01
-1.605157692380667456e+01
-1.605368314485097869e+01
-1.606026933593857819e+01
-1.606260507454080511e+01
-1.605568968779630623e+01
-1.609831330904700408e+01
-1.612483681935546187e+01
-1.608416086721928551e+01
-1.608467677556873454e+01
-1.615384393857807055e+01
-1.619808454292993360e+01
-1.611422449834949688e+01
-1.611121700749490415e+01
-1.615395621318289088e+01
-1.627719891251962281e+01
-1.624036006940360366e+01
-1.624044046067371028e+01
-1.619872817406423593e+01
-1.619748354903112642e+01
-1.621153471273460056e+01
-1.621101661398068217e+01
-1.612972881133197234e+01
-1.613723686847017191e+01
-1.610952211177242077e+01
-1.614170457407642800e+01
-1.609726340451593529e+01
-1.608598810080026809e+01
-1.610301737392571653e+01
-1.608878059167843944e+01
-1.608682858323293985e+01
-1.606731659738849771e+01
-1.600305909896975010e+01
-1.592945530575631707e+01
-1.597954487586578054e+01
-1.589719981229046830e+01
-1.589974528758603789e+01
-1.588958948088382961e+01
-1.587448081250182241e+01
-1.593597769851206714e+01
-1.589944707080601383e+01
-1.594970236890942239e+01
-1.587464940591137363e+01
-1.584743523332652515e+01
-1.585176150741177636e+01
-1.583098818756098858e+01
-1.588812122138874905e+01
-1.598696897709803721e+01
-1.590456234471996666e+01
-1.597160817060945881e+01
-1.596470172309828861e+01
-1.597430555953367382e+01
-1.594454610731171229e+01
-1.602187153760559823e+01
-1.599379768737890295e+01
-1.597587330347091594e+01
-1.599830336011296339e+01
-1.599225839261406890e+01
-1.593070206821207258e+01
-1.596817629761275548e+01
-1.595170056983871554e+01
-1.600335038562633727e+01
-1.601517235641453851e+01
-1.604485918025993385e+01
-1.602422015335833905e+01
-1.606013938772185057e+01
-1.596133627264722143e+01
-1.601436575088886727e+01
-1.611659772761662168e+01
-1.603022572095420273e+01
-1.605918677127402461e+01
-1.597899932399591449e+01
-1.592946944882644189e+01
-1.597261277315233841e+01
-1.595342414718399660e+01
-1.604456538912180363e+01
-1.606831762695482269e+01
-1.595441639898729846e+01
-1.602753553913709439e+01
-1.612040523833251271e+01
-1.612147339970382731e+01
-1.611098215201802830e+01
-1.616409998600300568e+01
-1.619378787333195646e+01
-1.618421794288645188e+01
-1.615585322127712331e+01
-1.612325975736476025e+01
-1.616226680691361395e+01
-1.619102811776044959e+01
-1.618380453915097661e+01
-1.603426161158509089e+01
-1.605230946920772439e+01
-1.610752114276394309e+01
-1.609243321900360257e+01
-1.608413536054954918e+01
-1.611555267231162603e+01
-1.604086503582712453e+01
-1.599596389142602604e+01
-1.602504258704369988e+01
-1.603790641032590258e+01
-1.599492692027775576e+01
-1.603592827995019832e+01
-1.609565898443398169e+01
-1.605939011330594823e+01
-1.608342488484996124e+01
-1.622565991111688533e+01
-1.607318171942975127e+01
-1.607243265226245654e+01
-1.609423061846633729e+01
-1.618933732874858933e+01
-1.616961913056030653e+01
-1.617979570778808451e+01
-1.619910195012887399e+01
-1.622766233686330395e+01
-1.624929876154898878e+01
