# 2*np.log[MAD(r)] for 100 flights; 1000 steps per flight; run 14 of 50; mu: 3.00; seed: 13
-2.556798694817689466e+01
-2.368032006257689304e+01
-2.274679103395483537e+01
-2.266442677640092285e+01
-2.192556977479288705e+01
-2.212292279254117489e+01
-2.164749830599542690e+01
-2.139246235543670238e+01
-2.126525304723175225e+01
-2.113922908133546485e+01
-2.115236427535990060e+01
-2.096539857105426918e+01
-2.063808743023539805e+01
-2.076172917927210193e+01
-2.056722844677506856e+01
-2.051013569802638514e+01
-2.056703635628011995e+01
-2.070614982256365266e+01
-2.043674091883205790e+01
-2.034449189563334670e+01
-2.046079923996164140e+01
-2.023544432537989479e+01
-2.006615416628361714e+01
-2.005751222293909919e+01
-2.016667574875917168e+01
-2.021085205722117450e+01
-2.039955133191236314e+01
-2.029137400046840867e+01
-2.029310130175528215e+01
-1.990346067123933338e+01
-1.994874426081518237e+01
-1.972105782359300363e+01
-1.960752904619561576e+01
-1.952473185809838085e+01
-1.966621970004544195e+01
-1.944111426822566457e+01
-1.937422222631278146e+01
-1.928337258054183678e+01
-1.923997583373374454e+01
-1.939269014786904677e+01
-1.933057474388247243e+01
-1.939529053150300797e+01
-1.938226421717596537e+01
-1.936779961965751440e+01
-1.934891292580690347e+01
-1.943959357202724547e+01
-1.915830123051147638e+01
-1.939465212392371640e+01
-1.925793858650260404e+01
-1.908672767953898131e+01
-1.916169321856402874e+01
-1.907422741010518052e+01
-1.913480066132503410e+01
-1.897939842965276469e+01
-1.921403311108614176e+01
-1.918551073684256281e+01
-1.908567021911613182e+01
-1.899962945642051437e+01
-1.915950661789206322e+01
-1.934086021161904867e+01
-1.911299397029523561e+01
-1.902737138063612576e+01
-1.899385539502077691e+01
-1.903094424739521529e+01
-1.902390468455178052e+01
-1.899702938822892051e+01
-1.884877300897798236e+01
-1.907303904174402831e+01
-1.903611677417996262e+01
-1.902465259169816747e+01
-1.905265341450933647e+01
-1.885283977743448958e+01
-1.883121278674564891e+01
-1.867692193876959550e+01
-1.862617776265750891e+01
-1.873602273420546638e+01
-1.874982406568394566e+01
-1.888044503018386422e+01
-1.858096545725619819e+01
-1.845042082855701793e+01
-1.866671189855972202e+01
-1.848754591566932248e+01
-1.832046053560184262e+01
-1.828657886807688726e+01
-1.825315543538928509e+01
-1.815609487127328947e+01
-1.826899189677371638e+01
-1.829618455467464599e+01
-1.826709082845919951e+01
-1.831019950969052701e+01
-1.843554157002102301e+01
-1.834875018571164063e+01
-1.854983976083778074e+01
-1.856163732783735654e+01
-1.842892186937324794e+01
-1.846965263645889266e+01
-1.859960791143186754e+01
-1.844168999566842615e+01
-1.856521676530496734e+01
-1.841225390503803538e+01
-1.831826816988224849e+01
-1.828092729769678115e+01
-1.826077352746833782e+01
-1.831454836644086015e+01
-1.825995641577573636e+01
-1.829597507240203313e+01
-1.823863177459747575e+01
-1.819697626146569291e+01
-1.819926973789692681e+01
-1.834383523594871690e+01
-1.824899541514515278e+01
-1.827037458062910247e+01
-1.833955948470921626e+01
-1.821883746750101096e+01
-1.816564093877223485e+01
-1.807821081676604180e+01
-1.804389136712409680e+01
-1.795749223147478446e+01
-1.792522744802340995e+01
-1.791720077316528759e+01
-1.806604713544331275e+01
-1.791646900198540493e+01
-1.801043574532208069e+01
-1.803582917929556828e+01
-1.804573280901984589e+01
-1.802591762503561768e+01
-1.795938384616212602e+01
-1.787518637858605075e+01
-1.780797949004037406e+01
-1.789802980281219646e+01
-1.795727607667505765e+01
-1.795695619080718330e+01
-1.785885415696446543e+01
-1.793347113616700383e+01
-1.793911044398864973e+01
-1.799606041129069922e+01
-1.807127780769748426e+01
-1.801134489287104756e+01
-1.794708714801567240e+01
-1.788043360208202159e+01
-1.780846411794826523e+01
-1.796892352575582308e+01
-1.806741748103513956e+01
-1.803943710362900177e+01
-1.811282758579997321e+01
-1.817439101969212700e+01
-1.825986093947086886e+01
-1.820429960096952371e+01
-1.818940727241465893e+01
-1.812692326301247547e+01
-1.822130245628903111e+01
-1.820223083103261885e+01
-1.824885467091157665e+01
-1.808281261216902891e+01
-1.812205079788624573e+01
-1.813280856790597895e+01
-1.818199426883848346e+01
-1.804374361260441262e+01
-1.803142164098041889e+01
-1.810509881121494757e+01
-1.812018860858534453e+01
-1.796798222560060054e+01
-1.809455150959522385e+01
-1.799723546697302723e+01
-1.834228672081538747e+01
-1.812846836827123553e+01
-1.817319205643221380e+01
-1.817559241377054136e+01
-1.812002442511531086e+01
-1.824852371331543210e+01
-1.830397603546603591e+01
-1.820109477002384324e+01
-1.814586658301127642e+01
-1.826740937449326907e+01
-1.811152822538139162e+01
-1.819835964329782385e+01
-1.823144887387907076e+01
-1.812256207860797730e+01
-1.821004036008673665e+01
-1.821559207253061530e+01
-1.809792682345199566e+01
-1.830303425022368913e+01
-1.823482892880192452e+01
-1.848606777347238861e+01
-1.827700616695250346e+01
-1.834789252255033531e+01
-1.837605290527903890e+01
-1.833574169565414991e+01
-1.833400015511098857e+01
-1.827936079344791764e+01
-1.827975700353624688e+01
-1.829867111189954798e+01
-1.821355935040880070e+01
-1.821510636648603310e+01
-1.830653519306735788e+01
-1.799515806709561971e+01
-1.794805974228115630e+01
-1.800319788541210642e+01
-1.818896906783873035e+01
-1.809129050555106843e+01
-1.810835189499642439e+01
-1.800236609595005888e+01
-1.795303765319857092e+01
-1.797892671131353026e+01
-1.784149745274608989e+01
-1.802002870771445231e+01
-1.803692765131753006e+01
-1.801911572790222849e+01
-1.796306536744813087e+01
-1.804600247337515739e+01
-1.809687959927417467e+01
-1.802312350784292150e+01
-1.784147982636412522e+01
-1.772684123918947563e+01
-1.778351699128733543e+01
-1.790476151066328470e+01
-1.783988870778156155e+01
-1.770912360326671120e+01
-1.781035689193931404e+01
-1.783850987417623557e+01
-1.768005908072948174e+01
-1.778575792730543981e+01
-1.774640737965966508e+01
-1.770791535814026574e+01
-1.772985764487208371e+01
-1.778091392951634830e+01
-1.769195832171329741e+01
-1.773421976290881119e+01
-1.769052691831963742e+01
-1.770714081372828375e+01
-1.766093501245026687e+01
-1.764116762747922351e+01
-1.780365872903318447e+01
-1.780779227851892799e+01
-1.781241764907104397e+01
-1.781560274249095599e+01
-1.795298577878642377e+01
-1.797178606050129446e+01
-1.793136110707778030e+01
-1.785500453860542436e+01
-1.780641693590180097e+01
-1.777268539146800208e+01
-1.775354471221576702e+01
-1.758007051771944163e+01
-1.761263835256505317e+01
-1.757792281424415748e+01
-1.777933371164929355e+01
-1.780822274049368659e+01
-1.788456307776094789e+01
-1.778420222881459978e+01
-1.767845144557683668e+01
-1.759124601184956305e+01
-1.772075142515156898e+01
-1.767442053766049526e+01
-1.774683283223424723e+01
-1.775517681310940787e+01
-1.780763313655835134e+01
-1.765786189048976240e+01
-1.750868723196268562e+01
-1.761927495483639206e+01
-1.767961967479132568e+01
-1.756487163155941289e+01
-1.758810441511363010e+01
-1.754024012733602333e+01
-1.774751155754569609e+01
-1.774785454446258726e+01
-1.766341536647400190e+01
-1.761274825768446917e+01
-1.767045562179213292e+01
-1.778734798805287198e+01
-1.774601593186067205e+01
-1.781209176044835019e+01
-1.777180630965905550e+01
-1.765405282411318666e+01
-1.780401729518474241e+01
-1.779868071097073923e+01
-1.777264873960243108e+01
-1.760722964585050576e+01
-1.765327232925333334e+01
-1.763132192421230471e+01
-1.765206328467805363e+01
-1.762497364401592748e+01
-1.758063742474261204e+01
-1.759222840629790241e+01
-1.744459217426512510e+01
-1.748838865307892476e+01
-1.752665145167468452e+01
-1.743677604121362279e+01
-1.746710463344311393e+01
-1.737421031992235854e+01
-1.750963869880170165e+01
-1.766909657260174882e+01
-1.751875013901563349e+01
-1.754446980767235331e+01
-1.741943935183264358e+01
-1.732139696589518252e+01
-1.746340035721605588e+01
-1.743292804061495360e+01
-1.752657276345581039e+01
-1.754085914272152635e+01
-1.761618032433649006e+01
-1.746271516635353649e+01
-1.751958003964557520e+01
-1.738607470312764036e+01
-1.747975217188480812e+01
-1.740519232859278276e+01
-1.736777990704212726e+01
-1.739436557818203255e+01
-1.746205239479995441e+01
-1.754250924459896410e+01
-1.735458830006714592e+01
-1.733327880627500761e+01
-1.731271955205031432e+01
-1.737456783061496068e+01
-1.741150252468102977e+01
-1.730868502023428590e+01
-1.731975382806694341e+01
-1.739510253247764382e+01
-1.742942621968257910e+01
-1.744312957168155975e+01
-1.761454245473651525e+01
-1.750760913488225157e+01
-1.762221852378426945e+01
-1.750322833365456177e+01
-1.747007523731905110e+01
-1.732197742511787908e+01
-1.727858334789631556e+01
-1.748524945875892556e+01
-1.754527898417604703e+01
-1.753908832987854183e+01
-1.754021361861923722e+01
-1.742684795182458757e+01
-1.757827569681578339e+01
-1.759812407778707666e+01
-1.771548657446548702e+01
-1.756709044729719693e+01
-1.758278135400196263e+01
-1.760061032221798882e+01
-1.752061616318486514e+01
-1.755786014167471620e+01
-1.766603774130915738e+01
-1.769409318505418227e+01
-1.774137511135291234e+01
-1.773632289139095874e+01
-1.775443808275532476e+01
-1.780881500793450556e+01
-1.768021976944519125e+01
-1.771041078810733538e+01
-1.771538697305049936e+01
-1.758122640502767453e+01
-1.761013266258899890e+01
-1.754492413587376731e+01
-1.757537639732623802e+01
-1.753356445902626959e+01
-1.737355608738603152e+01
-1.740924025638864947e+01
-1.742965780485465999e+01
-1.729037718846384664e+01
-1.724651143443811563e+01
-1.725016366956734970e+01
-1.723887625137955482e+01
-1.725858057186862737e+01
-1.720805351578924203e+01
-1.731111428872682367e+01
-1.754026187388835112e+01
-1.751650969968649463e+01
-1.752150358820223275e+01
-1.752284397199245802e+01
-1.760508657623507744e+01
-1.752852979836731251e+01
-1.726570517100246960e+01
-1.730496747315063288e+01
-1.726088477143079558e+01
-1.734281670337191628e+01
-1.745122868133504568e+01
-1.734339838910790732e+01
-1.728328402346906145e+01
-1.720866917893631509e+01
-1.722639881334285406e+01
-1.725107594524739696e+01
-1.730088219712427744e+01
-1.729007661807302298e+01
-1.722895905334945610e+01
-1.721300710089077057e+01
-1.725040931113306542e+01
-1.725339679269650972e+01
-1.738951884765488387e+01
-1.730910172722265727e+01
-1.739796700019907050e+01
-1.747285717570612817e+01
-1.718054145892650553e+01
-1.714906366911590752e+01
-1.716765545413222327e+01
-1.709464268657069042e+01
-1.701505636843674907e+01
-1.717597433477512325e+01
-1.705639691661498247e+01
-1.707022118751448758e+01
-1.709352152231150868e+01
-1.705583216535253044e+01
-1.718992984621531761e+01
-1.710635075701996399e+01
-1.713383094351943114e+01
-1.712976216675082597e+01
-1.715053349635491031e+01
-1.723422442166713608e+01
-1.715753014913435592e+01
-1.719190318899925884e+01
-1.724253808847394609e+01
-1.717889841891630454e+01
-1.714323109130275569e+01
-1.716149005874718014e+01
-1.716031983135621175e+01
-1.705438833096059881e+01
-1.704482162563718362e+01
-1.705804018244880993e+01
-1.713553515553941864e+01
-1.709573706853021946e+01
-1.697862849456675249e+01
-1.706576676434552553e+01
-1.703362251367203939e+01
-1.699775716580633045e+01
-1.706613365579605812e+01
-1.712489607835562921e+01
-1.720015023134863341e+01
-1.715508445315021291e+01
-1.708325409752535151e+01
-1.711060725689763018e+01
-1.709289414681275687e+01
-1.702482757269704550e+01
-1.701392955703542142e+01
-1.693072704340805501e+01
-1.706337410477338778e+01
-1.697302085103980573e+01
-1.690356286274252184e+01
-1.689767882648686737e+01
-1.698310981019526622e+01
-1.684760351550504964e+01
-1.692760471091776608e+01
-1.698708327748204638e+01
-1.689584841174163188e+01
-1.686715953154199354e+01
-1.691906081082468560e+01
-1.694963155891409201e+01
-1.690819989581368077e+01
-1.693414481981592346e+01
-1.695209836249320645e+01
-1.702970532835833239e+01
-1.709353643522028676e+01
-1.703936264132584100e+01
-1.714314002826313299e+01
-1.723835301073440718e+01
-1.720331879368726291e+01
-1.714520669003298536e+01
-1.709371779420145643e+01
-1.711342539038706434e+01
-1.715486410648766835e+01
-1.695216309496884222e+01
-1.688336638614301322e+01
-1.696780487544945260e+01
-1.690198772898300916e+01
-1.692144309879001796e+01
-1.686708374570272184e+01
-1.678686331290489875e+01
-1.676894368278435365e+01
-1.677915459259109809e+01
-1.681963081767933588e+01
-1.678967411977887281e+01
-1.674526517240555989e+01
-1.681174804850856219e+01
-1.684424539952593136e+01
-1.700546223267193113e+01
-1.681190509295213786e+01
-1.687961332107076728e+01
-1.702243757357569010e+01
-1.696522320643461157e+01
-1.701226714312374000e+01
-1.698108116772701237e+01
-1.710069435617223377e+01
-1.708772020656386204e+01
-1.695994950690376868e+01
-1.693021898995810304e+01
-1.690679690757311704e+01
-1.693090534325331475e+01
-1.696933470110727882e+01
-1.695804282380814598e+01
-1.703772157124273434e+01
-1.688003511466352791e+01
-1.690550953762494046e+01
-1.684626530531631161e+01
-1.684102176395537143e+01
-1.676940916819194882e+01
-1.687681675065614328e+01
-1.690537852964028076e+01
-1.687180212948351610e+01
-1.685846759403510120e+01
-1.692708195264564708e+01
-1.687487382834897076e+01
-1.673360715727463344e+01
-1.677507723444860233e+01
-1.675148094794967690e+01
-1.672394390045288048e+01
-1.667025844361857523e+01
-1.676556236601868122e+01
-1.672915971973723259e+01
-1.676241273772132701e+01
-1.672452557427409303e+01
-1.668010540678148956e+01
-1.668237022985389473e+01
-1.670108558121367892e+01
-1.675295906422445569e+01
-1.679728402648236596e+01
-1.672717881855048105e+01
-1.671662655083334670e+01
-1.676444484381650213e+01
-1.681093417844869720e+01
-1.688582375333735541e+01
-1.683081728094408547e+01
-1.674863747647788159e+01
-1.676862315934346981e+01
-1.677058919758156108e+01
-1.671761841427435868e+01
-1.674020903310776376e+01
-1.670500902393254350e+01
-1.669083563566145045e+01
-1.682608806195293027e+01
-1.675168706816169006e+01
-1.680113095373469889e+01
-1.678656233318407587e+01
-1.673531712854506637e+01
-1.667488887443224144e+01
-1.674615592699497313e+01
-1.673663849400397652e+01
-1.672082487990403621e+01
-1.675006296043539677e+01
-1.674910644081677091e+01
-1.678831643927394524e+01
-1.665181249585780421e+01
-1.665903119466224780e+01
-1.668957135521650414e+01
-1.673165351307254056e+01
-1.674576001048457741e+01
-1.673877332896014281e+01
-1.675276550885701354e+01
-1.683515181129214255e+01
-1.683121605315513492e+01
-1.676567282404442949e+01
-1.677174417418065033e+01
-1.673959691520676429e+01
-1.678226947180162654e+01
-1.671315168106155014e+01
-1.671537547692902592e+01
-1.671931776285844862e+01
-1.681889341691693929e+01
-1.678120927926110539e+01
-1.677244474178868217e+01
-1.680175056404323186e+01
-1.679972737862578924e+01
-1.685003313702729955e+01
-1.677454585437100931e+01
-1.690806762028329047e+01
-1.688111675223822772e+01
-1.673041392575552067e+01
-1.675448179383035452e+01
-1.683362931971305798e+01
-1.677018832471819820e+01
-1.666955529262596158e+01
-1.672193483036784656e+01
-1.686183521860603562e+01
-1.693950063852301824e+01
-1.691150857563129506e+01
-1.694063006819684958e+01
-1.686858886795976886e+01
-1.687499544658589556e+01
-1.678305569974111577e+01
-1.667037664506958095e+01
-1.668649719488310268e+01
-1.666640552652137686e+01
-1.674081126809107900e+01
-1.681003051827977401e+01
-1.671998662898855770e+01
-1.666499090262204419e+01
-1.668824177764874861e+01
-1.676116287488502010e+01
-1.681455318700215429e+01
-1.675605376064547158e+01
-1.673488976457308297e+01
-1.679452952193583570e+01
-1.681498432556704969e+01
-1.676273721819281803e+01
-1.677375701686998610e+01
-1.682169719320318535e+01
-1.672787181908474707e+01
-1.672414315667174023e+01
-1.670715146893461878e+01
-1.674373993824260864e+01
-1.677107257492512105e+01
-1.682577859592965552e+01
-1.683612582305073957e+01
-1.683938498584529242e+01
-1.675523876675427104e+01
-1.679405129254741524e+01
-1.678055962695037806e+01
-1.680363976084372624e+01
-1.679843780463386693e+01
-1.684933131426133812e+01
-1.690725121935537700e+01
-1.688120831648806686e+01
-1.675862299770797037e+01
-1.673362165393030665e+01
-1.673947327645622707e+01
-1.670886984662826791e+01
-1.664621966047182866e+01
-1.661790960389757288e+01
-1.665322807396705329e+01
-1.667826915785283148e+01
-1.665444988268247428e+01
-1.664299418985926948e+01
-1.665286505671654993e+01
-1.665684661226385899e+01
-1.664751326712238821e+01
-1.665495625182894912e+01
-1.660196878916979912e+01
-1.658963856951145033e+01
-1.656853935220039986e+01
-1.658842044810826266e+01
-1.656710532122822954e+01
-1.654774483508178662e+01
-1.659345632174101581e+01
-1.656178970686304552e+01
-1.649323094043910842e+01
-1.639015497101606300e+01
-1.639974581589844860e+01
-1.643782319798299341e+01
-1.640653143777880629e+01
-1.650505185119241602e+01
-1.653968923214634401e+01
-1.645299538808183826e+01
-1.644704974136068287e+01
-1.644765159181082126e+01
-1.635475214172240044e+01
-1.640642495508807386e+01
-1.637962084376743377e+01
-1.644631064430219780e+01
-1.639678994766903841e+01
-1.649584811495033776e+01
-1.645471648373905893e+01
-1.648160562579514732e+01
-1.644714517845921264e+01
-1.639748397716455486e+01
-1.641927284240631479e+01
-1.641418407296369253e+01
-1.641864454398263362e+01
-1.639343468514947944e+01
-1.645300303139632092e+01
-1.658154359514845311e+01
-1.651108024431427523e+01
-1.649400649674476327e+01
-1.654496557274348589e+01
-1.660257523133011759e+01
-1.654778683566167174e+01
-1.649246293477586534e+01
-1.643578152674507820e+01
-1.649951642753862302e+01
-1.648854967895777435e+01
-1.633344189849264083e+01
-1.637777539445703212e+01
-1.639647227586168299e+01
-1.645140017971559487e+01
-1.636654813193058899e+01
-1.639189359072834762e+01
-1.641272448478433432e+01
-1.638965875571495445e+01
-1.634858841094687065e+01
-1.644993663088720837e+01
-1.649203021418895077e+01
-1.646767189195948689e+01
-1.648637714979748381e+01
-1.650423641270637631e+01
-1.652780879017515758e+01
-1.650139731272005150e+01
-1.656382767913800080e+01
-1.650899275080576700e+01
-1.652358560570325352e+01
-1.648333183318946737e+01
-1.643463866456561107e+01
-1.639234928517081968e+01
-1.643763439626627587e+01
-1.641077005377933418e+01
-1.639452613989876895e+01
-1.629509099090451230e+01
-1.629937266118281869e+01
-1.635700331939252550e+01
-1.640064702510526473e+01
-1.636147406733012488e+01
-1.639132686276433404e+01
-1.640162747364783868e+01
-1.640105971546168817e+01
-1.636106046138017689e+01
-1.635986191414479762e+01
-1.631713682131131904e+01
-1.642247145704535427e+01
-1.644549933976989919e+01
-1.637930510229513814e+01
-1.633490074367822942e+01
-1.629971210723004660e+01
-1.633762074205698411e+01
-1.643509607498252123e+01
-1.653773322408918744e+01
-1.652160524901974625e+01
-1.646081265780492231e+01
-1.648549182264475021e+01
-1.637605149089269574e+01
-1.635130716768176740e+01
-1.633647097410245408e+01
-1.636119062491249565e+01
-1.635482428340738537e+01
-1.635712217932409729e+01
-1.642002966842658296e+01
-1.641074772661331593e+01
-1.648922637436464811e+01
-1.647274783817607258e+01
-1.645947933851800471e+01
-1.650642897585305136e+01
-1.641519465512033094e+01
-1.648331365673523052e+01
-1.645842445730260195e+01
-1.645193235113753261e+01
-1.632361237068250404e+01
-1.638902534123402077e+01
-1.632924253154937233e+01
-1.639278673514516882e+01
-1.637828864885256408e+01
-1.635222801095153855e+01
-1.639067645643109117e+01
-1.644378447255938624e+01
-1.641133752965194148e+01
-1.643460320266336794e+01
-1.654757906193142958e+01
-1.651662875196414504e+01
-1.651088097204849348e+01
-1.652146680101387588e+01
-1.648527386671151973e+01
-1.655518159499227338e+01
-1.655266371426159111e+01
-1.651639826595788207e+01
-1.644961200809271062e+01
-1.645054242969446889e+01
-1.643381176971195146e+01
-1.638992730425409761e+01
-1.647008100491698457e+01
-1.648994328551221500e+01
-1.647927989126444004e+01
-1.648462101227928400e+01
-1.646413881422568437e+01
-1.644324853406637033e+01
-1.649481054848945405e+01
-1.653886429192530017e+01
-1.654466496541308729e+01
-1.641030112255778306e+01
-1.632672323143793136e+01
-1.629826867723759065e+01
-1.628382670945781285e+01
-1.642578892751687292e+01
-1.638317560704788178e+01
-1.643930206749999456e+01
-1.646619765210536457e+01
-1.643155214866888869e+01
-1.654893370406652764e+01
-1.649983312451354323e+01
-1.664322409114401680e+01
-1.645179776459755772e+01
-1.641794068762968095e+01
-1.637502846506426479e+01
-1.638010864614224360e+01
-1.636969770125700308e+01
-1.628687199119575979e+01
-1.627426625112931191e+01
-1.631106579548798763e+01
-1.637238466637268175e+01
-1.637392692453302345e+01
-1.633691968600999189e+01
-1.638052410545749282e+01
-1.637803568889732020e+01
-1.641625693951140974e+01
-1.639620091749834785e+01
-1.637044429447291805e+01
-1.637071184145834835e+01
-1.630382428125227534e+01
-1.635620559417290565e+01
-1.636710864732422266e+01
-1.643100828997029339e+01
-1.644528970181853111e+01
-1.649180609691690691e+01
-1.646252130569943617e+01
-1.644343293015236185e+01
-1.649313350448094440e+01
-1.636378895851138182e+01
-1.632497177109008035e+01
-1.633642328323777804e+01
-1.638452685337620451e+01
-1.620769813596669451e+01
-1.631031563062516199e+01
-1.631340061163685462e+01
-1.640224502160817011e+01
-1.621938647510970810e+01
-1.612552035786087146e+01
-1.617391551068967459e+01
-1.617166766098501895e+01
-1.622290900532695446e+01
-1.620423644133132868e+01
-1.616780102948603215e+01
-1.615018680985682664e+01
-1.613366175832458183e+01
-1.624640215820587130e+01
-1.622854364249903369e+01
-1.630325023850708277e+01
-1.625616834678745448e+01
-1.625744257750473665e+01
-1.621074414208002068e+01
-1.614607310613130409e+01
-1.621688051479744530e+01
-1.628052468771365824e+01
-1.627972244558808512e+01
-1.623351265797639442e+01
-1.630704148122477903e+01
-1.634848187365070515e+01
-1.626923564427908175e+01
-1.638711646924518917e+01
-1.638724721485740332e+01
-1.631838519617102179e+01
-1.636675178695884370e+01
-1.633365263842684101e+01
-1.646479088203638597e+01
-1.644791098621060144e+01
-1.644815299523962437e+01
-1.644049517034452279e+01
-1.643850162570349838e+01
-1.636532985913802207e+01
-1.639743854200816031e+01
-1.640145293184745512e+01
-1.647183075178280021e+01
-1.649290933562580364e+01
-1.638297516551984501e+01
-1.640940379870123067e+01
-1.643417226042516077e+01
-1.643787124276235545e+01
-1.647177406368638941e+01
-1.645174401708384337e+01
-1.634684646766032046e+01
-1.636198349204609670e+01
-1.636439265283983957e+01
-1.642759013883015484e+01
-1.641200516904795137e+01
-1.638615158433870533e+01
-1.642871902757740799e+01
-1.642104508175657074e+01
-1.635383096820275739e+01
-1.652651833135033854e+01
-1.647428257678592445e+01
-1.651670244812786237e+01
-1.642161644718060742e+01
-1.641820106727076478e+01
-1.639963658970479798e+01
-1.643454181692440841e+01
-1.648580309762895624e+01
-1.639132799793800643e+01
-1.641228883314295572e+01
-1.627131762920309654e+01
-1.624412074974985742e+01
-1.629494587274129458e+01
-1.629116231472059795e+01
-1.627083492543689758e+01
-1.620166772493683993e+01
-1.624126712059480582e+01
-1.624822378119653621e+01
-1.622866705461336068e+01
-1.620942953667471897e+01
-1.630286980349174897e+01
-1.616517193149126896e+01
-1.623271476491747833e+01
-1.622942809550639609e+01
-1.619640719541160934e+01
-1.639434390280485232e+01
-1.639817160801102247e+01
-1.628904485297016080e+01
-1.629090297633138107e+01
-1.626406768312487117e+01
-1.624401423091268981e+01
-1.622748341534160232e+01
-1.597065671486752336e+01
-1.605992829185521131e+01
-1.598954875651124397e+01
-1.596643374332714771e+01
-1.604737483862156822e+01
-1.602735880947826175e+01
-1.608094240371836037e+01
-1.601150559255215811e+01
-1.608286540894042460e+01
-1.602794908680816377e+01
-1.609235542406284836e+01
-1.631711767573104410e+01
-1.624472792536117893e+01
-1.620179389827486105e+01
-1.625225603651290029e+01
-1.616251486934083204e+01
-1.617408111290356487e+01
-1.620141186881186357e+01
-1.618815020964595064e+01
-1.613195822300379945e+01
-1.618107583204990618e+01
-1.624354577686264633e+01
-1.625988937894999253e+01
-1.623269293428598203e+01
-1.622774824313739472e+01
-1.615798235136873373e+01
-1.616433401614915510e+01
-1.618567431299571879e+01
-1.616921309468199297e+01
-1.623628024367147660e+01
-1.632616934377097095e+01
-1.624981402378391593e+01
-1.616386314910436539e+01
-1.617193041044377466e+01
-1.609500261329726811e+01
-1.612743317810708632e+01
-1.608430304678376999e+01
-1.602572111332791138e+01
-1.597821126149445092e+01
-1.604296585347830373e+01
-1.601330437590052114e+01
-1.599215416092130582e+01
-1.597069819853555117e+01
-1.601452768904967172e+01
-1.606244458428302480e+01
-1.618294745868347917e+01
-1.619306300335318483e+01
-1.602332868953824629e+01
-1.594168141102467828e+01
-1.594677816980951235e+01
-1.586708369125169682e+01
-1.585347921008436956e+01
-1.585029793963916234e+01
-1.584965557299449479e+01
-1.598600117432131107e+01
-1.594400585258492242e+01
-1.599889031221108304e+01
-1.603587881368072132e+01
-1.594770082809971790e+01
-1.599103021129153568e+01
-1.595320079084030240e+01
-1.601474607429793906e+01
-1.588499819344658448e+01
-1.587394756992174827e+01
-1.585774121599923880e+01
-1.581612151233365182e+01
-1.581188902394062623e+01
-1.584649491666839438e+01
-1.573345173163465383e+01
-1.571552924659709483e+01
-1.585028864890228384e+01
-1.581375194447466548e+01
-1.572584339019576483e+01
-1.570162594371868181e+01
-1.576824814010799081e+01
-1.568332321451689282e+01
-1.570651405934437861e+01
-1.565088678496498176e+01
-1.559549681549335709e+01
-1.561618637778829211e+01
-1.565107125343818595e+01
-1.567028286863746622e+01
-1.567319227186811759e+01
-1.564838531247128728e+01
-1.558619463660607529e+01
-1.555861987448924744e+01
-1.562668948180073691e+01
-1.564516808759242394e+01
-1.565376930337419026e+01
-1.565653490661088831e+01
-1.566942622179559663e+01
-1.563864971895572253e+01
-1.574344063896638524e+01
-1.569950745658210245e+01
-1.585009767250265789e+01
-1.567526616516162008e+01
-1.567933434616215393e+01
-1.573357476085663009e+01
-1.572511494274607635e+01
-1.570037846042305141e+01
-1.567183446708440719e+01
-1.568868982468352336e+01
-1.564194634081104063e+01
-1.559297703640426569e+01
-1.563271903618750791e+01
-1.572194725138017191e+01
-1.568346809610138592e+01
-1.580907404274864092e+01
-1.572401435561927840e+01
-1.573026863194846747e+01
