# 2*np.log[MAD(r)] for 100 flights; 1000 steps per flight; run 29 of 50; mu: 3.00; seed: 28
-2.556408986856427035e+01
-2.322551197587412730e+01
-2.298013082081596536e+01
-2.243213376934199133e+01
-2.219480742242613047e+01
-2.185540628404563535e+01
-2.159683566946882394e+01
-2.137309678628448140e+01
-2.152944887393845619e+01
-2.106519877631400917e+01
-2.103709021431515325e+01
-2.091402314266398932e+01
-2.078730842515701127e+01
-2.092527377813674150e+01
-2.064066108638594699e+01
-2.051739239413814531e+01
-2.026055835923817838e+01
-2.013190348792601725e+01
-2.040009692178877643e+01
-2.023953919272387481e+01
-1.982125180663459219e+01
-1.980347912732233695e+01
-1.993602210843525313e+01
-2.006925182094583349e+01
-2.000227029354094554e+01
-1.999978896743605361e+01
-1.998429555782914946e+01
-1.982871855062163036e+01
-2.011983706057156951e+01
-1.994488192665026816e+01
-1.995610600973232351e+01
-1.960543160204365165e+01
-1.974023871899354532e+01
-1.930625761477395130e+01
-1.940396890019412979e+01
-1.933125373120491375e+01
-1.937724705495095279e+01
-1.917999254092943318e+01
-1.920700252088056459e+01
-1.913513350205004926e+01
-1.911587118089046555e+01
-1.896177714906448131e+01
-1.909960875917159484e+01
-1.906521884329089289e+01
-1.903830751263734555e+01
-1.915425201220824292e+01
-1.897666741884070518e+01
-1.904324733076020237e+01
-1.919133007796797585e+01
-1.885830570610816892e+01
-1.896892407553576732e+01
-1.894447453834139239e+01
-1.922400679659724432e+01
-1.922133585369548925e+01
-1.914361917152564985e+01
-1.908341834827653116e+01
-1.906619080722808945e+01
-1.906307759064989682e+01
-1.894117105886861907e+01
-1.888283043620061719e+01
-1.883726941191689619e+01
-1.893581355002264033e+01
-1.896820764457228847e+01
-1.883126845214004419e+01
-1.908543699876367938e+01
-1.916125841073698410e+01
-1.900613484678824605e+01
-1.895378904716030277e+01
-1.888616512036918138e+01
-1.880247437084430828e+01
-1.889301906146218712e+01
-1.904555179513267049e+01
-1.913115770664103010e+01
-1.913616521634949663e+01
-1.905909857523485940e+01
-1.902517585428183722e+01
-1.906441579999042446e+01
-1.887694592539934035e+01
-1.879906888572617873e+01
-1.878942716590928441e+01
-1.879502126384412009e+01
-1.869548199222691665e+01
-1.872440916385325593e+01
-1.870556003978711956e+01
-1.870705813643337478e+01
-1.852334426368295084e+01
-1.859961272421675105e+01
-1.853382051159310606e+01
-1.863656524049968510e+01
-1.847564369728776867e+01
-1.855265467589518380e+01
-1.829904549273889103e+01
-1.818072799934489936e+01
-1.815330413197151671e+01
-1.819762258700391655e+01
-1.817276170312016248e+01
-1.827004313183357453e+01
-1.830994745839102933e+01
-1.838306635868069350e+01
-1.828362589269009320e+01
-1.824469590447808187e+01
-1.832644303430666000e+01
-1.836431282896180406e+01
-1.825998704045478505e+01
-1.807234287581977483e+01
-1.808518875850931096e+01
-1.789808660656846584e+01
-1.791733266943574421e+01
-1.795751807041548531e+01
-1.794070271919041204e+01
-1.793416865457940546e+01
-1.794375482365320096e+01
-1.794186648309150556e+01
-1.795074981652478030e+01
-1.791904014980208615e+01
-1.804482491108428732e+01
-1.804740420270201895e+01
-1.790639974169905813e+01
-1.785647576225134969e+01
-1.794310176680765778e+01
-1.789144411840703341e+01
-1.785980718501871678e+01
-1.789804599317205813e+01
-1.789734540360407777e+01
-1.781100131359351835e+01
-1.782203758193933751e+01
-1.758979632266921200e+01
-1.768690285518341199e+01
-1.771454177031942834e+01
-1.770137659168660704e+01
-1.765848660021454819e+01
-1.777795004344203633e+01
-1.778511454812456449e+01
-1.775152788755563549e+01
-1.777090186165247232e+01
-1.773339642254986970e+01
-1.767871919181665774e+01
-1.757170614604499548e+01
-1.769511989867004331e+01
-1.764382556804806157e+01
-1.778341786707812133e+01
-1.786733338913946412e+01
-1.789245024501505199e+01
-1.783784368532439046e+01
-1.786631149004874075e+01
-1.783697765726818574e+01
-1.787187172431422510e+01
-1.799724551970788511e+01
-1.794070439191573030e+01
-1.782362912842238956e+01
-1.787329671303987766e+01
-1.777659978787351136e+01
-1.781759764838367133e+01
-1.783572454298933252e+01
-1.768191117908051169e+01
-1.762178044151965750e+01
-1.755340082629036758e+01
-1.777758996007286640e+01
-1.781492892067299394e+01
-1.783942076375828378e+01
-1.771771065274583989e+01
-1.760278892512420512e+01
-1.764554613547210238e+01
-1.770125754800507067e+01
-1.754199567552735672e+01
-1.769329745131768661e+01
-1.766759290067321686e+01
-1.782081224027739808e+01
-1.774073328585765807e+01
-1.786398030307974238e+01
-1.782279794155762076e+01
-1.781313965658413778e+01
-1.771623707381744239e+01
-1.765157107103859602e+01
-1.759971697987835526e+01
-1.762229807251988589e+01
-1.750549683982813676e+01
-1.756852595479634971e+01
-1.764572083326246243e+01
-1.754241864938766682e+01
-1.760803592711769738e+01
-1.755828023032751517e+01
-1.745559769697254282e+01
-1.746955422897146093e+01
-1.750014765382898929e+01
-1.743713647574509551e+01
-1.747308275648225617e+01
-1.741169262608877233e+01
-1.747451586866128181e+01
-1.737539219105018518e+01
-1.748853983599596518e+01
-1.735090757446230469e+01
-1.740765766846912399e+01
-1.749827497582972669e+01
-1.756216161271417420e+01
-1.740001196697106423e+01
-1.757241309878162738e+01
-1.741492203455160492e+01
-1.747053224463979859e+01
-1.769014435007300534e+01
-1.752852631044454057e+01
-1.771521380703354254e+01
-1.761097939256898570e+01
-1.760112100043297545e+01
-1.743900291761536536e+01
-1.750323055834050123e+01
-1.749547817597630583e+01
-1.753724790757652130e+01
-1.770814901503196737e+01
-1.771329681251108923e+01
-1.770236947881342005e+01
-1.767192924512919916e+01
-1.768934434314899562e+01
-1.761140320537237258e+01
-1.757906975151944806e+01
-1.765227353304772606e+01
-1.769853625829880883e+01
-1.767862405517880475e+01
-1.766154926605531728e+01
-1.765414327917006787e+01
-1.769969003853014655e+01
-1.766735457481266280e+01
-1.756598230893235169e+01
-1.767200268483469472e+01
-1.762096645803823947e+01
-1.747580418142738878e+01
-1.745811878323759103e+01
-1.755600326751715912e+01
-1.754675096325447115e+01
-1.751116188571272048e+01
-1.757570225306488965e+01
-1.777059329128340792e+01
-1.770252321186066879e+01
-1.761497876083640790e+01
-1.746416427258300175e+01
-1.743845641891362419e+01
-1.731576198194305505e+01
-1.740244969155026311e+01
-1.742911831491053576e+01
-1.738747412300364559e+01
-1.742723056234801149e+01
-1.745857057025338221e+01
-1.740704994098649649e+01
-1.739469901373645300e+01
-1.750379423064914519e+01
-1.738760911607564097e+01
-1.740790969370067387e+01
-1.746329118696329985e+01
-1.740575191765823604e+01
-1.738229147162042310e+01
-1.731395357731849316e+01
-1.730712844760848412e+01
-1.736780024111329368e+01
-1.729159863258381691e+01
-1.735848743262326010e+01
-1.740534646297536625e+01
-1.730724701945898047e+01
-1.733205111426574874e+01
-1.737608260216639522e+01
-1.728186544429484073e+01
-1.727924034051514823e+01
-1.733799060190295904e+01
-1.736853060740418186e+01
-1.742935353033900725e+01
-1.747873447556736082e+01
-1.734709908648984467e+01
-1.736465509406228946e+01
-1.740626595791587761e+01
-1.746265178231804072e+01
-1.716716497405358766e+01
-1.728044282312377078e+01
-1.727799438212856487e+01
-1.729424890415937455e+01
-1.727724601187536635e+01
-1.729354166717460473e+01
-1.729562636568651968e+01
-1.733106490811035272e+01
-1.727911528210928793e+01
-1.724804867844958522e+01
-1.744470353972183574e+01
-1.733468348260024783e+01
-1.736168707485032314e+01
-1.715944232786511847e+01
-1.721265239015567161e+01
-1.719773139067336487e+01
-1.723630872993509300e+01
-1.701216772156731238e+01
-1.715101604736896945e+01
-1.721099782933248434e+01
-1.713635572642214555e+01
-1.705443404335132485e+01
-1.716665742322294363e+01
-1.716580263514019933e+01
-1.712016848090572196e+01
-1.713029723500027401e+01
-1.708808970282392892e+01
-1.703937651034092582e+01
-1.702093100944667725e+01
-1.693593286550495591e+01
-1.692603447927619698e+01
-1.700797331975233462e+01
-1.702852691494313930e+01
-1.692285606495564920e+01
-1.709665704312087087e+01
-1.693420852667893328e+01
-1.696244234017602182e+01
-1.689362027683118583e+01
-1.685295265516736762e+01
-1.682629579851189305e+01
-1.687802347613614629e+01
-1.684383882390939746e+01
-1.688940940603436047e+01
-1.690343971102248233e+01
-1.683762341830032838e+01
-1.682259840673910034e+01
-1.685946702768228889e+01
-1.680305326153080969e+01
-1.676704669867591591e+01
-1.675107319401612216e+01
-1.687869813343377601e+01
-1.685007459272865304e+01
-1.681333344063861901e+01
-1.681618439847451540e+01
-1.688676151092233724e+01
-1.682087286788668479e+01
-1.679870919270929264e+01
-1.678902809617122927e+01
-1.687196112732981845e+01
-1.689955360451406108e+01
-1.687438034275805876e+01
-1.690742534028471411e+01
-1.696054031559101105e+01
-1.693908059390922460e+01
-1.696587031771208842e+01
-1.689737385990396135e+01
-1.690070420333914214e+01
-1.679698265037584548e+01
-1.687210962709923479e+01
-1.675787939596531473e+01
-1.671781838816121990e+01
-1.671559424578436648e+01
-1.674080036666881455e+01
-1.697107061456513577e+01
-1.704364913919492963e+01
-1.706302043661072787e+01
-1.705988961453302721e+01
-1.709912341509897615e+01
-1.703467739265646586e+01
-1.708048871755671172e+01
-1.698688424359048454e+01
-1.692350829908986043e+01
-1.692047643155776626e+01
-1.693848578052240583e+01
-1.699582924358728420e+01
-1.701489451913268880e+01
-1.699425393977302434e+01
-1.699710794925629642e+01
-1.704041333952645587e+01
-1.696200711483844259e+01
-1.697427285336621239e+01
-1.686168095952547219e+01
-1.696100753509708525e+01
-1.697310398067408954e+01
-1.691085050988225902e+01
-1.686627036188106032e+01
-1.689162413215306913e+01
-1.681587877442619927e+01
-1.673411259508560534e+01
-1.680296295457714706e+01
-1.679777180162936645e+01
-1.675161855580203607e+01
-1.672848956333357151e+01
-1.683662818550677542e+01
-1.678154317082146108e+01
-1.677818937223285900e+01
-1.673497230017947146e+01
-1.677146305185918251e+01
-1.688334966339643373e+01
-1.668349171696737443e+01
-1.676621512471469444e+01
-1.676629745162181706e+01
-1.668839659182515689e+01
-1.680430633091615533e+01
-1.684888182647133448e+01
-1.696250401093726268e+01
-1.694647853771469315e+01
-1.687015255176564210e+01
-1.695028323075158028e+01
-1.690033682535607085e+01
-1.690972458100535292e+01
-1.687947661333168270e+01
-1.683358308320192975e+01
-1.684826854320719391e+01
-1.689876867779193148e+01
-1.695489670765600465e+01
-1.675351090825635936e+01
-1.680985544935061071e+01
-1.677995759400575793e+01
-1.699000878284698501e+01
-1.709543130196747640e+01
-1.703766207342608041e+01
-1.710544173352957387e+01
-1.705867586610065700e+01
-1.695339942987773085e+01
-1.705903119328648643e+01
-1.697974475944123185e+01
-1.701112752486676527e+01
-1.710677630251100112e+01
-1.708985353232002424e+01
-1.704195709840997708e+01
-1.693123674254787048e+01
-1.697559350539684431e+01
-1.686371646578959371e+01
-1.693288599451352283e+01
-1.687836996614746354e+01
-1.675463328407968433e+01
-1.683039848614964029e+01
-1.684514300366086559e+01
-1.681303507427464083e+01
-1.689553218933091117e+01
-1.698836431682089554e+01
-1.678842042038277427e+01
-1.672148463583409850e+01
-1.679705820347950862e+01
-1.677005036355478751e+01
-1.666963528183902454e+01
-1.683697686748022448e+01
-1.681823729571338433e+01
-1.688697290020584418e+01
-1.684236837159849642e+01
-1.683485901003237473e+01
-1.693063381529564992e+01
-1.682995437953788453e+01
-1.675916038269787123e+01
-1.683748675338572909e+01
-1.677407982663822494e+01
-1.668862362555520562e+01
-1.672595558926759551e+01
-1.674783829270425173e+01
-1.671633722217079665e+01
-1.669725197451623444e+01
-1.669132758064576905e+01
-1.660648128320746153e+01
-1.666579421030216679e+01
-1.670796710195096679e+01
-1.666147471694086590e+01
-1.660575580807056184e+01
-1.657179758592588215e+01
-1.658722562436301828e+01
-1.652491079847339961e+01
-1.675536961253011725e+01
-1.680957308177276488e+01
-1.679426885261268154e+01
-1.668904945770263737e+01
-1.662905540976395358e+01
-1.660599052601155279e+01
-1.666077961121889928e+01
-1.665321710363665275e+01
-1.665868825884899351e+01
-1.654211814071418374e+01
-1.651462430175564222e+01
-1.665175028149117153e+01
-1.661550917697011442e+01
-1.658872556273612631e+01
-1.654832442647831670e+01
-1.655938278760143945e+01
-1.642782808664899008e+01
-1.646051385895147945e+01
-1.643644760063084576e+01
-1.648342464416589337e+01
-1.646040192385965995e+01
-1.643185908026851649e+01
-1.635260590268587322e+01
-1.631853097754909498e+01
-1.629389662201891298e+01
-1.633128293446735313e+01
-1.625990305574207184e+01
-1.621694889884118496e+01
-1.634730477080852395e+01
-1.633130507379490837e+01
-1.628139650845100306e+01
-1.624991036967316305e+01
-1.621912982153404315e+01
-1.628982503789929126e+01
-1.629700500059851009e+01
-1.622913214811300264e+01
-1.626596327228290662e+01
-1.622272511383197013e+01
-1.624892544374599268e+01
-1.628686274405769296e+01
-1.626344371758520424e+01
-1.628838447033215431e+01
-1.622483022825295507e+01
-1.630620544824584783e+01
-1.614688979102245980e+01
-1.618112088468367915e+01
-1.623413149784455456e+01
-1.618429818334075421e+01
-1.613870100944336272e+01
-1.624698893107488473e+01
-1.621189796320683385e+01
-1.617568647310623575e+01
-1.632278310112056374e+01
-1.631137698245271750e+01
-1.641964158189425049e+01
-1.639103045795816271e+01
-1.641628968636751296e+01
-1.639264097124410924e+01
-1.630873069225508587e+01
-1.625345457376874236e+01
-1.626496890932473960e+01
-1.625496703098117734e+01
-1.630695601208168810e+01
-1.625784031924879258e+01
-1.630815678440034944e+01
-1.630864509529850892e+01
-1.624660760071285281e+01
-1.619904205789135077e+01
-1.617447012665301997e+01
-1.619406976669687026e+01
-1.615362034837753313e+01
-1.616691034026586493e+01
-1.621263022374590079e+01
-1.613010092811288487e+01
-1.601478658932570909e+01
-1.608699693129592845e+01
-1.607548238835654431e+01
-1.606412819631571409e+01
-1.620267151135081107e+01
-1.613537676236563456e+01
-1.623446358525754363e+01
-1.619803565022046499e+01
-1.613650937473340718e+01
-1.616284271732149591e+01
-1.599068060569306837e+01
-1.600841091765083135e+01
-1.608093304490073194e+01
-1.608027373390017090e+01
-1.612025893447609093e+01
-1.601533902474703197e+01
-1.599931339335053693e+01
-1.594695576097745437e+01
-1.597953985048440373e+01
-1.596408309609780218e+01
-1.598732990573568813e+01
-1.598473214620400995e+01
-1.596871259559232392e+01
-1.597097513336331609e+01
-1.603326311213789168e+01
-1.606792504728853643e+01
-1.603780291692445914e+01
-1.607008278706501869e+01
-1.605473137806864870e+01
-1.614306462981055645e+01
-1.619195105034097182e+01
-1.620222696965668163e+01
-1.624122252850765591e+01
-1.620316897189080052e+01
-1.625082777751464391e+01
-1.620574302800931221e+01
-1.611321417132585765e+01
-1.610863768626393622e+01
-1.615037419177021505e+01
-1.610596605032732143e+01
-1.603414741932952836e+01
-1.598119683875530939e+01
-1.608479600858060010e+01
-1.600851281659148029e+01
-1.606109885729297204e+01
-1.613521094697674130e+01
-1.610391544729483826e+01
-1.610831978336466719e+01
-1.603586770594949584e+01
-1.604043237523295673e+01
-1.598405694137612443e+01
-1.606472628853584084e+01
-1.611773312582539930e+01
-1.615773037127565104e+01
-1.608729026442125587e+01
-1.603031324789730050e+01
-1.607311743062300380e+01
-1.616617825216360060e+01
-1.602424977215510893e+01
-1.607781957201834899e+01
-1.606916924033768979e+01
-1.615603333242146178e+01
-1.619103067210825486e+01
-1.628330139952047162e+01
-1.621995907592260977e+01
-1.624676303014806678e+01
-1.627261352221128021e+01
-1.628996456628527412e+01
-1.624106887718495784e+01
-1.621412241195626081e+01
-1.628466862727988484e+01
-1.619163078750994345e+01
-1.621861617228234920e+01
-1.627331801174635117e+01
-1.627671920491882673e+01
-1.631661927879027374e+01
-1.626519466551694748e+01
-1.629481215763248159e+01
-1.623864412229277931e+01
-1.628276403243027204e+01
-1.622360546912630497e+01
-1.628043037393703685e+01
-1.629523996341712433e+01
-1.628074448062173119e+01
-1.622137410156274129e+01
-1.625155578416105584e+01
-1.615365320737716104e+01
-1.609085518953217786e+01
-1.607038631268510542e+01
-1.618983846465407694e+01
-1.619611861047345869e+01
-1.617240882968545890e+01
-1.624143136634151929e+01
-1.627310392159139596e+01
-1.623718317864817351e+01
-1.620047319689433607e+01
-1.624458126430821281e+01
-1.627393714036434247e+01
-1.623864923559689899e+01
-1.628722563528897638e+01
-1.628415275867440926e+01
-1.626682464567678821e+01
-1.620929649745906076e+01
-1.622758779918168770e+01
-1.624174409273377151e+01
-1.626463801182068991e+01
-1.629162064247869424e+01
-1.628185046622285981e+01
-1.622247534831649673e+01
-1.623874649598939612e+01
-1.620176345625498371e+01
-1.630274805192525989e+01
-1.625116158791640331e+01
-1.625942642769277313e+01
-1.622945198970575120e+01
-1.625427315975959885e+01
-1.622915167673165371e+01
-1.627594169432719440e+01
-1.635432892582806730e+01
-1.639283511354657463e+01
-1.637452652157441335e+01
-1.635479735292185310e+01
-1.627636180671612820e+01
-1.628490202714906587e+01
-1.633029668104050458e+01
-1.635858272313908301e+01
-1.629944342493371323e+01
-1.614026355010106073e+01
-1.614812897628946686e+01
-1.613901895024677557e+01
-1.617511445789834212e+01
-1.622713049933044260e+01
-1.624878636011034061e+01
-1.628570920458445670e+01
-1.624706171574327129e+01
-1.630663411898337856e+01
-1.632059027661881601e+01
-1.634347411044241483e+01
-1.636556020952350821e+01
-1.633330476527213193e+01
-1.635122716043603930e+01
-1.639601386870528898e+01
-1.627472073492147331e+01
-1.631618947975370659e+01
-1.640923671496990011e+01
-1.634895814572630002e+01
-1.638862027637321717e+01
-1.627929297679317955e+01
-1.621754477556377338e+01
-1.620439223604757473e+01
-1.611675328383448758e+01
-1.607230000854025320e+01
-1.602957126955398337e+01
-1.604971997377564819e+01
-1.605202110686104433e+01
-1.608519593785033308e+01
-1.613902316200491782e+01
-1.613879921540031503e+01
-1.615259426786126795e+01
-1.614547902939949608e+01
-1.615134202352452775e+01
-1.616753353660212511e+01
-1.621100236586830334e+01
-1.616745185330031376e+01
-1.612819147211927984e+01
-1.602878633362920269e+01
-1.601159700750040216e+01
-1.603856381696316902e+01
-1.598898823949326875e+01
-1.599836122715553444e+01
-1.603176036525340464e+01
-1.588043540673725751e+01
-1.591197707332079148e+01
-1.590162504832500723e+01
-1.592033826561607412e+01
-1.587377744573688965e+01
-1.596526192098608909e+01
-1.592220284657812890e+01
-1.585960340441232930e+01
-1.586318205911133106e+01
-1.586139621584256254e+01
-1.590898362445067882e+01
-1.585454364101302538e+01
-1.580360758330685833e+01
-1.576217397819955934e+01
-1.574449278059999990e+01
-1.571746281808503731e+01
-1.568436366653421388e+01
-1.576265512287644910e+01
-1.581124209562063143e+01
-1.578281232843393056e+01
-1.576131501695519965e+01
-1.569628957627876353e+01
-1.578561780261375525e+01
-1.581590593907581876e+01
-1.579118193178187646e+01
-1.577382595391404863e+01
-1.575163619078869282e+01
-1.572276581348328861e+01
-1.586241506919996702e+01
-1.587563738157393800e+01
-1.578516085452798556e+01
-1.581737124135657346e+01
-1.575853282590300530e+01
-1.572313916040091009e+01
-1.586373119194042580e+01
-1.580475012888014419e+01
-1.594530263349949983e+01
-1.593970968730472926e+01
-1.592615348600344660e+01
-1.586105124610443795e+01
-1.575948560042356483e+01
-1.577567674031502776e+01
-1.577542887899080526e+01
-1.572878449054663008e+01
-1.577574578330516530e+01
-1.583319158559893403e+01
-1.584259061071154839e+01
-1.579051495341762568e+01
-1.580156628459742940e+01
-1.581933065034039565e+01
-1.583316614151422996e+01
-1.585520135462783031e+01
-1.583262705756568245e+01
-1.584853799661336993e+01
-1.583005021874461704e+01
-1.586377505525381082e+01
-1.582710982352521079e+01
-1.569735658473427264e+01
-1.590355967322911823e+01
-1.584227362117617943e+01
-1.587348749221043320e+01
-1.590061378297118111e+01
-1.587643997739895418e+01
-1.589719727949828609e+01
-1.589169285342744686e+01
-1.581695043294212155e+01
-1.576110651796063067e+01
-1.571124120894306131e+01
-1.573829649969418476e+01
-1.580541630019505206e+01
-1.580412316242504467e+01
-1.579549368178912339e+01
-1.581708120625799374e+01
-1.587232081095065972e+01
-1.589379618563070018e+01
-1.582904055908804608e+01
-1.587039247439506617e+01
-1.589010490157068212e+01
-1.589197184057639589e+01
-1.589669084800863352e+01
-1.572979020157524133e+01
-1.579677406949709173e+01
-1.581767728427531061e+01
-1.578094960288760795e+01
-1.583653986664423030e+01
-1.577779698312391510e+01
-1.577288011998134110e+01
-1.567808090547131883e+01
-1.564292088247551860e+01
-1.560940710729927616e+01
-1.566867776590453154e+01
-1.574031823692103238e+01
-1.569826291684134567e+01
-1.567129433119031567e+01
-1.567360618180002874e+01
-1.561526866354414800e+01
-1.565659852044073297e+01
-1.570818232715375018e+01
-1.572715764243722347e+01
-1.565379660787395011e+01
-1.571791156454324145e+01
-1.572951743009367220e+01
-1.569744936972545624e+01
-1.570534803208637520e+01
-1.560109813533672352e+01
-1.566785448724766638e+01
-1.562331324932231524e+01
-1.556234238675640569e+01
-1.554173749769309509e+01
-1.558755092622140204e+01
-1.559232075865057254e+01
-1.563470092360969765e+01
-1.560813891986587620e+01
-1.556200645058950194e+01
-1.555679657237020841e+01
-1.553409998199619935e+01
-1.553716094662272695e+01
-1.555861274635296176e+01
-1.564202817489672803e+01
-1.563056002220474916e+01
-1.562259652027328194e+01
-1.560035481931245549e+01
-1.551897142783037964e+01
-1.554099282360566292e+01
-1.566086941553599132e+01
-1.565654189685350595e+01
-1.558654483131640944e+01
-1.560122276570972133e+01
-1.564929332753300528e+01
-1.558411718429789694e+01
-1.557974161684758485e+01
-1.556931343820533264e+01
-1.569516601790602373e+01
-1.563053586048767940e+01
-1.568752868637916897e+01
-1.568786085186455637e+01
-1.562693205601280155e+01
-1.571229334912398912e+01
-1.564864161945787124e+01
-1.565186250547229818e+01
-1.564273303179043673e+01
-1.564011037185101927e+01
-1.561634549820570150e+01
-1.564758938304203184e+01
-1.571345148489180765e+01
-1.568085542991340731e+01
-1.571667229224342677e+01
-1.573266907798136494e+01
-1.571534777664309246e+01
-1.568239139761487877e+01
-1.569691207474697059e+01
-1.571026635669757354e+01
-1.568659134741206174e+01
-1.564153305824734197e+01
-1.571060793308103243e+01
-1.566633091140452017e+01
-1.564611826806155115e+01
-1.564268401612782355e+01
-1.567720839979223690e+01
-1.572664597461724334e+01
-1.575219072975600554e+01
-1.571603638340280362e+01
-1.579280020332218903e+01
-1.574543595489723558e+01
-1.573447067136704902e+01
-1.574028283376947890e+01
-1.579132510228461861e+01
-1.577733722736950916e+01
-1.575835046539754991e+01
-1.576958505898268115e+01
-1.578721099774245218e+01
-1.584824437810792119e+01
-1.576039015285537559e+01
-1.575369381541026570e+01
-1.569299069306669914e+01
-1.571126821476911672e+01
-1.581341636514211757e+01
-1.585044384903985204e+01
-1.592017193759599891e+01
-1.589290084657662838e+01
-1.590101033454950397e+01
-1.594366263418236684e+01
-1.595412187252544989e+01
-1.591497167897385978e+01
-1.585204714334847687e+01
-1.587350886665606531e+01
-1.595114665140587107e+01
-1.590410099379862530e+01
-1.595364020330159427e+01
-1.595574489912416105e+01
-1.592797141754067702e+01
-1.591377666830162241e+01
-1.600258207924629872e+01
-1.588456832149557130e+01
-1.591769514273361885e+01
-1.576482953563982292e+01
-1.561317670469710350e+01
-1.566189323255276200e+01
-1.571317653720171670e+01
-1.569442356524839788e+01
-1.573884701534256259e+01
-1.571727116969078963e+01
-1.573774335508131372e+01
-1.578199585685534778e+01
-1.579054625741028417e+01
-1.577506155538609001e+01
-1.585263539035547886e+01
-1.577638654582428579e+01
-1.585603278523023363e+01
-1.581803920459001667e+01
-1.584671359249240830e+01
-1.579037625727068850e+01
-1.580161600861337234e+01
-1.572051755103185045e+01
-1.574591007989079117e+01
-1.567452300964843204e+01
-1.568996297238247450e+01
-1.562171466569031253e+01
-1.577643569405167767e+01
-1.571663395881173031e+01
-1.574407419521413942e+01
-1.567755941340133319e+01
-1.572977403850932099e+01
-1.581163322717463338e+01
-1.577305770239176574e+01
-1.575307221373404687e+01
-1.574456377557152820e+01
-1.573993296316141866e+01
-1.574765944155510233e+01
-1.573972611141472555e+01
-1.568823239112132661e+01
-1.571706115012667304e+01
-1.570360418006238667e+01
-1.574377393665975866e+01
-1.577490083074133764e+01
-1.570306826033687209e+01
-1.575061568472947648e+01
-1.568745686468902178e+01
-1.570894473363473232e+01
-1.572086359832773539e+01
-1.562733980884950391e+01
-1.562381459197746736e+01
-1.574530088081319867e+01
-1.575104473418385886e+01
-1.580824843950632008e+01
-1.576438839498629640e+01
-1.570302479429061293e+01
-1.565207668914531070e+01
-1.560734685866698968e+01
-1.560885467197529408e+01
-1.564190446914050447e+01
-1.558051579728933866e+01
-1.568948818406821033e+01
-1.569978220210220776e+01
-1.568512484899834369e+01
-1.569253117099395212e+01
-1.570578320215314427e+01
-1.559060259696960493e+01
-1.562129543849752444e+01
-1.566197936620087283e+01
-1.571412876803289826e+01
-1.572482652901038769e+01
-1.578071728520460049e+01
-1.572761939804360232e+01
-1.576139869608211619e+01
-1.575015050039335129e+01
-1.570638021760370506e+01
-1.566039849683888541e+01
-1.569557324570753742e+01
-1.569163795895164704e+01
-1.574669552624965085e+01
-1.570619772657291158e+01
-1.569661360633805103e+01
-1.573218916168550230e+01
-1.574176832487147415e+01
-1.572593717738327435e+01
-1.576810501742908421e+01
-1.573799816594189593e+01
-1.575321839346407060e+01
-1.571513109199874414e+01
-1.572105954180729448e+01
-1.572061069076937656e+01
-1.571521418371492551e+01
-1.570577325396562252e+01
-1.575140164721616287e+01
-1.575729300756476015e+01
-1.567528235454869012e+01
-1.574494708150192857e+01
-1.574096583030569541e+01
-1.568181290813884310e+01
-1.571421496983814592e+01
-1.566863400645766191e+01
-1.571765643059159068e+01
-1.568285066477514889e+01
-1.571874840010834795e+01
-1.575030165180476871e+01
-1.566006826550388276e+01
-1.571861018070596749e+01
-1.568118576472211601e+01
-1.566130545811323138e+01
-1.577255386416915073e+01
-1.578583193343153290e+01
-1.586495686275265982e+01
-1.584334160093466437e+01
-1.572508085952776469e+01
