# 2*np.log[MAD(r)] for 100 flights; 1000 steps per flight; run 19 of 50; mu: 3.00; seed: 18
-2.480288744887582553e+01
-2.364529054483504922e+01
-2.268090186427783195e+01
-2.238186918705712358e+01
-2.186946892489428151e+01
-2.143206947919027883e+01
-2.148287189939326680e+01
-2.125035346784343915e+01
-2.104946238106033007e+01
-2.085920402586615197e+01
-2.071173645580597622e+01
-2.077704416303927104e+01
-2.104168188454885424e+01
-2.089077561200754474e+01
-2.106865773565184341e+01
-2.096975765581077056e+01
-2.095803084115964410e+01
-2.067585001627677599e+01
-2.061333324758543384e+01
-2.068915738136628590e+01
-2.050639863877528057e+01
-2.027779786554014763e+01
-2.033949635165544123e+01
-2.050953306404235121e+01
-2.034409879491843753e+01
-2.060917422606573268e+01
-2.038091380427617594e+01
-2.018562102489174848e+01
-1.996415563429693663e+01
-1.993314310970505687e+01
-2.001190628748359757e+01
-2.021785582278964455e+01
-1.974574646713754333e+01
-1.959099144875905552e+01
-1.956062826516116360e+01
-1.955425851701449602e+01
-1.972116671434481816e+01
-1.956864317521290531e+01
-1.941839625650362322e+01
-1.950025032619340593e+01
-1.939916522232347162e+01
-1.913088973112415658e+01
-1.945044548609728352e+01
-1.925864989742585465e+01
-1.938071021082859602e+01
-1.931127606507924810e+01
-1.927624629374187037e+01
-1.943765392958947658e+01
-1.928994715857567499e+01
-1.941774098147568850e+01
-1.925501261290131438e+01
-1.907051106831467635e+01
-1.913860530076613031e+01
-1.913988352587347208e+01
-1.918286439810159294e+01
-1.917062126233122399e+01
-1.895757712348421364e+01
-1.910502967745185288e+01
-1.910217960504858326e+01
-1.913505104496549691e+01
-1.907019872491159518e+01
-1.901988856546761752e+01
-1.901498332859706153e+01
-1.896548567977571054e+01
-1.904467140498010380e+01
-1.909338629438183688e+01
-1.910572720339643737e+01
-1.901016267621236366e+01
-1.900989268322930670e+01
-1.899184794006290744e+01
-1.907933460707243611e+01
-1.913125926126535958e+01
-1.912761391986041914e+01
-1.912275155035368712e+01
-1.929740802019144752e+01
-1.910540138231862173e+01
-1.924077323411349383e+01
-1.911737586898358998e+01
-1.897784564994456957e+01
-1.913988761899558000e+01
-1.870679882382255599e+01
-1.880732237284715680e+01
-1.881971760287287410e+01
-1.886439723945364122e+01
-1.882762149586935507e+01
-1.874774172359975566e+01
-1.892365039057924747e+01
-1.876790177271118409e+01
-1.877197794327840086e+01
-1.874068989883474856e+01
-1.857551938428454363e+01
-1.856063401388733780e+01
-1.859986477367451840e+01
-1.861540773080047373e+01
-1.865549922566915342e+01
-1.883691628644253768e+01
-1.880751361592548321e+01
-1.865344711781816400e+01
-1.874873152549537281e+01
-1.878200015238805776e+01
-1.876938545938956437e+01
-1.887940251306136830e+01
-1.897792768719188672e+01
-1.885169935732006508e+01
-1.898837964569153769e+01
-1.884531789899957843e+01
-1.877057679250391331e+01
-1.856819261950949596e+01
-1.877015781750678869e+01
-1.855337853742039655e+01
-1.868980228616117856e+01
-1.865184563238934601e+01
-1.855595632463267108e+01
-1.850363944936943383e+01
-1.841696105674177986e+01
-1.841284932279091180e+01
-1.841022747937642734e+01
-1.833741267921851303e+01
-1.842847785765114210e+01
-1.849457341967849189e+01
-1.840291623150599420e+01
-1.852079027268568012e+01
-1.846777692486871914e+01
-1.843893609241980158e+01
-1.845387857711169488e+01
-1.839611253851902006e+01
-1.852052278096855176e+01
-1.846285702544101071e+01
-1.862849570149235490e+01
-1.885385687199665483e+01
-1.886835057067411725e+01
-1.882971658489233846e+01
-1.865066724396494280e+01
-1.873615057768380154e+01
-1.875636626531144202e+01
-1.861131944927807069e+01
-1.853068467076782255e+01
-1.854648914267231774e+01
-1.850753848246617039e+01
-1.846927935466327497e+01
-1.851645633801657098e+01
-1.838864648248306466e+01
-1.848737752907567966e+01
-1.855693752990905310e+01
-1.841881070000657772e+01
-1.837594718486529644e+01
-1.823391786071005427e+01
-1.840965373256041815e+01
-1.820753021564328122e+01
-1.825729244037378862e+01
-1.822937100550195311e+01
-1.845950388736269332e+01
-1.839497593368021811e+01
-1.848378836684112159e+01
-1.845477550368910613e+01
-1.845080400179155689e+01
-1.846317062733188052e+01
-1.844131140391671764e+01
-1.860501483747221485e+01
-1.862558823849769851e+01
-1.871247120481838877e+01
-1.845973567389544812e+01
-1.841517747706651065e+01
-1.838570883552954527e+01
-1.838234675235745996e+01
-1.848054988058498793e+01
-1.841906870046461009e+01
-1.828894187587108888e+01
-1.829227138646545825e+01
-1.849382282229154129e+01
-1.852615433565692626e+01
-1.864068692810424821e+01
-1.845351791909179440e+01
-1.858785323074002704e+01
-1.840819780391581517e+01
-1.820263363212456298e+01
-1.802248877488402456e+01
-1.801055170000798000e+01
-1.789587927463231409e+01
-1.798963618735700010e+01
-1.810392174166042167e+01
-1.822351090418782249e+01
-1.817596368547917152e+01
-1.803584136138801952e+01
-1.807635029243178693e+01
-1.803437258620240158e+01
-1.801024234225485543e+01
-1.800630597593319138e+01
-1.767416986819101865e+01
-1.770824164003394685e+01
-1.777873839830039771e+01
-1.771767806912632537e+01
-1.765038576803549120e+01
-1.771645009040677721e+01
-1.757333736096643761e+01
-1.762063629939864029e+01
-1.773905066263344565e+01
-1.761787219485338341e+01
-1.770606429967189399e+01
-1.745207492403685379e+01
-1.755355324851526788e+01
-1.761887553445033561e+01
-1.778368483287584922e+01
-1.772945551739662307e+01
-1.764929960433888922e+01
-1.764645671805926952e+01
-1.761573132749334292e+01
-1.770473255198407259e+01
-1.762670992705422535e+01
-1.769242976683011292e+01
-1.768312796355986549e+01
-1.771498821205085861e+01
-1.763371848457502367e+01
-1.754834453604949118e+01
-1.752608896484243317e+01
-1.767649490188230033e+01
-1.772224625664278719e+01
-1.776808736020576873e+01
-1.750085260676869936e+01
-1.763852033197168367e+01
-1.766318174158747922e+01
-1.755333003759278654e+01
-1.775210664389451054e+01
-1.782708594501765020e+01
-1.788398024769572814e+01
-1.789493437937108311e+01
-1.782712741055079775e+01
-1.778364873098361798e+01
-1.775698940927035707e+01
-1.774156993394609216e+01
-1.777694358642546391e+01
-1.780872322621482340e+01
-1.776724602038404299e+01
-1.776634947961434818e+01
-1.779591733366900641e+01
-1.757644979051249123e+01
-1.772259320947702577e+01
-1.765279838274661728e+01
-1.773233094015050071e+01
-1.779041870916864454e+01
-1.777766983115185795e+01
-1.776112735776050400e+01
-1.781599811216649698e+01
-1.787758019185168479e+01
-1.773771979419647593e+01
-1.769188211112729903e+01
-1.761401488134844229e+01
-1.770521868125316090e+01
-1.761849853669349031e+01
-1.772549484783589335e+01
-1.780961628894092286e+01
-1.774720858364743492e+01
-1.771569999581673471e+01
-1.774725392850527328e+01
-1.783242278648770807e+01
-1.790019286584867331e+01
-1.794522352040850066e+01
-1.789007855961483884e+01
-1.780193754065948397e+01
-1.786824251513920458e+01
-1.787364312476777783e+01
-1.783888324762827082e+01
-1.790193347981472982e+01
-1.800685065628534076e+01
-1.801080623554593885e+01
-1.792317989701024672e+01
-1.785562812932664301e+01
-1.780587582869555163e+01
-1.788988983206765937e+01
-1.771772108955616432e+01
-1.766660876248516843e+01
-1.759794805488411384e+01
-1.766635876508772895e+01
-1.772324609915888871e+01
-1.778550686648604540e+01
-1.769672207410022224e+01
-1.769345334541940673e+01
-1.785667856558124100e+01
-1.781039652396897566e+01
-1.759609673609272562e+01
-1.766576505369025796e+01
-1.753654437101950236e+01
-1.761247662576111850e+01
-1.763222127808695205e+01
-1.756692333410920881e+01
-1.750111932980291840e+01
-1.764199632517388494e+01
-1.751445097365982662e+01
-1.749854692772448672e+01
-1.747085380257807685e+01
-1.750157781788573530e+01
-1.746270451528984680e+01
-1.750251043682548868e+01
-1.735400735211862511e+01
-1.737940861241601098e+01
-1.737467918064712080e+01
-1.740295705364184542e+01
-1.753871268807770178e+01
-1.769516321411134285e+01
-1.771611142996345833e+01
-1.739988331100608931e+01
-1.740946521999889995e+01
-1.742850944706600202e+01
-1.740560265852145605e+01
-1.735572658194772444e+01
-1.713893481823705045e+01
-1.712065485018268873e+01
-1.710387319682157425e+01
-1.716736013767104652e+01
-1.722977009345116883e+01
-1.712859343245151322e+01
-1.717839476596346415e+01
-1.702072564562390156e+01
-1.706109827627034647e+01
-1.699622648517565082e+01
-1.700695596031209789e+01
-1.703996675423006124e+01
-1.710219338497416075e+01
-1.717058585354126876e+01
-1.718494881920547357e+01
-1.713467871976427048e+01
-1.716668024075854859e+01
-1.705166297595539149e+01
-1.708448782298725277e+01
-1.715107399990593962e+01
-1.706741795222160363e+01
-1.713607190268503899e+01
-1.712428946309787392e+01
-1.697959242848459027e+01
-1.703955999152520207e+01
-1.695883557369773698e+01
-1.694458912227140601e+01
-1.694204844912495744e+01
-1.691763139698306517e+01
-1.696001927438793544e+01
-1.720390482120489750e+01
-1.719144872282075909e+01
-1.707290123220165157e+01
-1.701678066644596043e+01
-1.694423724966888045e+01
-1.701072395889714883e+01
-1.694678616392852177e+01
-1.694844013831126617e+01
-1.687308153337120231e+01
-1.696425865727569970e+01
-1.706310520560444033e+01
-1.703916749610903736e+01
-1.714501114576305341e+01
-1.717464768795503716e+01
-1.714796661619035589e+01
-1.716029171983520030e+01
-1.714247807981873706e+01
-1.712438738457731091e+01
-1.705600479909119471e+01
-1.705292726170219453e+01
-1.710172551529144869e+01
-1.722165422113535627e+01
-1.720589115145936177e+01
-1.704118715375616233e+01
-1.708614109378620682e+01
-1.715765311895295397e+01
-1.714763791241406921e+01
-1.725517162962251305e+01
-1.720969867096509276e+01
-1.722120765920544727e+01
-1.714991951617657406e+01
-1.714002415865630979e+01
-1.718618239931779357e+01
-1.734629554807352747e+01
-1.740007609309335734e+01
-1.730882823535152681e+01
-1.728726123003876225e+01
-1.726338419206041408e+01
-1.723183049856930538e+01
-1.720228627794042708e+01
-1.722165479704767677e+01
-1.713681579815826339e+01
-1.732438511777856505e+01
-1.717803647490068286e+01
-1.732664281215165047e+01
-1.737562453862120648e+01
-1.742588752764166671e+01
-1.749935285318059641e+01
-1.740770159087366764e+01
-1.739128261587179836e+01
-1.740341113361753500e+01
-1.724562929179294457e+01
-1.733719815322616142e+01
-1.735616153533717210e+01
-1.717414503620309674e+01
-1.727199419640803058e+01
-1.734127035947371454e+01
-1.738751591266815311e+01
-1.722134285467535264e+01
-1.725694464215541046e+01
-1.728479843406319105e+01
-1.718222037174849604e+01
-1.713213850740222455e+01
-1.702410068395404608e+01
-1.709415770380052990e+01
-1.703850404469549673e+01
-1.709148612726697536e+01
-1.711963226942210170e+01
-1.711394787419495955e+01
-1.717048341921960386e+01
-1.717404300530883177e+01
-1.711021813410403070e+01
-1.699742877188433710e+01
-1.693812924223448491e+01
-1.701214758574802843e+01
-1.704747058394328718e+01
-1.699428369493945823e+01
-1.710212573761120680e+01
-1.710390041450562393e+01
-1.707619828283224450e+01
-1.712385774749973422e+01
-1.721901564088590320e+01
-1.718009350964488036e+01
-1.715108255796619119e+01
-1.716783528253189672e+01
-1.726828826082534718e+01
-1.724225390501958088e+01
-1.726088316126187294e+01
-1.708161585882761457e+01
-1.720730736459658061e+01
-1.707247522514960636e+01
-1.698273352586479135e+01
-1.699508189662652669e+01
-1.704081631204940805e+01
-1.702087036676471499e+01
-1.697987453376075706e+01
-1.723612444602004956e+01
-1.696865359149012065e+01
-1.696455191669406659e+01
-1.698918016266264175e+01
-1.726975650584262567e+01
-1.716887560232169108e+01
-1.712732597377445742e+01
-1.710387390740471503e+01
-1.717256606748564707e+01
-1.714977275695667913e+01
-1.720904666288934237e+01
-1.707667693612673077e+01
-1.704981352234516478e+01
-1.708257626518963335e+01
-1.707055763626099676e+01
-1.701408853661397913e+01
-1.702428542879604834e+01
-1.717093279216781454e+01
-1.717293728142190190e+01
-1.730834333021038063e+01
-1.727660889731862781e+01
-1.732678649577493601e+01
-1.731857928284306070e+01
-1.731467579334459472e+01
-1.736326026789503629e+01
-1.724846506502454702e+01
-1.730322359050281733e+01
-1.731250768062242429e+01
-1.726846863589249992e+01
-1.721487448456534963e+01
-1.723602193720587294e+01
-1.725252838345621953e+01
-1.717380105764050313e+01
-1.712858502305656927e+01
-1.711960424489775789e+01
-1.709761582342607866e+01
-1.706892008837795416e+01
-1.712875383549032193e+01
-1.717923046248353458e+01
-1.717297458322231662e+01
-1.707961726107230760e+01
-1.716308429032195093e+01
-1.708991495176353581e+01
-1.711066531027326221e+01
-1.704798078193203281e+01
-1.699186513046596403e+01
-1.707242786373466004e+01
-1.697969327091699299e+01
-1.702450144825666101e+01
-1.700112419395707875e+01
-1.697404607126738085e+01
-1.710196566210188607e+01
-1.712256394107397384e+01
-1.710163710349430843e+01
-1.718372877511640695e+01
-1.712558812224694549e+01
-1.702444792345049152e+01
-1.703812621553245776e+01
-1.701995364261340526e+01
-1.701907661858325582e+01
-1.702613548290156231e+01
-1.693940462643907807e+01
-1.700182939900142642e+01
-1.696877104080360255e+01
-1.694263440465288539e+01
-1.698708969620507503e+01
-1.690946270777772753e+01
-1.690268022681315685e+01
-1.699881672164486446e+01
-1.695394217364339795e+01
-1.691379736598709727e+01
-1.698674810962427273e+01
-1.718100026349691234e+01
-1.715148219245087802e+01
-1.711182484517521019e+01
-1.708411563464033023e+01
-1.719357518370498283e+01
-1.724444215033676286e+01
-1.718637128797395164e+01
-1.720014334604102046e+01
-1.726404909820922384e+01
-1.718079262598373091e+01
-1.710833365438291409e+01
-1.706664505562839906e+01
-1.717512260432675220e+01
-1.708660822341598617e+01
-1.699775619954712269e+01
-1.694860513413874870e+01
-1.686411846451490959e+01
-1.679621897378121176e+01
-1.683037657645315832e+01
-1.674201759325951144e+01
-1.660799390029334788e+01
-1.665656813591742846e+01
-1.681075209815817573e+01
-1.674811733863334595e+01
-1.683911425775453452e+01
-1.687038428694546965e+01
-1.682083848652594682e+01
-1.673034457338398084e+01
-1.672583672131947452e+01
-1.664089122133741228e+01
-1.675895747147297854e+01
-1.668882094417609352e+01
-1.662590322832792467e+01
-1.662624472851567603e+01
-1.664542533129346680e+01
-1.665231942256872344e+01
-1.672800403715704931e+01
-1.670612471703693203e+01
-1.672453513915359480e+01
-1.669276389250712000e+01
-1.675437232103036322e+01
-1.679353121541156568e+01
-1.679881551659154937e+01
-1.693539107889430539e+01
-1.677913778729125838e+01
-1.681670501105189786e+01
-1.667331064377226113e+01
-1.665920177047609840e+01
-1.672083466284113129e+01
-1.658589047969514141e+01
-1.661533382214201637e+01
-1.657477254743895401e+01
-1.663570753016775328e+01
-1.661998327891615190e+01
-1.667850061267612460e+01
-1.678451906113895120e+01
-1.661002608225894406e+01
-1.669598006877905050e+01
-1.673124701214372934e+01
-1.672295974993972933e+01
-1.666100770254564623e+01
-1.670151099244557358e+01
-1.676398781402499694e+01
-1.679387548467133584e+01
-1.681938613559065843e+01
-1.690197585526232160e+01
-1.676839260369144924e+01
-1.667754001210582260e+01
-1.680895854371451037e+01
-1.667896071586921991e+01
-1.662658914074207317e+01
-1.661822593750390453e+01
-1.658233712027017503e+01
-1.670706114546831955e+01
-1.666723142424708470e+01
-1.669359368753018202e+01
-1.674820815268652296e+01
-1.671394792548936081e+01
-1.668045456848303232e+01
-1.680963540268530210e+01
-1.668026867027414539e+01
-1.655358910202096467e+01
-1.659217070885259204e+01
-1.667921827620095598e+01
-1.664854080033733297e+01
-1.673476679853502702e+01
-1.683148452739463963e+01
-1.682571127894885876e+01
-1.677942985880019222e+01
-1.666728369472392757e+01
-1.674159026896805003e+01
-1.671148640427882270e+01
-1.669420109940112340e+01
-1.662471161215609072e+01
-1.665448814570812885e+01
-1.665623828935432016e+01
-1.671294598893796390e+01
-1.667819862266460618e+01
-1.656214004617133995e+01
-1.662872769658748240e+01
-1.673296567549285285e+01
-1.680429969654050382e+01
-1.679072248104609955e+01
-1.686663885170855082e+01
-1.695793554882973808e+01
-1.691166826137295232e+01
-1.693053846883590552e+01
-1.694358747389092557e+01
-1.698061054120680424e+01
-1.686605857789686524e+01
-1.687695459252416796e+01
-1.696768753921151429e+01
-1.700498612273068488e+01
-1.703658800357668568e+01
-1.696492247696259881e+01
-1.690754669904901775e+01
-1.697723257877315461e+01
-1.708182701307766038e+01
-1.701212236505322650e+01
-1.714959614559866807e+01
-1.702767281742015371e+01
-1.705760580487144296e+01
-1.700063117354687137e+01
-1.705639131942674425e+01
-1.707530981530638314e+01
-1.709414675608800138e+01
-1.707121852297684939e+01
-1.693254196785671084e+01
-1.694669182008386343e+01
-1.700424483100349349e+01
-1.701235927203988751e+01
-1.700486364065999467e+01
-1.697515991631151877e+01
-1.691592607606306586e+01
-1.690214971860075721e+01
-1.691634995816611564e+01
-1.674706828517680179e+01
-1.681125781048054435e+01
-1.688212789116876422e+01
-1.680949272979248121e+01
-1.683502021883197841e+01
-1.682623087278876994e+01
-1.679227211548984044e+01
-1.681534579559522768e+01
-1.670202917287259936e+01
-1.677503881050867207e+01
-1.669433181019037349e+01
-1.679594487751259635e+01
-1.681324954002155181e+01
-1.663227173813584869e+01
-1.667361320688552340e+01
-1.661366684030766550e+01
-1.671379735978163694e+01
-1.669032151687243015e+01
-1.670292708751498267e+01
-1.668336617519224419e+01
-1.663442989763818503e+01
-1.693197927997683649e+01
-1.682531778976706605e+01
-1.672735217000163388e+01
-1.676669854134695825e+01
-1.666066376794035264e+01
-1.670687177332403905e+01
-1.671626668921158654e+01
-1.677780354022256049e+01
-1.671054159896091207e+01
-1.682148305609708672e+01
-1.675787290199293622e+01
-1.669218068435041147e+01
-1.656759642646150965e+01
-1.655432947423278378e+01
-1.644734115479829129e+01
-1.645424821292490947e+01
-1.645668650682899070e+01
-1.636819326956844378e+01
-1.638814384615317366e+01
-1.650506315388702916e+01
-1.653523817473731938e+01
-1.655782850231405590e+01
-1.658624155847873993e+01
-1.658910958150696402e+01
-1.655109562941068546e+01
-1.664401482453017067e+01
-1.656294076700920215e+01
-1.663401630770336226e+01
-1.652580403828427080e+01
-1.659383589706666484e+01
-1.656645711239512764e+01
-1.658505916378138778e+01
-1.642869968775188028e+01
-1.640638864312147049e+01
-1.650049181219986494e+01
-1.647871328409032543e+01
-1.653305741123727657e+01
-1.654533438007624824e+01
-1.656197067893784691e+01
-1.664138700962397266e+01
-1.664229011925558055e+01
-1.664422372072290912e+01
-1.671719043115253456e+01
-1.675000838671007486e+01
-1.685025648232014461e+01
-1.686856217036221750e+01
-1.670921087515394632e+01
-1.672301208020423147e+01
-1.658875304517721716e+01
-1.655639718993806397e+01
-1.662004671252081778e+01
-1.652950057798034322e+01
-1.654656923380293421e+01
-1.654144803328404834e+01
-1.653640286182656638e+01
-1.659378462132109533e+01
-1.658136776271491541e+01
-1.667483192046137930e+01
-1.679625166908416389e+01
-1.676092215497091331e+01
-1.680348734029582758e+01
-1.670630882269116668e+01
-1.667959072535992249e+01
-1.668270749612926451e+01
-1.671674741500972772e+01
-1.670364261847696952e+01
-1.669593581899220425e+01
-1.671118767312249531e+01
-1.671245892974057412e+01
-1.672822672388215537e+01
-1.674586967686679628e+01
-1.673496343584896451e+01
-1.671912863660676862e+01
-1.678134612665398251e+01
-1.675508091012314438e+01
-1.671202731063470637e+01
-1.669490924744289018e+01
-1.671183651322608554e+01
-1.672334509951508608e+01
-1.665838564561543933e+01
-1.663285481243315544e+01
-1.665941614766875034e+01
-1.668573506617014246e+01
-1.658375345931080602e+01
-1.659498916565850024e+01
-1.661460362984985650e+01
-1.663857167975448803e+01
-1.664853144379224048e+01
-1.661818281793084040e+01
-1.669807067615356644e+01
-1.642044387697217900e+01
-1.645113424833203908e+01
-1.647076142738035287e+01
-1.646327426621194689e+01
-1.653402048889633136e+01
-1.648804983384178158e+01
-1.648184206767365723e+01
-1.650298619597957739e+01
-1.661983533744206198e+01
-1.663121298644352919e+01
-1.670125403738144243e+01
-1.674255490679301772e+01
-1.660118837915501189e+01
-1.647155152039315951e+01
-1.646199576806203169e+01
-1.651228452056531992e+01
-1.643473223635218261e+01
-1.637398870164768283e+01
-1.638289605303147312e+01
-1.631578428032397809e+01
-1.633539765201252436e+01
-1.634573496754263999e+01
-1.636606418989335765e+01
-1.629409053027897514e+01
-1.636467609312824223e+01
-1.631095361222514839e+01
-1.624679614660362503e+01
-1.634720642721736894e+01
-1.628121099961110474e+01
-1.628788454191050761e+01
-1.640043102586189860e+01
-1.638316194926517966e+01
-1.631220403752645609e+01
-1.638799635944539190e+01
-1.633368564672923640e+01
-1.636200130369725869e+01
-1.631772763197595211e+01
-1.626001343768866292e+01
-1.628657410986626530e+01
-1.629388994242588851e+01
-1.638008846911846561e+01
-1.639110487127733151e+01
-1.643412454944459000e+01
-1.649510421694127515e+01
-1.647281831355282122e+01
-1.643282601170996315e+01
-1.640651209748098438e+01
-1.644067369474207041e+01
-1.646610923514581515e+01
-1.647399807515480674e+01
-1.649163967365268491e+01
-1.647282781663263407e+01
-1.641496226754097876e+01
-1.640826539406886297e+01
-1.643265558667312121e+01
-1.642649016478813451e+01
-1.643377055884968030e+01
-1.644290930408510931e+01
-1.640951159920451374e+01
-1.640953548747867430e+01
-1.631985862952825883e+01
-1.641815037922527765e+01
-1.647358035500814921e+01
-1.642880737780696876e+01
-1.641338198450936048e+01
-1.633797005829476134e+01
-1.641288551210131885e+01
-1.645124703282714407e+01
-1.639071385931839231e+01
-1.647581954107178603e+01
-1.643968810610462938e+01
-1.636816794627962679e+01
-1.639196291041011833e+01
-1.639223181259830753e+01
-1.637053966804764471e+01
-1.623117011173742341e+01
-1.629828217357606945e+01
-1.626210012251748083e+01
-1.630795539338521039e+01
-1.633520481052331164e+01
-1.633744567692105321e+01
-1.634191368416935219e+01
-1.637686525495815815e+01
-1.635578698287996957e+01
-1.632311020857039452e+01
-1.630477213524981650e+01
-1.636983587360629144e+01
-1.633600469667071309e+01
-1.637554572091277194e+01
-1.632998852600701767e+01
-1.630315069058435640e+01
-1.630898761152108989e+01
-1.628305096829602405e+01
-1.624666246902380706e+01
-1.618571255227503158e+01
-1.624651252215266695e+01
-1.620676205585944629e+01
-1.620627542900818341e+01
-1.614716261669997976e+01
-1.606797605336185342e+01
-1.608699164910068902e+01
-1.609330152358023724e+01
-1.605064067468112654e+01
-1.608396742812371016e+01
-1.611109152304836201e+01
-1.605556213029706569e+01
-1.607735471317178977e+01
-1.617157763678468285e+01
-1.606262453804265533e+01
-1.616493711083915485e+01
-1.610009304060625368e+01
-1.614673902202806843e+01
-1.616636077389090076e+01
-1.620153899867157676e+01
-1.622323720210976106e+01
-1.626339291667670395e+01
-1.626892682788859545e+01
-1.627239394135401795e+01
-1.625820906107998454e+01
-1.621554558417108893e+01
-1.619438446515969332e+01
-1.625843746889619368e+01
-1.623580031831571802e+01
-1.621164259444351785e+01
-1.611895249159947241e+01
-1.629510037405080070e+01
-1.627090655094640326e+01
-1.629467760931591513e+01
-1.629873402567035967e+01
-1.641359933017983153e+01
-1.627733891215192941e+01
-1.631889794690603424e+01
-1.626623434348445585e+01
-1.632955010466590906e+01
-1.630874728024466691e+01
-1.636593126125972830e+01
-1.643277631998846289e+01
-1.640854941986717108e+01
-1.635770561808247692e+01
-1.629738963492876991e+01
-1.630066330166815192e+01
-1.634992311777382668e+01
-1.630329837142951988e+01
-1.631601443622612280e+01
-1.622677473578148977e+01
-1.625173993200862910e+01
-1.624016371749875631e+01
-1.615890905063350758e+01
-1.616625630140044478e+01
-1.619404978867570222e+01
-1.628003073322281935e+01
-1.635914178101063499e+01
-1.635256295618339450e+01
-1.624026089216123481e+01
-1.618896038504793822e+01
-1.619224389266062403e+01
-1.610877469945852525e+01
-1.628682723262199161e+01
-1.628796934674225838e+01
-1.632888806730244369e+01
-1.627740332858608241e+01
-1.629740957948853719e+01
-1.626732153774512568e+01
-1.640727260560442247e+01
-1.636983887618745825e+01
-1.641440208945744672e+01
-1.641346162235819861e+01
-1.633404509131584348e+01
-1.639661960836757260e+01
-1.629290203566395689e+01
-1.634742781556354529e+01
-1.637046158001192708e+01
-1.633498446878598287e+01
-1.634749624287724146e+01
-1.637875016310770349e+01
-1.634069715673877354e+01
-1.637206432123425515e+01
-1.636101516721684490e+01
-1.638554203097700324e+01
-1.639143359315190196e+01
-1.627591778841797066e+01
-1.625875896296786394e+01
-1.621358245155646927e+01
-1.620133231084470893e+01
-1.622992102508724344e+01
-1.617231565200406607e+01
-1.619631959922043762e+01
-1.620421326981290733e+01
-1.617303727616659970e+01
-1.617622499208727760e+01
-1.614960032717814897e+01
-1.621332273468201279e+01
-1.621935895509816206e+01
-1.616856605622689713e+01
-1.625129407276919125e+01
-1.619267398231682265e+01
-1.612659563515844852e+01
-1.605093749242216461e+01
-1.606929868424549923e+01
-1.601883500693064732e+01
-1.602638156482292686e+01
-1.608357264100001061e+01
-1.602432612293048564e+01
-1.612918892189863485e+01
-1.614407095726163988e+01
-1.603036722954325555e+01
-1.607922505555028536e+01
-1.605507196237126877e+01
-1.605579277362993551e+01
-1.597148946914616729e+01
-1.596820335691191595e+01
-1.599979311160221940e+01
-1.602594761123509315e+01
-1.606663258248351056e+01
-1.602451371692061954e+01
-1.598878427818752890e+01
-1.600098616176042299e+01
-1.611284660784933109e+01
-1.613036277500202686e+01
-1.605012234411147531e+01
-1.602848718055315302e+01
-1.601247861629938996e+01
-1.605419123478368704e+01
-1.600989304957591841e+01
-1.600186620771775381e+01
-1.601465832258114474e+01
-1.597666129087780007e+01
-1.610002412435009234e+01
-1.601650009978123279e+01
-1.602099573333390481e+01
-1.605547482721170738e+01
-1.616691260355457160e+01
-1.620936870010400455e+01
-1.623250853149422568e+01
-1.619351932501491476e+01
-1.615690900374560002e+01
-1.602360687060929223e+01
-1.607948714770835963e+01
-1.606250342428398170e+01
-1.610031992131555967e+01
-1.614514273962542035e+01
-1.615883065336707602e+01
-1.610534803446987340e+01
-1.615039542268297978e+01
-1.615347505440934484e+01
-1.613871246602590404e+01
-1.614417161493296149e+01
-1.610568828162477217e+01
-1.611777387784420768e+01
-1.608567914720047654e+01
