# 2*np.log[MAD(r)] for 100 flights; 1000 steps per flight; run 33 of 50; mu: 3.00; seed: 32
-2.503906295375708524e+01
-2.369470928465608850e+01
-2.286645182189456449e+01
-2.275594752583315739e+01
-2.198540649270915281e+01
-2.175602093733437670e+01
-2.154718641659054867e+01
-2.131381227303929649e+01
-2.150916546944833030e+01
-2.112393058151298675e+01
-2.123562321719950319e+01
-2.093172272830301850e+01
-2.060899968815541072e+01
-2.053454127190374479e+01
-2.053000652310740293e+01
-2.070537284457781624e+01
-2.100299710066870063e+01
-2.078846662911872301e+01
-2.053731966402320097e+01
-2.058643808410129949e+01
-2.062459531004084923e+01
-2.045473708799002566e+01
-2.064737568939419177e+01
-2.059941344579825184e+01
-2.029599929995728402e+01
-2.025725661125684240e+01
-2.036122620501180336e+01
-2.029524554180030549e+01
-2.023405531002560664e+01
-2.010706724928836309e+01
-1.994706190240688670e+01
-1.967617714863449763e+01
-1.965167630423317746e+01
-1.978310516692664223e+01
-1.971885420908319730e+01
-1.973963189630326553e+01
-1.961492362604770179e+01
-2.005534269214155785e+01
-2.021192150895821626e+01
-1.995036579272174393e+01
-1.989151028910016805e+01
-1.994283062633516934e+01
-1.985213636545023164e+01
-2.008154668550619704e+01
-1.988278237531314474e+01
-1.989075582195970071e+01
-1.984301186758323965e+01
-1.969037589698976731e+01
-1.964155114025141202e+01
-1.973232505285274030e+01
-1.955139546090017433e+01
-1.964977382163221620e+01
-1.947899656315700412e+01
-1.951499827389435282e+01
-1.964973107471851677e+01
-1.921030089615475589e+01
-1.925915958131933792e+01
-1.907701035812445767e+01
-1.899879364193462550e+01
-1.888433930290005947e+01
-1.894217035380921388e+01
-1.895403200459947968e+01
-1.905961843012543966e+01
-1.887671193472028719e+01
-1.902060313391468327e+01
-1.887468623148125957e+01
-1.869362312504473067e+01
-1.872852142058911085e+01
-1.877022030862761071e+01
-1.884018212503143630e+01
-1.896126643042013171e+01
-1.907930486266581482e+01
-1.904920800511594337e+01
-1.886774516079674768e+01
-1.897321342560167423e+01
-1.883735727938607241e+01
-1.878713119394623376e+01
-1.887931466944865377e+01
-1.892884143818402976e+01
-1.889898269739891035e+01
-1.899272251571661840e+01
-1.890872403005607438e+01
-1.877176118442876529e+01
-1.891765271533613202e+01
-1.875304066718544860e+01
-1.883450143193530124e+01
-1.881985054282371550e+01
-1.873482061086779638e+01
-1.867044660592450356e+01
-1.885726574990707149e+01
-1.876607774674018003e+01
-1.867029063716350024e+01
-1.867134774789208862e+01
-1.865133302855090491e+01
-1.855267372548271965e+01
-1.865464229986145028e+01
-1.862681279932698786e+01
-1.882950725390469415e+01
-1.886639685651284992e+01
-1.891055998859049581e+01
-1.904898722581903314e+01
-1.914922397971592716e+01
-1.888822965575790036e+01
-1.878966476883588044e+01
-1.895992648035567285e+01
-1.904875017581923302e+01
-1.910143784893685392e+01
-1.903170577259178842e+01
-1.889648204886546878e+01
-1.877139738235845456e+01
-1.875308910316695687e+01
-1.865322409467305320e+01
-1.862367937845541377e+01
-1.837215802867966374e+01
-1.863774308621567499e+01
-1.861175098283007401e+01
-1.848672450764961894e+01
-1.844132053245579428e+01
-1.844928011264068957e+01
-1.842656423007978361e+01
-1.834182090323942660e+01
-1.850966646502892132e+01
-1.846586728418538925e+01
-1.856960665345083683e+01
-1.868166198802568090e+01
-1.871214602098080348e+01
-1.854834084020250984e+01
-1.857753184914874112e+01
-1.844360800529534927e+01
-1.857771843220914221e+01
-1.857285909458068573e+01
-1.838048852314876669e+01
-1.860908797113824065e+01
-1.840948094752756603e+01
-1.833328858797531424e+01
-1.841589201082263472e+01
-1.841427170263932567e+01
-1.835394743962532615e+01
-1.834751708135814852e+01
-1.826544523283057231e+01
-1.833100141882627909e+01
-1.821570403746025590e+01
-1.808390451102056673e+01
-1.823627108328385305e+01
-1.816887350565871273e+01
-1.832488517520191351e+01
-1.846764536192360495e+01
-1.843432906054102460e+01
-1.841090269580643124e+01
-1.844440130419299351e+01
-1.839995842236642076e+01
-1.833117448442222397e+01
-1.831973831174295952e+01
-1.827907108977604622e+01
-1.822510344781408875e+01
-1.810880658310783531e+01
-1.809729768418828044e+01
-1.812326856860065405e+01
-1.809799686034087429e+01
-1.803483896870417880e+01
-1.792801671490595794e+01
-1.787327447736166874e+01
-1.809435125846724901e+01
-1.782835428608618500e+01
-1.782334511535759347e+01
-1.790113126364770579e+01
-1.790542572366096508e+01
-1.789142568495365992e+01
-1.788867196548029170e+01
-1.786050855059852438e+01
-1.800905307569120595e+01
-1.798301184968969224e+01
-1.800383766935143726e+01
-1.806617191084744789e+01
-1.813917332017708972e+01
-1.814878827073761158e+01
-1.808213746873123995e+01
-1.814714727879058742e+01
-1.802621604015386225e+01
-1.811635951028575064e+01
-1.806560141046270473e+01
-1.812484451322675838e+01
-1.805020481657754416e+01
-1.816311619703822799e+01
-1.805309989660544545e+01
-1.802402034780722317e+01
-1.790117812253887664e+01
-1.805012810625760622e+01
-1.807652148450001306e+01
-1.814039588936041980e+01
-1.807753080107235277e+01
-1.803995385228516923e+01
-1.798675784490352925e+01
-1.794711205749026917e+01
-1.802955361978597537e+01
-1.806834183902761026e+01
-1.793182131605406937e+01
-1.813873976215876382e+01
-1.806792267718805789e+01
-1.794401353305639546e+01
-1.806686178568282131e+01
-1.806739400757960823e+01
-1.823494960294226530e+01
-1.817726875944624609e+01
-1.818140053780767218e+01
-1.811420462889436678e+01
-1.807566016016694022e+01
-1.797112939813315435e+01
-1.809683497748606129e+01
-1.804332369358617782e+01
-1.812300185690208210e+01
-1.815626833426987830e+01
-1.810471825853697325e+01
-1.797780541886176664e+01
-1.771525798734190715e+01
-1.790109342868511533e+01
-1.788371728049930809e+01
-1.790751271317947513e+01
-1.793428238875768699e+01
-1.786193407604061179e+01
-1.779630327680936830e+01
-1.786331236342740780e+01
-1.792209069882502703e+01
-1.806692779341128841e+01
-1.791798499757122798e+01
-1.814628034965697623e+01
-1.806615125051212800e+01
-1.800498106965069667e+01
-1.795429053354988014e+01
-1.796274260542711332e+01
-1.800991713450091325e+01
-1.792670566387607778e+01
-1.799213981439644527e+01
-1.785793852411925187e+01
-1.781354139380389157e+01
-1.789105212701040415e+01
-1.801462313142399552e+01
-1.802924857160276773e+01
-1.778343784106670356e+01
-1.766100561812073977e+01
-1.779894318621262173e+01
-1.769415355738951590e+01
-1.776750142095701079e+01
-1.776676693813221419e+01
-1.773407322197357061e+01
-1.784011756783887037e+01
-1.778435451721394145e+01
-1.785532074134417613e+01
-1.797082222868909085e+01
-1.790743173194692162e+01
-1.780128085949885275e+01
-1.776702060768106506e+01
-1.775197897790989288e+01
-1.776557011487046367e+01
-1.770299128959082324e+01
-1.764981004840787904e+01
-1.770595064174745659e+01
-1.770893117621322332e+01
-1.771159061893909836e+01
-1.774360732428894138e+01
-1.761884714649078987e+01
-1.763929224051285871e+01
-1.763197534420086399e+01
-1.766054564950006522e+01
-1.768927134401944201e+01
-1.763412157723553975e+01
-1.778207703049593036e+01
-1.776579250527362319e+01
-1.789951168317156771e+01
-1.773605635556292270e+01
-1.757539835903617131e+01
-1.759215606755414996e+01
-1.763201167491208565e+01
-1.770795506050202661e+01
-1.771380172113206086e+01
-1.773555883394815424e+01
-1.770442688000430564e+01
-1.757470322677894004e+01
-1.766917464634748569e+01
-1.757274558703267431e+01
-1.748383863636986746e+01
-1.745869728744473903e+01
-1.754392753112016479e+01
-1.752770925459007145e+01
-1.756132670116189232e+01
-1.752664286384990433e+01
-1.750811650555326082e+01
-1.754758730802231526e+01
-1.750056079045165447e+01
-1.750074278403270966e+01
-1.746529230551718115e+01
-1.740650085671669345e+01
-1.731630402365435017e+01
-1.737762357467738283e+01
-1.734986928150357599e+01
-1.736545444814277062e+01
-1.734712095466098702e+01
-1.732994782218986174e+01
-1.730510192926232094e+01
-1.725315493754790452e+01
-1.728637296429353398e+01
-1.725695381705756759e+01
-1.719046229501712375e+01
-1.718820197483934820e+01
-1.722234773373329730e+01
-1.729793018899080792e+01
-1.734921176060526449e+01
-1.724244694216455898e+01
-1.730387278803466344e+01
-1.726686141479301284e+01
-1.725421894538201073e+01
-1.727239389161765359e+01
-1.721238274205400742e+01
-1.727695567048894532e+01
-1.708654632636613613e+01
-1.698821574611465124e+01
-1.716736530540478967e+01
-1.718019026994219445e+01
-1.709258176884424785e+01
-1.702533800429205613e+01
-1.699462323425364829e+01
-1.707198092018537494e+01
-1.711278592731870773e+01
-1.720143160472398591e+01
-1.714496764760288983e+01
-1.702666604207565015e+01
-1.700950309569450525e+01
-1.709561898132168523e+01
-1.711014867934553152e+01
-1.709384073738781495e+01
-1.715032632489995024e+01
-1.704192698223944546e+01
-1.706939048672249015e+01
-1.724762712744707471e+01
-1.710052777933211843e+01
-1.714449677223662505e+01
-1.709115139322124577e+01
-1.718336395554085883e+01
-1.715204977150857246e+01
-1.709803010476159102e+01
-1.697370382483294549e+01
-1.698739710246024970e+01
-1.708435897610343090e+01
-1.700755331549446936e+01
-1.699900713851207357e+01
-1.704343395213444623e+01
-1.715625870932014863e+01
-1.715329666541198961e+01
-1.722298738552794362e+01
-1.723308300799800108e+01
-1.725880722396626865e+01
-1.723113065472247740e+01
-1.724637061225749335e+01
-1.722110947675687953e+01
-1.718804118389283175e+01
-1.720442091521514527e+01
-1.716747702798105735e+01
-1.703304612040510690e+01
-1.705729150395846005e+01
-1.704064335117583795e+01
-1.713586844654510344e+01
-1.711030792860614369e+01
-1.707256640160512617e+01
-1.710717464765599516e+01
-1.710348669874626992e+01
-1.728868843842488801e+01
-1.734072054361962856e+01
-1.732075986050041294e+01
-1.717197687774912040e+01
-1.717679070924427975e+01
-1.720239664175513639e+01
-1.720914712906580135e+01
-1.714197857329776653e+01
-1.717218224820650008e+01
-1.720543728019045204e+01
-1.730444337348714967e+01
-1.730844185004764668e+01
-1.730665909059933938e+01
-1.736853997562351637e+01
-1.753380812631841579e+01
-1.737358271595217829e+01
-1.729314716992489664e+01
-1.733814616623183724e+01
-1.735974149403510580e+01
-1.731618975390351167e+01
-1.729206696239943142e+01
-1.724338867007879728e+01
-1.713894359597827943e+01
-1.715690183169417438e+01
-1.724369709489371516e+01
-1.720107952301095366e+01
-1.712276678885121228e+01
-1.719450030713846900e+01
-1.715637811879428298e+01
-1.701582659008250076e+01
-1.717897140715398052e+01
-1.717271873225561407e+01
-1.715945004095890525e+01
-1.725455444611074896e+01
-1.716622612486634836e+01
-1.717223642530256811e+01
-1.718101942051159980e+01
-1.717588360711232909e+01
-1.714056984967727004e+01
-1.714896401055274566e+01
-1.724315880388575906e+01
-1.723434652372399256e+01
-1.724008430748948584e+01
-1.725686622675504367e+01
-1.725062107410221657e+01
-1.720969386650162036e+01
-1.719626977419803993e+01
-1.716711891166430703e+01
-1.714552665264634612e+01
-1.725057848800302196e+01
-1.719493903379054700e+01
-1.719498301089162595e+01
-1.720746629920564530e+01
-1.720685295534287462e+01
-1.728575747904757165e+01
-1.733065003802215287e+01
-1.722853106226560627e+01
-1.717709887946676872e+01
-1.716268858954304832e+01
-1.724342021311089113e+01
-1.715321226754852546e+01
-1.708678263833918720e+01
-1.701479440537664090e+01
-1.699481701394924826e+01
-1.705996022462008810e+01
-1.701951492119629350e+01
-1.701433331957662176e+01
-1.700320469279068192e+01
-1.705768975978110902e+01
-1.709238820410178050e+01
-1.707308188471087362e+01
-1.702207399504797536e+01
-1.711469254781368932e+01
-1.714071709987533509e+01
-1.717740874885917890e+01
-1.717245071681555757e+01
-1.718027656817402971e+01
-1.725465289004852920e+01
-1.713409151798989427e+01
-1.715823202963158067e+01
-1.727392963792309999e+01
-1.723961588077220952e+01
-1.715024744725564432e+01
-1.711487109526516548e+01
-1.714126067110024820e+01
-1.718661196044370953e+01
-1.707574795412985935e+01
-1.708248953457606945e+01
-1.712057309379713033e+01
-1.692856258023205385e+01
-1.700692595311561917e+01
-1.701889666723360151e+01
-1.702741741994898561e+01
-1.696032906984689603e+01
-1.700895040819450799e+01
-1.701107846827041925e+01
-1.708632800620502223e+01
-1.709844268924619115e+01
-1.702723631686232864e+01
-1.688270849616542435e+01
-1.695111791347816776e+01
-1.681922653818326907e+01
-1.686381601913313943e+01
-1.691162896393793247e+01
-1.691075515680036645e+01
-1.694349284754375518e+01
-1.690460617159304846e+01
-1.693288435376696199e+01
-1.693810847724013158e+01
-1.695791056400482688e+01
-1.681637819867924932e+01
-1.680992326828935290e+01
-1.676195251503826711e+01
-1.673904439504511288e+01
-1.682051030657601132e+01
-1.682142653822979739e+01
-1.683721485514658411e+01
-1.683962025853572442e+01
-1.681601928462559670e+01
-1.686362579404448425e+01
-1.678366097074383489e+01
-1.674700208113830513e+01
-1.679789417471802793e+01
-1.684487986866843556e+01
-1.681445240814615971e+01
-1.693648306546982596e+01
-1.690223926270070365e+01
-1.694842207466005135e+01
-1.694618699689980090e+01
-1.701054527551879048e+01
-1.702469851968785619e+01
-1.701032821238147363e+01
-1.692016155692767043e+01
-1.704806594442709766e+01
-1.697395908817145127e+01
-1.698116386102778108e+01
-1.700712569732839441e+01
-1.695487019492748715e+01
-1.702250573160285185e+01
-1.695020812421998002e+01
-1.684696930389252145e+01
-1.688450823276121682e+01
-1.692754284532337294e+01
-1.700200177274961533e+01
-1.699632582485719468e+01
-1.701821531888628414e+01
-1.695732220121470135e+01
-1.694674262851759750e+01
-1.696383600836774264e+01
-1.693927797368316490e+01
-1.686529455290704860e+01
-1.696268631350024592e+01
-1.697925246857985471e+01
-1.699816815136157544e+01
-1.703151048309722881e+01
-1.708699574106369212e+01
-1.700617060556821514e+01
-1.714160147800192036e+01
-1.725133386664639801e+01
-1.696795279942399404e+01
-1.707653536107993020e+01
-1.705247873136793757e+01
-1.717478048164028337e+01
-1.731780828020542984e+01
-1.712790672304965867e+01
-1.707735519956289494e+01
-1.729566907916622398e+01
-1.716999140742128560e+01
-1.716167170296827749e+01
-1.707045337345764580e+01
-1.717108660286875121e+01
-1.700934276560753133e+01
-1.680182706328797693e+01
-1.697648896824475173e+01
-1.690734654132095471e+01
-1.693955620492667791e+01
-1.706645722393349018e+01
-1.698683653957014883e+01
-1.695797445106778767e+01
-1.686687740975931149e+01
-1.704667078944579828e+01
-1.688430000334762227e+01
-1.700860649150933668e+01
-1.681447499890931496e+01
-1.686110864107284613e+01
-1.699765942747511716e+01
-1.688778332291874662e+01
-1.688383433360687746e+01
-1.698804747887088240e+01
-1.706203031724905017e+01
-1.713504791581809883e+01
-1.709977764044388948e+01
-1.717912395168602657e+01
-1.712939664651958793e+01
-1.716851219618303404e+01
-1.704254319016269648e+01
-1.708743772279607143e+01
-1.710889616633240351e+01
-1.700243297206123216e+01
-1.706978338629770420e+01
-1.701780399818905565e+01
-1.702628100203266825e+01
-1.705504669347605429e+01
-1.711104986994993737e+01
-1.713784423737175189e+01
-1.715698145875059666e+01
-1.710919205474542792e+01
-1.716912208392051653e+01
-1.712691309408382878e+01
-1.708726763312571961e+01
-1.700356174978916002e+01
-1.704884723342889430e+01
-1.707809044503912688e+01
-1.702308533950266067e+01
-1.697082820424992278e+01
-1.703032037429900214e+01
-1.711957442514828287e+01
-1.704700153748010294e+01
-1.698191253463797423e+01
-1.701938908287991126e+01
-1.708146244424519722e+01
-1.704550198305246766e+01
-1.709076666049927695e+01
-1.715539871438154762e+01
-1.708391462538510552e+01
-1.712512100092170897e+01
-1.707328939280539259e+01
-1.710638302462467308e+01
-1.706854230585763688e+01
-1.701823670958863133e+01
-1.707124280395376204e+01
-1.702526101691629989e+01
-1.703692273614708697e+01
-1.704374968921428035e+01
-1.706425473418710581e+01
-1.708967374354148561e+01
-1.703046139680243343e+01
-1.702240062979429425e+01
-1.693088455785684587e+01
-1.698564608822287880e+01
-1.701301200988123341e+01
-1.694968239723982606e+01
-1.691224852580357663e+01
-1.695063894564982832e+01
-1.688777716238512738e+01
-1.682331222054681064e+01
-1.682916927556191311e+01
-1.679998403684203012e+01
-1.680392407416622902e+01
-1.675314363093618653e+01
-1.677407615393470763e+01
-1.677923364149734553e+01
-1.678247372143625071e+01
-1.659065910181962877e+01
-1.661020335774765755e+01
-1.657702139713971334e+01
-1.670673611272405878e+01
-1.669648564736048613e+01
-1.673769091997248992e+01
-1.681225008396568299e+01
-1.687396430035328976e+01
-1.680576031013605842e+01
-1.687802763935473394e+01
-1.692685328943165857e+01
-1.688207507678241726e+01
-1.689439412615978497e+01
-1.680304265942804420e+01
-1.683640335853730008e+01
-1.686676752373410437e+01
-1.681997225071078361e+01
-1.685827203057241164e+01
-1.680358083072248476e+01
-1.683439208119238018e+01
-1.684594819406863309e+01
-1.705031183052354038e+01
-1.707752598475539330e+01
-1.682946341267607337e+01
-1.674669396445203873e+01
-1.674134772371937174e+01
-1.671068835569457534e+01
-1.684339176959771578e+01
-1.692727745707149722e+01
-1.691158651944984115e+01
-1.679449235102343252e+01
-1.683677291708288948e+01
-1.686116646648963879e+01
-1.671772156794501285e+01
-1.675285601410432790e+01
-1.676485413763470333e+01
-1.672041814321158171e+01
-1.680128851298429282e+01
-1.682368001354157627e+01
-1.686283650201370321e+01
-1.693219476066403928e+01
-1.689550297532678869e+01
-1.685976168451204060e+01
-1.676790436635423021e+01
-1.676362105610808939e+01
-1.682236582082334309e+01
-1.677973167644685759e+01
-1.677355344881949506e+01
-1.675108597957608936e+01
-1.669867951966049446e+01
-1.673150893585271959e+01
-1.674344392500960410e+01
-1.688951896494687333e+01
-1.688810631246779437e+01
-1.682381736174352227e+01
-1.680161596986908279e+01
-1.674723402618473500e+01
-1.665337108492045104e+01
-1.660238441856054692e+01
-1.664070717955775436e+01
-1.671486521823403493e+01
-1.658512486491711613e+01
-1.660494130579038341e+01
-1.671051212196570290e+01
-1.670045000466851803e+01
-1.668175220118220992e+01
-1.659152585006660274e+01
-1.667660713745537393e+01
-1.667630375201791182e+01
-1.662792696643854384e+01
-1.666642057844958558e+01
-1.664120374397246138e+01
-1.665150348515491174e+01
-1.664825728453439524e+01
-1.661826770652845298e+01
-1.673530173655474940e+01
-1.663606939260905904e+01
-1.659263385722476869e+01
-1.656702067009136670e+01
-1.653985678166465334e+01
-1.645364245732997688e+01
-1.650740118692769798e+01
-1.650571926619987906e+01
-1.655247463203262015e+01
-1.653026653287239611e+01
-1.652174179719662206e+01
-1.659879523581785676e+01
-1.662988206704341820e+01
-1.675305760640047836e+01
-1.677175676850924191e+01
-1.669456023611467543e+01
-1.668293245743526754e+01
-1.666233870676315831e+01
-1.660564590847164723e+01
-1.658599033023120128e+01
-1.664641894596767457e+01
-1.657494181424224422e+01
-1.656150524429521198e+01
-1.657621734385987367e+01
-1.653370724887527032e+01
-1.651337730068415866e+01
-1.654177758030951395e+01
-1.650376280388993422e+01
-1.660974819906926214e+01
-1.670958328560451633e+01
-1.667721308665269575e+01
-1.654091470453264279e+01
-1.647585742719331137e+01
-1.644781662900575725e+01
-1.657527823804053213e+01
-1.652529741020135745e+01
-1.654978827915430273e+01
-1.665258490135917668e+01
-1.666463388361102105e+01
-1.660239198939013505e+01
-1.661373670706928607e+01
-1.665360314081007331e+01
-1.670964182423176680e+01
-1.696646805955849047e+01
-1.686213688695493929e+01
-1.681383536077184715e+01
-1.675422588489922404e+01
-1.686646787437992145e+01
-1.688351537437814898e+01
-1.695560198758205672e+01
-1.677145893531326593e+01
-1.669613863396895326e+01
-1.685868229825663178e+01
-1.690252771046250757e+01
-1.682652800429088202e+01
-1.666021441151689331e+01
-1.674875199457038732e+01
-1.661306326871567052e+01
-1.664643109145557887e+01
-1.666056831221561652e+01
-1.673257759671821532e+01
-1.669774642153559086e+01
-1.683206433203055497e+01
-1.664981620639496285e+01
-1.686353696560741611e+01
-1.681145722476412985e+01
-1.677605292822588368e+01
-1.677257953492211229e+01
-1.660904149310185218e+01
-1.670128307255976452e+01
-1.668592343794754740e+01
-1.671162118208907188e+01
-1.670934804373263560e+01
-1.682624199548028088e+01
-1.676456602139952068e+01
-1.682565519060315040e+01
-1.683944424581459742e+01
-1.679099224936964063e+01
-1.677963288622468951e+01
-1.674746059113794061e+01
-1.679528331308720013e+01
-1.682773892000368221e+01
-1.680249033606197884e+01
-1.676296012014031689e+01
-1.670448140600549536e+01
-1.665123383922258427e+01
-1.659276934518975466e+01
-1.647736916026236287e+01
-1.653069908280509992e+01
-1.659078425882377772e+01
-1.660659637228197383e+01
-1.649250242060790583e+01
-1.651749186655790780e+01
-1.655805730720545910e+01
-1.651615953436995810e+01
-1.648089394294815691e+01
-1.658266749652264238e+01
-1.664462387895421713e+01
-1.660017454752013677e+01
-1.669140382618413554e+01
-1.667085263225878222e+01
-1.666330321275784598e+01
-1.678636589112880628e+01
-1.678583598490078188e+01
-1.678295067562653742e+01
-1.680839774824093880e+01
-1.667673051926659156e+01
-1.674105942990149742e+01
-1.669371292286215791e+01
-1.671795338386574770e+01
-1.677142327887545648e+01
-1.681932356380350058e+01
-1.675322504539390067e+01
-1.664153391096416001e+01
-1.669153051433048773e+01
-1.662364686638048639e+01
-1.658281531663484643e+01
-1.658673734748376916e+01
-1.653292080250663787e+01
-1.656321585010538655e+01
-1.664308876284649941e+01
-1.665097847435139045e+01
-1.666365213370079701e+01
-1.667609050464275100e+01
-1.673569179434178977e+01
-1.673770167008929022e+01
-1.678644852166468482e+01
-1.677081102045856653e+01
-1.683411401929475559e+01
-1.682639370979425308e+01
-1.691056489288755671e+01
-1.686012245266824650e+01
-1.667608244825268571e+01
-1.668393246426432697e+01
-1.666313998027703391e+01
-1.671545932828444592e+01
-1.660609513271911197e+01
-1.663907926471387455e+01
-1.662811009963506237e+01
-1.660854273375058909e+01
-1.663430772156718973e+01
-1.655986246941901641e+01
-1.660507290721530183e+01
-1.651774673576889896e+01
-1.663037121893623649e+01
-1.658691102530213257e+01
-1.650243766901115450e+01
-1.654583821051308590e+01
-1.650001572299731478e+01
-1.662389282270684987e+01
-1.651017227698464396e+01
-1.650429988347518062e+01
-1.650601399202977859e+01
-1.659216149142451613e+01
-1.666047164206566578e+01
-1.654177324405360139e+01
-1.653000672868380505e+01
-1.648805653146364847e+01
-1.632796886917271806e+01
-1.633311047351714151e+01
-1.639203490400502616e+01
-1.645126585864573343e+01
-1.644681775789399936e+01
-1.649548625272256785e+01
-1.646081901270059689e+01
-1.647515896611664488e+01
-1.642976402261260205e+01
-1.638688544687823168e+01
-1.646522939423107701e+01
-1.642720188392073410e+01
-1.643848663343823802e+01
-1.646275989038830900e+01
-1.641452678752257199e+01
-1.640050702267344818e+01
-1.644159190715453178e+01
-1.641407794461629877e+01
-1.640193921742478977e+01
-1.639946641891376089e+01
-1.643710603121084191e+01
-1.645240094666983666e+01
-1.649139040854888094e+01
-1.650226245264497749e+01
-1.652520699033404483e+01
-1.653046991951180900e+01
-1.651109785381797934e+01
-1.643051184558487066e+01
-1.634497949515095172e+01
-1.634244391760084270e+01
-1.633047052082913808e+01
-1.625866094364214121e+01
-1.624389020892366631e+01
-1.628149027454843889e+01
-1.622793765332551530e+01
-1.620250310910797253e+01
-1.627048639138080333e+01
-1.618794227882341374e+01
-1.619689512084393002e+01
-1.618039452328104844e+01
-1.625963376238012259e+01
-1.629301323261238821e+01
-1.631619827346533214e+01
-1.616965950507479022e+01
-1.635371511377582010e+01
-1.635373615811029424e+01
-1.634448479943795007e+01
-1.628967985566561438e+01
-1.625648488381401435e+01
-1.624562058668898956e+01
-1.632119976197618172e+01
-1.627271437002925225e+01
-1.630064655936070750e+01
-1.627224159751125043e+01
-1.632446828514153125e+01
-1.632900385692136780e+01
-1.628428779868799836e+01
-1.631420122935395511e+01
-1.631346607772480084e+01
-1.626118957463368631e+01
-1.627207780702433482e+01
-1.628420825504700531e+01
-1.628171648325227494e+01
-1.634010069001131882e+01
-1.631230621751599585e+01
-1.624772548250992088e+01
-1.622713581382499726e+01
-1.625341313565698798e+01
-1.621829281110299803e+01
-1.619817564867238957e+01
-1.629473225021986948e+01
-1.627328401458347429e+01
-1.617026576343939226e+01
-1.618733640284887798e+01
-1.613957329905854721e+01
-1.613693929724051657e+01
-1.608969342031562633e+01
-1.605103605627186525e+01
-1.605202794569103730e+01
-1.609890333869114087e+01
-1.615319597361149917e+01
-1.616632339747661007e+01
-1.627713642253273463e+01
-1.621024858849571970e+01
-1.619124682137408655e+01
-1.625066350628307532e+01
-1.611322356988798177e+01
-1.611989431016538532e+01
-1.615171500009074279e+01
-1.621591727006258665e+01
-1.623017948112908826e+01
-1.630446219713655509e+01
-1.618810585091249976e+01
-1.617561290080312375e+01
-1.620824809259414323e+01
-1.614184313939239246e+01
-1.608973011449726087e+01
-1.616705582067095648e+01
-1.614939838064257671e+01
-1.624202566672126480e+01
-1.620765175382081225e+01
-1.612585362720627202e+01
-1.613256560932661543e+01
-1.617343539188450308e+01
-1.608931032558742302e+01
-1.597115947433608518e+01
-1.596056800067953496e+01
-1.587483657221764766e+01
-1.584897592957464951e+01
-1.593032341131623042e+01
-1.593148161316320177e+01
-1.586451223617862816e+01
-1.601084219489366234e+01
-1.599048172680145541e+01
-1.597025228290629428e+01
-1.592073642476609585e+01
-1.600316057357753152e+01
-1.589775676212301114e+01
-1.583348302524235507e+01
-1.585240088210640153e+01
-1.591621696965350097e+01
-1.593549386226264986e+01
-1.598766572022287313e+01
-1.593494749668075805e+01
-1.597251756628030250e+01
-1.591883141790599510e+01
-1.591523157439795710e+01
-1.589684360692962883e+01
-1.592525901017166490e+01
-1.596942793916996806e+01
-1.602616620815790682e+01
-1.601046618420433276e+01
-1.598474237228536943e+01
-1.600218895662585084e+01
-1.605331741680028301e+01
-1.619961065973443226e+01
-1.621681491916525175e+01
-1.625660225089774968e+01
-1.622980661506806399e+01
-1.621155215225798329e+01
-1.625552573012304336e+01
-1.631398578538426847e+01
-1.629703715377452511e+01
-1.639475141689644033e+01
-1.641039563547494140e+01
-1.633907922128698331e+01
-1.646392491432537497e+01
-1.643037290840381814e+01
-1.633529685144740640e+01
