# t, x, y, z for 100-step 3D Levy walk with mu = 1.5
4.120761288288096432e-04 -2.336867199725404197e-04 2.056218551329826963e-05 -3.387837796972132049e-04
4.520244806755225318e-04 -2.605826085410524896e-04 1.460684246460192739e-05 -3.677150064695313032e-04
9.742003651961252293e-04 2.570759065238071390e-05 -3.777354308651921315e-04 -5.594781853623192157e-04
1.045075054005893634e-03 3.345950744671766106e-05 -3.106248219996782440e-04 -5.380470053295909830e-04
1.074479264166424558e-03 4.034825243059395901e-05 -3.019665876697982159e-04 -5.108038824175479891e-04
1.103134619977224045e-03 3.543570096881871106e-05 -3.038011533844908458e-04 -5.389753329200940761e-04
2.543054532049084798e-03 3.372463401786190415e-05 -3.243087140472389654e-04 -1.978748184930642206e-03
3.355381951969696377e-03 1.067814334656897672e-04 -3.233799223898042884e-04 -2.787783214181770684e-03
3.410338244317599309e-03 1.016087051114735699e-04 -3.391275906201209468e-04 -2.735386192364595414e-03
3.434062508633685829e-03 1.115306609127640896e-04 -3.602000627114155151e-04 -2.739896894125784608e-03
3.446804204324325181e-03 1.069995166204561958e-04 -3.614702898396617318e-04 -2.751737758263076653e-03
3.466571509722550081e-03 1.098625465083408599e-04 -3.608972661577436285e-04 -2.771288233102009273e-03
3.528111293650454221e-03 6.807429909660048608e-05 -3.449413081106231455e-04 -2.729023652340492080e-03
4.023852315511052685e-03 -1.436442795893016165e-04 -6.576833379181260420e-04 -2.407889993272347481e-03
4.110134256348220959e-03 -9.209807835224896274e-05 -7.010267385444727498e-04 -2.353955662138997301e-03
4.124986947308712133e-03 -8.338571102311380151e-05 -7.025687197511498337e-04 -2.365885430713799125e-03
4.149616952795950713e-03 -8.288685776317351070e-05 -7.048222008464131993e-04 -2.390407056652543976e-03
4.203980456839071303e-03 -4.206276591612541539e-05 -6.796687471201023553e-04 -2.364792844536054046e-03
4.215433009666918508e-03 -3.675334703037765879e-05 -6.706246445417436350e-04 -2.369394501403142891e-03
4.231034118283854770e-03 -3.309096120318717017e-05 -6.728571302751496213e-04 -2.354394583817356976e-03
4.412964324361643570e-03 -2.091351850939532082e-04 -6.415082968273487767e-04 -2.320864272759055966e-03
4.432020962270391030e-03 -1.931179181276730921e-04 -6.402230466848039033e-04 -2.331108819571244776e-03
4.448035512616565004e-03 -2.057021511000117786e-04 -6.498558170772539104e-04 -2.333413735590187180e-03
4.484259297819552861e-03 -1.899405981414771451e-04 -6.317215454698833646e-04 -2.360522484289410104e-03
4.562953498133361617e-03 -2.035680447585280740e-04 -6.333660001260765652e-04 -2.438010326113872889e-03
4.580676007367938396e-03 -2.198672555229313195e-04 -6.267045023065826760e-04 -2.435998483965966244e-03
6.769304120227599003e-03 -2.265740547423803636e-04 -4.688823283824576204e-04 -2.530783762520511133e-04
6.793471316369597765e-03 -2.434045290903584285e-04 -4.553566828864241884e-04 -2.639340391292558903e-04
6.828927042281752145e-03 -2.165032264213211154e-04 -4.329763189162438462e-04 -2.582289779351145558e-04
6.848727616718057465e-03 -2.064277274516257052e-04 -4.291223072475163717e-04 -2.748330034282483970e-04
6.893665745480864748e-03 -2.185765399085790289e-04 -4.460871380006504170e-04 -2.350330500349851316e-04
7.044617864352038274e-03 -2.676830261515134144e-04 -5.542086302981405477e-04 -3.282255288298601336e-04
7.225771768933760171e-03 -4.160142276903676774e-04 -6.342249945381330184e-04 -2.618028425769229443e-04
7.257325415846832897e-03 -4.078744791733413238e-04 -6.315101517534592486e-04 -2.921674067307016053e-04
7.272060994459949614e-03 -4.130239832275180590e-04 -6.374219924147225521e-04 -3.046441861651226165e-04
8.847455864254857513e-03 -1.888511531162640616e-03 -1.135267116677061375e-03 -5.432981698166241971e-04
8.951312153868098281e-03 -1.843031043055780695e-03 -1.214094738074193757e-03 -5.933367569135967676e-04
8.962515355629068620e-03 -1.843798535317596032e-03 -1.210783148730900207e-03 -6.040117773513491986e-04
1.085371868692678807e-02 -2.876146026018660748e-03 -6.524693853547644052e-04 -2.086979895814986084e-03
1.088691784692014108e-02 -2.858216611951986709e-03 -6.251965970778792809e-04 -2.093055696593008018e-03
1.089789566544475258e-02 -2.858250471181847559e-03 -6.305076350184647726e-04 -2.102663205588866952e-03
1.090925570410418606e-02 -2.869164305864185544e-03 -6.308947625761383111e-04 -2.105791915087126820e-03
1.105647920814109217e-02 -2.729850999860923468e-03 -6.088994000686755474e-04 -2.148014739951311335e-03
1.106746436807774271e-02 -2.729241360650297259e-03 -6.088622600856135811e-04 -2.158982907505116022e-03
1.109115756685366029e-02 -2.735891967129840032e-03 -6.118302340884310955e-04 -2.136436771871531339e-03
1.111918696464042448e-02 -2.756610951389479400e-03 -5.956467761633935619e-04 -2.126717382943927627e-03
1.113406778832392793e-02 -2.754177425321973835e-03 -5.967934730640065636e-04 -2.141353022683836933e-03
1.187593039362534568e-02 -2.830651524924869197e-03 -1.218254746131372393e-03 -2.539219486854948395e-03
1.189376923334628175e-02 -2.843295073838138752e-03 -1.225296398116408397e-03 -2.549649252470178196e-03
1.191478976698237373e-02 -2.835357400983807077e-03 -1.244317997327852891e-03 -2.553776593919930386e-03
1.303149490998696189e-02 -3.253687103155246830e-03 -8.240626193163384187e-04 -3.500040856135539467e-03
1.304532532194006833e-02 -3.245737072251822421e-03 -8.285484614772381734e-04 -3.489650739507958732e-03
1.468449204475058209e-02 -3.115797729322159967e-03 -2.233304606285149013e-03 -2.654999024148323866e-03
1.469678408530778434e-02 -3.121067928352920951e-03 -2.229463322224300732e-03 -2.644579628772394594e-03
1.473315643761135066e-02 -3.097227169656265305e-03 -2.206012201821938318e-03 -2.658883865513179696e-03
1.474530364110626830e-02 -3.098359884625145454e-03 -2.209676860271161860e-03 -2.647358164319900831e-03
1.476494102024033910e-02 -3.101179415737722808e-03 -2.227505561196651499e-03 -2.639624192063039654e-03
1.477531531378319975e-02 -3.100361854872367602e-03 -2.228278862581241880e-03 -2.629311114650673131e-03
1.063660760549071105e+00 -4.031388482647772498e-01 8.805675906367526062e-01 3.983711120923770777e-01
1.063674719061922236e+00 -4.031338396856791184e-01 8.805560268931198475e-01 3.983651092555784423e-01
1.063699845109702613e+00 -4.031359354815834406e-01 8.805364118515626171e-01 3.983806712625603264e-01
1.063720818143709224e+00 -4.031266412491414375e-01 8.805373925575605831e-01 3.983618956503331421e-01
1.063953300028570359e+00 -4.031871009879683387e-01 8.805121590194820991e-01 3.985849555421236423e-01
1.064081170374824081e+00 -4.031652028808874744e-01 8.805162236883933291e-01 3.987108712950062084e-01
1.064201340816139707e+00 -4.030475056936478340e-01 8.805395732815981535e-01 3.987174366266093006e-01
1.064250477353955615e+00 -4.030760449328358308e-01 8.805430867051898813e-01 3.986775923418274248e-01
1.064260712667679520e+00 -4.030816507434119011e-01 8.805388554530370060e-01 3.986701470050298401e-01
1.064513059122914829e+00 -4.028697256302606888e-01 8.804371691777357345e-01 3.985783516821588823e-01
1.064528912038900765e+00 -4.028542296925211041e-01 8.804383351327740304e-01 3.985752161745963473e-01
1.494903557745959866e+01 -2.082814259573507520e+00 1.369826817101570704e+01 5.464194422003571638e+00
1.494904718521599918e+01 -2.082806431644807610e+00 1.369826768473438428e+01 5.464185864721795127e+00
1.494906450708958445e+01 -2.082805655032254233e+00 1.369826755686390918e+01 5.464168560738826841e+00
1.494908302734179983e+01 -2.082820785703700217e+00 1.369826746020601149e+01 5.464157881170438102e+00
1.494912743919268827e+01 -2.082807202134139946e+00 1.369826446329555836e+01 5.464115703953068781e+00
1.494913764355468011e+01 -2.082817206268713583e+00 1.369826399024880459e+01 5.464117659080144129e+00
1.495410731313971020e+01 -2.080311302804158657e+00 1.369491126462767383e+01 5.461438611764376283e+00
1.495420339252471109e+01 -2.080310391523983338e+00 1.369495178922850620e+01 5.461525721893052854e+00
1.495596903491558116e+01 -2.081400638693310157e+00 1.369370723360934150e+01 5.460909332833271179e+00
1.497047388686534575e+01 -2.071052962137035269e+00 1.369778892607023835e+01 5.451600406653200892e+00
1.497048800252471779e+01 -2.071040565832793501e+00 1.369779428511377439e+01 5.451596300056916533e+00
1.497051280438266829e+01 -2.071030094941163746e+00 1.369779393443407045e+01 5.451573819629651929e+00
1.497054255733885064e+01 -2.071004808683455600e+00 1.369779314938430659e+01 5.451589479363672552e+00
1.497055694352111921e+01 -2.070992254314484526e+00 1.369779707967597560e+01 5.451595301980556307e+00
1.497057364719878336e+01 -2.070983975893534446e+00 1.369781013252839585e+01 5.451601634723862944e+00
1.497083894554457828e+01 -2.071051787941867062e+00 1.369805768469913332e+01 5.451668736595268960e+00
1.499201955788269025e+01 -2.061481975460811356e+00 1.369871984027266976e+01 5.470552554484966912e+00
1.499259615504692000e+01 -2.061481592331646517e+00 1.369871994108653368e+01 5.471129151513095756e+00
1.499267905070377083e+01 -2.061458646381281845e+00 1.369873814230511400e+01 5.471051602245345258e+00
1.499269270573763180e+01 -2.061458313543710119e+00 1.369873875328173973e+01 5.471065239542602043e+00
1.499270833165179262e+01 -2.061455844667404058e+00 1.369874328522040052e+01 5.471050490462117999e+00
1.499272361578583812e+01 -2.061462841624078557e+00 1.369874474979393497e+01 5.471063999806113465e+00
1.499275165041069258e+01 -2.061469468427236329e+00 1.369875350651779833e+01 5.471089794097300896e+00
1.499278188600021444e+01 -2.061455723534260098e+00 1.369873480070758021e+01 5.471109168344508333e+00
1.499280346648522944e+01 -2.061458999386672986e+00 1.369871605433805861e+01 5.471098991913200038e+00
1.499286333525424375e+01 -2.061453842404590731e+00 1.369871950038671748e+01 5.471158538531809334e+00
1.502542739891541146e+01 -2.046840666906446504e+00 1.371840341254855922e+01 5.492592552294842889e+00
1.523329841831698594e+01 -2.043465871469617223e+00 1.371213237409033070e+01 5.284843555812392957e+00
1.523332879771968607e+01 -2.043482425715818618e+00 1.371212547475458265e+01 5.284868076501767931e+00
1.523335739037003300e+01 -2.043486665828629700e+00 1.371213227751972141e+01 5.284840630491427049e+00
1.523337023727149919e+01 -2.043473974920900993e+00 1.371213284948176181e+01 5.284838718268186852e+00
