# 2*np.log[MAD(r)] for 100 flights; 1000 steps per flight; run 25 of 50; mu: 2.00; seed: 24
-2.336991864658878271e+01
-2.151190338564554949e+01
-2.092094048792744942e+01
-2.053325373298835288e+01
-1.982645732568225938e+01
-1.943175463375098388e+01
-1.931777397552001574e+01
-1.919860462865811712e+01
-1.874585253619521552e+01
-1.842416218569363551e+01
-1.793971123134598500e+01
-1.769291441664623221e+01
-1.739071926366341714e+01
-1.727740535405300193e+01
-1.729200009052049580e+01
-1.727818012411300330e+01
-1.719636231369754853e+01
-1.716842613149549024e+01
-1.688774011467396008e+01
-1.673733919831180472e+01
-1.673054612869871605e+01
-1.657613535976960506e+01
-1.661256310194344366e+01
-1.655009014936644718e+01
-1.644626537724139226e+01
-1.650257323729512393e+01
-1.617573000968005559e+01
-1.588236592986677564e+01
-1.579074409889341624e+01
-1.575133415073601562e+01
-1.548956100987667028e+01
-1.547997672027883986e+01
-1.546452804444341211e+01
-1.536496725215094017e+01
-1.523635200547906976e+01
-1.517028558460785170e+01
-1.526158075907733291e+01
-1.507508692109742476e+01
-1.504059187152784105e+01
-1.448361047845744665e+01
-1.444280722251589033e+01
-1.433150908023628212e+01
-1.431266524255820727e+01
-1.424186779915343415e+01
-1.418623877529498145e+01
-1.409875131018899275e+01
-1.411405214689876253e+01
-1.420115573695043132e+01
-1.416747876125723771e+01
-1.424571817397393936e+01
-1.435294855117696500e+01
-1.425790750680494945e+01
-1.432451692603718740e+01
-1.436747973351558727e+01
-1.436194260464421468e+01
-1.422238628326559962e+01
-1.414483916912339723e+01
-1.405075284014406378e+01
-1.406245402765113894e+01
-1.403080475929887072e+01
-1.404310783962094611e+01
-1.374927656759555283e+01
-1.373831816042530285e+01
-1.377929484082740252e+01
-1.359048582710227393e+01
-1.361545790408592538e+01
-1.363479285432118537e+01
-1.358273571146906455e+01
-1.368502880896886964e+01
-1.369231303578066949e+01
-1.358472510893916052e+01
-1.361444523408459162e+01
-1.362438913288514719e+01
-1.369672380265284772e+01
-1.350062671180798013e+01
-1.347058439159180487e+01
-1.351219133245214010e+01
-1.346958345106378729e+01
-1.345487242920751036e+01
-1.348109172934054278e+01
-1.346848161867424665e+01
-1.338544249753652871e+01
-1.346925927264154943e+01
-1.346896169484262806e+01
-1.338740690981110681e+01
-1.337133280923921674e+01
-1.320058585447331545e+01
-1.319161700043704322e+01
-1.330028083427657393e+01
-1.338848452013868950e+01
-1.337819181966589532e+01
-1.330376694106808522e+01
-1.322587529983539589e+01
-1.323569291776991363e+01
-1.319778895026044019e+01
-1.299727891819733472e+01
-1.300595671260392372e+01
-1.287749473004243406e+01
-1.284334063400193671e+01
-1.282792505635941893e+01
-1.280420989631536344e+01
-1.276775880690483156e+01
-1.277979100122693268e+01
-1.275647292229314012e+01
-1.276805483632840854e+01
-1.276060341719934321e+01
-1.285043573241062020e+01
-1.285572415477383323e+01
-1.278810376463104070e+01
-1.290868845803927734e+01
-1.289122478759712820e+01
-1.283377582316345489e+01
-1.283401509150946751e+01
-1.281789721544314098e+01
-1.276051209641294548e+01
-1.273368198174457078e+01
-1.270368422619507598e+01
-1.261174688789247078e+01
-1.255288343554754782e+01
-1.252016414165437475e+01
-1.254044868913347521e+01
-1.259836161916473962e+01
-1.246463635941832493e+01
-1.247452982424897350e+01
-1.247650668020548181e+01
-1.249621468106960087e+01
-1.242497333289892936e+01
-1.243220861953014200e+01
-1.241697542754930694e+01
-1.231403951188234736e+01
-1.235179891150708720e+01
-1.235492137194564144e+01
-1.238902975083786195e+01
-1.239423139860730316e+01
-1.233206541209363571e+01
-1.234866206253678911e+01
-1.226140610890668547e+01
-1.223331107084484870e+01
-1.222378991253781244e+01
-1.223370438543146044e+01
-1.204980760546600749e+01
-1.201338501105762369e+01
-1.191870805551906720e+01
-1.183080462468783978e+01
-1.180991512203042149e+01
-1.182423369836184257e+01
-1.169841248050892979e+01
-1.172611145315791426e+01
-1.167173407367986471e+01
-1.168867175797536540e+01
-1.172258331625647720e+01
-1.172107442454555581e+01
-1.170368425109495192e+01
-1.171061581065566770e+01
-1.171617377698114737e+01
-1.170268294761816996e+01
-1.170625623475370602e+01
-1.169614461739330658e+01
-1.173513506631697645e+01
-1.172917471876729145e+01
-1.173375816464932164e+01
-1.175956605072364702e+01
-1.169632527609947203e+01
-1.164512404869663342e+01
-1.161709060652199987e+01
-1.156896065884643754e+01
-1.157449049797702756e+01
-1.173931205129752442e+01
-1.162874194108640502e+01
-1.175976696526576681e+01
-1.164444760011307700e+01
-1.165973547854562398e+01
-1.161185127163986586e+01
-1.177087575088522620e+01
-1.176173414202102308e+01
-1.174452961087939684e+01
-1.172907003738643716e+01
-1.179698660345591676e+01
-1.178178235150491560e+01
-1.173624871457836605e+01
-1.172304595374747294e+01
-1.173311542958404452e+01
-1.174196804145349127e+01
-1.174953230078565092e+01
-1.174619440097492351e+01
-1.175244619796179713e+01
-1.175218358863474677e+01
-1.172529291571801480e+01
-1.173853639529029635e+01
-1.173472745543285889e+01
-1.175263521111712883e+01
-1.175138822801806704e+01
-1.175664119798626572e+01
-1.180005030309382796e+01
-1.182444515011960817e+01
-1.181683749192374577e+01
-1.180534567155237369e+01
-1.181254864161720697e+01
-1.181781199844781760e+01
-1.185149746234709767e+01
-1.190197630502004067e+01
-1.189833087144266344e+01
-1.194071415346197718e+01
-1.199678421501724834e+01
-1.201928333126979531e+01
-1.198740767679679742e+01
-1.198218785980973422e+01
-1.202326994938125715e+01
-1.202640378084376671e+01
-1.203937448969152513e+01
-1.204686685036808491e+01
-1.202334354943166694e+01
-1.207135735627452711e+01
-1.211547052857915041e+01
-1.201468867033419308e+01
-1.211364762964152142e+01
-1.212937483200084365e+01
-1.212763835513375277e+01
-1.210084862406001349e+01
-1.209634685980501700e+01
-1.203772397495111335e+01
-1.199463435609938600e+01
-1.197457995759378058e+01
-1.192653447255172949e+01
-1.192750020888131246e+01
-1.182059975462349222e+01
-1.194325748545350585e+01
-1.192092127677098823e+01
-1.184195733959519714e+01
-1.184889764992075811e+01
-1.178345704724710075e+01
-1.185584229272485146e+01
-1.162986598291746532e+01
-1.162079499413659889e+01
-1.161152794467075289e+01
-1.167056688730171388e+01
-1.166264128904710518e+01
-1.166910747419992056e+01
-1.166569352636897250e+01
-1.167556989607773765e+01
-1.169969266419653664e+01
-1.170934928721730195e+01
-1.168819912621673751e+01
-1.164909626519631303e+01
-1.165261295046903989e+01
-1.160855962501394423e+01
-1.162987107794356945e+01
-1.163889677717793347e+01
-1.166317579299510498e+01
-1.155073274084783463e+01
-1.156058765195121651e+01
-1.162152422850404676e+01
-1.175093814094297784e+01
-1.157227105617808327e+01
-1.156112968852680289e+01
-1.153737831174142237e+01
-1.150876425957025084e+01
-1.138896987916428216e+01
-1.140559892311586054e+01
-1.142031755910503676e+01
-1.140969838874007358e+01
-1.136547289503498703e+01
-1.132284830618196558e+01
-1.132321309931863595e+01
-1.131036308897537523e+01
-1.131764281226518776e+01
-1.131417969728906137e+01
-1.129041913938966246e+01
-1.129827347890049616e+01
-1.129733425558940318e+01
-1.129792344762801370e+01
-1.132944494149920978e+01
-1.133329972151580556e+01
-1.128956897714488150e+01
-1.129861930033603912e+01
-1.122127553664722655e+01
-1.123793054246790923e+01
-1.123864850350375555e+01
-1.123607082467983354e+01
-1.123109094452212098e+01
-1.122344546719879688e+01
-1.121419253475563771e+01
-1.118731849783562460e+01
-1.117725721341342471e+01
-1.115612760034907858e+01
-1.115296943036910271e+01
-1.126167097750968971e+01
-1.129747250710808437e+01
-1.130529724023148397e+01
-1.129178532718504613e+01
-1.129173300870512975e+01
-1.133409913162820537e+01
-1.111817489610534615e+01
-1.119713004891213970e+01
-1.118753581713795064e+01
-1.117600044176423957e+01
-1.096919741218651545e+01
-1.096359867734966187e+01
-1.097754973595731265e+01
-1.098412570394589416e+01
-1.099480733355814621e+01
-1.091967801847419572e+01
-1.092971723471183765e+01
-1.093127259081997416e+01
-1.093394719095121381e+01
-1.097750940936334096e+01
-1.098627271002790451e+01
-1.101074298042276745e+01
-1.104695320244737644e+01
-1.103936650730777380e+01
-1.105386568468454911e+01
-1.101959892346616066e+01
-1.097321172630040742e+01
-1.099561813794379184e+01
-1.100678443673900730e+01
-1.098374065350489204e+01
-1.099764666428447413e+01
-1.096961218395630411e+01
-1.082650174576188284e+01
-1.074528369423575391e+01
-1.074229059008683151e+01
-1.072414665907430908e+01
-1.070863074106238422e+01
-1.070433533036924345e+01
-1.067298360664472412e+01
-1.070658684917590264e+01
-1.068487931852411599e+01
-1.069460891328568231e+01
-1.069420611760277851e+01
-1.069793888961641670e+01
-1.070245966628677436e+01
-1.080817163804766601e+01
-1.089646779229897788e+01
-1.074927551344743648e+01
-1.074454322695099506e+01
-1.076006575231396312e+01
-1.078337160757222613e+01
-1.079729607449833040e+01
-1.080012904710299004e+01
-1.075314612292854122e+01
-1.075250314970746324e+01
-1.081433828809966613e+01
-1.081793726132546674e+01
-1.085436847853576658e+01
-1.085375530414191303e+01
-1.085770475617435515e+01
-1.082242327645502122e+01
-1.080778546579391985e+01
-1.087873743813469929e+01
-1.087204968899133739e+01
-1.090297386797621648e+01
-1.086112165274244035e+01
-1.088602452548335542e+01
-1.088211466935708316e+01
-1.096821843697414067e+01
-1.096153775532663843e+01
-1.096752004638783262e+01
-1.097284584936651086e+01
-1.094957149907858884e+01
-1.096086842000423189e+01
-1.094543702920578987e+01
-1.097685212549557043e+01
-1.096352842188480103e+01
-1.085584669857970397e+01
-1.084800978564544138e+01
-1.086409822899622135e+01
-1.088222504081915964e+01
-1.090606701933156231e+01
-1.092955189835322471e+01
-1.094368028350401900e+01
-1.096196160139489884e+01
-1.093391620578896450e+01
-1.093220639575454278e+01
-1.093248965079849633e+01
-1.102008563018874199e+01
-1.105421229163122021e+01
-1.106168007440020595e+01
-1.105832555141270923e+01
-1.106069317576869082e+01
-1.103567911235561105e+01
-1.105427026405402380e+01
-1.102533655733473417e+01
-1.100642876140216941e+01
-1.101674990889869932e+01
-1.092003121170760060e+01
-1.091052401330561672e+01
-1.091504662533052183e+01
-1.094596284643199091e+01
-1.094489282281212361e+01
-1.091418075097229412e+01
-1.091797088513614788e+01
-1.092199435784050543e+01
-1.092628433795661813e+01
-1.092359910070243600e+01
-1.093045902956937176e+01
-1.091962202131974280e+01
-1.093096101773555340e+01
-1.093619293678565718e+01
-1.087201691659974045e+01
-1.090672485632559763e+01
-1.092285135534277885e+01
-1.093475672794785325e+01
-1.090782864698872778e+01
-1.096135482759367008e+01
-1.093396798671951586e+01
-1.092390269316782891e+01
-1.090798075208769546e+01
-1.090553640784412792e+01
-1.087720725046432690e+01
-1.088448873533170946e+01
-1.086432897005377463e+01
-1.086662014961606815e+01
-1.086829773142618016e+01
-1.088680630660606319e+01
-1.089904215411655031e+01
-1.098028012974195455e+01
-1.098535549167920067e+01
-1.096936682889648829e+01
-1.099842982702326211e+01
-1.102964004868273484e+01
-1.102543684100753651e+01
-1.102606793353821679e+01
-1.102538444328047973e+01
-1.101030504564117152e+01
-1.101441053991924868e+01
-1.101346707699014971e+01
-1.101258267316072725e+01
-1.100245638801715842e+01
-1.100232777274430518e+01
-1.101907645541237457e+01
-1.095403625389799629e+01
-1.102324701471795265e+01
-1.100411430969313464e+01
-1.094817361871580097e+01
-1.100738205431667360e+01
-1.100284042091603176e+01
-1.099471580398126136e+01
-1.098683296555059030e+01
-1.100281983322270740e+01
-1.099676074274630189e+01
-1.099927939518392606e+01
-1.099818652955316445e+01
-1.099842587845069808e+01
-1.098901499974146212e+01
-1.098873340874357929e+01
-1.095313914494317942e+01
-1.098730775434928830e+01
-1.094859321972735522e+01
-1.093033236374551898e+01
-1.095517850568564278e+01
-1.092556668231251926e+01
-1.087030891278638833e+01
-1.080874451287788851e+01
-1.081821057208173720e+01
-1.082334922949739742e+01
-1.080602332739694127e+01
-1.081453397313779696e+01
-1.079608564953280414e+01
-1.069817662095419841e+01
-1.069847171750294912e+01
-1.069734787671010068e+01
-1.069967801991772838e+01
-1.072000240661286696e+01
-1.065161077720692795e+01
-1.064628614544032637e+01
-1.063212576756504824e+01
-1.060789544811326834e+01
-1.060442754011612365e+01
-1.056274120735042565e+01
-1.055339217820427677e+01
-1.056468788199436837e+01
-1.059013984917453577e+01
-1.058832282047780105e+01
-1.058937531203244653e+01
-1.058350878015618157e+01
-1.060017954622780323e+01
-1.065188607039100255e+01
-1.066940561412521937e+01
-1.066940708824710704e+01
-1.067653274744580294e+01
-1.070767028994623615e+01
-1.069241324013156813e+01
-1.069794035919506747e+01
-1.069916191983915787e+01
-1.062318951825848146e+01
-1.063435754411959167e+01
-1.060099633973307398e+01
-1.060145886674039239e+01
-1.057019717067895392e+01
-1.056614200672312265e+01
-1.044798208644784943e+01
-1.044129080766068185e+01
-1.045502650531062905e+01
-1.039822496140743269e+01
-1.039498800025646652e+01
-1.043010612096418477e+01
-1.043662392308183406e+01
-1.044070897587872082e+01
-1.042849951082189008e+01
-1.042312911895720084e+01
-1.043902384351529555e+01
-1.052122379372463712e+01
-1.052011332043165481e+01
-1.057225575413287721e+01
-1.050885959608968356e+01
-1.051635807348878693e+01
-1.042194932575210231e+01
-1.042922416450212353e+01
-1.040022360900066722e+01
-1.041598348513016070e+01
-1.038885591885699355e+01
-1.028782479929799720e+01
-1.031679867095369119e+01
-1.031588312028321575e+01
-1.030217740909473356e+01
-1.030562679986887176e+01
-1.032080428423150842e+01
-1.031734830987193341e+01
-1.032796881330908612e+01
-1.034196179335383370e+01
-1.036842052280120008e+01
-1.036834617211055942e+01
-1.037826244357106020e+01
-1.037807424890887731e+01
-1.039589374123769971e+01
-1.044987735024475661e+01
-1.045317286712114679e+01
-1.038642476690216654e+01
-1.046160314306664496e+01
-1.047260581156594483e+01
-1.050231333129851663e+01
-1.047880003977664209e+01
-1.048264954640244717e+01
-1.049955475766898516e+01
-1.050516148607409228e+01
-1.050734406059701165e+01
-1.050129854455808598e+01
-1.050799201913025627e+01
-1.050866247726309233e+01
-1.049732903319434740e+01
-1.048713089623332451e+01
-1.046424333698457687e+01
-1.047392949872321388e+01
-1.047734870777535043e+01
-1.048145309556987570e+01
-1.047164749908596093e+01
-1.048458794892341039e+01
-1.048648753893111163e+01
-1.048343290131684213e+01
-1.043225842281444571e+01
-1.036456843281338536e+01
-1.042003140823862317e+01
-1.042061081521580945e+01
-1.037581533679841606e+01
-1.034175615093137068e+01
-1.035979389583645194e+01
-1.035121749279214498e+01
-1.035001307986417984e+01
-1.034168555994725303e+01
-1.038157846748339885e+01
-1.035538134760595774e+01
-1.030523605986019398e+01
-1.030527314448499432e+01
-1.030756905479087671e+01
-1.031097498618259323e+01
-1.030942602032588518e+01
-1.030999676187924408e+01
-1.030737133138898010e+01
-1.030893636677751424e+01
-1.031329488896352586e+01
-1.021021044261107136e+01
-1.020413268476611890e+01
-1.007942079926772116e+01
-1.006850387877078923e+01
-9.973757787897021387e+00
-9.979542124641714196e+00
-9.980349379468124837e+00
-9.982282049272305002e+00
-9.978812793672965142e+00
-9.979991620722927337e+00
-9.998243818297643415e+00
-9.989454086177145697e+00
-9.987868547626574056e+00
-9.986163669668037812e+00
-9.997338796095004199e+00
-9.987414322018763002e+00
-9.988937387818053182e+00
-1.004831910970460740e+01
-1.004415527415017628e+01
-1.004114314823825715e+01
-1.009600593849253514e+01
-1.013197936634896656e+01
-1.012345627691398597e+01
-1.012125779842987505e+01
-1.012886436636808440e+01
-1.010193796461735261e+01
-9.998492743646432146e+00
-9.994281246754272985e+00
-1.006778376404709974e+01
-1.007894933737908971e+01
-1.006975679341375773e+01
-1.005466536481747397e+01
-1.005656968961897135e+01
-1.002946402209429344e+01
-9.904449610468377685e+00
-9.901413938127204162e+00
-9.943525557520379365e+00
-9.935423509778630091e+00
-9.941882511258747002e+00
-9.950243246042447254e+00
-9.933581814440325175e+00
-9.921775845683683315e+00
-9.938682438544695685e+00
-9.913931893185456090e+00
-9.915077880286277789e+00
-9.919112380688737574e+00
-9.920520275358947870e+00
-9.904478647086520482e+00
-9.907222042794455064e+00
-9.879201830103180981e+00
-9.880052462294154125e+00
-9.879102951696864920e+00
-9.877777978596968822e+00
-9.882331243529026921e+00
-9.870826638748649628e+00
-9.873218943664834768e+00
-9.877767032709650508e+00
-9.876429219792639103e+00
-9.883634614243760552e+00
-9.873807287447913694e+00
-9.881096067950808859e+00
-9.877400789737365017e+00
-9.870265386701811750e+00
-9.867678202578030522e+00
-9.867026353444872555e+00
-9.870121298515352137e+00
-9.867598766576659131e+00
-9.862380709722305738e+00
-9.852114377903733455e+00
-9.847858118142744033e+00
-9.851365109479633730e+00
-9.858905148579149014e+00
-9.858053566002965340e+00
-9.853840884828063196e+00
-9.852394033473814261e+00
-9.855946234258729177e+00
-9.843308751942100088e+00
-9.867150376331471406e+00
-9.857546089182333660e+00
-9.952893469719443331e+00
-9.959712242815173866e+00
-9.872922107449694451e+00
-9.877844938363095295e+00
-9.935309154981259994e+00
-9.888524811137571646e+00
-9.882427849119135743e+00
-9.887439161400212839e+00
-9.884588182355924957e+00
-9.889947564311990291e+00
-9.882683794803144295e+00
-9.879774875173113813e+00
-9.884114295329975874e+00
-9.880650855541688315e+00
-9.817818989561336807e+00
-9.805119424012804785e+00
-9.806797871313305492e+00
-9.857902567022753360e+00
-9.863722572933941279e+00
-9.860417800033069113e+00
-9.827921048645050561e+00
-9.825903861344459145e+00
-9.821513353487040021e+00
-9.820905318756796731e+00
-9.826401641758158334e+00
-9.825012974787613373e+00
-9.825657716354408322e+00
-9.822658128973412062e+00
-9.821797660195707991e+00
-9.736386642009037473e+00
-9.746824344648731042e+00
-9.775556865567965659e+00
-9.782690980481323351e+00
-9.803511153694355329e+00
-9.796095724374616509e+00
-9.793829121528407455e+00
-9.794304600456433363e+00
-9.787949459320149259e+00
-9.807374107750888470e+00
-9.826941062211600908e+00
-9.818566997626145820e+00
-9.821460806656677534e+00
-9.721364046718440122e+00
-9.719795341297864155e+00
-9.721979240725978855e+00
-9.776335374263135591e+00
-9.765013217805728729e+00
-9.786833043635953189e+00
-9.799519940532469775e+00
-9.796572359502574656e+00
-9.819766360926328375e+00
-9.819039381284063950e+00
-9.840224522904151172e+00
-9.843955357566729347e+00
-9.848417758085249218e+00
-9.851628580201301943e+00
-9.867885132285895367e+00
-9.849407956050134416e+00
-9.855729934259866099e+00
-9.789111611832478133e+00
-9.786116309498371635e+00
-9.790601603322139468e+00
-9.799997802556312365e+00
-9.793784319764270663e+00
-9.775263884497672251e+00
-9.763408225163304976e+00
-9.756636486234437911e+00
-9.760883967832549857e+00
-9.751444001409845797e+00
-9.757864081600866157e+00
-9.868386146323244290e+00
-9.770903532962375238e+00
-9.764724110885119046e+00
-9.767258217752448957e+00
-9.768854492771861686e+00
-9.758889516777227158e+00
-9.765993416141949268e+00
-9.749710140212286547e+00
-9.758159478291684508e+00
-9.766349867055481582e+00
-9.763243513625804226e+00
-9.777510770390930972e+00
-9.786322755988271282e+00
-9.731745797088040106e+00
-9.730968823908089149e+00
-9.722011422391014790e+00
-9.712798489078156905e+00
-9.723318824662067428e+00
-9.701899342733634413e+00
-9.705408874660754748e+00
-9.716316228205837291e+00
-9.720859356220882930e+00
-9.712818294157981924e+00
-9.708911555456770870e+00
-9.706327830058247841e+00
-9.709211033135023428e+00
-9.706431212237227157e+00
-9.707414071289278468e+00
-9.706288102567530274e+00
-9.705132009369538792e+00
-9.654283702927209276e+00
-9.706744913814986830e+00
-9.736762211642863818e+00
-9.687788862148501323e+00
-9.700417172171533764e+00
-9.700196334989653835e+00
-9.705006164827249648e+00
-9.716070621475507707e+00
-9.700652638768747948e+00
-9.630231402699415355e+00
-9.633929592011609699e+00
-9.622513015926374536e+00
-9.577143920787342779e+00
-9.573851600017000862e+00
-9.569714149541308501e+00
-9.573413132433937989e+00
-9.579464569380464312e+00
-9.578426186680824017e+00
-9.491309493969929179e+00
-9.492928786349731141e+00
-9.488596732540404588e+00
-9.493060906527608367e+00
-9.414726793536374316e+00
-9.413450733365735346e+00
-9.413499369627656321e+00
-9.422892097615111595e+00
-9.432864761420972854e+00
-9.424879284012510183e+00
-9.421268445057872754e+00
-9.425204904651662829e+00
-9.423069399080848285e+00
-9.432944801227385767e+00
-9.431349743177808165e+00
-9.439145626479659157e+00
-9.441195519180560325e+00
-9.439732413766423136e+00
-9.413194403585610104e+00
-9.404138829213632533e+00
-9.407985881943131901e+00
-9.410122198442252284e+00
-9.393319262518849300e+00
-9.427215251414581942e+00
-9.428682230072697124e+00
-9.434708745573436417e+00
-9.436873390190189781e+00
-9.453730499022288569e+00
-9.457006479315143821e+00
-9.449207541063543658e+00
-9.449676058518955202e+00
-9.471556827305152026e+00
-9.400145222918398602e+00
-9.411531293250497754e+00
-9.429715565706402458e+00
-9.427758199364406622e+00
-9.428503268626160505e+00
-9.429675925294388250e+00
-9.432828665354325182e+00
-9.406998494483232776e+00
-9.400190157734378715e+00
-9.386318979414788544e+00
-9.353880542251513219e+00
-9.343278660582535977e+00
-9.350011506771643610e+00
-9.332014958335406618e+00
-9.322726621533654168e+00
-9.322734866405751220e+00
-9.321769923188158558e+00
-9.335344291203313105e+00
-9.332608051302045737e+00
-9.332221430268170081e+00
-9.331915804626467192e+00
-9.290415014552623418e+00
-9.286083712888320463e+00
-9.290745239230172814e+00
-9.278037056686502027e+00
-9.276542306531807114e+00
-9.274169130078270484e+00
-9.255865046282863773e+00
-9.207923028894036577e+00
-9.199264886706458810e+00
-9.204668971981417869e+00
-9.357358002795185925e+00
-9.339551259137675032e+00
-9.343269310666929783e+00
-9.319193498071134840e+00
-9.315517711113626476e+00
-9.316053627536666326e+00
-9.314908749385899966e+00
-9.316229924172219512e+00
-9.313752207910185987e+00
-9.316073667388165447e+00
-9.304098601096104204e+00
-9.303764820577020700e+00
-9.257064188043747421e+00
-9.279191381643656200e+00
-9.277704068465709497e+00
-9.301715055876147886e+00
-9.306147864842170492e+00
-9.326611620537768488e+00
-9.300055383655903896e+00
-9.301252884310287072e+00
-9.303166515410676851e+00
-9.293555962948733651e+00
-9.287725164857498328e+00
-9.285061059207478706e+00
-9.283957845720369306e+00
-9.280915565721931770e+00
-9.301326650529480489e+00
-9.301052641108903174e+00
-9.312842318269984432e+00
-9.312294784037103312e+00
-9.310348193452583132e+00
-9.302140943843895116e+00
-9.177091454589595187e+00
-9.182459984323466884e+00
-9.178106550543990494e+00
-9.179348422481046654e+00
-9.174795455779666042e+00
-9.145238536405443597e+00
-9.138841179909308110e+00
-9.140907410480041406e+00
-9.139127335357395410e+00
-9.138890374726758026e+00
-9.134948961467971529e+00
-9.137984433326089118e+00
-9.113473399737443970e+00
-9.112114954281938850e+00
-9.109226967564380217e+00
-9.168433073341889283e+00
-9.163309304976932523e+00
-9.167915932004770951e+00
-9.165159668005626870e+00
-9.149400915594730677e+00
-9.150486766767812696e+00
-9.152322567866683301e+00
-9.156600840645470640e+00
-9.108638161166481950e+00
-9.105365390431817474e+00
-9.114564036245411671e+00
-9.116412357310755610e+00
-9.115495268453559063e+00
-9.116419840237249161e+00
-9.113265968237604042e+00
-9.114418603398370067e+00
-9.131959614130680691e+00
-9.130563242308504357e+00
-9.129411326942015847e+00
-9.129183983379451917e+00
-9.122631096043528842e+00
-9.122501892653916755e+00
-9.125843693719904337e+00
-9.129806230617427687e+00
-9.129175513938070807e+00
-9.102054116362168656e+00
-9.112679948299808430e+00
-9.113916169589487026e+00
-9.118633518624369216e+00
-9.113789131684180589e+00
-9.100371890729654467e+00
-9.052168361928027096e+00
-9.050913128529428420e+00
-9.066222648438293064e+00
-9.060305626153656533e+00
-9.058212688021995973e+00
-9.061379002147971207e+00
-9.058231204821806770e+00
-9.065436693834518778e+00
-9.039922302359048700e+00
-9.043701955870695031e+00
-9.048648418687649908e+00
-9.047163881842982036e+00
-9.039611079359849199e+00
-9.143199775750879610e+00
-9.145009963211414572e+00
-9.185870745605912546e+00
-9.174864776579243042e+00
-9.182067354323065089e+00
-9.180772877083203554e+00
-9.289484797687943995e+00
-9.294639695101457377e+00
-9.290458602725234272e+00
-9.292537098915616411e+00
-9.294335522548344386e+00
-9.291912311505075905e+00
-9.288597267198815288e+00
-9.298388436384827926e+00
-9.277545964318809624e+00
-9.290518731234579164e+00
-9.293094242546356298e+00
-9.297294481722952142e+00
-9.308817656789379669e+00
-9.305915114573465985e+00
-9.329398304901417305e+00
-9.322530719476000982e+00
-9.320299042841464043e+00
-9.334549697738173890e+00
-9.328710038725025910e+00
-9.331452822307548800e+00
-9.322634834513840119e+00
-9.318816596926124518e+00
-9.321558316860262039e+00
-9.276358321598822343e+00
-9.281540756604098164e+00
-9.272280120516210644e+00
-9.269093327307059482e+00
-9.265696836251244406e+00
-9.262100310643962331e+00
-9.266001167959306173e+00
-9.257437978903825027e+00
-9.151526943797383851e+00
-9.156850246515238823e+00
-9.157483385801647557e+00
-9.155881544956748996e+00
-9.267041094669378865e+00
-9.326901544730668903e+00
-9.310153084559782855e+00
-9.305524609529349789e+00
-9.302208208901365794e+00
-9.296315164135121378e+00
-9.286160516011067401e+00
-9.284505773312522692e+00
-9.285327784053652778e+00
-9.285497915186354589e+00
-9.280983037559126458e+00
-9.277556294003328929e+00
-9.290864030904685933e+00
-9.282505510818394256e+00
-9.291597726643843203e+00
-9.289505786481011995e+00
-9.293206913712143802e+00
-9.288711642879640351e+00
-9.285069986874528780e+00
-9.290670731661881732e+00
-9.202008500018028059e+00
-9.201909697908130070e+00
-9.199504788127249810e+00
-9.188757205839701570e+00
-9.188103955159117930e+00
-9.197348441735520908e+00
-9.219723299926245730e+00
-9.221947575970139255e+00
-9.204089074511733415e+00
-9.203306754241214804e+00
-9.207814867932247793e+00
-9.216260309529877404e+00
-9.215323514857514553e+00
-9.218462449266693781e+00
-9.221500605653185190e+00
-9.226531831916828352e+00
-9.229726837686218488e+00
-9.230995768366897281e+00
