# 2*np.log[MAD(r)] for 100 flights; 1000 steps per flight; run 13 of 50; mu: 2.00; seed: 12
-2.340259325403348356e+01
-2.151792030898047514e+01
-2.058686219155769948e+01
-1.980380142691419110e+01
-1.966577564910183185e+01
-1.962407142022430051e+01
-1.914786955172620964e+01
-1.851727333861246194e+01
-1.773914903363742113e+01
-1.766637699635694148e+01
-1.773562590928801086e+01
-1.770356707487830761e+01
-1.773971060848154835e+01
-1.744964374465759960e+01
-1.729139384636969368e+01
-1.727467673930131653e+01
-1.711926768232427776e+01
-1.715460867919871646e+01
-1.718047792658905593e+01
-1.700318118910118770e+01
-1.670844379895640941e+01
-1.677815694648166556e+01
-1.682896012993510482e+01
-1.678820070501602402e+01
-1.694391966024939578e+01
-1.682274072253365915e+01
-1.650751780058725160e+01
-1.646703150989527842e+01
-1.643017995153703126e+01
-1.633659682835411431e+01
-1.644990362315853716e+01
-1.622641537600676287e+01
-1.621418454534708431e+01
-1.623897022498149312e+01
-1.619013217950219996e+01
-1.621763970767585050e+01
-1.603047199148226198e+01
-1.603782973319654914e+01
-1.616032675643666394e+01
-1.603288890059792848e+01
-1.589825405902208821e+01
-1.576561131914192515e+01
-1.561297929669445850e+01
-1.562974116924636547e+01
-1.562970535176444997e+01
-1.551405963428941170e+01
-1.545065359545699835e+01
-1.520645671470852278e+01
-1.528250932871055845e+01
-1.526829210275470849e+01
-1.524445100586127033e+01
-1.520415081898102549e+01
-1.515767802402268671e+01
-1.515771001673553542e+01
-1.511432950912517903e+01
-1.496586685866487620e+01
-1.497342179910145887e+01
-1.505254266673818186e+01
-1.495859071174231936e+01
-1.494782588906089948e+01
-1.496187550500061114e+01
-1.493138513788051114e+01
-1.485561462627337193e+01
-1.486908019010507331e+01
-1.466664090110707619e+01
-1.472572585752275387e+01
-1.469245767075302567e+01
-1.464473222407763231e+01
-1.463878644804868046e+01
-1.454827022965644545e+01
-1.452529803974879918e+01
-1.447697697899028846e+01
-1.445725017553099079e+01
-1.452070949953485979e+01
-1.447636733531069098e+01
-1.445620001278825129e+01
-1.452174131693465853e+01
-1.448369360164251063e+01
-1.440358693399649148e+01
-1.439404653988961158e+01
-1.433692750408545713e+01
-1.435720670272331390e+01
-1.438765182881184046e+01
-1.435571742721074351e+01
-1.439815772979846109e+01
-1.438071592695185785e+01
-1.418493702349173802e+01
-1.413875014694192878e+01
-1.418580211002838709e+01
-1.425276685320780423e+01
-1.411084171025542489e+01
-1.411344389193218340e+01
-1.417221518601905217e+01
-1.409648620802034991e+01
-1.415684992842358270e+01
-1.412577567814189372e+01
-1.415851438106566107e+01
-1.378912295724437165e+01
-1.376046913758027479e+01
-1.382366513911711614e+01
-1.389157479691423980e+01
-1.379763876470685169e+01
-1.381857529062665968e+01
-1.384967538441869905e+01
-1.385190959026194335e+01
-1.393556801902649944e+01
-1.388526297710989788e+01
-1.389390863800283427e+01
-1.390219888621499855e+01
-1.390229806964541126e+01
-1.394615742145341564e+01
-1.393433908699715928e+01
-1.391075871335820757e+01
-1.391665108068577617e+01
-1.397957798248090633e+01
-1.396978177950706623e+01
-1.391708711879991078e+01
-1.388726846433558926e+01
-1.369455483439721100e+01
-1.363061970951940438e+01
-1.360880256235408048e+01
-1.361176683865739356e+01
-1.350179133336476767e+01
-1.348547130978826303e+01
-1.354045386184457200e+01
-1.361380365681117866e+01
-1.362150892995637186e+01
-1.356165002650765139e+01
-1.357677348166805587e+01
-1.359246038886956853e+01
-1.357775475000601162e+01
-1.360593461078274835e+01
-1.356067636629304829e+01
-1.365685776673808682e+01
-1.367709767579447977e+01
-1.362214626958256858e+01
-1.356130609965888745e+01
-1.343951282610435882e+01
-1.338271571146425032e+01
-1.342587754572859282e+01
-1.336796415053964004e+01
-1.338087029721241450e+01
-1.338568887579759448e+01
-1.331790223544586027e+01
-1.331218249835173673e+01
-1.327322613958175701e+01
-1.326444764333494852e+01
-1.306653047153222147e+01
-1.296802345070092777e+01
-1.296475618106753913e+01
-1.299051573475470356e+01
-1.300965532784597656e+01
-1.299684647725025499e+01
-1.294412236484044065e+01
-1.290932026839076130e+01
-1.295588052788098565e+01
-1.298173517651590636e+01
-1.298279950187593101e+01
-1.299865560909769080e+01
-1.305256044544000638e+01
-1.297819380862307881e+01
-1.299097804707301407e+01
-1.304982257614773111e+01
-1.295227374079185267e+01
-1.289081194944979636e+01
-1.290085038880319601e+01
-1.287702419247929875e+01
-1.278110227188703263e+01
-1.274657552030343233e+01
-1.280576872771964680e+01
-1.281098956364504104e+01
-1.282065946140612311e+01
-1.281680588477441951e+01
-1.279930911364342627e+01
-1.267700900156861721e+01
-1.264488724573877754e+01
-1.267278420294239005e+01
-1.269485193825035196e+01
-1.272429464177945313e+01
-1.275728458552561939e+01
-1.264036278049880302e+01
-1.267473228208899272e+01
-1.269991052945957577e+01
-1.273405143140872653e+01
-1.270584977179778896e+01
-1.266724176645758249e+01
-1.260706993911412788e+01
-1.257896608217699175e+01
-1.255723223657310150e+01
-1.255446361731277882e+01
-1.248305106040094969e+01
-1.243048324394855086e+01
-1.242363234244245618e+01
-1.250437480322849559e+01
-1.237935327572070499e+01
-1.236606226070363945e+01
-1.231237406814607560e+01
-1.240791472350858449e+01
-1.237032275962517858e+01
-1.238871745743466413e+01
-1.236869389515208439e+01
-1.233394960367133919e+01
-1.234268276349979132e+01
-1.234387386843373058e+01
-1.229454676051641648e+01
-1.229816841330837107e+01
-1.229328778709014536e+01
-1.229765933730464056e+01
-1.234289946137721294e+01
-1.234735391048784336e+01
-1.234939872237872471e+01
-1.229962891422713867e+01
-1.223029863798606520e+01
-1.223582463514063257e+01
-1.229807989192109474e+01
-1.228638586439519464e+01
-1.226686563635887239e+01
-1.227800279779902759e+01
-1.227749974795150223e+01
-1.223280683470417607e+01
-1.221185843671040061e+01
-1.218889655668313310e+01
-1.220759558148383839e+01
-1.220131165480952795e+01
-1.218377719883940102e+01
-1.222339464021282573e+01
-1.219229260045964303e+01
-1.221528016576489506e+01
-1.220058239288744240e+01
-1.218736177342398719e+01
-1.217015728458947876e+01
-1.217014266513069920e+01
-1.218108907478074876e+01
-1.207850659846337749e+01
-1.207381978689125290e+01
-1.218535778530539915e+01
-1.218881788522531728e+01
-1.203301542175125682e+01
-1.183601641386713155e+01
-1.184447621509555937e+01
-1.183726832571080045e+01
-1.181429105289794101e+01
-1.187043357057395632e+01
-1.193703673631117645e+01
-1.192832722973787973e+01
-1.190729354716770239e+01
-1.181807574101642722e+01
-1.182425406310526483e+01
-1.180422816146016451e+01
-1.185748366582184232e+01
-1.183953143441498668e+01
-1.187090620544069530e+01
-1.189800670646962821e+01
-1.192793313030952085e+01
-1.178836905042243544e+01
-1.185404766745324956e+01
-1.189800114240244611e+01
-1.170309828240353056e+01
-1.170937190767940983e+01
-1.170932077531611526e+01
-1.170531334653743549e+01
-1.169758665991810531e+01
-1.170683631116070522e+01
-1.168962498120513871e+01
-1.171928762075395980e+01
-1.181151869105021213e+01
-1.181410233705779333e+01
-1.177392477720808195e+01
-1.169794433184422289e+01
-1.168458971618790621e+01
-1.170067053210200569e+01
-1.169200287814901174e+01
-1.168594342852969881e+01
-1.167907946249938078e+01
-1.169812505062994212e+01
-1.169864119539031755e+01
-1.173979865764894726e+01
-1.171486254827737206e+01
-1.172082265056460670e+01
-1.172620375627540845e+01
-1.171488277121543575e+01
-1.169529054228101472e+01
-1.165579547534585281e+01
-1.168421475368473139e+01
-1.169163101817524719e+01
-1.170174707689572990e+01
-1.167980556195344555e+01
-1.153904569743520625e+01
-1.154527928317808971e+01
-1.153476270387118419e+01
-1.154393007440136998e+01
-1.156213069562415363e+01
-1.156253644824126425e+01
-1.154034565403797785e+01
-1.152223970795660435e+01
-1.153146785109120387e+01
-1.157239769048740641e+01
-1.158699258190053349e+01
-1.158528342751376883e+01
-1.159143670999092635e+01
-1.160888043221433641e+01
-1.164111777204246678e+01
-1.162750475685455420e+01
-1.157731244751545319e+01
-1.154026447031205294e+01
-1.151030146357438078e+01
-1.149277433241964452e+01
-1.155908583549273949e+01
-1.153437495198721763e+01
-1.144650240276991049e+01
-1.132678241449757905e+01
-1.133215666074266714e+01
-1.125996430900962331e+01
-1.122295016961300185e+01
-1.122298514282931237e+01
-1.123923613016894585e+01
-1.124626295278994093e+01
-1.124331758720108709e+01
-1.127671868471054673e+01
-1.129259091590363440e+01
-1.129463973637697727e+01
-1.111407452237436289e+01
-1.116839215812140296e+01
-1.117504918212416065e+01
-1.116720564699245877e+01
-1.116295286567009448e+01
-1.123625462974410461e+01
-1.124102530768424479e+01
-1.130530163265623500e+01
-1.117955493267300326e+01
-1.117362497373536279e+01
-1.114925967980474475e+01
-1.113566584792221548e+01
-1.105188959383551861e+01
-1.106098368930233455e+01
-1.106233333287191911e+01
-1.106444736140427665e+01
-1.106603275909230355e+01
-1.110094514685132339e+01
-1.108632867013872314e+01
-1.105256606163292687e+01
-1.103333884238828944e+01
-1.108197892148323049e+01
-1.108723094689334054e+01
-1.109570880782943370e+01
-1.106960086628507689e+01
-1.107862496542334796e+01
-1.111198568075267801e+01
-1.098662123515614120e+01
-1.098903522914305420e+01
-1.096962374306201582e+01
-1.097722419398825267e+01
-1.109827782237534954e+01
-1.108431002048221714e+01
-1.108570904272213653e+01
-1.099023475842347963e+01
-1.096907470580411292e+01
-1.096825365467540436e+01
-1.098590544613266218e+01
-1.094313053406732017e+01
-1.093519131409727230e+01
-1.087943109246812412e+01
-1.086656213837507323e+01
-1.080947517171586902e+01
-1.080840684895637516e+01
-1.082000381082224649e+01
-1.074769477321858879e+01
-1.068078739433854096e+01
-1.059151048124953931e+01
-1.060387719282663710e+01
-1.059227390481166786e+01
-1.060201585189403239e+01
-1.060834765577898153e+01
-1.060028689095599574e+01
-1.060617525207898026e+01
-1.062197802655225942e+01
-1.061296504123819062e+01
-1.062311977085626147e+01
-1.062989607713913998e+01
-1.063054697662422932e+01
-1.063561226714504748e+01
-1.070333723784814062e+01
-1.078483816949106355e+01
-1.075277291670278856e+01
-1.074684501267615921e+01
-1.075776698951361254e+01
-1.079423496880806077e+01
-1.073287339196233425e+01
-1.068402496211121644e+01
-1.068912822861291367e+01
-1.068700118782073716e+01
-1.069810521338553855e+01
-1.070388649280577908e+01
-1.072160668739442713e+01
-1.065221151581610037e+01
-1.065397160339031934e+01
-1.068368676144919860e+01
-1.070791466878055154e+01
-1.071234153313281290e+01
-1.070299270258342261e+01
-1.072108444208851985e+01
-1.073529842904192400e+01
-1.073344289453351230e+01
-1.073779633135722733e+01
-1.083573233505823374e+01
-1.082118993718146527e+01
-1.081035192828433011e+01
-1.087915576183819155e+01
-1.087389375713251738e+01
-1.096434284430322315e+01
-1.097504008367811146e+01
-1.099382385742509527e+01
-1.098343642550525168e+01
-1.097925948003733154e+01
-1.101741011587661490e+01
-1.102871306141786256e+01
-1.101119579161116135e+01
-1.095897751022577005e+01
-1.093122195635133131e+01
-1.093141146501682925e+01
-1.091770033225988357e+01
-1.091865177346380378e+01
-1.093783903503171118e+01
-1.093349384668939095e+01
-1.092030715569022092e+01
-1.090914486851856680e+01
-1.095769488878137032e+01
-1.097629408434552900e+01
-1.089882050339435793e+01
-1.090100892282245226e+01
-1.089193199681627533e+01
-1.084125478022896871e+01
-1.068576197390822813e+01
-1.066703926816050796e+01
-1.069735102731225851e+01
-1.069901955956809836e+01
-1.069799996201321868e+01
-1.068942622626326511e+01
-1.067647855692762704e+01
-1.069659253634645246e+01
-1.068226471392476640e+01
-1.068190766692467086e+01
-1.067968247154516170e+01
-1.067890063655450028e+01
-1.070162288739235734e+01
-1.073883973283141557e+01
-1.073801890906115553e+01
-1.073109507805902396e+01
-1.071329410916279201e+01
-1.070509629090454773e+01
-1.068084539562231683e+01
-1.067285584274447174e+01
-1.068811545281512387e+01
-1.073337880705370218e+01
-1.071908735395813039e+01
-1.071622489353634045e+01
-1.071905282138565951e+01
-1.066138223292919029e+01
-1.066060199569589528e+01
-1.064797879301591266e+01
-1.063928528933547923e+01
-1.057209685862813942e+01
-1.057743874794920202e+01
-1.058617711763616676e+01
-1.060438634269576852e+01
-1.060287583778257314e+01
-1.056661175692782884e+01
-1.055252956027075228e+01
-1.055143839846144083e+01
-1.046882103484490223e+01
-1.045763596025311948e+01
-1.044706697216021318e+01
-1.046310378820077425e+01
-1.045085014444942573e+01
-1.044387500669708402e+01
-1.043363255180836013e+01
-1.042606734932394019e+01
-1.042373740444711494e+01
-1.041015667257965127e+01
-1.040553502373098027e+01
-1.045985007541525924e+01
-1.046001677284571052e+01
-1.045542274295547891e+01
-1.048531453326912022e+01
-1.053225617931761171e+01
-1.053238059421932604e+01
-1.052268038143144757e+01
-1.062293120695981408e+01
-1.060902107553975071e+01
-1.064153062837036856e+01
-1.063297638225666830e+01
-1.066137902299530538e+01
-1.065235378416645773e+01
-1.067036539219232516e+01
-1.054169423256313998e+01
-1.053577034967870141e+01
-1.062049612500262974e+01
-1.057370189533674854e+01
-1.059181593380644237e+01
-1.058230230135685979e+01
-1.057102862322872205e+01
-1.062437701440464188e+01
-1.064301830730201637e+01
-1.053862122940881996e+01
-1.054652866263133326e+01
-1.054811620265649275e+01
-1.052858119748595378e+01
-1.059705668272570023e+01
-1.059793445604011275e+01
-1.047464461104624789e+01
-1.040409492823788895e+01
-1.040358212447326558e+01
-1.043638983362097328e+01
-1.044725675949662680e+01
-1.044421884514035170e+01
-1.055573562340796556e+01
-1.056709768523484527e+01
-1.056896530352356933e+01
-1.057187065873019272e+01
-1.056344832654005117e+01
-1.048606309995800245e+01
-1.050359108810127218e+01
-1.049108399071070785e+01
-1.049239319886071975e+01
-1.048697325615587417e+01
-1.053666943545818668e+01
-1.053865609452644669e+01
-1.054227855132087477e+01
-1.055260947116782511e+01
-1.061891853991392232e+01
-1.053966963370894128e+01
-1.055927078122431695e+01
-1.055966395784304979e+01
-1.057615428748670894e+01
-1.057598193142496079e+01
-1.059146735939824246e+01
-1.059477069224026557e+01
-1.058539044006028895e+01
-1.057826147134417560e+01
-1.058152429347414980e+01
-1.055924566291891331e+01
-1.054504680365409897e+01
-1.041374774326223474e+01
-1.043735686854604516e+01
-1.041385336505928549e+01
-1.032680402710817624e+01
-1.032298211302019908e+01
-1.031545340707650560e+01
-1.035480007549003290e+01
-1.025009015407758106e+01
-1.022863216821141386e+01
-1.022547965411781057e+01
-1.019328953696145312e+01
-1.018375466331177392e+01
-1.019150949934187267e+01
-1.019261535301274790e+01
-1.020327437375367907e+01
-1.020570605010132681e+01
-1.020563787669293099e+01
-1.009614157001208490e+01
-1.010215560317908512e+01
-1.014092188655161308e+01
-1.009849872684181804e+01
-1.014508224621369514e+01
-1.014580816596280854e+01
-1.014916119138052686e+01
-1.014282960902189146e+01
-1.013514284438730506e+01
-1.014250369724239675e+01
-1.014602371822470595e+01
-1.016191932507056883e+01
-1.015358613560899137e+01
-1.019793652163123454e+01
-1.020049723188266100e+01
-1.019884116567816434e+01
-1.020198060745377866e+01
-1.019339768553894920e+01
-1.018718099075564787e+01
-1.018187146599087889e+01
-1.024461645815183886e+01
-1.025800836271998051e+01
-1.026066506339745033e+01
-1.025858245849981643e+01
-1.013958710743182223e+01
-1.014288669947283239e+01
-1.013823755883993627e+01
-1.013139202509300674e+01
-1.013136603448415407e+01
-1.010981922811203049e+01
-1.010632462613673077e+01
-1.010156447942463664e+01
-1.012855231512518905e+01
-1.013173097758776109e+01
-1.013601059945236393e+01
-1.013422758377920552e+01
-1.010591760028861685e+01
-1.008693849281016064e+01
-1.008205776664495268e+01
-1.007535759985936608e+01
-1.006431939768596706e+01
-1.005194016502685095e+01
-1.005025592977006532e+01
-1.001824837155042935e+01
-1.002437147592171485e+01
-1.002476308112619208e+01
-1.000780513652182080e+01
-1.002329413964748284e+01
-1.004825274495667209e+01
-1.005352352675318883e+01
-1.005613323024243932e+01
-1.004570299780487197e+01
-1.004755270948563250e+01
-1.005159127377815409e+01
-1.007423029607856968e+01
-1.005198032001893260e+01
-1.005063349077098955e+01
-1.005113891364302248e+01
-1.002002374250819550e+01
-1.006724924262877785e+01
-1.008249372512480413e+01
-1.008754803937900846e+01
-1.008013376242283243e+01
-1.009454835450138965e+01
-1.011362054804761712e+01
-1.011253726984648971e+01
-1.011107362760653139e+01
-1.016597847387164855e+01
-1.016731352483226125e+01
-1.016324318386137193e+01
-1.015997262566334669e+01
-1.015841825353222205e+01
-1.015282285404650331e+01
-1.016072090186875521e+01
-1.013741319479591496e+01
-1.012960955667769092e+01
-1.013656151949721540e+01
-1.015788296222170395e+01
-1.015048871748818904e+01
-1.018106223829599166e+01
-1.018611114336624901e+01
-1.018376689226463228e+01
-1.023875150947976742e+01
-1.023728185722710649e+01
-1.028645110509559224e+01
-1.029147832462896517e+01
-1.029543904406883215e+01
-1.029821635557037673e+01
-1.025116005709442391e+01
-1.023122567376302428e+01
-1.021124744883717561e+01
-1.020022380600088319e+01
-1.015540206628893038e+01
-1.013431047524532147e+01
-1.013523149140842605e+01
-1.011320083810862513e+01
-1.011980008412320942e+01
-1.007568598716351005e+01
-1.008569523548359825e+01
-1.013717969872801739e+01
-1.011756155838341087e+01
-1.012877888804965032e+01
-1.013491198157475637e+01
-1.013024723076410361e+01
-1.009567783778616601e+01
-1.003414898772760111e+01
-1.005369447064871657e+01
-1.004740612193982940e+01
-1.005103428243475783e+01
-1.004813741657058834e+01
-1.001530943198712187e+01
-9.965446491537381490e+00
-9.969563838434694958e+00
-9.970737958417847935e+00
-9.916318850298772247e+00
-9.918428088450978564e+00
-9.913898502285775294e+00
-9.938222469514059298e+00
-9.920935040093038282e+00
-9.925478684688712860e+00
-9.933945402215845988e+00
-9.903112586958798147e+00
-9.841856821231306895e+00
-9.828999943988796062e+00
-9.823181977173831569e+00
-9.821167476011513742e+00
-9.820729260739451405e+00
-9.826919133246160953e+00
-9.825482877835764128e+00
-9.825314307752240239e+00
-9.819934527555862047e+00
-9.801015551927227065e+00
-9.806872472365457227e+00
-9.804477613014483950e+00
-9.772567412044868007e+00
-9.744971739722789295e+00
-9.756088028629104514e+00
-9.748651023226132750e+00
-9.743424614930106031e+00
-9.754881795264054745e+00
-9.758177972155133162e+00
-9.756752379614148651e+00
-9.756918366530072717e+00
-9.729456886328499365e+00
-9.729517631643405551e+00
-9.645890236477239199e+00
-9.647015430502859701e+00
-9.647685691215889037e+00
-9.601614507055272085e+00
-9.634940625275687509e+00
-9.626103854212514577e+00
-9.622853324399949670e+00
-9.625949079752379234e+00
-9.629660345549504896e+00
-9.635399277192320255e+00
-9.657377782953158629e+00
-9.674058493669559056e+00
-9.691585149278335365e+00
-9.691060304889459687e+00
-9.597495636713736289e+00
-9.597825495287329645e+00
-9.593783023582313163e+00
-9.612825610007094568e+00
-9.603564689959224410e+00
-9.608836012282909067e+00
-9.600671254934601606e+00
-9.568211763967994443e+00
-9.512844546101266729e+00
-9.540896691568958587e+00
-9.511578460303908855e+00
-9.497759474550118597e+00
-9.476740977449926717e+00
-9.455653277574471716e+00
-9.456345164027302630e+00
-9.459292256135453769e+00
-9.438718023513223088e+00
-9.443696948846824313e+00
-9.449228660088721199e+00
-9.459804105745616809e+00
-9.460489823496882167e+00
-9.459073299283389247e+00
-9.447118669305082150e+00
-9.446644193106868315e+00
-9.460426272183967811e+00
-9.334620974402131566e+00
-9.335586838635265394e+00
-9.312018904071225123e+00
-9.230964279761293412e+00
-9.232014025010043312e+00
-9.227888822084182152e+00
-9.230071724865240412e+00
-9.234172867936024431e+00
-9.247244921542908003e+00
-9.251139175529168313e+00
-9.253288580800640872e+00
-9.261383803528151049e+00
-9.228889255787510848e+00
-9.222737365415170530e+00
-9.216470343960990519e+00
-9.212543729950287030e+00
-9.216617634307729290e+00
-9.219262965195214932e+00
-9.216414952309877506e+00
-9.202928387412711686e+00
-9.241110455102900190e+00
-9.247265759289730269e+00
-9.246139865293583782e+00
-9.245590032574858341e+00
-9.244196115806545322e+00
-9.247586305490367309e+00
-9.261147949026710791e+00
-9.259786492972827077e+00
-9.257262559554460424e+00
-9.237044763150969118e+00
-9.234030493198796208e+00
-9.235704939851668627e+00
-9.239100261938071768e+00
-9.240541799816005764e+00
-9.245548974677364029e+00
-9.254767498441733409e+00
-9.277373898336170654e+00
-9.292697099971098496e+00
-9.179793791887654208e+00
-9.177589824089690040e+00
-9.182520536726148208e+00
-9.189878203892684283e+00
-9.149361650875913909e+00
-9.148625761870412987e+00
-9.152738961855675370e+00
-9.182162594683116907e+00
-9.181763816315685389e+00
-9.178923415383128059e+00
-9.177652078643831146e+00
-9.186726517428272842e+00
-9.185286001707291703e+00
-9.186322202106699919e+00
-9.188012538554440667e+00
-9.169930092062960725e+00
-9.170939259302524960e+00
-9.174569110986386278e+00
-9.181057150155487179e+00
-9.193860278537497877e+00
-9.153528170534526609e+00
-9.195610430980185157e+00
-9.192453072853261631e+00
-9.202918156678078887e+00
-9.208430917282198536e+00
-9.210266514546040284e+00
-9.211734320853507185e+00
-9.246716453108273726e+00
-9.241994879397511298e+00
-9.242097382136112316e+00
-9.242717448965484195e+00
-9.239171057405236809e+00
-9.243250026016008647e+00
-9.161650435972665818e+00
-9.119715588634623060e+00
-9.124498042205974713e+00
-9.161875764267076505e+00
-9.171498693676268132e+00
-9.155518844359857411e+00
-9.157330193123087270e+00
-9.157509145425542840e+00
-9.159379772330895619e+00
-9.206330547134781384e+00
-9.200834969212431602e+00
-9.184876317331907458e+00
-9.189688661732303032e+00
-9.230996845248034433e+00
-9.235645018304047937e+00
-9.232823221739860031e+00
-9.243718981076527896e+00
-9.244402343736760841e+00
-9.240361102761699641e+00
-9.194971268874322590e+00
-9.197270507178666676e+00
-9.205733838509379652e+00
-9.208763046847487033e+00
-9.172748378137235648e+00
-9.169355514477576463e+00
-9.165856573503699423e+00
-9.164618549713548390e+00
-9.164946237312308952e+00
-9.169666265300877583e+00
-9.170360439249222395e+00
-9.167866265539867499e+00
-9.204195977429366238e+00
-9.196214045465044506e+00
-9.186320313133121473e+00
-9.181812745262861952e+00
-9.181739052231613130e+00
-9.184337659501906614e+00
-9.209151179782555374e+00
-9.209247167277267110e+00
-9.220540161773682186e+00
-9.219063729959179554e+00
-9.221074977656753546e+00
-9.225319602621929960e+00
-9.222271520769433906e+00
-9.220619679134186342e+00
-9.220206153178624575e+00
-9.213133106228283964e+00
-9.205752337332722135e+00
-9.209145264933216168e+00
-9.171385490072427871e+00
-9.166507782305085783e+00
-9.166837829155676687e+00
-9.170964624652485853e+00
-9.174113344820513660e+00
-9.168630873789799907e+00
-9.167890178204038065e+00
-9.165979830976610288e+00
-9.164623520987884575e+00
-9.165023706014336469e+00
-9.164314730640292339e+00
-9.167042607672483356e+00
-9.268959025537924390e+00
-9.268409467792068313e+00
-9.292251520469710258e+00
-9.288188647088812644e+00
-9.280129453122324179e+00
-9.288346827178452614e+00
-9.298869573516604703e+00
-9.298303885682607017e+00
-9.304118071284587899e+00
-9.302100057903247787e+00
-9.293196317353455527e+00
-9.292832867646675155e+00
-9.287409496684613686e+00
-9.289768764734946060e+00
-9.290340581228605288e+00
-9.290283710445729426e+00
-9.292149912301997716e+00
-9.180575196317047215e+00
-9.178399254293390541e+00
-9.176941432570403734e+00
-9.176955634759977443e+00
-9.175382271710510906e+00
-9.179038792715028094e+00
-9.180857773539489841e+00
-9.181840483711292578e+00
-9.143503871800122695e+00
-9.143189077004919341e+00
-9.142832898258246743e+00
-9.144827971210235162e+00
-9.176309280606673724e+00
-9.200405024785016650e+00
-9.210885241038594629e+00
-9.206155454166466967e+00
-9.202153047629355598e+00
-9.198165658852884619e+00
-9.201721290171381185e+00
-9.207303101579858762e+00
-9.206727001495602636e+00
-9.199591659286083356e+00
-9.200038880179757683e+00
-9.208785503374773640e+00
-9.206640229869108794e+00
-9.215872517185907498e+00
-9.160905384313910105e+00
-9.161031470389094267e+00
-9.155683585602188757e+00
-9.157888461315435435e+00
-9.131517707197664535e+00
-9.133951435723334455e+00
-9.131903745929282223e+00
-9.138327920056598330e+00
-9.136180433772011611e+00
-9.137001047026055645e+00
-9.129715651188842429e+00
-9.127239834142445218e+00
-9.011725301713351399e+00
-8.880594328054163711e+00
-8.877180233569006873e+00
-8.900728970033030762e+00
-8.902450729897823933e+00
-8.896364959517054416e+00
-8.897338532494172725e+00
-8.898248608034080576e+00
-8.904341457210776412e+00
-8.906884969685801678e+00
-8.916864762951888679e+00
-8.916023167558552842e+00
-8.900106826466059218e+00
-8.916301217782542921e+00
-8.920005007522378904e+00
-8.916378743092463921e+00
-8.907283917332746270e+00
-8.912419210652137380e+00
-8.909411642333058268e+00
-8.961069276811606699e+00
-9.038970625913734125e+00
-9.043605542384216989e+00
-8.992512360855572595e+00
-9.016402182178588021e+00
-9.021937614351514867e+00
-9.023026517601765661e+00
-9.022041902173526751e+00
-9.045683880807503741e+00
-9.043088458745339508e+00
-9.038522452854993006e+00
-9.034935073832032870e+00
-9.028996822856765192e+00
-8.989480732593822410e+00
-8.978720863215079007e+00
-8.980274533212144306e+00
-8.985571416760668839e+00
-8.988331866031829875e+00
-8.994012404492071511e+00
-8.937898000058202896e+00
-8.978871298518736666e+00
-8.949449921032707422e+00
-8.948301009850617049e+00
-8.937375248885889079e+00
-8.933482389300113624e+00
-8.937379604921092735e+00
-8.932503641324979426e+00
-8.927339594905474129e+00
-8.926383217611455478e+00
-8.914389472033686701e+00
-8.912876769450820191e+00
-8.894743659464383612e+00
-8.886031033029118120e+00
-8.881105531325282243e+00
-8.884128832919520491e+00
-8.884050550390535150e+00
-8.882733867395280924e+00
-8.880343929585245988e+00
-8.881928108703672109e+00
-8.879852824446398785e+00
-8.876070616472100383e+00
-8.877652567042973786e+00
-8.944212682548732474e+00
-8.933110251572113469e+00
-8.942844939648496805e+00
-8.944597670999538508e+00
-8.869399302460317713e+00
-8.878588677637573312e+00
-8.871673078372994681e+00
-8.874215139628267579e+00
-8.862879789988348023e+00
