# 2*np.log[MAD(r)] for 100 flights; 1000 steps per flight; run 12 of 50; mu: 2.00; seed: 11
-2.342829837615747124e+01
-2.203234484492040224e+01
-2.100606505002977187e+01
-2.047130846319375053e+01
-1.970354102405626762e+01
-1.958100314051804602e+01
-1.880504449865092553e+01
-1.875660158115897147e+01
-1.875517703404648628e+01
-1.840499193217142704e+01
-1.842335909171496411e+01
-1.822157780385840198e+01
-1.785905184522611577e+01
-1.777567670186163795e+01
-1.758029121290899610e+01
-1.744761841743966002e+01
-1.740135728930542314e+01
-1.731688913183919709e+01
-1.722062177366408875e+01
-1.700846091141023209e+01
-1.682959993577132352e+01
-1.653137093155473281e+01
-1.650515324532767281e+01
-1.657513678639497101e+01
-1.645543085246429982e+01
-1.652950418985551195e+01
-1.629125972193951100e+01
-1.583509923023433963e+01
-1.582679776804850214e+01
-1.568573344197828234e+01
-1.572435427851409351e+01
-1.565423702866656086e+01
-1.534080814647035673e+01
-1.522292545644391737e+01
-1.517618582343039080e+01
-1.518726796064929374e+01
-1.501428092590753316e+01
-1.471499075664146794e+01
-1.479560220102845847e+01
-1.474495442397312317e+01
-1.471118219264706006e+01
-1.469379500250430581e+01
-1.471257795390176781e+01
-1.454190274414962047e+01
-1.454773683686713603e+01
-1.453537420533143987e+01
-1.452028687508018123e+01
-1.448758097553259638e+01
-1.458352524198036271e+01
-1.438311630989597134e+01
-1.438515463835942043e+01
-1.435698719200060403e+01
-1.438376357046790055e+01
-1.434169627181480422e+01
-1.449179813361116587e+01
-1.441511205161197928e+01
-1.438938009837586840e+01
-1.440941430558810232e+01
-1.439549871452435958e+01
-1.436506341926079422e+01
-1.437024428305942081e+01
-1.423840449419289733e+01
-1.432274671468903193e+01
-1.431850306817960039e+01
-1.430641215618722661e+01
-1.422311323051718723e+01
-1.431431661115870213e+01
-1.411648506364685396e+01
-1.405698438678977347e+01
-1.416890298730167075e+01
-1.412624616426169588e+01
-1.411708477713168008e+01
-1.397034448371005588e+01
-1.400236342682331525e+01
-1.396525286150520095e+01
-1.386622325919346110e+01
-1.384747254993521892e+01
-1.376714355893365216e+01
-1.387729701927173309e+01
-1.377955633365297317e+01
-1.376450077641451308e+01
-1.367783878613482962e+01
-1.366909233501650967e+01
-1.368447746517611208e+01
-1.368309322566011765e+01
-1.359391111318315026e+01
-1.363724029747567101e+01
-1.375746117535490320e+01
-1.377388357976261979e+01
-1.363305990267749301e+01
-1.369097063962483141e+01
-1.376617378352525378e+01
-1.367725449254421832e+01
-1.369444569774643661e+01
-1.372560523216671591e+01
-1.371987473212762687e+01
-1.372364916166063331e+01
-1.368359442812971061e+01
-1.369562183051257520e+01
-1.361763940112053994e+01
-1.358688879950748252e+01
-1.349661712280920334e+01
-1.343943900679065884e+01
-1.341901611861365851e+01
-1.345794006589812142e+01
-1.345712613600321461e+01
-1.328271922520606552e+01
-1.328946420842768283e+01
-1.322327820795435471e+01
-1.326883493431915362e+01
-1.318248486386044860e+01
-1.318911052871902889e+01
-1.306293374625946058e+01
-1.297754908300904297e+01
-1.293170533698502034e+01
-1.294493722319994866e+01
-1.303104408744779441e+01
-1.305422141789356871e+01
-1.304767630370220211e+01
-1.302355461125294234e+01
-1.304836511220166884e+01
-1.303928231083520828e+01
-1.307165506002393052e+01
-1.304137980526319751e+01
-1.309992831976059513e+01
-1.315163536398732980e+01
-1.308277726819268594e+01
-1.307542432211244865e+01
-1.308365414767576240e+01
-1.310573007195976736e+01
-1.305702019401208247e+01
-1.305493977451991228e+01
-1.306721366866950085e+01
-1.308245191245425332e+01
-1.304473571432233214e+01
-1.302169543391380380e+01
-1.301991236298110266e+01
-1.298973822487990049e+01
-1.300051833471538920e+01
-1.306244981215067291e+01
-1.302217750286181364e+01
-1.292115042851678375e+01
-1.292377874687764461e+01
-1.277059947165497711e+01
-1.280735350807828787e+01
-1.289344426716364644e+01
-1.279314947508658129e+01
-1.281315817083198461e+01
-1.281211805499935252e+01
-1.278866974899458064e+01
-1.275549448527224783e+01
-1.277454937009647651e+01
-1.271687854210687796e+01
-1.270609158549011575e+01
-1.270352827206562552e+01
-1.271549674856937884e+01
-1.262963155636582258e+01
-1.259257523735773532e+01
-1.257439291365191814e+01
-1.259374670644549532e+01
-1.260144515025411138e+01
-1.257935710215169500e+01
-1.262573374429223882e+01
-1.259547267098204060e+01
-1.262291158712706896e+01
-1.261772884065250366e+01
-1.262206809957704579e+01
-1.259099494614256542e+01
-1.254853733908745639e+01
-1.249587833312121887e+01
-1.246293559062818268e+01
-1.245491710949316300e+01
-1.245440058888981483e+01
-1.248348017537071186e+01
-1.244996538749466986e+01
-1.237643374838673616e+01
-1.235200063867148756e+01
-1.231470812338050536e+01
-1.221509559889965146e+01
-1.230625151008293905e+01
-1.228167368730139231e+01
-1.227774283423749857e+01
-1.222347387410412445e+01
-1.219570416982008787e+01
-1.218680731084656976e+01
-1.216711454827288463e+01
-1.210575517148181213e+01
-1.209814050946669184e+01
-1.211054236615698265e+01
-1.211279447036268486e+01
-1.210918261276778018e+01
-1.209172500418154783e+01
-1.203135109571733530e+01
-1.204108199164956261e+01
-1.203528183522526085e+01
-1.198657841049484496e+01
-1.197738899299310411e+01
-1.198761621313210490e+01
-1.195545359818015285e+01
-1.193341358480475911e+01
-1.191402594366564394e+01
-1.193071529914614359e+01
-1.191794272020242218e+01
-1.193084923447456625e+01
-1.190264009070811468e+01
-1.189671255737952649e+01
-1.187176531555441272e+01
-1.188071950574140523e+01
-1.188559692073116025e+01
-1.189439976762025530e+01
-1.191250822289110545e+01
-1.190694680806282157e+01
-1.191301765887682684e+01
-1.191304896311775430e+01
-1.195555267324174942e+01
-1.197144433238597472e+01
-1.190034643683953064e+01
-1.193102278735740285e+01
-1.193582023197193109e+01
-1.194320715582192882e+01
-1.196736285080139339e+01
-1.195991383000407282e+01
-1.192641628676614651e+01
-1.191900036569139054e+01
-1.193804658268417640e+01
-1.191595759656061482e+01
-1.193418001027875164e+01
-1.190143523430429617e+01
-1.190477932511303116e+01
-1.190335476682303018e+01
-1.184025314145822527e+01
-1.182727010738806150e+01
-1.171770824757087937e+01
-1.168887346710373798e+01
-1.164585064563448746e+01
-1.168320976717305903e+01
-1.156548995920131873e+01
-1.160379395892108789e+01
-1.161310931307889760e+01
-1.168581059029701308e+01
-1.176086075611655701e+01
-1.176640244614846154e+01
-1.171330622665519350e+01
-1.172960601234572131e+01
-1.171950584658289607e+01
-1.171262060922988191e+01
-1.162635592095917758e+01
-1.155102333363467615e+01
-1.154376738879333608e+01
-1.154313670543263903e+01
-1.151339129306872877e+01
-1.148914045676605866e+01
-1.139740765821547264e+01
-1.139121607960527349e+01
-1.142246205135247550e+01
-1.142490174804239267e+01
-1.142119170884720347e+01
-1.142213010989796551e+01
-1.142870894700904039e+01
-1.140630185828558574e+01
-1.133239918072193753e+01
-1.130282969942147631e+01
-1.136469064206676016e+01
-1.141216989744521548e+01
-1.141106660393773709e+01
-1.138832653366891634e+01
-1.139756528795945911e+01
-1.135170880036809571e+01
-1.137685111609152244e+01
-1.133945987643287445e+01
-1.133950795731626648e+01
-1.129219503875939346e+01
-1.125603621005025623e+01
-1.126052418679896050e+01
-1.127824055704803463e+01
-1.128806844286724242e+01
-1.125276815254619400e+01
-1.125328295364200137e+01
-1.121771245294546837e+01
-1.120381547722851145e+01
-1.130752241017333048e+01
-1.132068901546433715e+01
-1.132889089885137679e+01
-1.133466617725600400e+01
-1.132095851977552137e+01
-1.116255666025535653e+01
-1.114114461135361189e+01
-1.112709421546681199e+01
-1.112176424520596996e+01
-1.113517303619475562e+01
-1.113329558809173037e+01
-1.119027699285617494e+01
-1.118151847834952584e+01
-1.116028280815552343e+01
-1.117436405188975179e+01
-1.118395413803736993e+01
-1.114465902079899706e+01
-1.113783653443591426e+01
-1.113198326732237931e+01
-1.115541762948650018e+01
-1.119576085190574766e+01
-1.119064573239640481e+01
-1.117695747356778568e+01
-1.120511094287842369e+01
-1.121673141651155525e+01
-1.123039798508983367e+01
-1.122523248887819491e+01
-1.122612039954426066e+01
-1.120593173303478096e+01
-1.125477935952107877e+01
-1.124417434783724623e+01
-1.123909422387063195e+01
-1.124190662504367388e+01
-1.123763250326772578e+01
-1.124356961359468698e+01
-1.117315945380535425e+01
-1.114993324145992482e+01
-1.111844129909459511e+01
-1.111945826633641055e+01
-1.113733390199616480e+01
-1.117100578644399889e+01
-1.116460055631725545e+01
-1.119156601347583013e+01
-1.119953969049564080e+01
-1.125767342261456072e+01
-1.125502484471709685e+01
-1.123158291187185043e+01
-1.128693287389979361e+01
-1.125514980753844796e+01
-1.129084790019663309e+01
-1.129440420365698472e+01
-1.128113155034667336e+01
-1.125093333883155289e+01
-1.121531028902675686e+01
-1.123174919051223242e+01
-1.123232621203253245e+01
-1.122728102332905387e+01
-1.122899969112704888e+01
-1.124257606283393329e+01
-1.126385672444229868e+01
-1.127219199364584412e+01
-1.120465352024032590e+01
-1.120740115054174524e+01
-1.123667572192259101e+01
-1.123151348372971192e+01
-1.122994070700064739e+01
-1.124891235020072955e+01
-1.124208404695872332e+01
-1.122823231885296735e+01
-1.122827220417632432e+01
-1.122216632120815838e+01
-1.120473798894993145e+01
-1.124935972925305805e+01
-1.122225048991589347e+01
-1.119941574649432603e+01
-1.120063082290854162e+01
-1.117403830809774767e+01
-1.119027387242449123e+01
-1.119358609729421339e+01
-1.120685850681790363e+01
-1.122437367374909201e+01
-1.122647534606237230e+01
-1.122534170247167751e+01
-1.118785104187405999e+01
-1.118825252410230497e+01
-1.118281226397137651e+01
-1.116139307576624162e+01
-1.115805571853137401e+01
-1.110448277243463622e+01
-1.117453768832468164e+01
-1.117397262668990088e+01
-1.113775047968729304e+01
-1.119148131869758345e+01
-1.117287378412374999e+01
-1.115185356810280481e+01
-1.114053889978355727e+01
-1.114716256381546877e+01
-1.116590827219357607e+01
-1.118419758102619888e+01
-1.115076385910720980e+01
-1.125134886096853570e+01
-1.118319841795845981e+01
-1.113179335040810969e+01
-1.120684049489173262e+01
-1.121241913387758338e+01
-1.121022738604231428e+01
-1.119897692352456353e+01
-1.120714196098151128e+01
-1.120684862762056788e+01
-1.117929343749077375e+01
-1.119765211991899889e+01
-1.114013918991460095e+01
-1.103738398462134107e+01
-1.104016383927098310e+01
-1.101718567309417018e+01
-1.096163329858436164e+01
-1.100273362459175353e+01
-1.098946498554928652e+01
-1.098147732052251691e+01
-1.098461541822594612e+01
-1.095873504412449506e+01
-1.096411687329648110e+01
-1.096589794908054394e+01
-1.098815309235454940e+01
-1.098834361412689198e+01
-1.102788581071758500e+01
-1.102688984617038415e+01
-1.102504387306333911e+01
-1.103370512950326265e+01
-1.103376852048826429e+01
-1.102572772054960382e+01
-1.104442987421446354e+01
-1.104924776920159957e+01
-1.106442531091602177e+01
-1.107212769577704847e+01
-1.106320368085451733e+01
-1.106771527942175304e+01
-1.106546953243873510e+01
-1.107118225849030857e+01
-1.110424032497051705e+01
-1.110989573584213375e+01
-1.111464818727034753e+01
-1.111362377844562488e+01
-1.114935648121871203e+01
-1.114936114707533221e+01
-1.124960219046081278e+01
-1.116978687575471518e+01
-1.116251436185322632e+01
-1.116649855234621391e+01
-1.118557032532635453e+01
-1.119002770672162583e+01
-1.101767704272453763e+01
-1.099542400263324637e+01
-1.098545188985682408e+01
-1.095515943267178294e+01
-1.100009831607223276e+01
-1.103391678973706647e+01
-1.106648283343966632e+01
-1.104366774846946520e+01
-1.105210973521888818e+01
-1.104143823367831523e+01
-1.108674040866694455e+01
-1.101899249375724921e+01
-1.099136671880950544e+01
-1.102536467797246189e+01
-1.103885064218441237e+01
-1.099643780199591170e+01
-1.092464758372460309e+01
-1.099772115003835538e+01
-1.099560345564674080e+01
-1.100791718554664911e+01
-1.089222565509865603e+01
-1.089007873488336742e+01
-1.091602263634311143e+01
-1.099948360627952404e+01
-1.098466811240534113e+01
-1.098352732712501734e+01
-1.099861851148649805e+01
-1.100789263243870231e+01
-1.100168576394491282e+01
-1.101094293549658154e+01
-1.102762436975358185e+01
-1.102573171373773064e+01
-1.104856181929842940e+01
-1.108751726485342637e+01
-1.108719332426901261e+01
-1.103627796781790771e+01
-1.096571057690495365e+01
-1.097241739867713584e+01
-1.102484676914337314e+01
-1.100406157803821117e+01
-1.096423446208323504e+01
-1.097131144488006171e+01
-1.098480863607499813e+01
-1.098696458164388012e+01
-1.095935708965324373e+01
-1.094933497988802351e+01
-1.079221966494991491e+01
-1.085342368326873519e+01
-1.079223107125288195e+01
-1.078243918613112839e+01
-1.068167577038099658e+01
-1.067580872308850282e+01
-1.071076911962968303e+01
-1.071078173491591556e+01
-1.071388802476511870e+01
-1.071904280864347925e+01
-1.069860845809933991e+01
-1.067966408905565601e+01
-1.068147231158287624e+01
-1.068847851015575756e+01
-1.066380167706083171e+01
-1.065835271196241330e+01
-1.066613414925812542e+01
-1.066008615323364239e+01
-1.053922276907220557e+01
-1.052533776027166468e+01
-1.057126933082143694e+01
-1.063834358949615932e+01
-1.056381515713982111e+01
-1.057912369048688284e+01
-1.058990994267384345e+01
-1.069029929392464240e+01
-1.068289931742070031e+01
-1.078352890661490626e+01
-1.078177259251502917e+01
-1.077566779650991080e+01
-1.078477536952316918e+01
-1.077757419815909223e+01
-1.077702859598004004e+01
-1.083973897628396621e+01
-1.083135489563682974e+01
-1.091783969565732271e+01
-1.092247578813673137e+01
-1.092037024323954775e+01
-1.084134316477216942e+01
-1.082651211578961892e+01
-1.083751707331782299e+01
-1.070422771030783693e+01
-1.070010571150875656e+01
-1.062244705484350682e+01
-1.061876716241270557e+01
-1.061633400581741071e+01
-1.061609207107375497e+01
-1.051201051218137827e+01
-1.044425677600507640e+01
-1.046141211670646065e+01
-1.047835227039363204e+01
-1.053206752489495379e+01
-1.058012838674067169e+01
-1.058067133144085581e+01
-1.054532614370012134e+01
-1.058797296916126385e+01
-1.058963846222039074e+01
-1.057638172865673809e+01
-1.057999993764039459e+01
-1.056561400967623143e+01
-1.057621435653475928e+01
-1.056201043698282760e+01
-1.053420565340121406e+01
-1.052065576181564666e+01
-1.052775040731172496e+01
-1.047565946363249090e+01
-1.048925232483861691e+01
-1.038031933208932145e+01
-1.044188811284931440e+01
-1.043651342012007355e+01
-1.042987336805364507e+01
-1.042059874500753835e+01
-1.042800752522328800e+01
-1.042874058113439695e+01
-1.042987916797652304e+01
-1.041820015368807439e+01
-1.041962666884222521e+01
-1.044419076791273149e+01
-1.046520002583908315e+01
-1.043176668736803592e+01
-1.038269182699845494e+01
-1.036608815565728747e+01
-1.036595141803760711e+01
-1.023015898567014936e+01
-1.023567345159579567e+01
-1.020864312253918982e+01
-1.021265412688783059e+01
-1.023337995457000993e+01
-1.023847891803708876e+01
-1.023945021327179283e+01
-1.025016943222926180e+01
-1.024160299997975798e+01
-1.026468298710612537e+01
-1.023636441690333143e+01
-1.025052178613791121e+01
-1.024538061900381969e+01
-1.022967639039193166e+01
-1.025856840093065259e+01
-1.026755452742663799e+01
-1.025751245161666070e+01
-1.023559461845884755e+01
-1.018474538228765347e+01
-1.014389713265342152e+01
-1.014599109827710066e+01
-1.014539895579572359e+01
-1.014179112558092122e+01
-1.013872037486852840e+01
-1.013091702177347919e+01
-1.013878173117740999e+01
-1.014474070760989122e+01
-1.011864571798192358e+01
-1.010420820336041459e+01
-1.012501456563286517e+01
-1.012128464649796733e+01
-1.012359561417107123e+01
-1.011455907471725268e+01
-1.013577967015926262e+01
-1.013869338468401970e+01
-1.013385570640916633e+01
-1.012165486595855413e+01
-1.012710254731834425e+01
-1.011129489452360630e+01
-1.012164130840451470e+01
-1.012760846143754989e+01
-1.016422321112436222e+01
-1.015618834541961490e+01
-1.017691705687427550e+01
-1.017288604510062378e+01
-1.017508184665101290e+01
-1.017944595285022658e+01
-1.014442173246726142e+01
-1.011176584724304739e+01
-1.005739120465478642e+01
-1.005510221263206461e+01
-1.005376450430938107e+01
-1.012533951223060136e+01
-1.012331799994033155e+01
-1.015081323795470603e+01
-1.015696592616373373e+01
-1.014960624064326389e+01
-1.008882387553453697e+01
-1.007966695170229876e+01
-1.007010345519158001e+01
-1.006651661904723305e+01
-1.007094851889339715e+01
-1.006311525699036125e+01
-1.005930798803074389e+01
-1.007664719914674833e+01
-1.008178021421799819e+01
-1.005803534915188457e+01
-1.003956789114661241e+01
-1.005417443534489585e+01
-1.005208323791025826e+01
-1.006951851428965838e+01
-1.007444420971846633e+01
-1.005196494160489173e+01
-1.004244644367718209e+01
-9.973944471676905010e+00
-9.982711455619627472e+00
-9.972416118311691946e+00
-9.983642647221131483e+00
-9.976589228785210040e+00
-9.997667142619373948e+00
-1.000573805888628698e+01
-1.008042676190044951e+01
-1.007681992422354611e+01
-1.008342082392503158e+01
-1.007194493507985378e+01
-1.009440988499356884e+01
-1.009179999622647017e+01
-1.009145688430587029e+01
-1.010804024855453775e+01
-1.011090076622460465e+01
-1.011409778517838909e+01
-1.010683111071040940e+01
-1.010334851447766269e+01
-1.015611391052796719e+01
-1.015377648634068386e+01
-1.015478730826884046e+01
-1.018184199876791496e+01
-1.018288786783207023e+01
-1.019586763493866499e+01
-1.019273535191025992e+01
-1.016989381771420931e+01
-1.016953690281412470e+01
-1.014960792407279833e+01
-1.014647088557664745e+01
-1.011086206719302716e+01
-1.015098911923488778e+01
-1.015222076612816515e+01
-1.013072158294852443e+01
-1.013113565310990083e+01
-1.013075345981912889e+01
-1.013337239244270904e+01
-1.016098919539445156e+01
-1.016483086811413727e+01
-1.015667766153466189e+01
-1.005608355107960783e+01
-1.013912283847497164e+01
-1.014791163453797296e+01
-1.007902352467899121e+01
-1.007877712954438998e+01
-1.005528608952583447e+01
-1.005260366924932569e+01
-1.005041290966044087e+01
-1.011902657206767842e+01
-1.009195262669704540e+01
-1.011269883114544754e+01
-1.010255132499967168e+01
-1.009112840770108477e+01
-1.009176241737104540e+01
-1.000154205501076099e+01
-9.986739112518149497e+00
-9.963416197585155842e+00
-9.968313997451922148e+00
-9.963561982021280627e+00
-9.960158240213106140e+00
-9.885153546169226146e+00
-9.919046695800476598e+00
-9.904295687841424112e+00
-9.890891900328767861e+00
-9.883975272136586554e+00
-9.839156289686050272e+00
-9.850462575333279958e+00
-9.852239441401813735e+00
-9.855388541060456475e+00
-9.849143186389701654e+00
-9.849373880476560927e+00
-9.836021548468089293e+00
-9.861372143857613182e+00
-9.857212478434071556e+00
-9.870437198857137773e+00
-9.892749263147411654e+00
-9.871680535275379142e+00
-9.870588000637148696e+00
-9.867756448964142280e+00
-9.869269011678820647e+00
-9.839412109563607345e+00
-9.837490226602985999e+00
-9.844962837828626689e+00
-9.842767853436457770e+00
-9.832230171995115953e+00
-9.832590199585999002e+00
-9.821261807615284667e+00
-9.819737200282187217e+00
-9.816329985415700676e+00
-9.837113446450356236e+00
-9.813788277707621077e+00
-9.838176570371327756e+00
-9.836168410280695440e+00
-9.826986417429614207e+00
-9.832259579477012679e+00
-9.832304252363462282e+00
-9.830302905718044215e+00
-9.825268240643376672e+00
-9.826267952006869422e+00
-9.816792372780128062e+00
-9.817897757280725557e+00
-9.820423386869657989e+00
-9.806188536985503745e+00
-9.802593146958498593e+00
-9.803324077825239513e+00
-9.817436683365748706e+00
-9.817400623911304081e+00
-9.799306809431222121e+00
-9.800743652388641536e+00
-9.795075124802789190e+00
-9.798431354419850692e+00
-9.802257475948287890e+00
-9.599083904731806172e+00
-9.594856953085916018e+00
-9.588900931959461360e+00
-9.585824055335576688e+00
-9.416310705581535601e+00
-9.403721949193611707e+00
-9.379497255821782176e+00
-9.374792228947894657e+00
-9.389813082958015755e+00
-9.392546369392334782e+00
-9.391157075727587511e+00
-9.375524303080391419e+00
-9.370389357180346934e+00
-9.373609159487502396e+00
-9.378081694866214235e+00
-9.371609874539863938e+00
-9.370833732596754118e+00
-9.367807229181190465e+00
-9.370949958383656409e+00
-9.365921927191477536e+00
-9.369769224389051132e+00
-9.370495788918042024e+00
-9.367298592771735599e+00
-9.395870675921674575e+00
-9.397584125015187695e+00
-9.395629050244588498e+00
-9.367231215138229317e+00
-9.343154092856511994e+00
-9.354859285860314344e+00
-9.386355526249101189e+00
-9.462673718628566988e+00
-9.446986482904348392e+00
-9.459145283275960381e+00
-9.315319950058986720e+00
-9.328855429221510676e+00
-9.422837518294329584e+00
-9.413057482163099010e+00
-9.424264521108623782e+00
-9.397418111006929919e+00
-9.393917472137408353e+00
-9.362007682292786015e+00
-9.359759905777762512e+00
-9.304372592289736232e+00
-9.313051453713146799e+00
-9.263987771198419097e+00
-9.261619732403495675e+00
-9.258484883767060580e+00
-9.266443841421512673e+00
-9.280816568076456718e+00
-9.280403905269048792e+00
-9.288038711991447371e+00
-9.305531162856111038e+00
-9.281573935723152147e+00
-9.266232943072141737e+00
-9.253993567257575492e+00
-9.276845903593315512e+00
-9.274441975326119803e+00
-9.226184521347477130e+00
-9.235852678737645149e+00
-9.236304105514161478e+00
-9.256065440974683867e+00
-9.253122074047910317e+00
-9.241656198515585174e+00
-9.241863050416515790e+00
-9.240049605637446817e+00
-9.234246472947418738e+00
-9.232942761803522913e+00
-9.235132188920765373e+00
-9.236374735928929880e+00
-9.227188788399658392e+00
-9.227723824186824686e+00
-9.233201308732278179e+00
-9.230427898171228662e+00
-9.230643639991525262e+00
-9.238839148963258197e+00
-9.245647528279917537e+00
-9.240859846158167912e+00
-9.241634017868799233e+00
-9.243262930685331114e+00
-9.242987528921799978e+00
-9.243141338361617443e+00
-9.243402470762935863e+00
-9.259858610542067936e+00
-9.256962986644579061e+00
-9.260166711137745921e+00
-9.257379355786145680e+00
-9.273040595978836009e+00
-9.269084443908884197e+00
-9.266593274718070816e+00
-9.264518221145882748e+00
-9.257658485710004825e+00
-9.272705595922047905e+00
-9.272843360039297878e+00
-9.287677504788769411e+00
-9.282977379748006186e+00
-9.287232251851127884e+00
-9.288158447405169937e+00
-9.304466578157683188e+00
-9.307427771037460218e+00
-9.303668321638983940e+00
-9.220755897633821974e+00
-9.203751242357162354e+00
-9.207452301482998536e+00
-9.209907084307896952e+00
-9.209512055290877797e+00
-9.211244981703183399e+00
-9.214165658786463098e+00
-9.217351216754673615e+00
-9.221784507923796781e+00
-9.200640802583283318e+00
-9.105340499090385009e+00
-9.105233851621752805e+00
-9.108723795802365686e+00
-9.105953480842680747e+00
-9.105183680640971389e+00
-9.097987503730413650e+00
-9.104717199348751677e+00
-9.103881166528323021e+00
-9.104254715784287910e+00
-9.102159014431670414e+00
-9.118427500963418808e+00
-9.109226729749570595e+00
-9.114903136500460690e+00
-9.119659698809599035e+00
-9.133683783602931427e+00
-9.166843958528756886e+00
-9.156942577038522657e+00
-9.127537165481415471e+00
-9.105313709923191112e+00
-9.121803048895248622e+00
-9.107521589107468785e+00
-9.123660905187229275e+00
-9.321447825280968047e+00
-9.323799490232493881e+00
-9.325220018109144249e+00
-9.321923765259272798e+00
-9.322455457032205572e+00
-9.256721487706951024e+00
-9.256039463219336128e+00
-9.256794982531211247e+00
-9.263430384897430869e+00
-9.264735919829114152e+00
-9.265287182132528443e+00
-9.266922062123763126e+00
-9.265281899234176777e+00
-9.308237973129859455e+00
-9.317940481326095536e+00
-9.314795701139287232e+00
-9.291988040182715736e+00
-9.293119514445264073e+00
-9.282486556154887936e+00
-9.280332547180416114e+00
-9.275174758577390932e+00
-9.275823116635113053e+00
-9.266290807023914056e+00
-9.268604334546138190e+00
-9.270540798437849617e+00
-9.266123359832045381e+00
-9.260196640749374097e+00
-9.259961324759482082e+00
-9.232889230435651129e+00
-9.230629621865062973e+00
-9.229647606041487151e+00
-9.229203401959404474e+00
-9.235057257162617717e+00
-9.235993274455141844e+00
-9.240512962802784003e+00
-9.242066402547624904e+00
-9.242792119304789722e+00
-9.240852794553289229e+00
-9.242088352518630145e+00
-9.125546350425986830e+00
-9.104778381582349311e+00
-9.108900245693037689e+00
-9.109579329689152516e+00
-9.107225993911303163e+00
-9.100355642151864544e+00
-9.108243419842954935e+00
-9.102633036454983895e+00
-9.088803913556622760e+00
-9.029717328257341080e+00
-9.026645919553814679e+00
-9.029431697131730772e+00
-9.001065736394741279e+00
-8.999127251292934560e+00
-9.027688909141831530e+00
-9.021652790640267483e+00
-9.011036314685613391e+00
-9.011465423381578077e+00
-8.981946322655769421e+00
-8.931457863874159742e+00
-8.931863313580430841e+00
-8.933145143319938697e+00
-8.934854700966583962e+00
-8.907063766553823925e+00
-8.907657720909218924e+00
-8.910241368995842848e+00
-8.930893703310028187e+00
-8.896823053896621758e+00
-8.900257838307325642e+00
-8.904223505295561836e+00
-8.902629849175545118e+00
-8.879355204961244752e+00
-8.881416730222269962e+00
-8.908168651504519531e+00
-8.908674028126670308e+00
-8.907164067383556372e+00
-8.947806799832870084e+00
-8.948143315929078412e+00
-8.931852699253237660e+00
-8.921526027875945175e+00
-8.919330284745525361e+00
-8.910325411878059043e+00
-8.911830187610506826e+00
-8.909710989530351455e+00
-8.907931934171468669e+00
-8.849196536030881077e+00
-8.849901143826878425e+00
-8.849584142637894502e+00
-8.814308773150914433e+00
-8.813425298490198401e+00
-8.811909805960963737e+00
-8.810397664890381009e+00
-8.807566044256194715e+00
-8.812988356402573942e+00
-8.814285542353390568e+00
-8.849500836021379158e+00
-8.902082294923010508e+00
-8.901443894781781552e+00
-8.900186943815949547e+00
-8.899808207762509582e+00
-8.900414161640904709e+00
-8.902766740538153201e+00
-8.895348045693809880e+00
-8.885985611914152926e+00
-8.885031571452707055e+00
-8.913416063436390147e+00
-8.918599162814942360e+00
-8.930097624280312729e+00
-8.926886011511461660e+00
-8.949244958975953068e+00
-8.951065153139774466e+00
-8.952124679404708019e+00
-8.960765596602440652e+00
-8.972391175927796780e+00
-8.973925422486122017e+00
-8.968998412323102798e+00
-8.969172281011116965e+00
-8.967829184093600858e+00
-8.971602137193562143e+00
-8.882931329346016369e+00
-8.878099534303105500e+00
-8.870094415029715407e+00
-8.846974161150805926e+00
