# 2*np.log[MAD(r)] for 100 flights; 1000 steps per flight; run 23 of 50; mu: 2.00; seed: 22
-2.336758115111511458e+01
-2.239374578331226928e+01
-2.110662715611147178e+01
-2.047847692292540600e+01
-1.955426174428120234e+01
-1.944189351845999170e+01
-1.904969493315682527e+01
-1.875833740812770500e+01
-1.824081552999920319e+01
-1.797324408237098226e+01
-1.785099904547884009e+01
-1.750881924428828995e+01
-1.708768146694133705e+01
-1.709947655380963738e+01
-1.707857787568823227e+01
-1.700573906389132262e+01
-1.684334433928276553e+01
-1.687347243182166778e+01
-1.678572270201808081e+01
-1.670431362614822746e+01
-1.657694893909086531e+01
-1.642463775194641684e+01
-1.639876169844298914e+01
-1.639467209747325427e+01
-1.646348527958029706e+01
-1.614243330337628635e+01
-1.620968188345441874e+01
-1.617795290236691130e+01
-1.619125955636276615e+01
-1.596627162335600048e+01
-1.585048718831514769e+01
-1.592341965545175775e+01
-1.587150214833174644e+01
-1.583606349412580272e+01
-1.571442833566552011e+01
-1.572830668163850198e+01
-1.581174378714204565e+01
-1.573534737688065022e+01
-1.568392282966703455e+01
-1.561831434124377083e+01
-1.549799230808761408e+01
-1.542997221863383039e+01
-1.538675405574473842e+01
-1.544232847898522643e+01
-1.541262775947426888e+01
-1.518758201099857175e+01
-1.520830123356675934e+01
-1.505446975696031409e+01
-1.494965461252123085e+01
-1.485354599122747743e+01
-1.483751500572978266e+01
-1.477253568422197638e+01
-1.481191579948819026e+01
-1.483622031394232366e+01
-1.455706346461783696e+01
-1.442437890791780575e+01
-1.449999877324627029e+01
-1.445668984577627292e+01
-1.440536153713487444e+01
-1.453830702097433125e+01
-1.451865458592984837e+01
-1.434734408262527694e+01
-1.441387718961138731e+01
-1.448248650292659967e+01
-1.440114982500631591e+01
-1.437982104089955371e+01
-1.377530833550399691e+01
-1.381296644075600710e+01
-1.378801803912977952e+01
-1.358692870175105583e+01
-1.360017280120956684e+01
-1.360992189554287712e+01
-1.359402089673658587e+01
-1.363921298167914387e+01
-1.359637470934145043e+01
-1.370494581309937487e+01
-1.370932006397605463e+01
-1.372310877987521494e+01
-1.376579702922018456e+01
-1.380814313502511759e+01
-1.378990216017220938e+01
-1.379578388893746599e+01
-1.372855669374122556e+01
-1.363033716030737708e+01
-1.364741290755954495e+01
-1.374484647732278475e+01
-1.377326529240145803e+01
-1.360486603869778577e+01
-1.351232823656068227e+01
-1.353572254538855013e+01
-1.353484785181351668e+01
-1.351335111475934347e+01
-1.348967937254380622e+01
-1.350192326086374095e+01
-1.351672812058710171e+01
-1.350078868509792152e+01
-1.349523886450639587e+01
-1.333449311664027270e+01
-1.348650372205777259e+01
-1.346948961436878456e+01
-1.352439318618615971e+01
-1.339019167180417114e+01
-1.333320051234822223e+01
-1.332220127376276331e+01
-1.333507280410108642e+01
-1.332201681873691079e+01
-1.318692887958687265e+01
-1.307166020737309609e+01
-1.309881011488928415e+01
-1.310970492907840956e+01
-1.311242707253406259e+01
-1.307403944118357408e+01
-1.313432853758927976e+01
-1.308845495960973615e+01
-1.306930014585249644e+01
-1.309724134330208223e+01
-1.311523257118749974e+01
-1.318364119432303561e+01
-1.312826401021375311e+01
-1.309291685846065434e+01
-1.319788169288641377e+01
-1.317883099938125291e+01
-1.326880799657459775e+01
-1.332376883286889679e+01
-1.308091580568499346e+01
-1.301820638665858532e+01
-1.309464824567062813e+01
-1.303193027850404206e+01
-1.276775031120579129e+01
-1.271397004155235777e+01
-1.271860406668048249e+01
-1.271216886605503227e+01
-1.273150833707133600e+01
-1.272139209863937204e+01
-1.278197771965012741e+01
-1.269364372059717105e+01
-1.269949752563335466e+01
-1.272954991370605349e+01
-1.270880236688924292e+01
-1.270989158179136425e+01
-1.276556400988710038e+01
-1.267659884256582892e+01
-1.267447553696403340e+01
-1.265876518100968617e+01
-1.266703187078138271e+01
-1.264286351767274219e+01
-1.265874990893812502e+01
-1.267560466337343783e+01
-1.268188747510725278e+01
-1.269991288764165915e+01
-1.269331657128892132e+01
-1.268575316915817730e+01
-1.268679215874524147e+01
-1.264487845856550230e+01
-1.263907581262142443e+01
-1.258752719619817917e+01
-1.251811324803819581e+01
-1.252293261438440730e+01
-1.241091513179889638e+01
-1.242964448555222923e+01
-1.245956348787814782e+01
-1.244553032867729137e+01
-1.241866851902530655e+01
-1.245080745463894978e+01
-1.249780625351078100e+01
-1.244553675584311314e+01
-1.244743311021239585e+01
-1.243682524508011511e+01
-1.244632626935984021e+01
-1.243038257232542421e+01
-1.243441588979893098e+01
-1.246867354649189963e+01
-1.242006746348199897e+01
-1.243578077790226644e+01
-1.243030441730302904e+01
-1.243019675273372293e+01
-1.244333954815228616e+01
-1.247969107834463287e+01
-1.248789366181393845e+01
-1.253617122450814492e+01
-1.256256799122705736e+01
-1.256217337017499780e+01
-1.246004583121696996e+01
-1.247387238128826681e+01
-1.228290133555243635e+01
-1.228839618820744306e+01
-1.232457918572169575e+01
-1.235170385971076534e+01
-1.234556425354285913e+01
-1.228971023928128403e+01
-1.230426290559086411e+01
-1.227406827653067189e+01
-1.229308029752155562e+01
-1.235347376655056451e+01
-1.207017803407365442e+01
-1.210220542936747989e+01
-1.204564072297451460e+01
-1.204495730094451211e+01
-1.199980446279181834e+01
-1.197897039384002760e+01
-1.198522240843436926e+01
-1.198342766443610508e+01
-1.196363824854937441e+01
-1.201350489723404635e+01
-1.197261165378354875e+01
-1.195491282292532276e+01
-1.194487094438993857e+01
-1.186919524256437697e+01
-1.184389354146700590e+01
-1.183331988540192015e+01
-1.181560704586961563e+01
-1.184589230798884429e+01
-1.168637786120350697e+01
-1.169893573470513104e+01
-1.167075492450227614e+01
-1.166896650840147664e+01
-1.162389248978649547e+01
-1.163997768578658665e+01
-1.160421658264349531e+01
-1.163959087131659764e+01
-1.161750748360019792e+01
-1.162102384010686507e+01
-1.155269840975622309e+01
-1.153826102978704249e+01
-1.149104501866126604e+01
-1.148457582013863565e+01
-1.124480267695265390e+01
-1.125680442984910101e+01
-1.124474203049317289e+01
-1.125323282631480915e+01
-1.127480423552212230e+01
-1.127786184833044913e+01
-1.107585271489428180e+01
-1.115155204921017784e+01
-1.120483244763551234e+01
-1.115642658853064084e+01
-1.115721687814116336e+01
-1.117494768205113154e+01
-1.108762334355142443e+01
-1.104262944306355543e+01
-1.106324463613656661e+01
-1.105617470605995045e+01
-1.102677105719238249e+01
-1.103683167161944567e+01
-1.107463089071969620e+01
-1.107783621153741294e+01
-1.112748221323308684e+01
-1.113180509873563473e+01
-1.112156196795360863e+01
-1.115588128507491916e+01
-1.103445640008295747e+01
-1.104857379191255617e+01
-1.105064471814375082e+01
-1.106297153352137386e+01
-1.106870405477822494e+01
-1.106102262381879164e+01
-1.107696000036640882e+01
-1.108101998107814978e+01
-1.106287012291052285e+01
-1.105327645659499858e+01
-1.106257691312268321e+01
-1.107712506087744941e+01
-1.107574066921637446e+01
-1.111129244695992213e+01
-1.113788258220282223e+01
-1.110405907979609985e+01
-1.113204979196846089e+01
-1.113644856544915207e+01
-1.114073447571345632e+01
-1.122616136585966196e+01
-1.122932268516875354e+01
-1.111466566259224287e+01
-1.100539205953269928e+01
-1.101294908232658365e+01
-1.104769531668720894e+01
-1.105183094895746088e+01
-1.105773679606353177e+01
-1.105148804768051640e+01
-1.105691857444607429e+01
-1.104858634264865991e+01
-1.104767837396327401e+01
-1.106521467901077038e+01
-1.105915724766153119e+01
-1.105549401312853774e+01
-1.106074192187931793e+01
-1.103591211017647034e+01
-1.102594863639212619e+01
-1.102859007187769436e+01
-1.102664210724825544e+01
-1.103077996891227386e+01
-1.103726123323051489e+01
-1.103387771603040690e+01
-1.100311131215153715e+01
-1.099921724036604864e+01
-1.101259195180060857e+01
-1.102472161325670719e+01
-1.103148273532717383e+01
-1.103780553256196306e+01
-1.102922419770100859e+01
-1.105400851208557356e+01
-1.105987002525645835e+01
-1.101130076296035831e+01
-1.100624851710537477e+01
-1.100573119680168155e+01
-1.101854519418606060e+01
-1.101783436215762002e+01
-1.103697907810330214e+01
-1.102867210384454211e+01
-1.105381585564087743e+01
-1.108751284799376080e+01
-1.109322703234191465e+01
-1.103426725611181070e+01
-1.103871816511082748e+01
-1.100393643047978998e+01
-1.103204192794672878e+01
-1.103362425008241310e+01
-1.103486788269990448e+01
-1.103549460252710190e+01
-1.103050030509587387e+01
-1.101419110072305330e+01
-1.095984722678724665e+01
-1.094152121358603758e+01
-1.090455123058970344e+01
-1.089873638507156173e+01
-1.090335056365072575e+01
-1.093653761647704314e+01
-1.090444937112133950e+01
-1.091212637944497565e+01
-1.106023447785860014e+01
-1.105462241709555116e+01
-1.107732025015721256e+01
-1.107305037859063113e+01
-1.106697823784601376e+01
-1.105472241632453922e+01
-1.101738908147128448e+01
-1.101487025704667033e+01
-1.100633451385654205e+01
-1.101514998190559957e+01
-1.108429468811784524e+01
-1.107800893116775143e+01
-1.108130868160459492e+01
-1.109396468090359100e+01
-1.106321332287198800e+01
-1.107493026270755898e+01
-1.102203414253287761e+01
-1.101585186850971354e+01
-1.111563797853855284e+01
-1.111724708607816758e+01
-1.110365977744456245e+01
-1.112320897185202462e+01
-1.113078435085830264e+01
-1.113507829040471542e+01
-1.113194433405904071e+01
-1.113167969927598477e+01
-1.110497961611918782e+01
-1.116104665289594955e+01
-1.116277425295605319e+01
-1.121790836828202664e+01
-1.122178178714160168e+01
-1.122505638850730136e+01
-1.122459494405435265e+01
-1.119275393273964880e+01
-1.119972714949077286e+01
-1.113843983653070246e+01
-1.114239850390220532e+01
-1.109842932155184414e+01
-1.107287645787076791e+01
-1.109486361904355078e+01
-1.107586538798245002e+01
-1.105520542297138675e+01
-1.103703469816248095e+01
-1.104659199132540337e+01
-1.105421730679648817e+01
-1.101559025847095263e+01
-1.100511637398831333e+01
-1.101451252012053672e+01
-1.101556703145377902e+01
-1.103449361631706083e+01
-1.105383003311789736e+01
-1.098068389601839634e+01
-1.097173349214265592e+01
-1.105168781360515240e+01
-1.100324904418865657e+01
-1.088393955996566476e+01
-1.088164024822798659e+01
-1.088240654003270791e+01
-1.087714626273470842e+01
-1.075696222310631534e+01
-1.076276055027837231e+01
-1.073905215986030370e+01
-1.073219977982005879e+01
-1.074063649143227472e+01
-1.074718235432811575e+01
-1.075168284234866611e+01
-1.074218626394544529e+01
-1.074301273390393341e+01
-1.074969543648656689e+01
-1.072981206877501137e+01
-1.070404898543477401e+01
-1.071023313144394074e+01
-1.071411513534562587e+01
-1.071400018707963397e+01
-1.061584077274401139e+01
-1.061296042610242019e+01
-1.064478529286940933e+01
-1.065245544485785167e+01
-1.065573911553702757e+01
-1.064564534624390113e+01
-1.065118564049071459e+01
-1.066426009530607644e+01
-1.066393008801557230e+01
-1.067893987205209783e+01
-1.067294885712781749e+01
-1.066857807535626179e+01
-1.067085214584554720e+01
-1.067509351514057059e+01
-1.067931728928961732e+01
-1.068160926020346047e+01
-1.060944210333493665e+01
-1.059511355935841159e+01
-1.067350667462259217e+01
-1.068473408803250990e+01
-1.065230039023730768e+01
-1.066629075116467185e+01
-1.063762814584288385e+01
-1.063653365123379224e+01
-1.062097459217498141e+01
-1.061230895216611003e+01
-1.061973201629379027e+01
-1.057695714423829081e+01
-1.065695540909639760e+01
-1.062833957472337154e+01
-1.062131006542905709e+01
-1.061509504428061490e+01
-1.056135152545793687e+01
-1.055683468030652250e+01
-1.059375062340619600e+01
-1.058694166669340220e+01
-1.055107977423671173e+01
-1.049959145636299596e+01
-1.049384929542651079e+01
-1.049047571722797656e+01
-1.048529565080086279e+01
-1.048880780338818930e+01
-1.047839306817469485e+01
-1.046206151563875508e+01
-1.042520754812569805e+01
-1.043473004588531161e+01
-1.043098929368398053e+01
-1.042116903941789552e+01
-1.042979019632111104e+01
-1.043329318601542077e+01
-1.042983494457103788e+01
-1.043573756015502774e+01
-1.042126908227382920e+01
-1.044164959601523890e+01
-1.044399999812924484e+01
-1.042458575320625691e+01
-1.040874977064953733e+01
-1.041301351827128130e+01
-1.040718390588538789e+01
-1.040806749182939406e+01
-1.040861401783901030e+01
-1.044956980762015242e+01
-1.044773806905583946e+01
-1.045213318144416981e+01
-1.043606548214238217e+01
-1.042465013086085968e+01
-1.045090057368088488e+01
-1.048781409196862668e+01
-1.050414799877976257e+01
-1.049853299713292643e+01
-1.051387979037365383e+01
-1.050371111056952245e+01
-1.051667023058935513e+01
-1.041832988393928972e+01
-1.024976143337094570e+01
-1.024580202510565385e+01
-1.024777496601903870e+01
-1.025007709153322821e+01
-1.024869210570249578e+01
-1.025499165852392736e+01
-1.028762869889339626e+01
-1.028284499210720959e+01
-1.028724257994640290e+01
-1.026246002152852732e+01
-1.033412484211216231e+01
-1.032739891712501823e+01
-1.031540497242482957e+01
-1.032697136246770775e+01
-1.032513855670370440e+01
-1.041901090422412857e+01
-1.040259831212961039e+01
-1.040027787107567470e+01
-1.039917393679702151e+01
-1.039330300577811705e+01
-1.039003944655409661e+01
-1.039061648194276799e+01
-1.038909802551482819e+01
-1.039654397696886257e+01
-1.042459947080224048e+01
-1.042968367234591476e+01
-1.032675676884698390e+01
-1.032484784234141983e+01
-1.034412268004629354e+01
-1.034333347143946646e+01
-1.034991419776193311e+01
-1.036063972668511646e+01
-1.039048048253279433e+01
-1.029423342750228265e+01
-1.030120348963264476e+01
-1.025306816492802042e+01
-1.024333595824734111e+01
-1.024962331247984082e+01
-1.024871360547031962e+01
-1.025004400375865110e+01
-1.027582293187946050e+01
-1.026828976027892537e+01
-1.029884770945321293e+01
-1.029668023845808911e+01
-1.026619209917925524e+01
-1.029152436772722901e+01
-1.029016976806168415e+01
-1.027489210221813565e+01
-1.035710820725602410e+01
-1.035015074347594677e+01
-1.029637033937119206e+01
-1.029044367618981326e+01
-1.029131229060799591e+01
-1.025742457921665185e+01
-1.025925320823780673e+01
-1.026241658370927112e+01
-1.026180187782255970e+01
-1.014549852613085967e+01
-1.002029889383192618e+01
-1.001907768993482151e+01
-1.003090642367611274e+01
-1.002918893641062148e+01
-1.003452394897487920e+01
-1.003143430889339172e+01
-1.005388957142815620e+01
-1.005169313055481695e+01
-1.000734172314352577e+01
-1.000800503047412171e+01
-9.999392609431808410e+00
-9.996971715701468142e+00
-9.993115476128284769e+00
-9.992607608982407186e+00
-9.998657612073282408e+00
-9.997826602408508734e+00
-9.989830722356154880e+00
-1.001109019465411087e+01
-1.000881434848571772e+01
-1.000428541960785189e+01
-1.001223958666270875e+01
-1.000645964569847912e+01
-1.001192492792121591e+01
-1.002668776302803089e+01
-1.001570846188821839e+01
-1.001598134565014142e+01
-9.993635741205961764e+00
-9.988078737734857881e+00
-9.992363522612809135e+00
-9.973930761327148176e+00
-9.986211704009962276e+00
-9.896182086828670066e+00
-9.905816174763353743e+00
-9.908962966149546858e+00
-9.910647142244389585e+00
-9.934355724001703081e+00
-9.935319074959949148e+00
-9.929346702615696074e+00
-1.001012164391374348e+01
-1.001401527267960212e+01
-1.001768789576188468e+01
-1.001972902726970460e+01
-9.981338129466058362e+00
-9.983210724441461181e+00
-9.948857168896003245e+00
-9.948304084409903325e+00
-9.906337997661966099e+00
-9.910549934441025499e+00
-9.859846677115868374e+00
-9.875982129989099079e+00
-9.890416812658406442e+00
-9.888629413374541599e+00
-9.935005595924545574e+00
-9.934062980966752221e+00
-9.903341995095930272e+00
-9.904165992168595167e+00
-9.955410880543533736e+00
-9.955312213343901817e+00
-9.947695755933274597e+00
-9.961934741846357966e+00
-9.969434198876772513e+00
-9.968385946959584132e+00
-1.000642026703767939e+01
-1.002177842681100906e+01
-1.002445749819507803e+01
-9.988202126082279975e+00
-9.944268300250435288e+00
-9.926039531865054499e+00
-9.929094039541711325e+00
-9.908840832482198380e+00
-9.900491417381012127e+00
-9.911045015343102449e+00
-9.911160332782319671e+00
-9.928450616691963049e+00
-9.977302547186335246e+00
-9.978363448374601319e+00
-9.967176050015913447e+00
-9.974090401889853297e+00
-9.817655426147860354e+00
-9.814093681792403601e+00
-9.814062952333483025e+00
-9.816435460429220328e+00
-9.806663756019601053e+00
-9.896410804810004791e+00
-9.857207393932975847e+00
-9.831971494766030162e+00
-9.777141139041210849e+00
-9.778374573408719073e+00
-9.780073808867008722e+00
-9.769287476826447048e+00
-9.767799791050139291e+00
-9.764651231889594385e+00
-9.760389613977025647e+00
-9.652357322739549161e+00
-9.642697035119667248e+00
-9.630290896767428777e+00
-9.623939175697586279e+00
-9.623579528655916704e+00
-9.633091913365781522e+00
-9.644164134214033623e+00
-9.640622804895288667e+00
-9.650461396515270351e+00
-9.649507112012592813e+00
-9.653714510964698903e+00
-9.651262069554080725e+00
-9.690858994188072728e+00
-9.698142338816916563e+00
-9.696092286635348501e+00
-9.692713734856095442e+00
-9.691514300240740454e+00
-9.689352051091493223e+00
-9.688396051704284417e+00
-9.637020511590039362e+00
-9.682365641016545510e+00
-9.683034584504197184e+00
-9.656237430542457645e+00
-9.646530626249727902e+00
-9.640854820834658057e+00
-9.651497595308223154e+00
-9.642749840393895155e+00
-9.574997478968004572e+00
-9.569441275852707207e+00
-9.558407065365026156e+00
-9.551558424181697760e+00
-9.550056537868623963e+00
-9.544656306714415450e+00
-9.543398298051640083e+00
-9.543695131486520822e+00
-9.545858900278574311e+00
-9.546098342257527847e+00
-9.505926319473850583e+00
-9.508931860204304698e+00
-9.503677589574797580e+00
-9.561041165564516220e+00
-9.554620551617365010e+00
-9.489275873493257407e+00
-9.494493927750854212e+00
-9.495112275197858054e+00
-9.498776281841818658e+00
-9.500590562637524883e+00
-9.462144159826348044e+00
-9.482228306211307967e+00
-9.472600913474007456e+00
-9.473548712254519444e+00
-9.472326016680588268e+00
-9.497868256676529342e+00
-9.512851801433381382e+00
-9.511592436099315151e+00
-9.527764767309378158e+00
-9.530454360271768621e+00
-9.529038717369699540e+00
-9.526833647717227294e+00
-9.487567937434739918e+00
-9.487001974497699663e+00
-9.471622646263192280e+00
-9.469985221195065250e+00
-9.468412885138556945e+00
-9.465760893431475864e+00
-9.463023259209039750e+00
-9.471553796236502620e+00
-9.478434526759205170e+00
-9.475516641189022593e+00
-9.453912430961088020e+00
-9.451529979538587867e+00
-9.454399787466579497e+00
-9.455752538905366933e+00
-9.457852370642566342e+00
-9.423616355431111202e+00
-9.427260587457054086e+00
-9.438099472439594351e+00
-9.418751354157906874e+00
-9.437658520404841767e+00
-9.436987930646624889e+00
-9.439170879447742024e+00
-9.431404483092087787e+00
-9.427851116849799595e+00
-9.424837211991677677e+00
-9.425828947654885326e+00
-9.443873607026841199e+00
-9.444968109776263887e+00
-9.452354273606552226e+00
-9.450599857356085209e+00
-9.447608295697257574e+00
-9.448997582524475192e+00
-9.450889508188458521e+00
-9.443793012665810949e+00
-9.439693462726365780e+00
-9.440253500556494259e+00
-9.414418473878185978e+00
-9.419608541118433820e+00
-9.469539546159074561e+00
-9.466041151865686842e+00
-9.429762939352963613e+00
-9.457172715553133102e+00
-9.491335620303139819e+00
-9.489125297046060226e+00
-9.473078988823262492e+00
-9.473659360561100584e+00
-9.459883906560511591e+00
-9.458863922551451253e+00
-9.460247195340270920e+00
-9.459384059371174658e+00
-9.467670389103570727e+00
-9.448772221786125414e+00
-9.460879965725245810e+00
-9.461780496711421407e+00
-9.464939481457278703e+00
-9.460764268463377036e+00
-9.436254861925196025e+00
-9.424755386218533815e+00
-9.426155639608547077e+00
-9.434686951825746348e+00
-9.453930507038725395e+00
-9.452866552522307231e+00
-9.415465047532524778e+00
-9.418073682773361099e+00
-9.429108821573343846e+00
-9.440386603125125120e+00
-9.374334380055099558e+00
-9.374604616090023157e+00
-9.385395025700603355e+00
-9.389912143741385719e+00
-9.380592594173521093e+00
-9.371949679063924066e+00
-9.373244955364956610e+00
-9.384572466351276177e+00
-9.386960470196102690e+00
-9.388045364415948058e+00
-9.389515981267685163e+00
-9.389389025064559746e+00
-9.414465217780158213e+00
-9.444938243836125125e+00
-9.488922375225456562e+00
-9.453633722634540604e+00
-9.455808802651633371e+00
-9.456201129563361008e+00
-9.451652721038346527e+00
-9.422832328537284141e+00
-9.377969844034362623e+00
-9.417545406320748214e+00
-9.415770614928304028e+00
-9.409952279205549885e+00
-9.395623541253415922e+00
-9.398459251947366866e+00
-9.395083358586543198e+00
-9.394001890315088588e+00
-9.395327589789433276e+00
-9.399532358120115560e+00
-9.402356494744282145e+00
-9.390399086721551214e+00
-9.391661920364981597e+00
-9.392713239081222909e+00
-9.294209703526933097e+00
-9.291919781045791638e+00
-9.316889875757270900e+00
-9.323022010177536956e+00
-9.336553770971836030e+00
-9.341468661806908713e+00
-9.342603573363902569e+00
-9.346042950528724802e+00
-9.348804008684382438e+00
-9.368609846464055479e+00
-9.354718306476652145e+00
-9.351770758995300525e+00
-9.350350818116302420e+00
-9.351988018074981923e+00
-9.351077596934086245e+00
-9.354903254607556562e+00
-9.236504232614239029e+00
-9.230807908241557058e+00
-9.243702459623317935e+00
-9.241313074930015858e+00
-9.229951780740925926e+00
-9.230770158341252696e+00
-9.235069826706956420e+00
-9.233663656278190857e+00
-9.091616257877934260e+00
-9.098072491082167090e+00
-9.102148737941201162e+00
-9.110273792770836820e+00
-9.115600286582262513e+00
-9.103400546035532059e+00
-9.106958137686083532e+00
-9.108093896902936137e+00
-9.162337362076726777e+00
-9.160948798734555254e+00
-9.158177049604363518e+00
-9.163006728193394679e+00
-9.200705810252156169e+00
-9.200894255527352072e+00
-9.202757774795294665e+00
-9.196470322124911334e+00
-9.170640292672160854e+00
-9.203504684163663185e+00
-9.206090620500610555e+00
-9.218730310950972395e+00
-9.219563302220532108e+00
-9.236459405040749360e+00
-9.225080654954647130e+00
-9.148082987863761062e+00
-9.159240391578851614e+00
-9.201759940016547290e+00
-9.194389196601244763e+00
-9.182603482390753413e+00
-9.178885092181630512e+00
-9.179931468524998195e+00
-9.248887227549037249e+00
-9.234602183662143915e+00
-9.244148411390636255e+00
-9.242946474970770154e+00
-9.274174047560888923e+00
-9.272552569195031680e+00
-9.261331717347463410e+00
-9.258162395019200019e+00
-9.260196636483518873e+00
-9.286478480526037416e+00
-9.284483718883816294e+00
-9.288353586413034435e+00
-9.290072086168938981e+00
-9.272968843966678421e+00
-9.272144122680824552e+00
-9.279000783930715812e+00
-9.233345962822337327e+00
-9.233586060754532809e+00
-9.279422350699759292e+00
-9.280139363338292924e+00
-9.245601994867612916e+00
-9.242010576106853392e+00
-9.262800193669594506e+00
-9.260683138386774260e+00
-9.277603562538853765e+00
-9.282368000992402557e+00
-9.270625008406344847e+00
-9.252586814179675656e+00
-9.262968193949504325e+00
-9.254356572101723799e+00
-9.219099243168122015e+00
-9.220968443774692602e+00
-9.212683109312976626e+00
-9.208598322181194007e+00
-9.208285752674635560e+00
-9.193620882120516313e+00
-9.199436913508504787e+00
-9.197215919070401924e+00
-9.218397344820219885e+00
-9.216649762830378734e+00
-9.217860263039259650e+00
-9.217041575570236844e+00
-9.121402018466117312e+00
-9.123084426912939193e+00
-9.115007330752288084e+00
-9.113679740187377476e+00
-9.116137957502726152e+00
-9.116050218350883583e+00
-9.102439651520780828e+00
-9.088309426729281881e+00
-9.120814650764945242e+00
-9.122114455927022192e+00
-9.118121357446764108e+00
-9.111501780917818039e+00
-9.111279489696400447e+00
-9.113408288580195915e+00
-9.112899284230604025e+00
-9.115836261880213343e+00
-9.123830129119077981e+00
-9.120044403394574672e+00
-9.118654905627288088e+00
-9.112874629281073169e+00
-9.113348733485951314e+00
-9.116676028668534215e+00
-9.112345196661948421e+00
-9.098508156520690449e+00
-9.099221679768664472e+00
-9.083221226979761198e+00
-9.082240809099193513e+00
-9.072238740704138493e+00
-9.072937415448050658e+00
-9.074514237109179149e+00
-9.156686139819635528e+00
-9.152004359058119931e+00
-9.146154489257002140e+00
-9.146423957703735397e+00
-9.117860612036771784e+00
-9.117880157123718021e+00
-9.063688854097478043e+00
-9.063278142919850566e+00
-9.065320623496146979e+00
-9.065883296228735233e+00
-9.067426292712351454e+00
-9.069620087825851940e+00
-9.033023704824589828e+00
-8.966259906788057066e+00
-8.965901209225128454e+00
-9.007490475227843518e+00
-9.007871253536476885e+00
-9.009126871348815513e+00
-9.011692264859048507e+00
-9.015598255677767625e+00
-9.018053652714247193e+00
-9.083024075196647118e+00
-9.085354217225022566e+00
-9.091434194672016744e+00
-9.092964008092074835e+00
-9.092473316774427161e+00
-9.101081656361362349e+00
-9.097656566031826486e+00
-9.094399518221308654e+00
-9.030122979527599014e+00
-9.154464711349502792e+00
-9.150405246552464789e+00
-9.139851209869256365e+00
-9.137365761787414442e+00
-9.136735933848719071e+00
-9.114663963219360454e+00
-9.114054515873437623e+00
-9.125380687731423635e+00
-9.122836007724362872e+00
-9.125449887785261893e+00
-9.123091662219916742e+00
-9.085854274361784277e+00
-9.088196771613244351e+00
-9.087549314768352815e+00
-9.086609868546698721e+00
-9.084300706526088121e+00
-9.078754496555658804e+00
-9.087580983490505915e+00
-9.192889605807220477e+00
-9.191891089910628310e+00
-9.194885159134313923e+00
-9.196844213534927093e+00
-9.194891909034732080e+00
-9.200944299506994994e+00
-9.051456301065703869e+00
-9.063343025607309755e+00
-9.066696349985701175e+00
-9.099811385405223163e+00
-9.100128365773999306e+00
-9.103773047490674841e+00
-9.008721021848842270e+00
-9.002982495577805722e+00
-9.018887315679846139e+00
-8.926465918946586697e+00
-8.893803657163294574e+00
-8.895176479789327573e+00
-8.894146442221352089e+00
-8.893682855983266577e+00
-8.896125967356519837e+00
-8.899124570116969224e+00
-8.899000823703252294e+00
-8.877961928462907437e+00
-8.880133997328110596e+00
-8.919341336087253325e+00
-8.928554202333053524e+00
-8.926901877383835782e+00
-8.927815210439495885e+00
-8.928083066353270425e+00
-8.967444405819783526e+00
-9.012938573408302290e+00
-9.013401813539203999e+00
-9.032640857145500135e+00
-9.000323848313751540e+00
-8.999750679923980812e+00
-8.984212875655996910e+00
-9.007940973683101760e+00
-9.035986328630224662e+00
-9.037929954758091355e+00
