# 2*np.log[MAD(r)] for 100 flights; 1000 steps per flight; run 21 of 50; mu: 2.00; seed: 20
-2.342822453914233449e+01
-2.097906931451816348e+01
-2.046067611564139099e+01
-2.008808338135833083e+01
-1.964462543786997628e+01
-1.934863796068849240e+01
-1.945640982377075190e+01
-1.921691460736851909e+01
-1.898611920391637753e+01
-1.884425820697161669e+01
-1.861966883116245342e+01
-1.861702451524427815e+01
-1.832642925351368035e+01
-1.792498158642510830e+01
-1.813399856940695543e+01
-1.787814544871460143e+01
-1.781573564649013974e+01
-1.777523875292909850e+01
-1.759047192542845650e+01
-1.761019971492039460e+01
-1.762375539835861460e+01
-1.760275383905604230e+01
-1.735184332967574150e+01
-1.710486104243727112e+01
-1.694034225630656110e+01
-1.678386637231006162e+01
-1.675246521063375837e+01
-1.681804652864332894e+01
-1.672004240024259403e+01
-1.671437986065850723e+01
-1.649139405507820655e+01
-1.640918642867752908e+01
-1.629111038229883945e+01
-1.626129663188679686e+01
-1.620965871921219659e+01
-1.623753845297486009e+01
-1.624300398843881510e+01
-1.615649858451337195e+01
-1.603536467947590793e+01
-1.605401895554906133e+01
-1.608162218111235120e+01
-1.617058766408622361e+01
-1.608280323868065409e+01
-1.586208807047484193e+01
-1.579933910345638282e+01
-1.561661260503058557e+01
-1.548458947991984047e+01
-1.544736540823260640e+01
-1.558520393280169891e+01
-1.564997157266840055e+01
-1.552952786697560938e+01
-1.528931765891873340e+01
-1.524569443889849829e+01
-1.533096196314752824e+01
-1.504241842851173772e+01
-1.512051926223390197e+01
-1.495368993904325272e+01
-1.481264631723410652e+01
-1.478102507609095717e+01
-1.474735924947344579e+01
-1.478811973270157942e+01
-1.482095939415409447e+01
-1.468399224633741440e+01
-1.476627158407036688e+01
-1.465972873475481641e+01
-1.464941826306751160e+01
-1.460396635627437867e+01
-1.450341312152116302e+01
-1.455874395003476707e+01
-1.449565705664409698e+01
-1.456786191127465280e+01
-1.455311002648291208e+01
-1.456032130142271797e+01
-1.444504157127276578e+01
-1.441242916912845651e+01
-1.435559875098297233e+01
-1.443101226979302787e+01
-1.431445582083416568e+01
-1.428385113879448554e+01
-1.426644679455790765e+01
-1.424289454528879695e+01
-1.424266650235508713e+01
-1.419536403023013804e+01
-1.402126627318911822e+01
-1.408448529881215983e+01
-1.405949667606775755e+01
-1.405437563240436916e+01
-1.405949466572859841e+01
-1.391199585185776044e+01
-1.378636920950578926e+01
-1.377799334450882007e+01
-1.373695638073873937e+01
-1.381468023409311030e+01
-1.354837640899702755e+01
-1.336732700797968398e+01
-1.339606198534000825e+01
-1.328344161285227720e+01
-1.328909329112414817e+01
-1.329602516078451657e+01
-1.319873477404784801e+01
-1.319013997405292571e+01
-1.319982822022715574e+01
-1.327296872687037066e+01
-1.326381210255950194e+01
-1.324938107715390778e+01
-1.327224470633543163e+01
-1.309825188619214842e+01
-1.288032569497533508e+01
-1.281760958051360788e+01
-1.280974521388704623e+01
-1.280134332593875257e+01
-1.279065774674094058e+01
-1.279218807474717146e+01
-1.276028499884088951e+01
-1.276310473132532408e+01
-1.270926569731041056e+01
-1.274220087343174512e+01
-1.286529484680446700e+01
-1.288039035629942219e+01
-1.279519638305852425e+01
-1.276239821245422412e+01
-1.270918116016590638e+01
-1.279859261347005450e+01
-1.280384027759819432e+01
-1.277590084301491125e+01
-1.278858002109247316e+01
-1.275824793084508357e+01
-1.281117392361294627e+01
-1.278580498985803438e+01
-1.275749866443201519e+01
-1.274579079781458368e+01
-1.269106704549656506e+01
-1.268075551123961908e+01
-1.266868152380239820e+01
-1.273376974759253777e+01
-1.261410869606291385e+01
-1.264428104274845488e+01
-1.259823246756847581e+01
-1.262633111953868514e+01
-1.264617256940250378e+01
-1.266200140030359478e+01
-1.267249907519452812e+01
-1.263122920001679184e+01
-1.265128532165031672e+01
-1.243624517200243140e+01
-1.237016449822463215e+01
-1.241163989554263125e+01
-1.239274496426360272e+01
-1.232780933534893109e+01
-1.229945096873946753e+01
-1.232540242151050869e+01
-1.224141306147153685e+01
-1.216972689614435943e+01
-1.203195666290767107e+01
-1.205991775027466417e+01
-1.198658946170008655e+01
-1.193581215757176928e+01
-1.195993959933484341e+01
-1.195260888596282811e+01
-1.195652720104891387e+01
-1.195983056208223694e+01
-1.196722536736809417e+01
-1.195922258266290328e+01
-1.194450480716458074e+01
-1.194307452254650315e+01
-1.199852629560390405e+01
-1.201519433399032444e+01
-1.199042833860050372e+01
-1.205050999190097905e+01
-1.204769459602709780e+01
-1.197679381827684431e+01
-1.190752860250752931e+01
-1.187197334374969593e+01
-1.176091411644585172e+01
-1.172115300127533466e+01
-1.179575177395295427e+01
-1.179300960329250714e+01
-1.177203738196268112e+01
-1.181456918462326122e+01
-1.176018475451262901e+01
-1.166697838280819433e+01
-1.168141776709924251e+01
-1.169653469463932716e+01
-1.177159467636837853e+01
-1.181222982813680744e+01
-1.181125089802610795e+01
-1.176823620440228524e+01
-1.177042005422740978e+01
-1.176757718582657120e+01
-1.174572085148922973e+01
-1.174916007440626764e+01
-1.175162096962266567e+01
-1.172653603037310610e+01
-1.173208220238531396e+01
-1.174071746024746865e+01
-1.167545738739697825e+01
-1.170202780060066061e+01
-1.167775000737713320e+01
-1.171207473265391563e+01
-1.171609707194325978e+01
-1.172800414363748978e+01
-1.173934522241264666e+01
-1.173027400246658480e+01
-1.171328855274436087e+01
-1.171287764460412895e+01
-1.171304118441598874e+01
-1.167496164937793068e+01
-1.168056623340789102e+01
-1.164246981838406469e+01
-1.165224449166613496e+01
-1.164312100362438329e+01
-1.163633343575019197e+01
-1.163376973719069873e+01
-1.165697132798194602e+01
-1.163686134988477860e+01
-1.162289925183956996e+01
-1.161210906963723488e+01
-1.160326666335853929e+01
-1.167715952725177786e+01
-1.167119393926735782e+01
-1.167070607057215703e+01
-1.156005997131810759e+01
-1.156118097028360303e+01
-1.154516724862393851e+01
-1.155640956228915961e+01
-1.157940176656870435e+01
-1.157174832377359230e+01
-1.156665233196989817e+01
-1.155258592293403552e+01
-1.152281128654494680e+01
-1.151640178088327815e+01
-1.150090235153775708e+01
-1.151019982722035451e+01
-1.148482111403682460e+01
-1.145189188699050220e+01
-1.143687031027615753e+01
-1.146887587906340400e+01
-1.140879372799927971e+01
-1.140148484427478692e+01
-1.140748424675519423e+01
-1.141606202345005983e+01
-1.142872911513974898e+01
-1.146777767788928770e+01
-1.151000582718162413e+01
-1.149485253594707324e+01
-1.145126596016286946e+01
-1.141703978536323838e+01
-1.141131861496860012e+01
-1.139115361993859032e+01
-1.141536084668419804e+01
-1.142773528918885262e+01
-1.143607529760094543e+01
-1.149244767120342203e+01
-1.138283222217194357e+01
-1.138334097922385091e+01
-1.137686716866425130e+01
-1.136363222866986433e+01
-1.139419393712280915e+01
-1.142333308277493664e+01
-1.144291927116010044e+01
-1.143761074957219215e+01
-1.150489028837180427e+01
-1.146994285468270114e+01
-1.147457335819017032e+01
-1.146031905511275539e+01
-1.145328860254014636e+01
-1.137487492419340462e+01
-1.138015056698947447e+01
-1.138033480686776322e+01
-1.129521337948938076e+01
-1.128741634165041319e+01
-1.126267373639305625e+01
-1.124417266251087888e+01
-1.126023605855333720e+01
-1.125519349832309857e+01
-1.125321275908654250e+01
-1.123855448007964952e+01
-1.121116250277986559e+01
-1.126443789658936900e+01
-1.125651755702120482e+01
-1.122717181061906899e+01
-1.119217354388373842e+01
-1.123708801018243619e+01
-1.116278055298429450e+01
-1.118389257887183064e+01
-1.110675046262970156e+01
-1.111247273456253204e+01
-1.111199971399174125e+01
-1.109780833510014197e+01
-1.110495034903716771e+01
-1.110091975492316152e+01
-1.110513974626886302e+01
-1.105860817317499745e+01
-1.102537395647061835e+01
-1.105600284678722822e+01
-1.106713210557446203e+01
-1.106769306330286717e+01
-1.107074530599640561e+01
-1.108896351335314812e+01
-1.111952915479991510e+01
-1.113890845135282603e+01
-1.116261266276070430e+01
-1.116801555677429825e+01
-1.105658716808079944e+01
-1.105460827134078627e+01
-1.103041257326686519e+01
-1.103131156700366233e+01
-1.102434011730397145e+01
-1.101624833519184676e+01
-1.101779164107677822e+01
-1.103070927717771887e+01
-1.103333729259366436e+01
-1.105812662311134886e+01
-1.107658775275556984e+01
-1.102123540193118423e+01
-1.099183447338652186e+01
-1.089178495949854941e+01
-1.088127453547423507e+01
-1.089267543682917427e+01
-1.089071534059034363e+01
-1.085376300737077138e+01
-1.085828867556819510e+01
-1.088704099783027424e+01
-1.096600353002789596e+01
-1.097163309858264846e+01
-1.098403294002084785e+01
-1.091511933727335837e+01
-1.092326082605514337e+01
-1.089397546799402861e+01
-1.092512251867376705e+01
-1.092603127164267818e+01
-1.091671967946852995e+01
-1.087341737653556883e+01
-1.086096475928660787e+01
-1.074662673767138799e+01
-1.076749633010925855e+01
-1.073671846203760616e+01
-1.069849033073891320e+01
-1.069612118554288749e+01
-1.068193281688759200e+01
-1.052249403425088303e+01
-1.052344633521496853e+01
-1.056035471076928012e+01
-1.052821211180267724e+01
-1.051550406386577308e+01
-1.049704021506530793e+01
-1.053328769547274035e+01
-1.051449334602574659e+01
-1.049100450934903606e+01
-1.049727640257523120e+01
-1.049534992510595366e+01
-1.044947533949144436e+01
-1.046188471911516515e+01
-1.052411036281579726e+01
-1.051739483188004876e+01
-1.053573333235279641e+01
-1.054679132870533742e+01
-1.056084981285925117e+01
-1.057322884007177599e+01
-1.057331895666821708e+01
-1.056867725955662074e+01
-1.057612942450643878e+01
-1.055962746093535998e+01
-1.055725126836830441e+01
-1.056663777446900987e+01
-1.057246973251966615e+01
-1.055233235050067719e+01
-1.053646004526122404e+01
-1.053253944249072482e+01
-1.057290489329181860e+01
-1.043591450238722551e+01
-1.043146137562542819e+01
-1.045323349233156307e+01
-1.044404936060098521e+01
-1.044903081251054822e+01
-1.044671235642841189e+01
-1.045126871024543469e+01
-1.044799448328785374e+01
-1.051326322474990960e+01
-1.051634440956462946e+01
-1.051330428713194820e+01
-1.042219244481365514e+01
-1.038962861610424859e+01
-1.038098422989128622e+01
-1.040188059141220656e+01
-1.040211672141440502e+01
-1.036722764653264051e+01
-1.039837775956276644e+01
-1.039421249178862006e+01
-1.042661151251526874e+01
-1.041403097772160358e+01
-1.041659101346018801e+01
-1.041186025478315003e+01
-1.034494706582573897e+01
-1.026708429525959687e+01
-1.032268399696922501e+01
-1.034065963291649837e+01
-1.034795163883655533e+01
-1.033982617710418594e+01
-1.033459485058569172e+01
-1.035195217386714894e+01
-1.030414543045957032e+01
-1.029846936976156435e+01
-1.030135929047065702e+01
-1.029983431972791941e+01
-1.031082743019969428e+01
-1.030154736953365457e+01
-1.030530753684823075e+01
-1.030916861346929103e+01
-1.032362910679908374e+01
-1.026374441724670916e+01
-1.026020133294470327e+01
-1.028185412224909356e+01
-1.028578248492343938e+01
-1.031576669501012411e+01
-1.029974311921288610e+01
-1.029512974542171833e+01
-1.029571121940965739e+01
-1.026822426619782114e+01
-1.028754603125975997e+01
-1.028090013906618694e+01
-1.030939975249719964e+01
-1.030813253389422535e+01
-1.030005677704779998e+01
-1.028862800220437457e+01
-1.029255497282689724e+01
-1.029816305440330026e+01
-1.031013977226172251e+01
-1.028459792826636843e+01
-1.028591661155854808e+01
-1.030723397131419539e+01
-1.031295095750391866e+01
-1.029132109311125376e+01
-1.028831193436627878e+01
-1.024387966439774544e+01
-1.027647824853643144e+01
-1.028334988954159357e+01
-1.028870056033370162e+01
-1.025687522025830134e+01
-1.025949608150597392e+01
-1.027281877429681423e+01
-1.027115971331168609e+01
-1.028264371525036402e+01
-1.023958697989421829e+01
-1.023676505334116449e+01
-1.027648890409126103e+01
-1.028142806507770501e+01
-1.028797338530208272e+01
-1.029855418976018733e+01
-1.030296720717534242e+01
-1.030610968556005957e+01
-1.030538821101566249e+01
-1.030463904172655987e+01
-1.029562500228689181e+01
-1.030153460089497308e+01
-1.028107911620880088e+01
-1.027833128987899691e+01
-1.027336014524823860e+01
-1.030365643336367576e+01
-1.031231072523262959e+01
-1.030105140626562310e+01
-1.030471182075360304e+01
-1.030851159186821953e+01
-1.030916467067302378e+01
-1.027051128924683177e+01
-1.029080757793196632e+01
-1.028312672639863656e+01
-1.028966248823874885e+01
-1.028636758985838640e+01
-1.026835174682904572e+01
-1.026664802748958216e+01
-1.028107760827159645e+01
-1.030313631087365600e+01
-1.030928348254816385e+01
-1.031205961697806650e+01
-1.030989922830540628e+01
-1.030213171560206931e+01
-1.031667746795812590e+01
-1.030989631898736114e+01
-1.024267832493067232e+01
-1.024803268588987848e+01
-1.029331392932013856e+01
-1.028678489099146454e+01
-1.030171186788501458e+01
-1.029423784011959420e+01
-1.028779927438441888e+01
-1.028680916836955639e+01
-1.022044220786349911e+01
-1.029860716036356649e+01
-1.029850947982391318e+01
-1.041057905896790281e+01
-1.040390368103305718e+01
-1.044296020392934388e+01
-1.043650070414191511e+01
-1.043662347020827674e+01
-1.044176597798673534e+01
-1.043531804820408837e+01
-1.044099038607015295e+01
-1.044402178261212377e+01
-1.045160488475624128e+01
-1.044187599023609536e+01
-1.044745119018105584e+01
-1.044392440919961906e+01
-1.043346293767848820e+01
-1.043410571743459769e+01
-1.028439980699470979e+01
-1.028262843112104363e+01
-1.024336894837910883e+01
-1.024138450328976191e+01
-1.024225183654281324e+01
-1.023720628978849412e+01
-1.027024288799906415e+01
-1.030125281911960045e+01
-1.030057441877612767e+01
-1.027376086365632979e+01
-1.021231399933178885e+01
-1.021459538811495271e+01
-1.026681306911403269e+01
-1.026549492074163261e+01
-1.033243752507730306e+01
-1.032553096539181681e+01
-1.023858192923542099e+01
-1.025198876522930291e+01
-1.025934116092365400e+01
-1.026780448222099906e+01
-1.026567861103087154e+01
-1.024113516044833183e+01
-1.023575254298845039e+01
-1.024032960308458051e+01
-1.023850054874120552e+01
-1.023835987001614178e+01
-1.024003608923849740e+01
-1.024537677402457803e+01
-1.030089666464368037e+01
-1.030301016325800667e+01
-1.030908597900461388e+01
-1.031314779010336657e+01
-1.030498123846074954e+01
-1.029945644494885748e+01
-1.030768091587295032e+01
-1.032705533129571407e+01
-1.032220922899896820e+01
-1.031415251520943954e+01
-1.040462472958009599e+01
-1.040842573028269591e+01
-1.046836939694127011e+01
-1.023086990185217893e+01
-1.023120404931246696e+01
-1.024981911694013270e+01
-1.024892909055770041e+01
-1.024186251306481665e+01
-1.024847177799326481e+01
-1.024220751076659575e+01
-1.024437591881474496e+01
-1.024894917660734350e+01
-1.023970908547003766e+01
-1.024193036027002357e+01
-1.023688753762358772e+01
-1.020556325399011577e+01
-1.023464124991643054e+01
-1.022414431354102504e+01
-1.024237011791770158e+01
-1.025044323137955438e+01
-1.025683348961564079e+01
-1.026609798482813929e+01
-1.029512518776397378e+01
-1.028444960134420150e+01
-1.026862750834344595e+01
-1.026077847707774993e+01
-1.035821941261067280e+01
-1.033375868046335100e+01
-1.035724446345149907e+01
-1.035406443992504322e+01
-1.025006281243889283e+01
-1.026563483072587424e+01
-1.027198517221358109e+01
-1.026527896499995762e+01
-1.027252603103907447e+01
-1.014597074938416021e+01
-1.012540675487301023e+01
-1.013118211925578471e+01
-1.013474989993185638e+01
-1.023946755253600749e+01
-1.024773094755777514e+01
-1.022986660798292213e+01
-1.022167973835669841e+01
-1.022873943487572923e+01
-1.022552856780892583e+01
-1.023857716482585190e+01
-1.025278586955694671e+01
-1.024616468199135433e+01
-1.023012595720752138e+01
-1.022085666751879707e+01
-1.024089555259761752e+01
-1.027387594921135694e+01
-1.030795323343001613e+01
-1.031234236532602466e+01
-1.027229510677375579e+01
-1.023666754778906451e+01
-1.023094956697303815e+01
-1.023518658651157054e+01
-1.024101906380520255e+01
-1.023204975770419090e+01
-1.023647126115286099e+01
-1.034798511943356125e+01
-1.028817476558477217e+01
-1.029173202380044572e+01
-1.029114613527292654e+01
-1.030456446193957909e+01
-1.028880467703836032e+01
-1.029145578615369949e+01
-1.028717220739415517e+01
-1.028472422601219805e+01
-1.033149777343983544e+01
-1.033303008008323864e+01
-1.037703047477582885e+01
-1.036695865173003206e+01
-1.037152668545360967e+01
-1.027884707754456528e+01
-1.026976037416012311e+01
-1.027519988159269992e+01
-1.023326473183547591e+01
-1.024009164534213134e+01
-1.023813045767430374e+01
-1.023945113884658653e+01
-1.026743541489212319e+01
-1.022269481660799251e+01
-1.018503908448612272e+01
-1.020882573869006293e+01
-1.023727115332285464e+01
-1.025070454933473307e+01
-1.025044133157123127e+01
-1.022804712934334859e+01
-1.022555190125969382e+01
-1.022597737096653603e+01
-1.021469592945898519e+01
-1.024842913396217803e+01
-1.025081814689000659e+01
-1.024832916003866146e+01
-1.024723628418415622e+01
-1.024539943605118175e+01
-1.028249001537264640e+01
-1.022261614445271505e+01
-1.022808232268676143e+01
-1.022717844063151205e+01
-1.020205627700089934e+01
-1.020352000328104758e+01
-1.020138538931646188e+01
-1.021047383388343022e+01
-1.022372314525438597e+01
-1.022300414771808086e+01
-1.020404203755946249e+01
-1.020081602231694440e+01
-1.020215342572216244e+01
-1.014796071190943394e+01
-1.015519569946639322e+01
-1.011257156293108395e+01
-1.011531420504408096e+01
-1.011640621151732766e+01
-1.007851121820707796e+01
-1.009974479946568771e+01
-1.011164958677735370e+01
-1.012011730093792927e+01
-1.012378102069120267e+01
-1.011988334613347540e+01
-1.011481519239451643e+01
-1.011109803202687019e+01
-1.013182593325886494e+01
-1.012446122795517844e+01
-1.011145038178430511e+01
-1.009531633238103154e+01
-1.009547868546988880e+01
-1.010300141947259078e+01
-1.010100961384467588e+01
-1.010205960379830614e+01
-1.006699382840650792e+01
-1.007260057717948776e+01
-1.007322336196398282e+01
-1.007364240029723135e+01
-1.007163728105184575e+01
-1.007005341082660621e+01
-1.007025896968116463e+01
-1.005885659673458754e+01
-1.000393082676818679e+01
-1.000618522535611632e+01
-1.001259878146188242e+01
-1.000789082804946517e+01
-1.006337702840913906e+01
-1.000432332795188728e+01
-1.000218047435897617e+01
-1.000031116353228811e+01
-1.001141386643650044e+01
-1.000943739668937127e+01
-1.000680367009187322e+01
-1.000525318432724298e+01
-1.000596069301677637e+01
-1.001773241281336624e+01
-1.001110842985218419e+01
-1.001258014731132029e+01
-1.001296119538844209e+01
-1.001951893255867176e+01
-1.000600936364377880e+01
-1.000691880173070203e+01
-1.002101075767426330e+01
-1.002136044529723335e+01
-1.001184714568512746e+01
-1.001166593676179062e+01
-1.001095714431770567e+01
-1.008400056279521628e+01
-1.006313046506939912e+01
-1.006192820364013762e+01
-1.005101754289796823e+01
-1.000599293409969803e+01
-1.001765513649832151e+01
-1.002201664983462770e+01
-1.010497061128270602e+01
-1.009757816122649210e+01
-1.000595905470848201e+01
-1.001132079907490713e+01
-9.993879797255273090e+00
-9.997424343144894365e+00
-9.981929672319754587e+00
-9.968308434731323331e+00
-9.960819547911007987e+00
-9.957916927181379663e+00
-9.956282925316862986e+00
-9.961050968360597224e+00
-9.958670799610263913e+00
-9.948745964675628883e+00
-9.941529373286250859e+00
-9.951362988540356724e+00
-9.955971563593926987e+00
-9.962522094024611974e+00
-9.965536188277072327e+00
-9.972180598682500730e+00
-9.969734968441882117e+00
-9.965942757121702300e+00
-9.963138744883789144e+00
-9.959276561921456050e+00
-9.958318109669983542e+00
-9.958359949593175386e+00
-9.959565170801932155e+00
-9.971456808923893078e+00
-9.969609245338306280e+00
-9.949772324755942421e+00
-1.001808792616358268e+01
-1.002683376646878699e+01
-9.999605093705335790e+00
-1.001545435817105556e+01
-1.000792643107547697e+01
-1.001689452945202596e+01
-9.956110321725644141e+00
-9.951922031379741185e+00
-1.002498143001531794e+01
-1.003510036303899966e+01
-1.004510588827005613e+01
-1.003121329406207174e+01
-1.003397730653722242e+01
-1.003579853754770390e+01
-1.004257456685697569e+01
-1.004288182159317522e+01
-9.936348670528284188e+00
-9.992998430485595662e+00
-9.978085867293616573e+00
-9.945972962131651940e+00
-9.909447350624940754e+00
-9.908703432201248162e+00
-9.912708235178770977e+00
-9.926180563612504670e+00
-9.937436779091218142e+00
-9.966940154090135451e+00
-9.974969564402046629e+00
-9.980391977678431559e+00
-9.923233640381710075e+00
-9.918761138796201138e+00
-9.915537687431097424e+00
-9.913857597473676009e+00
-9.910642666485392382e+00
-9.909965337590087131e+00
-9.922171282252850943e+00
-9.922049701808854039e+00
-9.929255269606063194e+00
-9.938586681098238174e+00
-1.001593567597656786e+01
-9.973513994744740430e+00
-9.970482962466393317e+00
-9.959997131536530546e+00
-9.955682977713669501e+00
-9.953152249365530224e+00
-9.953028339531881485e+00
-9.957439317671999746e+00
-9.961222228524482247e+00
-9.973078728313121033e+00
-9.951333033472019807e+00
-9.989548111484591431e+00
-9.983168416345836960e+00
-9.981116801773557867e+00
-9.988320503639755543e+00
-9.991872813279453425e+00
-9.924171266422771254e+00
-9.929520064646174760e+00
-9.930230657911799597e+00
-9.933471577372984029e+00
-9.930045812089929314e+00
-9.915771018347912857e+00
-9.916629742832453687e+00
-9.927553811696789410e+00
-9.923975311428682389e+00
-9.921433943929613974e+00
-9.926311688533367317e+00
-9.925182925732093153e+00
-9.929670621778125650e+00
-9.900905149181358667e+00
-9.908450428597634030e+00
-9.870627013925236781e+00
-9.862521536022278212e+00
-9.862501202641455578e+00
-9.865974962363173617e+00
-9.885847139549676754e+00
-9.884934049216109742e+00
-9.884393834644907173e+00
-9.908036171118856927e+00
-9.878861456206065483e+00
-9.704668135665020401e+00
-9.707925322154078884e+00
-9.703316565082612755e+00
-9.689812244220139092e+00
-9.685674549263845634e+00
-9.692638903339776846e+00
-9.585273973361523758e+00
-9.583676229754694020e+00
-9.583264698402599535e+00
-9.580660615425511395e+00
-9.596627214237475556e+00
-9.597208078530918840e+00
-9.650884779274484515e+00
-9.645945226929073968e+00
-9.639757135309611868e+00
-9.643415309737322971e+00
-9.638850850631822453e+00
-9.636441732478438382e+00
-9.636057010824679026e+00
-9.640879004211809544e+00
-9.633778867585311545e+00
-9.631468509760347629e+00
-9.630384587184201095e+00
-9.681707715882417631e+00
-9.675364594422530828e+00
-9.665640707257658448e+00
-9.662584878931587795e+00
-9.558434052568475892e+00
-9.574648212913423606e+00
-9.579451434755132055e+00
-9.603253119480115174e+00
-9.640080744189837958e+00
-9.636561884260217425e+00
-9.637181516093898281e+00
-9.640313456677503723e+00
-9.642014995763220853e+00
-9.644365603665143283e+00
-9.644458950283459231e+00
-9.594328115485474484e+00
-9.611300591071129773e+00
-9.607030982744053205e+00
-9.658480274837554447e+00
-9.657784849325615539e+00
-9.665625102857152484e+00
-9.647463947183847921e+00
-9.673549123072158196e+00
-9.673871101728160227e+00
-9.592866100057110046e+00
-9.679887537031534706e+00
-9.678480687327670751e+00
-9.721365811910946064e+00
-9.680105545235152320e+00
-9.704719132845353258e+00
-9.491598518775225202e+00
-9.473632716681109400e+00
-9.458743158414387509e+00
-9.372585877339894012e+00
-9.402169944136952395e+00
-9.407159183870545505e+00
-9.406326796076458052e+00
-9.407246305016707666e+00
-9.412143896863501169e+00
-9.448112546161683056e+00
-9.430412061061936413e+00
-9.429363076091927809e+00
-9.426182610572354292e+00
-9.428300723982651732e+00
-9.421255580773733485e+00
-9.415222058979150432e+00
-9.411482956222259944e+00
-9.426361120226166790e+00
-9.392334138449710323e+00
-9.395703516398524968e+00
-9.390769595288926297e+00
-9.385674230845422628e+00
-9.387222212493083973e+00
-9.387199177541885931e+00
-9.386888569351254930e+00
-9.346991491968248411e+00
-9.346711135571501572e+00
-9.341286216885135829e+00
-9.342698116997427249e+00
-9.390732173322314580e+00
-9.394622716845187682e+00
-9.386534603967625401e+00
-9.385906555571288834e+00
-9.384402508753243666e+00
-9.385223130128279578e+00
-9.383513433105651558e+00
-9.384936053630395847e+00
-9.366523351281015763e+00
-9.363000428126449393e+00
-9.359935560378383812e+00
-9.364802297555112176e+00
-9.365331859143740445e+00
-9.361707228274887882e+00
-9.372594127505138317e+00
-9.370336762442198264e+00
-9.374250894788950461e+00
-9.395749894620140097e+00
-9.396778819317317399e+00
-9.406093458548212993e+00
-9.384839045817354730e+00
-9.388838147771339848e+00
-9.389518371062349544e+00
-9.402522594919838994e+00
-9.411522553008527581e+00
-9.411315847441073856e+00
-9.471740231197436799e+00
-9.478665583714874998e+00
-9.470227427590092617e+00
-9.489204171374554520e+00
-9.483291909576202272e+00
-9.498691274781940308e+00
-9.506304433561551193e+00
-9.507289249716750490e+00
-9.505256400678231188e+00
-9.502320044276078903e+00
-9.501479179987009971e+00
-9.492867140850643537e+00
-9.534874157931264804e+00
-9.485340948184543208e+00
-9.526534116882841019e+00
-9.505998743547642960e+00
-9.501464097955770072e+00
-9.488502082493630141e+00
-9.484443329415805479e+00
-9.465986481427663080e+00
-9.430608742902355957e+00
-9.429253871786002605e+00
-9.456287930207393444e+00
-9.453041666029021073e+00
-9.444069304984873625e+00
-9.448337175788930509e+00
-9.451882456974756153e+00
-9.418932919255736280e+00
-9.419996609541501087e+00
-9.428398230100546229e+00
-9.428415082451886420e+00
-9.429038897071892578e+00
-9.429214443733666684e+00
-9.426152633234730516e+00
-9.423389267534179936e+00
-9.423263530583268377e+00
-9.397707122005623859e+00
-9.390169969195220290e+00
-9.416491671688214993e+00
-9.421220460191262802e+00
-9.425263036292340857e+00
-9.421056585160558328e+00
-9.426129943899006491e+00
-9.427003540619693922e+00
-9.425623696325695633e+00
-9.418736091619672735e+00
-9.415495317314460877e+00
-9.426099363171248413e+00
-9.427382189154091208e+00
-9.457548323707134941e+00
-9.449075516831502597e+00
-9.470427197036276112e+00
-9.469436279807377232e+00
-9.430009387445940305e+00
-9.436869249162178619e+00
-9.433747795025976046e+00
-9.438794059965211147e+00
-9.438174070295980655e+00
-9.399658338739993013e+00
-9.398427141299796617e+00
-9.399468953891755518e+00
-9.401002820451287434e+00
-9.398580846721554138e+00
-9.397649716490027672e+00
-9.427511700655911042e+00
-9.404407045780923013e+00
-9.408137780882352530e+00
-9.406152183326440763e+00
-9.406829833579413602e+00
