# 2*np.log[MAD(r)] for 100 flights; 1000 steps per flight; run 3 of 50; mu: 2.00; seed: 2
-2.319064888935702839e+01
-2.079987113529612230e+01
-1.998094466789007129e+01
-2.011751328657233628e+01
-1.976140653804527503e+01
-1.980109827020633517e+01
-1.901932866446924919e+01
-1.897224475882248740e+01
-1.901831806248416967e+01
-1.881337462030875329e+01
-1.852279015553773078e+01
-1.826657842414726929e+01
-1.788074438189432058e+01
-1.781655849405198921e+01
-1.750762558169970262e+01
-1.720436913457859163e+01
-1.700020193648588673e+01
-1.690510065550006757e+01
-1.671423720033292071e+01
-1.651330753069752788e+01
-1.689498048224893623e+01
-1.676259125015786822e+01
-1.673372574752163544e+01
-1.694629496769704247e+01
-1.681826056421650506e+01
-1.654996589002170282e+01
-1.646358968023578484e+01
-1.642329691695164229e+01
-1.635732694366501505e+01
-1.597407711521845641e+01
-1.576386987004640261e+01
-1.604747968648786838e+01
-1.601783336520706769e+01
-1.570619108132276942e+01
-1.590782645819598606e+01
-1.584501822029852747e+01
-1.579590085492507789e+01
-1.570834358138465703e+01
-1.567616571656815871e+01
-1.556488314459266142e+01
-1.541225511128349801e+01
-1.531264203390137268e+01
-1.521852339463555381e+01
-1.534324345988066618e+01
-1.519090184934201382e+01
-1.533272234465813000e+01
-1.511935195054313397e+01
-1.517886589677476827e+01
-1.515785262458931726e+01
-1.511826459476794149e+01
-1.506866244711816449e+01
-1.513894421553984060e+01
-1.507194371269286925e+01
-1.513638019690759506e+01
-1.507744596870386289e+01
-1.506487384017580666e+01
-1.512134635064611210e+01
-1.498782986734370049e+01
-1.501482923811678560e+01
-1.504931006351588785e+01
-1.482339939283437680e+01
-1.482658140621996345e+01
-1.472224158460298504e+01
-1.442464574425354940e+01
-1.437177218726047734e+01
-1.431463095496494375e+01
-1.423115518206923902e+01
-1.421107054431241501e+01
-1.427457908918472995e+01
-1.432978363335084815e+01
-1.388287343914961980e+01
-1.384977613017546183e+01
-1.388518513805048649e+01
-1.384388518617446096e+01
-1.388256820777788114e+01
-1.354273906680939454e+01
-1.356030840494507039e+01
-1.358428322955260725e+01
-1.358773259336674855e+01
-1.338135675458860696e+01
-1.326051247734386429e+01
-1.330282283080839889e+01
-1.331921613756151679e+01
-1.346198411910535775e+01
-1.344866208939902563e+01
-1.331401936667986874e+01
-1.325926151005249665e+01
-1.335003489929373011e+01
-1.317950870529034191e+01
-1.312167228673010122e+01
-1.309575116984163046e+01
-1.312625825643334210e+01
-1.316853801215390973e+01
-1.313141947237975771e+01
-1.303084289681445362e+01
-1.303996851625366027e+01
-1.306073720424583939e+01
-1.306625302978964243e+01
-1.298645956668987189e+01
-1.300126935207754642e+01
-1.285147657294974621e+01
-1.265763910834382777e+01
-1.267667708074628408e+01
-1.270150208280274562e+01
-1.274428082886034908e+01
-1.278736161298579610e+01
-1.268308417776564312e+01
-1.264216551911121655e+01
-1.263247551658019141e+01
-1.264301128482267877e+01
-1.267058040220454274e+01
-1.268758023366974719e+01
-1.265829840611501034e+01
-1.266463888465830223e+01
-1.258941260547863372e+01
-1.258353540501987844e+01
-1.260185468893622129e+01
-1.264473038532492133e+01
-1.268313942743981926e+01
-1.263600605813061684e+01
-1.259708437928232350e+01
-1.259583286857110807e+01
-1.254842906875877517e+01
-1.253893728538542440e+01
-1.264054183668922882e+01
-1.266712874683292256e+01
-1.263867967232711820e+01
-1.260867145628816210e+01
-1.269591745726936161e+01
-1.266881744183233316e+01
-1.264860928950238694e+01
-1.261444384134596852e+01
-1.265654324220185956e+01
-1.269859975504874861e+01
-1.264408668255886781e+01
-1.258497081743361434e+01
-1.255699153726581407e+01
-1.256581414741112113e+01
-1.256042327441955209e+01
-1.254300727349585465e+01
-1.252651517095200084e+01
-1.256709045502019961e+01
-1.255892911577222470e+01
-1.255661719309322422e+01
-1.252150298803071671e+01
-1.253973288774437655e+01
-1.254580752700729640e+01
-1.257840899329919893e+01
-1.255259647440074744e+01
-1.256883579509953996e+01
-1.256911244990666177e+01
-1.256889332413800453e+01
-1.257223940325977907e+01
-1.258421403371837144e+01
-1.263071884800432265e+01
-1.252428635097269982e+01
-1.252826584142598954e+01
-1.252912898742602010e+01
-1.254221966379623332e+01
-1.251181982682943783e+01
-1.256054997059526279e+01
-1.261538249954898383e+01
-1.271405027330828297e+01
-1.272443974963900892e+01
-1.265721545371820156e+01
-1.279602294116151207e+01
-1.279935099696504253e+01
-1.281972143537601205e+01
-1.261997688453045718e+01
-1.262498940635714106e+01
-1.270752633968521295e+01
-1.270005567709991467e+01
-1.271425988556914177e+01
-1.259854140068062378e+01
-1.261856191510256764e+01
-1.260565529815358232e+01
-1.256646945860611986e+01
-1.261252556705513328e+01
-1.263889578490153376e+01
-1.262768664474474711e+01
-1.262769883254701853e+01
-1.260668113141378477e+01
-1.254888180561280464e+01
-1.245853975786255852e+01
-1.247511923338653261e+01
-1.242244928515852642e+01
-1.240710166118206104e+01
-1.240033717889248699e+01
-1.239845715948996308e+01
-1.241486913234232681e+01
-1.240970361849606540e+01
-1.245200544416442767e+01
-1.250854947613658119e+01
-1.244498293889951057e+01
-1.243743518823838734e+01
-1.244955056161973594e+01
-1.248468741584431640e+01
-1.247793199221105986e+01
-1.241616048023993102e+01
-1.238503833113605168e+01
-1.238025359931749314e+01
-1.234796069761614490e+01
-1.235049007747398342e+01
-1.236560603161109917e+01
-1.238614398341088574e+01
-1.238577889925869968e+01
-1.238727834331950106e+01
-1.242213507555807617e+01
-1.213994155614155268e+01
-1.214869249748835145e+01
-1.212947062265528686e+01
-1.204774357188086675e+01
-1.204988050755874696e+01
-1.207469027595890587e+01
-1.208231422960316870e+01
-1.212905077105573959e+01
-1.212349791863002046e+01
-1.216479186854364158e+01
-1.210687298230216946e+01
-1.206297380656968343e+01
-1.202052477311092638e+01
-1.207626457430639810e+01
-1.200753773936509461e+01
-1.203942440598433805e+01
-1.203273038754014301e+01
-1.208920882742416580e+01
-1.209534399232099844e+01
-1.216328343130302159e+01
-1.216940770776429304e+01
-1.231342264415386190e+01
-1.207667496687366082e+01
-1.195525881938470114e+01
-1.195886017101849852e+01
-1.195122789967304300e+01
-1.193718638014525624e+01
-1.194895098332283290e+01
-1.189053437907136157e+01
-1.190259611014031726e+01
-1.186950938129048083e+01
-1.189111121710728192e+01
-1.190225540531298698e+01
-1.192027984706478883e+01
-1.191806010238247993e+01
-1.189171642594339495e+01
-1.188372034128875399e+01
-1.185601610085013746e+01
-1.188927395099967477e+01
-1.187687871177797128e+01
-1.187898609811601247e+01
-1.180759879778869603e+01
-1.180998979363697465e+01
-1.183032419823055825e+01
-1.182121706410067219e+01
-1.199087702076695905e+01
-1.199277570168543683e+01
-1.196969177357874869e+01
-1.178560886928763374e+01
-1.177708637553905646e+01
-1.183769911826197330e+01
-1.187966998133049223e+01
-1.186156947202815104e+01
-1.184614616153856659e+01
-1.185638544546702278e+01
-1.182051490439621233e+01
-1.181690175391677755e+01
-1.180907271855661733e+01
-1.182761014577529046e+01
-1.176955463959829906e+01
-1.175902748899304484e+01
-1.144062984762317114e+01
-1.143647365640023850e+01
-1.142522704291126523e+01
-1.153313681556597459e+01
-1.153494039477042854e+01
-1.150498076866229624e+01
-1.150556485427598474e+01
-1.153129163413280622e+01
-1.153910353324967275e+01
-1.141352940557882967e+01
-1.142778523673560898e+01
-1.144410154399763258e+01
-1.143569537988132723e+01
-1.141689338999037773e+01
-1.143751100851842573e+01
-1.145980805396070146e+01
-1.147195018410257639e+01
-1.135688073247790086e+01
-1.137558599764381384e+01
-1.143454147639512009e+01
-1.144072899336941163e+01
-1.141325530377022801e+01
-1.140369632538384614e+01
-1.143280841793195712e+01
-1.145000941193385735e+01
-1.149514260157425127e+01
-1.152487781383464416e+01
-1.149253872780544761e+01
-1.149353821614923810e+01
-1.144744550257129845e+01
-1.143643528368139073e+01
-1.154194148393967012e+01
-1.149344279577761085e+01
-1.140171390063339274e+01
-1.143815515657026616e+01
-1.143874247797487520e+01
-1.146432512980189777e+01
-1.145695454333093366e+01
-1.138725084198389226e+01
-1.126824544693343633e+01
-1.128739440932302607e+01
-1.138706206213559291e+01
-1.136243010317031477e+01
-1.136179848886588140e+01
-1.136671541768455107e+01
-1.127566550013918345e+01
-1.134524452889797708e+01
-1.117411793599159608e+01
-1.116662307942942078e+01
-1.113281320707259958e+01
-1.112717404878936200e+01
-1.112696686624620490e+01
-1.113537898248801561e+01
-1.121565031432524684e+01
-1.121664479315800911e+01
-1.121331663058331962e+01
-1.122703349627394331e+01
-1.125186484895309214e+01
-1.125636485606466231e+01
-1.125450731397722315e+01
-1.125134455778696463e+01
-1.124081339220778730e+01
-1.128282194730681809e+01
-1.124277479076754815e+01
-1.127268329077040754e+01
-1.117065383284651681e+01
-1.117877203424219346e+01
-1.118126014655147671e+01
-1.112167706857687222e+01
-1.110811286713513546e+01
-1.111340064564695673e+01
-1.111019069655295155e+01
-1.111266230532225485e+01
-1.111830983696816411e+01
-1.107617080085853800e+01
-1.108494906072826502e+01
-1.105151897420989293e+01
-1.105883122254680906e+01
-1.109028346627553141e+01
-1.102880046680349402e+01
-1.103133282763419665e+01
-1.103499134558856554e+01
-1.103203292687580017e+01
-1.103473190898463940e+01
-1.103143154024548878e+01
-1.104193399542347898e+01
-1.102739530057270656e+01
-1.103494241260983166e+01
-1.100771491689731718e+01
-1.104329595825847754e+01
-1.105472438085640441e+01
-1.103697817982083329e+01
-1.109464309580625319e+01
-1.109128788122809617e+01
-1.108308461364132569e+01
-1.105738329346866067e+01
-1.105245270238802568e+01
-1.103941894807995183e+01
-1.103986016181575458e+01
-1.102869193883783261e+01
-1.101638935718431966e+01
-1.101353327004036409e+01
-1.101047862494130314e+01
-1.103456772586555346e+01
-1.104493797356994200e+01
-1.103626297891667285e+01
-1.106916699627161904e+01
-1.110013384498643418e+01
-1.110287425407664230e+01
-1.113736831354512269e+01
-1.111054395593820487e+01
-1.109660565742197313e+01
-1.108239433938713603e+01
-1.111141773492377638e+01
-1.111751887145310036e+01
-1.108014980450724707e+01
-1.116301891587668749e+01
-1.108418131070260060e+01
-1.108333724207330562e+01
-1.106302426682067441e+01
-1.106518400516739575e+01
-1.106275263545911436e+01
-1.115835140717650731e+01
-1.116292487907491271e+01
-1.112503972542995534e+01
-1.110807670084700938e+01
-1.105994731098979855e+01
-1.104960319074061381e+01
-1.104868344010326631e+01
-1.106113221951308567e+01
-1.108550077475473827e+01
-1.109619088637832540e+01
-1.109592025147664884e+01
-1.108880240711044785e+01
-1.113644501634838591e+01
-1.114305620208451231e+01
-1.115490412961016276e+01
-1.104138854047425689e+01
-1.104383652475374333e+01
-1.103387626343528183e+01
-1.100682838646914696e+01
-1.101397975274268148e+01
-1.099765697156703048e+01
-1.099450061421199720e+01
-1.100010735701034292e+01
-1.106206688630612511e+01
-1.107226565721138378e+01
-1.104585117130595506e+01
-1.103394108629379744e+01
-1.104086436871501498e+01
-1.103189550673513253e+01
-1.102908997744519404e+01
-1.101539883253695962e+01
-1.099823268032029944e+01
-1.100149298381301932e+01
-1.096489309328294937e+01
-1.095171266578039670e+01
-1.094935741623331538e+01
-1.093270539512231743e+01
-1.092295367590348754e+01
-1.091759276784479304e+01
-1.092739253225370533e+01
-1.094602560718760920e+01
-1.101675997315297906e+01
-1.103703994321747217e+01
-1.104763313212667342e+01
-1.104351163596671093e+01
-1.103709443130891366e+01
-1.102777296808123886e+01
-1.102266635083247515e+01
-1.105611185093086135e+01
-1.106302103745230880e+01
-1.108072503121758423e+01
-1.107945081691723210e+01
-1.103418165372486470e+01
-1.103419621577717358e+01
-1.101872925939673564e+01
-1.097348811822286585e+01
-1.096633546838967987e+01
-1.097102025449734342e+01
-1.097082924412656446e+01
-1.097841697710492070e+01
-1.111465270468915989e+01
-1.109608575852555390e+01
-1.110468401520072135e+01
-1.109064742658540403e+01
-1.104081379920739536e+01
-1.106913878640088278e+01
-1.106834593134560407e+01
-1.105773609210138098e+01
-1.102136805853108470e+01
-1.098993172894009440e+01
-1.095640690108681703e+01
-1.094689596240415952e+01
-1.087324542975847663e+01
-1.087538314608942436e+01
-1.086916253584764291e+01
-1.086949487307727757e+01
-1.087444960582002373e+01
-1.080298577250736436e+01
-1.079420034818797269e+01
-1.076751672653479908e+01
-1.076914149891602612e+01
-1.072883166663806520e+01
-1.072611167432345702e+01
-1.072951527312791065e+01
-1.073376423569695426e+01
-1.073622073237878283e+01
-1.065654859687078115e+01
-1.054904914786047954e+01
-1.054339045817713938e+01
-1.058039206821376510e+01
-1.058139261270286902e+01
-1.059034482327110460e+01
-1.056142587994190229e+01
-1.057776703762557524e+01
-1.057240407917519676e+01
-1.052517037478482465e+01
-1.054302390121634936e+01
-1.053878049548664109e+01
-1.053562963878719394e+01
-1.052398715317900724e+01
-1.053880168811922680e+01
-1.051006603464065492e+01
-1.051067134055504404e+01
-1.049127977636488573e+01
-1.048153327994055495e+01
-1.048745510508730483e+01
-1.050668454310686606e+01
-1.048165284289801846e+01
-1.048022006759620162e+01
-1.053359845220516178e+01
-1.052691666160087713e+01
-1.052206946945092980e+01
-1.051683828462957848e+01
-1.051808002151908283e+01
-1.046365174701378287e+01
-1.046288631229321631e+01
-1.042523740977275004e+01
-1.042660652777283481e+01
-1.039764299522453328e+01
-1.041570651752897447e+01
-1.034576677283543233e+01
-1.032777882002937986e+01
-1.038811313987595675e+01
-1.038954129834415063e+01
-1.039754058406245640e+01
-1.043876833177250774e+01
-1.044750222908323423e+01
-1.044589154490218341e+01
-1.043774963536276523e+01
-1.044666385850919710e+01
-1.036518159003430206e+01
-1.036858605477578266e+01
-1.036877772495231831e+01
-1.037226193913395278e+01
-1.037606022556449048e+01
-1.037492643512946877e+01
-1.041930358973126580e+01
-1.037570805165104915e+01
-1.036707671174060863e+01
-1.035138007050929865e+01
-1.035029602229131740e+01
-1.034464814541808408e+01
-1.034230542653853213e+01
-1.041903382298706049e+01
-1.040856571649397644e+01
-1.040849115491200294e+01
-1.040715777587458035e+01
-1.040505919533596746e+01
-1.021807408689574004e+01
-1.025047135341969096e+01
-1.023172324893820750e+01
-1.020516244737049583e+01
-1.020958862799549571e+01
-1.020179431883051890e+01
-1.019353778353264062e+01
-1.017699774054934814e+01
-1.016785156543663504e+01
-1.016468463412599021e+01
-1.015687215034283497e+01
-1.020978679820280988e+01
-1.021441698669571174e+01
-1.021404237346800947e+01
-1.021295228667964849e+01
-1.020987570012831824e+01
-1.021910174622247247e+01
-1.022012811614666994e+01
-1.023860152057233286e+01
-1.022549143418806317e+01
-1.022879586535159113e+01
-1.022692673852394130e+01
-1.016967109109992329e+01
-1.017952566463171316e+01
-1.017822055088300814e+01
-1.015479478576520833e+01
-1.016488210734839370e+01
-1.016633140238217692e+01
-1.017605434921532037e+01
-1.020052291744312534e+01
-1.020493321119491625e+01
-1.020418464483998910e+01
-1.021661116316001383e+01
-1.021851557306480451e+01
-1.023155315107507057e+01
-1.022565328428385811e+01
-1.009183913295557389e+01
-1.012289901019927996e+01
-1.018116272396020427e+01
-1.018760797958359987e+01
-1.018127795000517466e+01
-1.018154696088091526e+01
-1.018677257833618199e+01
-1.018424979559318899e+01
-1.011149386556767560e+01
-1.010980749339211116e+01
-1.010121543246144959e+01
-1.012293516879439181e+01
-9.985860041585612024e+00
-9.958287574580875656e+00
-9.914493190812581958e+00
-9.903349478622553548e+00
-9.909639977518770237e+00
-9.776247008677181327e+00
-9.769333976894550631e+00
-9.770345145101559936e+00
-9.790103889206616117e+00
-9.791642981859657979e+00
-9.791528818918061816e+00
-9.798349644695402816e+00
-9.812933117913464898e+00
-9.801052996462820133e+00
-9.797318593400399678e+00
-9.805737876966615474e+00
-9.818789220460750755e+00
-9.822679956591604977e+00
-9.823739763627763466e+00
-9.825891405884078722e+00
-9.824191442912431071e+00
-9.820798083524397981e+00
-9.823332473994817349e+00
-9.779533062240190588e+00
-9.788376057270742336e+00
-9.794872529686422524e+00
-9.776113042841812373e+00
-9.795318493991796771e+00
-9.805427553716759448e+00
-9.774656836245236846e+00
-9.780621401074002463e+00
-9.763196824837596211e+00
-9.738757281375855612e+00
-9.757205832181327310e+00
-9.750331987616903007e+00
-9.755544819991373018e+00
-9.760389260340136985e+00
-9.721727296440326072e+00
-9.717864022888790032e+00
-9.708712766696397267e+00
-9.700891287907992933e+00
-9.696162127428769040e+00
-9.701961950117571121e+00
-9.709033719134492202e+00
-9.691990790743068018e+00
-9.687976479552469655e+00
-9.688708892028829567e+00
-9.688723080311421043e+00
-9.691272357559826744e+00
-9.618929447750328876e+00
-9.565932293551245635e+00
-9.561918016232192841e+00
-9.585590413915371144e+00
-9.591635427537218206e+00
-9.598295287314208224e+00
-9.574794449687228592e+00
-9.555262839083603410e+00
-9.552790164794661365e+00
-9.555607900834552026e+00
-9.553439500963518682e+00
-9.540388587504692097e+00
-9.546313447556043386e+00
-9.436687251217893646e+00
-9.437113419790097879e+00
-9.438273822974361238e+00
-9.437215183581722400e+00
-9.409336876313542319e+00
-9.406010375094105314e+00
-9.444873112736695830e+00
-9.456433976279964071e+00
-9.447493810969669781e+00
-9.457060227279699305e+00
-9.441411708952136550e+00
-9.450118086961287744e+00
-9.453606157393558362e+00
-9.457200074225067254e+00
-9.449480231864573199e+00
-9.450434630498552480e+00
-9.452393505927160433e+00
-9.419331881934013495e+00
-9.426672222311516691e+00
-9.451995957701482709e+00
-9.459114719853019437e+00
-9.507274804551943959e+00
-9.524763367955385363e+00
-9.534729757700509012e+00
-9.504239253020701383e+00
-9.505265818772947739e+00
-9.520495652041924828e+00
-9.441459743995377352e+00
-9.428890354222289716e+00
-9.443267289841074330e+00
-9.442717720360993994e+00
-9.449030920081630924e+00
-9.451710904598954244e+00
-9.556831794544972780e+00
-9.493671723639515392e+00
-9.496773374847286675e+00
-9.492501403233616131e+00
-9.462754863114158255e+00
-9.458575839277397534e+00
-9.460799292842700936e+00
-9.460581694865039637e+00
-9.454550767818059143e+00
-9.452964954409953435e+00
-9.450971852862473099e+00
-9.440438628701572910e+00
-9.445875675288029072e+00
-9.451318933994887317e+00
-9.442606918851543796e+00
-9.441374729785486863e+00
-9.434207740640745854e+00
-9.439290579305062323e+00
-9.382693104540143381e+00
-9.400453104916868696e+00
-9.401170036259763663e+00
-9.394448540998039832e+00
-9.394654182040373058e+00
-9.397703545577449802e+00
-9.396335030073252881e+00
-9.398445557466565958e+00
-9.397878543486694269e+00
-9.399984445617375783e+00
-9.398523879791472524e+00
-9.391977896995369335e+00
-9.398436557237189959e+00
-9.400547942094265252e+00
-9.371351746128590676e+00
-9.367921026411291763e+00
-9.373913951431568137e+00
-9.371955610494206113e+00
-9.305654501462639061e+00
-9.303845607205962764e+00
-9.277168355801460820e+00
-9.351679506150066601e+00
-9.344555355635137062e+00
-9.276730640537362405e+00
-9.270860849444055418e+00
-9.272371420197542236e+00
-9.272838421780610574e+00
-9.355150169688741357e+00
-9.355601466558736590e+00
-9.364219920155496979e+00
-9.366066227922075882e+00
-9.424313617027623380e+00
-9.414017878312888499e+00
-9.414124907776923123e+00
-9.408925016346671555e+00
-9.409098348890909236e+00
-9.368482905070290911e+00
-9.376745291486612288e+00
-9.381027222826768153e+00
-9.311711025183484480e+00
-9.323273641573825543e+00
-9.325761514448888789e+00
-9.326827695357703618e+00
-9.333254356778526883e+00
-9.335565392592483747e+00
-9.287145067869863269e+00
-9.304079424244038776e+00
-9.301418447813418311e+00
-9.301375281378387427e+00
-9.302000209871838621e+00
-9.303728521197449197e+00
-9.300130207790006764e+00
-9.297987741452683252e+00
-9.189363130286201553e+00
-9.194171485524769594e+00
-9.193414383027247894e+00
-9.190783652996445952e+00
-9.176212233377439631e+00
-9.159181485296759462e+00
-9.154106115814530042e+00
-9.167020932075473638e+00
-9.152454284260517881e+00
-9.151883623092148312e+00
-9.155204526094916417e+00
-9.151577706013437563e+00
-9.150817237157982120e+00
-9.154188560742959169e+00
-9.153719612531171279e+00
-9.157384601525434320e+00
-9.156400137230152225e+00
-9.134817016149792579e+00
-9.118717614622093848e+00
-9.116227961524369761e+00
-9.055800321523149066e+00
-9.056951860688251088e+00
-9.073647135107124839e+00
-9.026156060077109800e+00
-9.019863304871922338e+00
-9.022696193477214521e+00
-9.019059723927675520e+00
-9.010017489636911847e+00
-9.052149416429095652e+00
-9.056655380828470214e+00
-9.052463598144173673e+00
-9.051534716768056654e+00
-9.055136386424042172e+00
-9.050149873887006535e+00
-9.051146290897060354e+00
-9.041965350776568044e+00
-9.027813632767394125e+00
-9.023924628997290753e+00
-9.020330146914226077e+00
-8.953606876377271817e+00
-8.954748557690999533e+00
-8.924197685699001070e+00
-8.923328280174498417e+00
-8.920560042987881744e+00
-8.928020396628117084e+00
-8.931213390290915655e+00
-8.930295310760854477e+00
-8.931699532584246981e+00
-8.934818166260734884e+00
-8.936471819205795697e+00
-8.931430024512556187e+00
-8.936135115291364173e+00
-8.940855288572661763e+00
-8.947148171718319887e+00
-8.948627949471429588e+00
-8.970475784696622767e+00
-8.957116446731617998e+00
-8.954281832876155534e+00
-8.870337170812495842e+00
-8.877479392341909303e+00
-8.863849155285899784e+00
-8.866718722653793350e+00
-8.865936710173336621e+00
-8.868926317913961910e+00
-8.874499532530748525e+00
-8.879053246479481132e+00
-8.879571241437073326e+00
-8.878039767679785754e+00
-8.878548623691719044e+00
-8.892326026203306810e+00
-8.891794272504736085e+00
-8.892375925603715814e+00
-8.888390885629911864e+00
-8.891713731992261671e+00
-8.897080142616418996e+00
-8.897348653539976837e+00
-8.898797516483766046e+00
-8.818765726624310020e+00
-8.836199430956320100e+00
-8.854157576177684064e+00
-8.837822476475226452e+00
-8.834668982619296784e+00
-8.834042602703856772e+00
-8.820058902148144142e+00
-8.726610294159218739e+00
-8.726500345764442557e+00
-8.726095216672389299e+00
-8.735243388507255347e+00
-8.755669950803337542e+00
-8.758945663338758791e+00
-8.758089826452133408e+00
-8.758086539902024015e+00
-8.762371293379120019e+00
-8.749195127532296112e+00
-8.745608553552303377e+00
-8.747669854739905659e+00
-8.749629292483435350e+00
-8.742570690875957951e+00
-8.741833774581561300e+00
-8.735406670489039627e+00
-8.741716932804422413e+00
-8.737601195019010447e+00
-8.747520743096801610e+00
-8.742925402379022159e+00
-8.744059783828916466e+00
-8.742677053192647207e+00
-8.745858744209963120e+00
-8.743806263922953903e+00
-8.749406089842700851e+00
-8.745505934211788457e+00
-8.744775946296543978e+00
-8.752581208981622396e+00
-8.754721382343522151e+00
-8.736386021503975030e+00
-8.791474252611591211e+00
-8.792869368137177233e+00
-8.795099669639983020e+00
-8.797157866319988528e+00
-8.792521296602236802e+00
-8.810096055749204069e+00
-8.788452480150285240e+00
-8.792504425947800684e+00
-8.796597087950649652e+00
-8.799132211806179882e+00
-8.816652556411773034e+00
-8.815385973875356385e+00
-8.813318532839600650e+00
-8.815717491970440634e+00
-8.909012287299979960e+00
-8.812783682051641421e+00
-8.814345097749583857e+00
-8.811812571768300018e+00
-8.811543332247815385e+00
-8.802983140368841219e+00
-8.802422004812520129e+00
-8.801206893516916097e+00
-8.805900580221990737e+00
-8.804371793606634355e+00
-8.796754182483349283e+00
-8.796950300022803759e+00
-8.801270342974914840e+00
-8.802702630753195479e+00
-8.814928327461270641e+00
-8.759313316039833097e+00
-8.748070248733855081e+00
-8.744170946239165687e+00
-8.746014540518700642e+00
-8.744264624746167058e+00
-8.748229582685429051e+00
-8.751989252685497434e+00
-8.752173937950281868e+00
-8.767616296927643660e+00
-8.730831550045513367e+00
-8.729033192649074735e+00
-8.729627275960158528e+00
-8.737308958155267646e+00
-8.727955309042885190e+00
-8.731300875856652155e+00
-8.728649684448297918e+00
-8.734848607380923724e+00
-8.732844906178975464e+00
-8.734757597167401855e+00
-8.736330243765637604e+00
-8.739237547296367481e+00
-8.744379216827139700e+00
-8.753417071203493549e+00
-8.760125815818957662e+00
-8.759870817528103260e+00
-8.760069331289136230e+00
-8.759027943882315981e+00
-8.764503645132744936e+00
-8.771033015740854921e+00
-8.769806254046375926e+00
-8.784859571072276552e+00
-8.788929385219988788e+00
-8.789187803290785084e+00
-8.833037303795416406e+00
-8.834906563641393262e+00
-8.851418941350587488e+00
-8.853356147223518491e+00
-8.853102251309614701e+00
-8.845338325913077782e+00
-8.856285091730024206e+00
-8.858515526390746686e+00
-8.885630792347271267e+00
-8.900215909983447915e+00
-8.900322390328621935e+00
-8.896078882353315009e+00
-8.882541013292534871e+00
-8.902303091145913783e+00
-8.888605753638397999e+00
-8.916817579323575771e+00
-8.945945193241072957e+00
-8.944966679761911621e+00
-8.944756045951891110e+00
-8.942228477507311979e+00
-8.948097294713209138e+00
-8.947219562934296988e+00
-8.950787498118602414e+00
-8.919497858441937765e+00
-8.919416521244841078e+00
-8.919318087075705392e+00
-8.921974115639923042e+00
-8.919674644044514267e+00
-8.918905434128278742e+00
-8.916842603127790312e+00
-8.919131430444968700e+00
-8.914530580463706499e+00
-8.909848486683921820e+00
-8.909034015417926611e+00
-8.889158550763516686e+00
-8.919830018342228328e+00
-8.920481090647161437e+00
-8.916731547645886380e+00
-8.917576989563361423e+00
-8.916651253481298056e+00
-8.913847114858766574e+00
-8.915543317078554963e+00
-8.912563850922262887e+00
-8.915316879109921544e+00
-8.928704699433080094e+00
-8.921280539101696050e+00
-8.909345498445055966e+00
-8.912134492784318240e+00
-8.915383854142969966e+00
-8.917716671658407535e+00
-8.918573370432792302e+00
-8.919265134759259084e+00
-8.918992906221911099e+00
-8.919806878597695388e+00
-8.919358109004422275e+00
-8.917944112668385159e+00
-8.908157156842991142e+00
-8.908192808924573214e+00
-8.912564156111313807e+00
-8.904961007214769353e+00
-8.906734331224424039e+00
-8.904404797251682879e+00
-8.906487275230029255e+00
-8.904930418973773243e+00
-8.904826423634993660e+00
-8.884240050201231753e+00
-8.885654791588866175e+00
-8.880601333296967326e+00
-8.880343718466782832e+00
-8.912173086432433777e+00
-8.914177940430814573e+00
