# 2*np.log[MAD(r)] for 100 flights; 1000 steps per flight; run 41 of 50; mu: 2.00; seed: 40
-2.322107804851185975e+01
-2.119191180240444083e+01
-2.038100477594337789e+01
-1.974009609138581922e+01
-1.907097212030120303e+01
-1.891335536429637543e+01
-1.855688886306987939e+01
-1.848456324847902366e+01
-1.831564555766293623e+01
-1.804895197517909722e+01
-1.818424850664265335e+01
-1.804626368734089326e+01
-1.788124399113307206e+01
-1.758829838751296393e+01
-1.746325826657631097e+01
-1.741705373096812437e+01
-1.714338554634537459e+01
-1.715108460825243242e+01
-1.709523492551710788e+01
-1.707345669999742199e+01
-1.701322099560109535e+01
-1.696694106959034443e+01
-1.657484552341192696e+01
-1.677661346896690375e+01
-1.664412620661989450e+01
-1.654687239536703558e+01
-1.670033192089918828e+01
-1.663609045744609816e+01
-1.647180200663022021e+01
-1.639041719521926055e+01
-1.616744575275919260e+01
-1.619337870416524794e+01
-1.614910264486367453e+01
-1.591583633243265083e+01
-1.589709905911462684e+01
-1.606684184788262115e+01
-1.599031599994477837e+01
-1.593647751526055067e+01
-1.600952209919279312e+01
-1.594838890983823809e+01
-1.594598074812858712e+01
-1.585674313405585600e+01
-1.562356751594344395e+01
-1.556223191277547180e+01
-1.535109780427568538e+01
-1.535729617970133631e+01
-1.536812284376197901e+01
-1.532448552891437821e+01
-1.526137844443386626e+01
-1.534864824302317743e+01
-1.543324334232045736e+01
-1.521006189305461831e+01
-1.519323660423937561e+01
-1.513115105006185956e+01
-1.508707092061806243e+01
-1.500986698511826312e+01
-1.515133011955662390e+01
-1.500604923337071384e+01
-1.501284679119665455e+01
-1.493978931566860346e+01
-1.470596265792243074e+01
-1.474396172623960233e+01
-1.473700504481679374e+01
-1.480370509813714719e+01
-1.490361494305347279e+01
-1.490965192755490598e+01
-1.491296056013042204e+01
-1.472363558492436120e+01
-1.478485591633731744e+01
-1.479337356524163738e+01
-1.458325171906952455e+01
-1.462946701886306755e+01
-1.442504139766895577e+01
-1.439599641296820209e+01
-1.421813628692023990e+01
-1.424795923740638592e+01
-1.414798992796047372e+01
-1.400275714377313463e+01
-1.402462948538551224e+01
-1.390277588263576902e+01
-1.391516990489100714e+01
-1.381305434503813423e+01
-1.388176795414432263e+01
-1.384816696042315698e+01
-1.367805259005019813e+01
-1.361459306306033668e+01
-1.363119574818289870e+01
-1.365705387490316092e+01
-1.366397326243678023e+01
-1.364979388479783218e+01
-1.361569426491094958e+01
-1.354103316001980417e+01
-1.360392195106249424e+01
-1.365488781633148641e+01
-1.364522919255040989e+01
-1.362991943484917279e+01
-1.351008346300154273e+01
-1.362016680843137273e+01
-1.368015559056503605e+01
-1.371303543835497685e+01
-1.368271605339598018e+01
-1.376829195367865744e+01
-1.366727062275400328e+01
-1.363147770916681090e+01
-1.366780845960687429e+01
-1.364223298854218314e+01
-1.362730766779962188e+01
-1.358096600010230048e+01
-1.359759879521986647e+01
-1.361122812718641306e+01
-1.348822110694144705e+01
-1.353229974596452401e+01
-1.342871688482311754e+01
-1.355461066349570132e+01
-1.354572755725424038e+01
-1.355745497344664763e+01
-1.361162947764902675e+01
-1.348770516283847343e+01
-1.341826903703098850e+01
-1.343420426483660890e+01
-1.344985538313252249e+01
-1.334305454772998090e+01
-1.348441952029501500e+01
-1.348568989397857365e+01
-1.349369598708752527e+01
-1.351821864677007845e+01
-1.355334500006173037e+01
-1.347271129444653148e+01
-1.343381848990038918e+01
-1.343787369559274048e+01
-1.338090767456679231e+01
-1.344084436022184192e+01
-1.343903104848524954e+01
-1.343269628781948555e+01
-1.343750055461840276e+01
-1.343732595072226133e+01
-1.343422487224817807e+01
-1.345418561366793675e+01
-1.339734043811544595e+01
-1.340428680344310841e+01
-1.327135743343568208e+01
-1.319190292394755204e+01
-1.322277593550314911e+01
-1.307614324817206786e+01
-1.310451967054207678e+01
-1.308611540821186914e+01
-1.304523794028198935e+01
-1.306005240296460457e+01
-1.309819590505909304e+01
-1.310460470534744992e+01
-1.312385502271560078e+01
-1.313990626650801552e+01
-1.305227571691620092e+01
-1.295810261988695622e+01
-1.292431595290824298e+01
-1.287149163941192143e+01
-1.288857681811512812e+01
-1.286305700178999878e+01
-1.290877195069359118e+01
-1.287996738354585702e+01
-1.288774488854916633e+01
-1.288892806248953704e+01
-1.294977291535423269e+01
-1.294911966625085675e+01
-1.294505721692550537e+01
-1.293331156119830005e+01
-1.292334961122841008e+01
-1.292666057393526202e+01
-1.277496064224680872e+01
-1.271083423216383324e+01
-1.272946299644384105e+01
-1.266708414626050860e+01
-1.263063396078458389e+01
-1.261747917801214669e+01
-1.260171848413520834e+01
-1.268881310290482212e+01
-1.269055688380571745e+01
-1.260231827324394516e+01
-1.262145717565374348e+01
-1.260031326113596428e+01
-1.256592443031866324e+01
-1.257877136672869334e+01
-1.261529521914363094e+01
-1.251324597537861472e+01
-1.249017534559992271e+01
-1.251456569462291135e+01
-1.248062010298580837e+01
-1.249635268478345296e+01
-1.248526482636584767e+01
-1.247523963682609605e+01
-1.261478814487018063e+01
-1.259548161832730706e+01
-1.250971666952602135e+01
-1.255255636435095390e+01
-1.254622579857607612e+01
-1.254120318364480369e+01
-1.256894186505619437e+01
-1.258164135702092423e+01
-1.258676167357365117e+01
-1.257333623143464152e+01
-1.258150997044351804e+01
-1.249489946409677898e+01
-1.232578643377037508e+01
-1.233860262570039623e+01
-1.232289776440723728e+01
-1.232010660949611847e+01
-1.210569377624022103e+01
-1.213057228881376659e+01
-1.210127654394579011e+01
-1.202055175754096794e+01
-1.199553391050962681e+01
-1.198656840686486902e+01
-1.202155013427426766e+01
-1.191749388779325791e+01
-1.192974922589518805e+01
-1.192686628121436421e+01
-1.196565061957433507e+01
-1.194539840830794297e+01
-1.194548657350964227e+01
-1.198770413818821545e+01
-1.198252850149712323e+01
-1.200627483454426958e+01
-1.195234755586632147e+01
-1.195558556359006985e+01
-1.193603192731337259e+01
-1.193923587402622033e+01
-1.196155970377945188e+01
-1.194148863261042237e+01
-1.193655517806447008e+01
-1.192877039875386203e+01
-1.193314021359499222e+01
-1.189035243921577845e+01
-1.188386272429268864e+01
-1.187122996962271415e+01
-1.187882991402383936e+01
-1.189156479914058195e+01
-1.193745035726002790e+01
-1.187319640458787084e+01
-1.188730196209501244e+01
-1.185239451878676675e+01
-1.185568849449801476e+01
-1.185880474989461675e+01
-1.190216490270509375e+01
-1.195407324044195541e+01
-1.194148648465911400e+01
-1.192377824221412119e+01
-1.191770066009895856e+01
-1.191030569591028332e+01
-1.188817770073058178e+01
-1.187958876542149511e+01
-1.187362238759386202e+01
-1.188927803249142734e+01
-1.189258913564311193e+01
-1.184076932089996426e+01
-1.182787414708513651e+01
-1.185102660700769661e+01
-1.183996557092093660e+01
-1.190072782381220762e+01
-1.190918725441373915e+01
-1.189935455682736354e+01
-1.180700289678455839e+01
-1.185582188176801743e+01
-1.181923477337492301e+01
-1.184007783393099800e+01
-1.183424513736374983e+01
-1.171511627425836721e+01
-1.171883198881781496e+01
-1.173077259338473866e+01
-1.172957034264201681e+01
-1.176986882044298000e+01
-1.174366803042329188e+01
-1.173805897300451484e+01
-1.173167107936050968e+01
-1.173311766343067220e+01
-1.172415708472802365e+01
-1.172796609304930548e+01
-1.174181716614065785e+01
-1.170490618906251257e+01
-1.169666070480308484e+01
-1.172131134015174148e+01
-1.170509781104439995e+01
-1.171351087201820285e+01
-1.173481498993886873e+01
-1.170777509226702229e+01
-1.173231607712740754e+01
-1.152035949199548170e+01
-1.153178240327964765e+01
-1.152931991718888405e+01
-1.151974212480063997e+01
-1.145291636579611882e+01
-1.137490875673743140e+01
-1.137862151422562818e+01
-1.143107978628460764e+01
-1.152288303777020495e+01
-1.154240223584434233e+01
-1.152230090763599257e+01
-1.153518033793701036e+01
-1.159925587426115356e+01
-1.160942277281629664e+01
-1.161666259934236045e+01
-1.166431278036896479e+01
-1.158232372552917333e+01
-1.151030749369777872e+01
-1.152339323748161348e+01
-1.154808472859261670e+01
-1.156574578129624875e+01
-1.155856903932837376e+01
-1.161875446683303892e+01
-1.161815602571483907e+01
-1.161326005243424575e+01
-1.160197224404885397e+01
-1.159771981173133604e+01
-1.156125601908934009e+01
-1.154263318174129793e+01
-1.153909334639615913e+01
-1.154747914744444870e+01
-1.154886699772161585e+01
-1.154403298554594670e+01
-1.154549785510676685e+01
-1.164052007266050204e+01
-1.164953247130132397e+01
-1.164941457834113869e+01
-1.162536820853690145e+01
-1.163240961763857051e+01
-1.162217687137846234e+01
-1.161196057883438115e+01
-1.158741342470810842e+01
-1.157198951652333818e+01
-1.159363632880564410e+01
-1.155516899469852454e+01
-1.157566498535809707e+01
-1.145118246244688720e+01
-1.145528161054047089e+01
-1.143924154718736119e+01
-1.143490949308329263e+01
-1.142897544767551743e+01
-1.135856580096011825e+01
-1.141901996500112482e+01
-1.141149118405464868e+01
-1.149945136580386595e+01
-1.146700713503614288e+01
-1.150449586916505140e+01
-1.149162665376350567e+01
-1.156108944823084528e+01
-1.155862121817772170e+01
-1.156809032525459457e+01
-1.159115129602062666e+01
-1.157531994846210743e+01
-1.158671098073158845e+01
-1.159097364552038556e+01
-1.157092285152761590e+01
-1.153014280934521629e+01
-1.150416464750384904e+01
-1.152305979072822772e+01
-1.155522911623921090e+01
-1.151782534525845136e+01
-1.151934578057095315e+01
-1.151189590897717530e+01
-1.153897720112892777e+01
-1.154647243746598839e+01
-1.144630995626048531e+01
-1.140467873543466482e+01
-1.129787203409123464e+01
-1.133075408724045907e+01
-1.138173538983496513e+01
-1.139148068184758600e+01
-1.130372235507941170e+01
-1.126789501971227736e+01
-1.128248868357410828e+01
-1.114958572154886340e+01
-1.102826442315328137e+01
-1.108369646823020460e+01
-1.108510610171028965e+01
-1.107337716580541276e+01
-1.110623459119709544e+01
-1.109800124400207721e+01
-1.109362891201215540e+01
-1.114521095492665381e+01
-1.122449674748193083e+01
-1.122804950907395316e+01
-1.126508335136203520e+01
-1.122494738322968821e+01
-1.122099591993863754e+01
-1.124764288587393146e+01
-1.110480693818788644e+01
-1.109888813034141997e+01
-1.108716067366194302e+01
-1.107529753626134195e+01
-1.106344585272847780e+01
-1.108212425624701680e+01
-1.095288422046076704e+01
-1.098371589995377384e+01
-1.099867204444817759e+01
-1.100622781932507266e+01
-1.096652960908449082e+01
-1.097695282243668835e+01
-1.098161597506898879e+01
-1.097959459334804144e+01
-1.096610364140610727e+01
-1.096530567182829152e+01
-1.096216820080293530e+01
-1.096595286740613062e+01
-1.095062482938107529e+01
-1.096940788609165196e+01
-1.097891112522934698e+01
-1.099408938889643395e+01
-1.095976055400378790e+01
-1.095042811773990543e+01
-1.095566727533494955e+01
-1.095744876936717915e+01
-1.095794282207540782e+01
-1.093048286464046193e+01
-1.090192301558133359e+01
-1.090974801343338640e+01
-1.091735376750197872e+01
-1.090900809874288235e+01
-1.090669170017795686e+01
-1.090869561591419767e+01
-1.092022148674714543e+01
-1.093601718100734743e+01
-1.092406145814145546e+01
-1.091235923000184904e+01
-1.090041621124199800e+01
-1.089071325891784525e+01
-1.090286700222324612e+01
-1.091685108471642884e+01
-1.091687781845925542e+01
-1.086881639931341503e+01
-1.090482920890429952e+01
-1.094743655166228713e+01
-1.094484945036511014e+01
-1.090798870357225248e+01
-1.091669606753742450e+01
-1.092449815321599793e+01
-1.092367087428575800e+01
-1.093432210793037029e+01
-1.093266367606505618e+01
-1.095918248602067990e+01
-1.097026825097953306e+01
-1.094961208181691426e+01
-1.095543329208222971e+01
-1.096352155416759544e+01
-1.098795457427602784e+01
-1.098645041057615224e+01
-1.099160843798411058e+01
-1.099193264612217291e+01
-1.101562337411333026e+01
-1.101411882267052178e+01
-1.095159688153247224e+01
-1.093944718206043554e+01
-1.095508086074126375e+01
-1.095862758777101931e+01
-1.094704184251715162e+01
-1.090364814291215012e+01
-1.089479646154472370e+01
-1.088236537169642482e+01
-1.081896638594948179e+01
-1.082284045603811684e+01
-1.080906122511851386e+01
-1.088487745151527619e+01
-1.088484641526124719e+01
-1.090269129337692711e+01
-1.087192371495664567e+01
-1.090528327548401677e+01
-1.095536405633093580e+01
-1.097866956837137664e+01
-1.093884893493069477e+01
-1.084490501626725134e+01
-1.084769679499622974e+01
-1.082022534154319793e+01
-1.081406837040201552e+01
-1.081702933929500787e+01
-1.080965656255700225e+01
-1.079168874507499609e+01
-1.079229942846389001e+01
-1.079281573118283433e+01
-1.080215381942621633e+01
-1.076707055382004086e+01
-1.074823661783325868e+01
-1.067123905295605013e+01
-1.068400973091006101e+01
-1.071115353247009594e+01
-1.070040685743387598e+01
-1.070109026430068688e+01
-1.069930355713961134e+01
-1.067969560668849205e+01
-1.070136525539717631e+01
-1.071248223825309509e+01
-1.073235672188982193e+01
-1.070208701378385641e+01
-1.068563809580142632e+01
-1.067814298311506072e+01
-1.064930383715676321e+01
-1.065094049426617140e+01
-1.065572271295568818e+01
-1.060985102805939206e+01
-1.061306949719952186e+01
-1.061686926713502466e+01
-1.061524481822524457e+01
-1.063205476219399337e+01
-1.062476311080196290e+01
-1.062679793006624784e+01
-1.064710853451940764e+01
-1.065259241285161451e+01
-1.065086268558278348e+01
-1.064471487555355189e+01
-1.065478822034277684e+01
-1.066272872162592478e+01
-1.060269209957045078e+01
-1.060384294104714797e+01
-1.061365082736651999e+01
-1.061969699079795504e+01
-1.062756855910226683e+01
-1.062898198892752788e+01
-1.062756439282282805e+01
-1.061860540920046425e+01
-1.060932435967960785e+01
-1.060745285515001157e+01
-1.060998489775718312e+01
-1.060957116694990887e+01
-1.053185393835161499e+01
-1.054340384316009249e+01
-1.054401795045935053e+01
-1.054329397991180883e+01
-1.056760434555541295e+01
-1.054898180769070137e+01
-1.054925826844182701e+01
-1.059982421297590527e+01
-1.058309808810976449e+01
-1.057865587177733957e+01
-1.058228270395717630e+01
-1.057776951277530486e+01
-1.057692438088967180e+01
-1.058155745989098762e+01
-1.057060383884277677e+01
-1.056139818009486220e+01
-1.052622545020082434e+01
-1.054580042296442599e+01
-1.059412058093832343e+01
-1.059401579665165549e+01
-1.058212275296793337e+01
-1.058229875376715867e+01
-1.054036324963856863e+01
-1.053810566620655997e+01
-1.053653593409050870e+01
-1.049199606215866609e+01
-1.048675268587440357e+01
-1.048702027456219277e+01
-1.047535020572123088e+01
-1.045801601055781660e+01
-1.047843432794993035e+01
-1.048158309697740798e+01
-1.046710095902784943e+01
-1.046656617226699915e+01
-1.045582406655048224e+01
-1.045595206433526059e+01
-1.045079625095215725e+01
-1.045151697113070988e+01
-1.045396796163633901e+01
-1.045144210720674494e+01
-1.045169591928318731e+01
-1.045827200240209898e+01
-1.046000014424739355e+01
-1.048551015246939855e+01
-1.048567118959083366e+01
-1.048527588287135437e+01
-1.044755687432345148e+01
-1.044940581770279309e+01
-1.045566140879506101e+01
-1.044808089943995810e+01
-1.041076462861868634e+01
-1.041136448814457083e+01
-1.041020730626655677e+01
-1.044120118699706268e+01
-1.044064989136016841e+01
-1.043516038357266673e+01
-1.043787089376161958e+01
-1.043126257394860090e+01
-1.043446974085716228e+01
-1.043968847302443592e+01
-1.043955177289112335e+01
-1.045542228070645940e+01
-1.047214588184519890e+01
-1.045803607172860339e+01
-1.034711977680230888e+01
-1.040333374066889860e+01
-1.038056017172973711e+01
-1.042454001641380579e+01
-1.042395119721220631e+01
-1.042809751581173749e+01
-1.042960721910087329e+01
-1.042927746716331683e+01
-1.043211983037804913e+01
-1.042681481279563016e+01
-1.042003947175849632e+01
-1.042495726746838081e+01
-1.041605306234122885e+01
-1.039253897680754157e+01
-1.039066851568962768e+01
-1.042339920578389645e+01
-1.043025368016590093e+01
-1.043742123385824172e+01
-1.043307307959697461e+01
-1.043458491084149564e+01
-1.038075543296842262e+01
-1.037819020028356043e+01
-1.039708902910929211e+01
-1.039779888303354305e+01
-1.037745686123774647e+01
-1.037599949522992304e+01
-1.036947030992843288e+01
-1.027907000034447194e+01
-1.025462421210426456e+01
-1.025408767796575304e+01
-1.026203718523728092e+01
-1.016796022223720719e+01
-1.017168267799476133e+01
-1.017334335826863878e+01
-1.018005450433624226e+01
-1.017879731224404161e+01
-1.014489263452597356e+01
-1.015357243773489593e+01
-1.014926721496564355e+01
-1.014628057101133507e+01
-1.015165511735162873e+01
-1.015465280849160123e+01
-1.013741132372491016e+01
-1.015631069648391893e+01
-1.014861083203664194e+01
-1.014078888062047312e+01
-1.012232443086539391e+01
-1.012493697518169533e+01
-1.000561900378299462e+01
-1.001276802124140097e+01
-1.000785221359400978e+01
-9.991080102988252776e+00
-9.993612454087704933e+00
-9.994343288716692086e+00
-9.999367605982429907e+00
-9.996494288938961859e+00
-9.987835050552224203e+00
-1.003895380744014254e+01
-1.004085791394723337e+01
-1.005847437991900151e+01
-1.005246490119839464e+01
-1.007585131410942481e+01
-1.008071605938868665e+01
-1.007958833562280709e+01
-1.004954422725048957e+01
-9.983373221607696024e+00
-1.012667191572045056e+01
-1.012060344421871427e+01
-9.979607849231417305e+00
-9.975939105819909614e+00
-9.999148590711442353e+00
-9.997676211042705319e+00
-9.967545654708944269e+00
-9.959149623845393151e+00
-9.960246362869593639e+00
-9.967237250911985313e+00
-9.968497827014012103e+00
-9.967959668176524346e+00
-9.975642847206660946e+00
-9.963568264711062383e+00
-9.969308104678072269e+00
-9.971258804341648130e+00
-1.000897407157698105e+01
-9.979631875943450581e+00
-9.973687551081875213e+00
-9.967240996783763407e+00
-1.000440565662175629e+01
-1.000041225180482662e+01
-1.000247965196237487e+01
-1.000664948221901795e+01
-1.000733494109075039e+01
-1.000947450573234931e+01
-1.001331817130141566e+01
-9.989043689094462053e+00
-9.978830176166278321e+00
-9.956592700462032042e+00
-9.974375051552414106e+00
-9.971958536450896915e+00
-9.981676698119086311e+00
-9.980585290275802990e+00
-9.978357160773192902e+00
-9.969801757294051825e+00
-9.982578266702448744e+00
-9.979909774106431541e+00
-9.991613522340660580e+00
-9.993565295115633518e+00
-9.948108648699832912e+00
-9.998720482800754539e+00
-1.002255683465433655e+01
-1.001763352995046397e+01
-9.994976630556319463e+00
-1.002471312132545300e+01
-9.901278552608124173e+00
-9.913697414490158621e+00
-9.910743950007507408e+00
-9.925314085369562278e+00
-9.932938064915887821e+00
-9.896079885708459756e+00
-9.900304054438180401e+00
-9.913106793443292375e+00
-9.894371085955418366e+00
-9.892153153832140333e+00
-9.893567927879747259e+00
-9.897222875170328393e+00
-9.883494884273396508e+00
-9.888665947859470506e+00
-9.911039013711379297e+00
-9.913199309133517545e+00
-9.924307544043404761e+00
-9.907702793129507413e+00
-9.915643390532748569e+00
-9.916080628696818167e+00
-9.911088659063848283e+00
-9.916004422806119933e+00
-9.816807789931678130e+00
-9.810260870171948255e+00
-9.811855904253663496e+00
-9.865951594536062075e+00
-9.898577913971367437e+00
-9.902817063322375546e+00
-9.901085514679998312e+00
-9.895322082958733390e+00
-9.860301868383382740e+00
-9.860226149698847919e+00
-9.858797076255168434e+00
-9.862172212725857534e+00
-9.863411859386982172e+00
-9.857351807307747293e+00
-9.863215077012442933e+00
-9.807134575068705118e+00
-9.806905218697098192e+00
-9.810358214143960254e+00
-9.848743360833260851e+00
-9.843209350397881252e+00
-9.842874806421356482e+00
-9.838593905954713392e+00
-9.840790413176325302e+00
-9.796822707833877431e+00
-9.787986159439260092e+00
-9.788545769124976204e+00
-9.786515381053549234e+00
-9.784452949900874330e+00
-9.781335555121184910e+00
-9.780759513392894178e+00
-9.781726282849382059e+00
-9.785125352075731087e+00
-9.807864039953519963e+00
-9.830570761254151080e+00
-9.635091919246841385e+00
-9.647342619208105319e+00
-9.641765120748278406e+00
-9.651753655468993998e+00
-9.657913802929247282e+00
-9.623832078615084384e+00
-9.622483820146941369e+00
-9.620545778063943843e+00
-9.623416451857773168e+00
-9.625762058993180048e+00
-9.631241876154939874e+00
-9.634907917001626743e+00
-9.632287300031340038e+00
-9.637149935630914044e+00
-9.642440455516267050e+00
-9.640846905154829116e+00
-9.630716121469834690e+00
-9.621474825618136606e+00
-9.625017982324880705e+00
-9.624637907182039598e+00
-9.644602581265759866e+00
-9.641490990153327445e+00
-9.640365043876338191e+00
-9.636137542330150296e+00
-9.644420449259088812e+00
-9.673175282733081914e+00
-9.677655230673451570e+00
-9.689404977246912409e+00
-9.686249786734899558e+00
-9.697629408532105089e+00
-9.716676891751154344e+00
-9.678890686664335163e+00
-9.712264888176822097e+00
-9.710044730048165817e+00
-9.713671391155020984e+00
-9.735954752286620106e+00
-9.734499890996547222e+00
-9.715797190352418511e+00
-9.704859761440772559e+00
-9.554958751847808074e+00
-9.546706307331161767e+00
-9.538489784024498874e+00
-9.487135497092777925e+00
-9.483885458132114366e+00
-9.509896321321290813e+00
-9.511011930587354612e+00
-9.509745162712079036e+00
-9.509405081191358633e+00
-9.509935163655043766e+00
-9.513920258529356744e+00
-9.514267684001143977e+00
-9.516017888122895840e+00
-9.518904147363997481e+00
-9.507972169771617743e+00
-9.501418456627778397e+00
-9.500706606498804163e+00
-9.507429626050859284e+00
-9.418317551986127967e+00
-9.426006399390175261e+00
-9.428161691574402425e+00
-9.372572732118742422e+00
-9.334209015176893942e+00
-9.343834843047904570e+00
-9.346995773187144252e+00
-9.335700544392599554e+00
-9.340290725490017820e+00
-9.341509824742253443e+00
-9.342549162354211845e+00
-9.338637943150297716e+00
-9.377896999952994861e+00
-9.371100382437612453e+00
-9.371796531577173184e+00
-9.369086944580468312e+00
-9.365097900399346642e+00
-9.368932564097178783e+00
-9.377307370139266851e+00
-9.383369535765160308e+00
-9.387323802529985883e+00
-9.383092667828950795e+00
-9.378097598248526623e+00
-9.370558486678277177e+00
-9.370607359643852163e+00
-9.374775263129926373e+00
-9.376675555338275458e+00
-9.365434676951156945e+00
-9.379878421888308893e+00
-9.377124983010885373e+00
-9.372645490607297347e+00
-9.368211239425340509e+00
-9.390294227273031424e+00
-9.388862842438769007e+00
-9.379423890034647826e+00
-9.377980131317455559e+00
-9.377386551391792224e+00
-9.376567139866187617e+00
-9.379108723504039347e+00
-9.377875567400934642e+00
-9.389896033112686169e+00
-9.333312141313529153e+00
-9.253200625799063772e+00
-9.248516314218843348e+00
-9.247294988666935112e+00
-9.245620941258978931e+00
-9.325919682810768663e+00
-9.301522505074844460e+00
-9.294245280778557827e+00
-9.302458874196950944e+00
-9.276860328106637965e+00
-9.277735080001335177e+00
-9.275585479177310688e+00
-9.273130345763227922e+00
-9.254526232263961205e+00
-9.225601849996889925e+00
-9.218196543555119860e+00
-9.220045534761331041e+00
-9.217534827837097211e+00
-9.227066614432052560e+00
-9.225171738956198908e+00
-9.335847309678097616e+00
-9.321097745134963475e+00
-9.321379097132883373e+00
-9.392247152819916067e+00
-9.391718970305417358e+00
-9.393408917924940482e+00
-9.389707098346432801e+00
-9.378783151443686350e+00
-9.378005780345127107e+00
-9.393618109551340467e+00
-9.385311855994904917e+00
-9.339282596799085567e+00
-9.377067941244421334e+00
-9.362454951467624298e+00
-9.354494348866078113e+00
-9.354541665155771568e+00
-9.377564447130700032e+00
-9.379802704072684350e+00
-9.383657992644771184e+00
-9.383723292529769111e+00
-9.382812565512976377e+00
-9.385349491944053213e+00
-9.386902069798320980e+00
-9.385587937898103306e+00
-9.389261692487350430e+00
-9.359351007619197915e+00
-9.349249615449751971e+00
-9.356360426526149965e+00
-9.375677343105204287e+00
-9.377209405303510437e+00
-9.311933842753999713e+00
-9.306225280419658574e+00
-9.310148285237250576e+00
-9.313152513439566960e+00
-9.366144180152327081e+00
-9.362274292293253808e+00
-9.364019789262089333e+00
-9.381248816717938865e+00
-9.377691464259534371e+00
-9.374856225299939894e+00
-9.411986863812549231e+00
-9.451280494100762652e+00
-9.380413651104896999e+00
-9.414405494482709358e+00
-9.434392412419635221e+00
-9.450433703905718019e+00
-9.429045383450629814e+00
-9.431596167582240398e+00
-9.417345320869241476e+00
-9.419393959150465179e+00
-9.411640026264679548e+00
-9.419326735347244295e+00
-9.416360698955086761e+00
-9.412948017775830678e+00
-9.423016541975892224e+00
-9.425329695814829378e+00
-9.421027738381743788e+00
-9.423678040807779155e+00
-9.421274483304358682e+00
-9.477148781230386732e+00
-9.447594023557742915e+00
-9.447701134529815192e+00
-9.452391527464545362e+00
-9.404080206382962714e+00
-9.404549094959795852e+00
-9.401355295368778897e+00
-9.400157308613570351e+00
-9.404719473964693321e+00
-9.396772576036617863e+00
-9.398434782691193590e+00
-9.394292180355606092e+00
-9.393656288284649492e+00
-9.355855156502522973e+00
-9.352489359486430232e+00
-9.356148331820927311e+00
-9.359925922393083297e+00
-9.354564187516228202e+00
-9.360821530891072939e+00
-9.365639297187234646e+00
-9.363253073656307990e+00
-9.369932610071735724e+00
-9.362852021872106079e+00
-9.358696946943327433e+00
-9.355736494743844389e+00
-9.355024039903923949e+00
-9.341545301994576889e+00
-9.280381516784853346e+00
-9.286111855513709656e+00
-9.266158582093202867e+00
-9.265940453523738185e+00
-9.267981506684902726e+00
-9.256045264529882743e+00
-9.254604978211668609e+00
-9.250447678398685980e+00
-9.251755469460110959e+00
-9.254684905743374657e+00
-9.247640470361606191e+00
-9.267452688317540321e+00
-9.181578460154208088e+00
-9.185596818365752370e+00
-9.193188097494868316e+00
-9.176782665461033162e+00
-9.184633821720922242e+00
-9.178660678099886283e+00
-9.180019275203576967e+00
-9.162264270281676559e+00
-9.185984226510395700e+00
-9.189718909766108723e+00
-9.189383314146381210e+00
-9.192986963275123102e+00
-9.183306236203579331e+00
-9.183316711696267731e+00
-9.184898371383347637e+00
-9.217903390572462996e+00
-9.226410016267317715e+00
-9.146534488671894891e+00
-9.148340658950163018e+00
-9.148682355966295532e+00
-9.151325045417285864e+00
-9.157532714436817045e+00
-9.142314245415796847e+00
-9.169079951823910335e+00
-9.169173610956205422e+00
-9.174083673237522163e+00
-9.167786393364433906e+00
-9.174321733698466375e+00
-9.174700643327359018e+00
-9.166038346923906843e+00
-9.179664728875412294e+00
-9.177681352266452208e+00
