# 2*np.log[MAD(r)] for 100 flights; 1000 steps per flight; run 49 of 50; mu: 2.00; seed: 48
-2.357476631136361078e+01
-2.192580817279079852e+01
-2.104498638889410600e+01
-2.018128686901090418e+01
-1.969381889617915249e+01
-1.914383870987226643e+01
-1.869138151247030777e+01
-1.851094982137960443e+01
-1.838423603502782910e+01
-1.852308914399027628e+01
-1.815782482984606716e+01
-1.804533434504254075e+01
-1.784424280442080502e+01
-1.753196478818512460e+01
-1.721016796823231942e+01
-1.705214015782213011e+01
-1.688587885536357902e+01
-1.670551558663424530e+01
-1.658427181716807652e+01
-1.653451673455621318e+01
-1.636871631495046486e+01
-1.592981576776403863e+01
-1.582541356200582072e+01
-1.563932464037912418e+01
-1.557399490976014889e+01
-1.563246415324275596e+01
-1.549668448945774912e+01
-1.529062065783153201e+01
-1.479047892983405887e+01
-1.486379300618689392e+01
-1.484647549235226549e+01
-1.479473441073761997e+01
-1.479676643963005311e+01
-1.491279408926425276e+01
-1.490454121614768646e+01
-1.492942235789280758e+01
-1.480600983549387983e+01
-1.475147335693713480e+01
-1.472713344637320709e+01
-1.446738173903913349e+01
-1.452101294894804084e+01
-1.448744923538112772e+01
-1.444014755503824610e+01
-1.440111924532213905e+01
-1.428135355458876710e+01
-1.422608290310005152e+01
-1.426290160439462440e+01
-1.413716158521064870e+01
-1.399740661631926208e+01
-1.398409124184679264e+01
-1.401651505763319427e+01
-1.414187502521096818e+01
-1.417190211555526957e+01
-1.412096039404259251e+01
-1.394707292035677781e+01
-1.389316201861553246e+01
-1.373756596302878208e+01
-1.372426785816603889e+01
-1.377166907027321940e+01
-1.369759245912602807e+01
-1.366816760994043278e+01
-1.360121276114800359e+01
-1.353288337631032157e+01
-1.358378266555932079e+01
-1.356982760005737276e+01
-1.350574828110821457e+01
-1.348191262490978026e+01
-1.354781766118693653e+01
-1.349760681479500768e+01
-1.348708087337909056e+01
-1.354821002368945848e+01
-1.356370835567896194e+01
-1.362521004263780178e+01
-1.367715068549577140e+01
-1.351764713264302920e+01
-1.338063461935288423e+01
-1.342680246963939439e+01
-1.337398645028859967e+01
-1.341551110353484688e+01
-1.337198027202583184e+01
-1.335597032804311723e+01
-1.335330899257936643e+01
-1.334962606950579200e+01
-1.337615571742410658e+01
-1.345209982206177379e+01
-1.345587031260091848e+01
-1.340502493684628504e+01
-1.339757674844713797e+01
-1.337988381778224145e+01
-1.342106144610319518e+01
-1.343977911207169385e+01
-1.339599090967789508e+01
-1.345017767024272892e+01
-1.344380897568490063e+01
-1.337045306515490317e+01
-1.332257043487172155e+01
-1.333918036628643478e+01
-1.336776699475178987e+01
-1.343872456977942065e+01
-1.342526792248721179e+01
-1.344864082655327842e+01
-1.338954177398059464e+01
-1.331509070914143678e+01
-1.331914892726686617e+01
-1.335383178532984871e+01
-1.333099677305882658e+01
-1.321177388053955148e+01
-1.317964553952462126e+01
-1.326862823396864854e+01
-1.327740124772600794e+01
-1.327967482382868880e+01
-1.332374118365526705e+01
-1.333287494861772515e+01
-1.329593530410601865e+01
-1.332114291403759410e+01
-1.321047903921854072e+01
-1.329641225173557118e+01
-1.330512397057488094e+01
-1.333255721810596128e+01
-1.332537632453477450e+01
-1.326146994642553878e+01
-1.325205103757236813e+01
-1.336573790800713013e+01
-1.343395381707694725e+01
-1.339078131225386237e+01
-1.332317783095146346e+01
-1.326852073039757229e+01
-1.328032213143269935e+01
-1.327722214327818406e+01
-1.324247273984945394e+01
-1.322030713201792373e+01
-1.301991483667165284e+01
-1.300065376766739789e+01
-1.293294546751003971e+01
-1.289104631024272152e+01
-1.290485236159131155e+01
-1.294976149234388707e+01
-1.289890058129763695e+01
-1.283973396705757608e+01
-1.285104317741688718e+01
-1.299533545498361420e+01
-1.293140372957532058e+01
-1.296726697807291373e+01
-1.283575166286899005e+01
-1.282429989453185648e+01
-1.276300997339219556e+01
-1.281610024688325744e+01
-1.277446110302489757e+01
-1.268466296744438893e+01
-1.278488555517118286e+01
-1.281678386633010014e+01
-1.280173878208270466e+01
-1.282215201442828167e+01
-1.282349900440048529e+01
-1.280955839293867626e+01
-1.285410353091743296e+01
-1.286332337070478893e+01
-1.287137965562022934e+01
-1.273715099076754242e+01
-1.278055494101483269e+01
-1.262944522374820266e+01
-1.272930797607964948e+01
-1.257400981615189117e+01
-1.261619228030879647e+01
-1.268007301207209281e+01
-1.274417585712887835e+01
-1.265309819674615888e+01
-1.260720968539296649e+01
-1.262289557167205523e+01
-1.268998296481458432e+01
-1.266662259176554883e+01
-1.254678075377408319e+01
-1.271363101335444235e+01
-1.277177709363265556e+01
-1.262185245623213348e+01
-1.247140117787913915e+01
-1.236913875981068500e+01
-1.236107847630876577e+01
-1.235559849670259602e+01
-1.226493691669481656e+01
-1.222520344318341223e+01
-1.227144254020530845e+01
-1.226096226081341634e+01
-1.223148959752245268e+01
-1.220572472698503041e+01
-1.217482507789696200e+01
-1.214330873390425047e+01
-1.206245619699484450e+01
-1.206968736538673603e+01
-1.206608650862298759e+01
-1.201810219431161464e+01
-1.203841712392068963e+01
-1.202992780666429695e+01
-1.205504725681114842e+01
-1.205815748593829007e+01
-1.205036890687366480e+01
-1.206218636391147569e+01
-1.201505099156157819e+01
-1.190863396599038282e+01
-1.181707676183421363e+01
-1.182687686759602741e+01
-1.181602507597799345e+01
-1.180620717757042293e+01
-1.184350189807302023e+01
-1.179344970985614971e+01
-1.178424167392047472e+01
-1.176860237035162982e+01
-1.175876765636301080e+01
-1.174437600617568478e+01
-1.176543852528021539e+01
-1.178425378538054069e+01
-1.174706760116768578e+01
-1.167689710878836884e+01
-1.174333545534620171e+01
-1.178342630698320548e+01
-1.178396121584098033e+01
-1.173573906263555600e+01
-1.172974433163138563e+01
-1.168737623459758801e+01
-1.173831990970590233e+01
-1.167341244370124187e+01
-1.166400298775653788e+01
-1.171990302467805378e+01
-1.172342336563825604e+01
-1.173374185775764644e+01
-1.173194842503074398e+01
-1.172302470851955469e+01
-1.171764485009676093e+01
-1.178250972294378407e+01
-1.177805226981067577e+01
-1.178137505816116182e+01
-1.183287559340452511e+01
-1.174977644073938521e+01
-1.175205387287958025e+01
-1.174016735446461013e+01
-1.154918759833046060e+01
-1.157723120340497580e+01
-1.158435259534066120e+01
-1.161059048399901350e+01
-1.161971977031962133e+01
-1.162372329270385229e+01
-1.159304214950459766e+01
-1.157708398673990580e+01
-1.153082376472472248e+01
-1.152860441726139840e+01
-1.153432402999665030e+01
-1.157901038374134473e+01
-1.157603078361407434e+01
-1.158596520028827470e+01
-1.160708269127865755e+01
-1.158773111860250538e+01
-1.156980651200589172e+01
-1.156208132820655976e+01
-1.158782071047578022e+01
-1.157599475886371820e+01
-1.161093617417991197e+01
-1.164221680291296757e+01
-1.165940790768998703e+01
-1.166442567999096269e+01
-1.166858463719551331e+01
-1.163704356338393531e+01
-1.163255035203863841e+01
-1.162580064642528122e+01
-1.159969309454913144e+01
-1.157374429270625527e+01
-1.157557784514433585e+01
-1.157597362210770520e+01
-1.160520340614507262e+01
-1.160753167770996797e+01
-1.156172984525262315e+01
-1.156099520343069997e+01
-1.144009872733127331e+01
-1.145306433185427508e+01
-1.142878790745970896e+01
-1.143709435450609924e+01
-1.113060880841753786e+01
-1.121090575828439562e+01
-1.124662771725489918e+01
-1.127451453979152696e+01
-1.127895460029945518e+01
-1.128038136279366555e+01
-1.110296908906795288e+01
-1.112720101873051703e+01
-1.124450358178754605e+01
-1.123846852273462282e+01
-1.130185051554051334e+01
-1.124046887593932986e+01
-1.124443992981676566e+01
-1.124480190548787917e+01
-1.124801667448599751e+01
-1.124855435336416321e+01
-1.133629563921032890e+01
-1.135496257121166686e+01
-1.135148644222253189e+01
-1.135931394261691096e+01
-1.132541219742264360e+01
-1.132828894983141765e+01
-1.132009569220181966e+01
-1.125226146815882089e+01
-1.126200028093607131e+01
-1.126104424485420097e+01
-1.129887348212565534e+01
-1.131050544000497737e+01
-1.121053651268661788e+01
-1.121958015915578422e+01
-1.123867497832461737e+01
-1.124784514269597580e+01
-1.126503145684992546e+01
-1.123692934758892825e+01
-1.126226557617495239e+01
-1.127621726865339546e+01
-1.128920150931845789e+01
-1.128746585863274454e+01
-1.133256150296301534e+01
-1.133018144266441141e+01
-1.136050614222868305e+01
-1.124337595769793019e+01
-1.128487945838405793e+01
-1.124185044820562318e+01
-1.117037072195877201e+01
-1.105689992324271564e+01
-1.112471393255330554e+01
-1.110954511230952768e+01
-1.112091363549780709e+01
-1.106577132621661441e+01
-1.102761919432493620e+01
-1.103044476203249147e+01
-1.102880213958157540e+01
-1.103064136334680079e+01
-1.103272459025653163e+01
-1.103879762688110411e+01
-1.104257522593606744e+01
-1.103115710225942436e+01
-1.103285623503524526e+01
-1.102556127560324306e+01
-1.101631489583295398e+01
-1.096344062087401383e+01
-1.090573836574786881e+01
-1.088979724299438523e+01
-1.088461336724079054e+01
-1.092027478225761072e+01
-1.093155831527026933e+01
-1.093493625548244275e+01
-1.093057795703041002e+01
-1.096698489396539067e+01
-1.096979306254896436e+01
-1.092385237527626174e+01
-1.092969990037916439e+01
-1.093595711440443097e+01
-1.090434597181315191e+01
-1.090440498196059060e+01
-1.090530090974259458e+01
-1.090890123435120707e+01
-1.091774962292115525e+01
-1.092526041082336796e+01
-1.092380910747239575e+01
-1.093479650239075873e+01
-1.094082798103257481e+01
-1.096409690630439471e+01
-1.097533152536180978e+01
-1.096491294686556017e+01
-1.096936373953043109e+01
-1.097209417134742893e+01
-1.098272564590328848e+01
-1.102304576089646559e+01
-1.093431830796663462e+01
-1.089955039416383009e+01
-1.089079716268745557e+01
-1.077757058404765900e+01
-1.079001635894102584e+01
-1.079596701842756445e+01
-1.079992076149126845e+01
-1.065261176090101003e+01
-1.065995852069663208e+01
-1.064751433055671370e+01
-1.063761027331897679e+01
-1.064125784584624590e+01
-1.061935803265090605e+01
-1.061777758239557734e+01
-1.061263639501808242e+01
-1.065122864610698983e+01
-1.073830486497957182e+01
-1.071997821721300070e+01
-1.073007689179843815e+01
-1.072044364013206952e+01
-1.072346213163774742e+01
-1.073497360059252337e+01
-1.073490614458204995e+01
-1.075251506486083208e+01
-1.056920612868763776e+01
-1.056940836840095521e+01
-1.058043903000096186e+01
-1.052120579405306522e+01
-1.052004202607870731e+01
-1.052625558792914262e+01
-1.052364012925464110e+01
-1.055106204645050383e+01
-1.056751938795126478e+01
-1.052815533616679211e+01
-1.051547991418731165e+01
-1.049768427319509811e+01
-1.041555665971621103e+01
-1.041559082782504753e+01
-1.041689368788464698e+01
-1.039633289058742882e+01
-1.039414421708324809e+01
-1.038491219978726043e+01
-1.042754166012260875e+01
-1.042201913767236832e+01
-1.040324480464154533e+01
-1.040074638018198527e+01
-1.040342373707372658e+01
-1.040803872149862741e+01
-1.041974910837860868e+01
-1.041008168050296767e+01
-1.040030401889383782e+01
-1.048111037978175020e+01
-1.042647170140044999e+01
-1.038126746550043755e+01
-1.039583882865293418e+01
-1.039812638750299456e+01
-1.038612077991708205e+01
-1.038862956550603300e+01
-1.031487379929579262e+01
-1.031223251126725948e+01
-1.031665387751835894e+01
-1.032072787047512996e+01
-1.032214027550827140e+01
-1.032066122286535581e+01
-1.043941142695776314e+01
-1.044166360741537503e+01
-1.044607215181905602e+01
-1.044806684553917897e+01
-1.045042290204298574e+01
-1.045047520588533274e+01
-1.045179603965393689e+01
-1.044701689235464848e+01
-1.046555397348542371e+01
-1.048976301396848321e+01
-1.047134806717436817e+01
-1.045934935964093171e+01
-1.045702770322570174e+01
-1.045207917516057172e+01
-1.044981327712592822e+01
-1.045018012274432273e+01
-1.044508319248387807e+01
-1.044688288043081315e+01
-1.044400167383947675e+01
-1.049928441582661520e+01
-1.049271861031200537e+01
-1.049578678272569654e+01
-1.048717927496167945e+01
-1.050342701234584197e+01
-1.049955446567976303e+01
-1.050094319210618998e+01
-1.050018146249549211e+01
-1.050348422300968743e+01
-1.050421249187991712e+01
-1.047140242920266928e+01
-1.045744380799805917e+01
-1.043940684250736872e+01
-1.045704728941956319e+01
-1.045902108875180936e+01
-1.046211787777811786e+01
-1.045621026649745389e+01
-1.042308435417467827e+01
-1.040879860686451508e+01
-1.040972094881507815e+01
-1.042306248987892126e+01
-1.041825676965039094e+01
-1.043504703744132023e+01
-1.044156455558286822e+01
-1.044483018389317053e+01
-1.044492882670366107e+01
-1.043549962296255629e+01
-1.034979929426915746e+01
-1.032586888917507295e+01
-1.033370952544877142e+01
-1.035682697434309496e+01
-1.034160846657848154e+01
-1.035094949289292288e+01
-1.035549115817810062e+01
-1.035421426749827667e+01
-1.033695062608185467e+01
-1.034038772364238312e+01
-1.033554998395862512e+01
-1.032777665701097192e+01
-1.032348589722102083e+01
-1.030983690284803878e+01
-1.031326135903931274e+01
-1.029188093577799279e+01
-1.028605306335040837e+01
-1.027845139513713946e+01
-1.025516590186867028e+01
-1.024942809009969835e+01
-1.022042858798337761e+01
-1.021028115987212814e+01
-1.020144447158680556e+01
-1.028170475010346507e+01
-1.023274774098493189e+01
-1.018505804637467271e+01
-1.019084197330971087e+01
-9.998920857785488892e+00
-9.998196774874488213e+00
-9.998181525813162551e+00
-9.981524925670028026e+00
-9.979941054398784317e+00
-9.881534714184979862e+00
-9.877701872169696529e+00
-9.836325764958228746e+00
-9.836554277965655402e+00
-9.843403219275806748e+00
-9.838160895898258929e+00
-9.838541335197669824e+00
-9.836343113291512452e+00
-9.837034469495895550e+00
-9.831936886425966193e+00
-9.839812467136313856e+00
-9.836724585906214458e+00
-9.840499789544674414e+00
-9.837316875241976177e+00
-9.839839382231296838e+00
-9.830128069056470963e+00
-9.834283037005519645e+00
-9.694796923096847152e+00
-9.696189332700564378e+00
-9.697023657752136927e+00
-9.663063198052284974e+00
-9.659070205828468758e+00
-9.669605705124652673e+00
-9.666323482024115066e+00
-9.667561626684262777e+00
-9.655110167338014193e+00
-9.619356279097337037e+00
-9.622136049163772853e+00
-9.625024873837617179e+00
-9.613222042313738669e+00
-9.603485506330001087e+00
-9.605013740697799562e+00
-9.604993046030845250e+00
-9.600161308556577566e+00
-9.603555513708551317e+00
-9.602976843732763612e+00
-9.601027084254599941e+00
-9.600109491515622651e+00
-9.605072832392698601e+00
-9.548185443120519977e+00
-9.585791705684181707e+00
-9.585031705319183359e+00
-9.588017183075653094e+00
-9.598267362838660333e+00
-9.577041783933267993e+00
-9.580876959790144198e+00
-9.591307995060789793e+00
-9.592379780223840413e+00
-9.602546816593418910e+00
-9.596582732552059625e+00
-9.596384358360356970e+00
-9.542397687569364351e+00
-9.578171156421557697e+00
-9.619036388171824825e+00
-9.603671968540183457e+00
-9.605483114218493768e+00
-9.611596614641351621e+00
-9.631932597511829286e+00
-9.652135433541209508e+00
-9.653223255204155251e+00
-9.650967698749330026e+00
-9.659401244549419729e+00
-9.656209858439483540e+00
-9.657094885340091750e+00
-9.669338868369361961e+00
-9.670673468305000853e+00
-9.672849441586761188e+00
-9.635266507301711414e+00
-9.638610779116142169e+00
-9.630312765568712408e+00
-9.638069271424102524e+00
-9.637723928576942711e+00
-9.634422812782666767e+00
-9.634740168602437649e+00
-9.610082650771911261e+00
-9.611653501064786553e+00
-9.582570907219961853e+00
-9.591667362172914935e+00
-9.591516328627241350e+00
-9.565669389566139102e+00
-9.563888751126187415e+00
-9.572204078175085229e+00
-9.588984978734169218e+00
-9.585840973396319242e+00
-9.574851481712544299e+00
-9.539521265947751516e+00
-9.536858118304065712e+00
-9.532389294473535557e+00
-9.568544283387970140e+00
-9.565893871889056044e+00
-9.596855512365509711e+00
-9.594498590716048270e+00
-9.608616118794056860e+00
-9.608666451727184921e+00
-9.612084554576275863e+00
-9.598970526569900130e+00
-9.589943801392001532e+00
-9.578817441122017939e+00
-9.583506014667776185e+00
-9.466579708013192374e+00
-9.463305978622134518e+00
-9.463892708689584765e+00
-9.464164311600281820e+00
-9.450999669653683100e+00
-9.460509350520498018e+00
-9.457563870213816060e+00
-9.461901270485881810e+00
-9.397179357644128928e+00
-9.395074936677248800e+00
-9.393366266782100737e+00
-9.337979537722876699e+00
-9.315873088927629553e+00
-9.316772638432174958e+00
-9.268826509998721264e+00
-9.270179852921392794e+00
-9.267662982335510335e+00
-9.263601081837050444e+00
-9.281321639308183435e+00
-9.248189680823006853e+00
-9.251219712559183961e+00
-9.245128449824443706e+00
-9.241160778823102717e+00
-9.245868185833794328e+00
-9.248248175998108778e+00
-9.238349449370302224e+00
-9.242868957046377787e+00
-9.239959959358611030e+00
-9.273991259813332277e+00
-9.251723862571690660e+00
-9.244839731352291423e+00
-9.253161117939434632e+00
-9.254234955792867368e+00
-9.251021392918291397e+00
-9.250508179219954386e+00
-9.264961306450780754e+00
-9.235866448430890330e+00
-9.238481744225477854e+00
-9.246235892459450767e+00
-9.249877632255913085e+00
-9.261790307738841932e+00
-9.261962249605357300e+00
-9.185542932798064442e+00
-9.173917524287462655e+00
-9.198518867820975942e+00
-9.209828001595951719e+00
-9.212419897252690504e+00
-9.217749353708414972e+00
-9.219998157160190999e+00
-9.208044010592367101e+00
-9.163409284613592831e+00
-9.169548726929606985e+00
-9.173908294313207534e+00
-9.165944913368992530e+00
-9.163552370524220336e+00
-8.906460674185304072e+00
-8.906214103510659896e+00
-8.906851654383268979e+00
-8.903458048826468740e+00
-8.897840972960469941e+00
-8.892840267335847315e+00
-8.892811538493385015e+00
-8.920297784765978122e+00
-8.916063944675389763e+00
-8.919137657470598057e+00
-8.897977834084894511e+00
-8.896795201689744914e+00
-8.905250001612557753e+00
-8.903163564900811622e+00
-8.905199510131165397e+00
-8.906517080704384526e+00
-8.907554207297028626e+00
-8.899335390810628965e+00
-8.886015698070988122e+00
-8.864804153679578747e+00
-8.864788479764433404e+00
-8.859294204745717494e+00
-8.810123088332506569e+00
-8.935691862744208791e+00
-8.803037885885665048e+00
-8.799530767154726263e+00
-8.801604706820599588e+00
-8.800991638041802290e+00
-8.799512677148273454e+00
-8.802678206337470002e+00
-8.804067606170351112e+00
-8.801048174720824235e+00
-8.805402675937287427e+00
-8.802609542578490931e+00
-8.802287789212915214e+00
-8.806004722813595365e+00
-8.806491944647820702e+00
-8.803224819700801618e+00
-8.802124310226606241e+00
-8.720676779870411011e+00
-8.720006062385719403e+00
-8.716853758092979021e+00
-8.714390482726189546e+00
-8.712082951029360700e+00
-8.579316378025861667e+00
-8.572243420520701207e+00
-8.575354197273991730e+00
-8.578632139792256694e+00
-8.576378342762431828e+00
-8.580938311336053559e+00
-8.582410154767792676e+00
-8.591704242755488607e+00
-8.592984528383006193e+00
-8.600850972541644879e+00
-8.601651173831498909e+00
-8.602118373491618897e+00
-8.603755551201189178e+00
-8.606576980234175167e+00
-8.582961756842179213e+00
-8.585754299319603433e+00
-8.587035987250674296e+00
-8.586908151158535674e+00
-8.566475152887575106e+00
-8.563839167992519208e+00
-8.565140578847065811e+00
-8.565604019084432252e+00
-8.567921731322018175e+00
-8.575976889105668022e+00
-8.576767072383510992e+00
-8.570984372614661950e+00
-8.572276447980733849e+00
-8.568700141271550663e+00
-8.531467324188835022e+00
-8.523863776842112827e+00
-8.530671995735795932e+00
-8.533519432595060294e+00
-8.539919585923657408e+00
-8.632867692319516451e+00
-8.625011322968889615e+00
-8.621341310258722856e+00
-8.538081274081982031e+00
-8.540125486830950408e+00
-8.569149808163075477e+00
-8.530525430399613640e+00
-8.523834673014768271e+00
-8.520779823577635526e+00
-8.522908815549083528e+00
-8.546730112278741132e+00
-8.555893450835606373e+00
-8.548366531198434259e+00
-8.556204861345307222e+00
-8.551763700400901058e+00
-8.554329285891318690e+00
-8.553696042764467933e+00
-8.554094761497092136e+00
-8.552341250233387981e+00
-8.562909391800836545e+00
-8.567222188887223311e+00
-8.568292310529189493e+00
-8.566456966550315855e+00
-8.565349715585954371e+00
-8.567266779825375878e+00
-8.570600100785259912e+00
-8.569375670634720166e+00
-8.570415506530340011e+00
-8.575685452484053783e+00
-8.576257938716048912e+00
-8.572155550756203723e+00
-8.557532014345673232e+00
-8.555323516891030877e+00
-8.568846050199365294e+00
-8.570144504226121285e+00
-8.601404158990167304e+00
-8.573421983848344752e+00
-8.588317308634707103e+00
-8.590519524915150029e+00
-8.592061339351245053e+00
-8.588705886876448758e+00
-8.590981977132598146e+00
-8.563658283999247445e+00
-8.564203258389916584e+00
-8.567906614065410764e+00
-8.583837717872976114e+00
-8.584337241054608825e+00
-8.590055237353782402e+00
-8.580040785786659185e+00
-8.580497648852327686e+00
-8.588160531439106293e+00
-8.624132869770646082e+00
-8.649523442521758199e+00
-8.652986768452569422e+00
-8.650152776968571544e+00
-8.653540505054058585e+00
-8.662565951079512772e+00
-8.652504714323105972e+00
-8.613502409417362671e+00
-8.609070467205514277e+00
-8.609826348409876928e+00
-8.603462069476929486e+00
-8.573550874404837430e+00
-8.579514753627659474e+00
-8.581325066260797385e+00
-8.577502354043895494e+00
-8.572992394609427080e+00
-8.571904749821731784e+00
-8.571756012682380188e+00
-8.571041837735471347e+00
-8.572485446274054510e+00
-8.570695361230665554e+00
-8.572132376707058299e+00
-8.570855147363429793e+00
-8.596711561426706893e+00
-8.597904049588343867e+00
-8.598592113178213481e+00
-8.600050756716608902e+00
-8.598513809895575122e+00
-8.596593225127248772e+00
-8.595942919516620151e+00
-8.587868382518905719e+00
-8.591082123382573599e+00
-8.596291694347209855e+00
-8.596621197964834593e+00
-8.615210864186730433e+00
-8.615396883028106245e+00
-8.612342745772872732e+00
-8.617776461684906408e+00
-8.618773361108582165e+00
-8.620533418173511819e+00
-8.616606281607520401e+00
-8.660133323780696557e+00
-8.668097593193627048e+00
-8.669219142384529064e+00
-8.667465550867385460e+00
-8.665261191605569735e+00
-8.674082838462329192e+00
-8.676347748378928415e+00
-8.676980702577111515e+00
-8.681505716186741495e+00
-8.682821543104214612e+00
-8.679052407084224541e+00
-8.687247672199791992e+00
-8.606681615495887172e+00
-8.627172566703821488e+00
-8.626532179479763585e+00
-8.624277773977945927e+00
-8.612570673752502515e+00
-8.614188331357400585e+00
-8.613965844257641891e+00
-8.614677029557794796e+00
-8.615152770172512575e+00
-8.616090624597802616e+00
-8.614837320612611649e+00
-8.616443203105788484e+00
-8.639761990277929016e+00
-8.605547428573830260e+00
-8.606279218484134574e+00
-8.614794600824710713e+00
-8.640527942101035919e+00
-8.633416654901822085e+00
-8.628943324399727999e+00
-8.629639129427966182e+00
-8.634148711603945259e+00
-8.612286497004539854e+00
-8.629593882727307985e+00
-8.587749756922001154e+00
-8.589329040277783989e+00
-8.580607281778600992e+00
-8.594033287547448552e+00
-8.606893934394902246e+00
-8.606248013957198850e+00
-8.598867562720702296e+00
-8.556784161634869434e+00
-8.572245581044969143e+00
-8.570495531632190023e+00
-8.593583638658412127e+00
-8.580241394126270293e+00
-8.577283805588656662e+00
-8.577196065972710670e+00
-8.584909759652088468e+00
-8.657523712860923482e+00
-8.657350222494118341e+00
-8.659553538986745735e+00
-8.658743061697522947e+00
-8.656142318683112791e+00
-8.653681231245640149e+00
-8.650855305357502800e+00
-8.645034099697186392e+00
-8.643531744069679945e+00
-8.643561129460030301e+00
-8.643495265794996385e+00
-8.640607431047920173e+00
-8.607148199806717415e+00
-8.611525827624513241e+00
-8.602501114109083247e+00
-8.605857476254380245e+00
-8.601966523555203636e+00
-8.588680644848977863e+00
-8.581806359542346385e+00
-8.584105216335617072e+00
-8.585182082780828949e+00
-8.589567700023319929e+00
-8.578482605444879283e+00
-8.583876923120866920e+00
-8.581631030765873192e+00
-8.577763761056788283e+00
-8.581114387150039491e+00
-8.612030246102897024e+00
-8.664090624239312532e+00
-8.664806160121464984e+00
-8.663532476023188877e+00
-8.663871349362180396e+00
-8.659332886282602004e+00
-8.653618763157735927e+00
-8.656949705209051160e+00
-8.656254518713152990e+00
-8.662969263542313669e+00
-8.659252256522242064e+00
-8.657115906126929161e+00
-8.661478200044506082e+00
-8.662846981314569206e+00
-8.663765609859366279e+00
-8.649769736521941255e+00
-8.654206567885688983e+00
-8.655679250817481574e+00
-8.657991299628955417e+00
-8.657928367362648814e+00
-8.694986322967526604e+00
-8.695436973151057458e+00
-8.654771783818018704e+00
-8.641586193346014966e+00
-8.620914244468572463e+00
-8.622246166866990080e+00
-8.613959547993877308e+00
-8.615147624463014964e+00
-8.609185962359333644e+00
-8.616122161912805666e+00
-8.617116347520745734e+00
-8.617796559751734975e+00
-8.610683198609203615e+00
-8.610228667575309913e+00
-8.615311063109201584e+00
-8.629522209939310073e+00
-8.629281335940225617e+00
-8.647756921310106648e+00
-8.648537639688171907e+00
-8.667450563981692113e+00
-8.667811684128947647e+00
-8.668420564440095788e+00
-8.660226298119216182e+00
-8.663990064737374652e+00
-8.666091087851182095e+00
-8.656847804479212982e+00
-8.654570813787815453e+00
-8.652837196141181408e+00
-8.653095843360011585e+00
-8.692842474488555737e+00
-8.700559708148849936e+00
-8.708329639427821789e+00
-8.705500490572598338e+00
-8.703238032984463857e+00
-8.710025620210501529e+00
-8.764090283923698266e+00
-8.775010827908996447e+00
-8.781586120884108837e+00
-8.783283343876993499e+00
-8.783782002303063052e+00
-8.780443002423126586e+00
-8.779394423400201930e+00
-8.780459013572521343e+00
-8.729485521234490619e+00
-8.727218634554624543e+00
-8.723919143616040373e+00
-8.728775699798873688e+00
-8.743970976743932866e+00
-8.746006401698064536e+00
-8.747392476584924026e+00
-8.749881358031212031e+00
-8.750832705161849745e+00
-8.754085530074945609e+00
-8.751368483054399405e+00
-8.768414300838378139e+00
-8.770426214269271270e+00
-8.762451967625468185e+00
-8.760659509132159073e+00
-8.746342203334238619e+00
-8.749448956722872595e+00
-8.750286714866584603e+00
-8.747217439028288410e+00
-8.748367914113298838e+00
-8.748644382745899506e+00
-8.770466118376516462e+00
-8.772699525550393673e+00
-8.775601679408040923e+00
-8.776976006276106190e+00
-8.776622268171632157e+00
-8.766270443561307246e+00
-8.767215599877763665e+00
-8.703257216064205437e+00
-8.764825667681339638e+00
