# 2*np.log[MAD(r)] for 100 flights; 1000 steps per flight; run 19 of 50; mu: 2.00; seed: 18
-2.264809687611277766e+01
-2.221101074708515100e+01
-2.073958599325218088e+01
-2.020828706304218869e+01
-1.938974831838649848e+01
-1.883801949237808770e+01
-1.868295449012037679e+01
-1.857848468801969588e+01
-1.831156776565518385e+01
-1.833130108454422924e+01
-1.820137458745664816e+01
-1.777692015885282828e+01
-1.770492636542419618e+01
-1.754830251661858398e+01
-1.763556422783493716e+01
-1.728310455951984181e+01
-1.737716084236652847e+01
-1.735148158354677150e+01
-1.743404828561607545e+01
-1.751493357116316218e+01
-1.689450972049214172e+01
-1.665148660655060908e+01
-1.665435019372352343e+01
-1.656850233712914289e+01
-1.652544536908357742e+01
-1.649391464248519412e+01
-1.636006690843997191e+01
-1.623702635379734716e+01
-1.607217195823177391e+01
-1.578275272659992723e+01
-1.587608312738668737e+01
-1.571015149978007663e+01
-1.550828118758520802e+01
-1.544804669431883148e+01
-1.545485448904916304e+01
-1.557950575928328973e+01
-1.542706901749543391e+01
-1.531300065810307132e+01
-1.528973760314582719e+01
-1.540410620768581218e+01
-1.540632830448559609e+01
-1.538717676167411952e+01
-1.524473616407402154e+01
-1.507542803536431464e+01
-1.509880231150069996e+01
-1.515167882850424874e+01
-1.514679398960991819e+01
-1.513251143581266689e+01
-1.500118550477273871e+01
-1.499648000767158607e+01
-1.504991755717706603e+01
-1.508414501693510168e+01
-1.507985740482181392e+01
-1.509499876246128025e+01
-1.505196253457719280e+01
-1.504303245502578257e+01
-1.498480636298212332e+01
-1.506504381696681882e+01
-1.502943075279228324e+01
-1.500679906438738342e+01
-1.499045874042510818e+01
-1.491569714693993731e+01
-1.474361369254223852e+01
-1.472004136964967635e+01
-1.476941359214589333e+01
-1.472049169954848402e+01
-1.469085385513832875e+01
-1.461835794289970458e+01
-1.431732678621363952e+01
-1.431336208673311461e+01
-1.410001306540553578e+01
-1.399670591489179117e+01
-1.393542777476136330e+01
-1.407149733701038308e+01
-1.416683527529856867e+01
-1.410774154911026024e+01
-1.401198450276095642e+01
-1.380195116376141584e+01
-1.384297517522905707e+01
-1.390300955578235076e+01
-1.404303134549501131e+01
-1.403787412263571888e+01
-1.397264813122163396e+01
-1.368106283092091502e+01
-1.364605815753811413e+01
-1.371583908045624156e+01
-1.377290159526582158e+01
-1.376735597646821851e+01
-1.353704707363373139e+01
-1.355211842650027521e+01
-1.367950389801930200e+01
-1.359268345283933499e+01
-1.354612073979892806e+01
-1.349419440962150851e+01
-1.350959642959984208e+01
-1.350577510167528850e+01
-1.353774534762703574e+01
-1.332368288272820323e+01
-1.335055399494424044e+01
-1.337520247319666389e+01
-1.354702264096255959e+01
-1.351144558791626160e+01
-1.353970274999134027e+01
-1.357814627059163826e+01
-1.351166267547447752e+01
-1.352668598106671460e+01
-1.348894556897108288e+01
-1.355554321170981247e+01
-1.354248832626173282e+01
-1.350905034538759963e+01
-1.351266651636509586e+01
-1.342868074249675558e+01
-1.339780665427521278e+01
-1.338891032153342664e+01
-1.323239487642095114e+01
-1.335086714193278823e+01
-1.336408458197288418e+01
-1.341782685030670486e+01
-1.341545825749880372e+01
-1.345147347375601932e+01
-1.350426522042760880e+01
-1.351444721510239688e+01
-1.350160948683316420e+01
-1.345345316767784816e+01
-1.349375379064773739e+01
-1.341680120134561172e+01
-1.340827731128552536e+01
-1.340743901079646783e+01
-1.346502328229918533e+01
-1.336325696310956168e+01
-1.330825741243086568e+01
-1.325817503077374226e+01
-1.324918757972708683e+01
-1.322747972868981847e+01
-1.316105115853566510e+01
-1.315925084123884581e+01
-1.322471038666632737e+01
-1.325975145783668729e+01
-1.323227881436230113e+01
-1.331042188640932444e+01
-1.336166080388093214e+01
-1.329532042874034836e+01
-1.332363751753552883e+01
-1.338571998026494647e+01
-1.340870883183950646e+01
-1.341890862744265966e+01
-1.334966070456843390e+01
-1.332239453781686045e+01
-1.321500962353536934e+01
-1.315237094913677929e+01
-1.312229788498576788e+01
-1.310833233454213342e+01
-1.312647213758380538e+01
-1.312812582574862930e+01
-1.313578658664523680e+01
-1.318417517702451214e+01
-1.316973189761809593e+01
-1.318440078975576313e+01
-1.318748999669066180e+01
-1.318712197918643447e+01
-1.320756368033777939e+01
-1.309506889279686170e+01
-1.309444599873867610e+01
-1.312793521056120660e+01
-1.316249180383378636e+01
-1.310326464924437140e+01
-1.306116212301202850e+01
-1.311062913754956938e+01
-1.307740080505251612e+01
-1.310598071806436948e+01
-1.308060154356015836e+01
-1.301079674064403235e+01
-1.306135403635176395e+01
-1.301276850197864121e+01
-1.305637577319876108e+01
-1.291708476706675768e+01
-1.295702639989063698e+01
-1.288310738957297730e+01
-1.289161542733241994e+01
-1.295742455730663778e+01
-1.290199735205122877e+01
-1.296527819473614507e+01
-1.298489993885751836e+01
-1.306567175399537817e+01
-1.306990954493934964e+01
-1.302298371954377565e+01
-1.300105047293636318e+01
-1.294335038161960938e+01
-1.289908260459798583e+01
-1.286384959648493620e+01
-1.293090260919446344e+01
-1.290878936434578428e+01
-1.289782746796258017e+01
-1.300198424355994753e+01
-1.294725204250030615e+01
-1.294086065607574376e+01
-1.293573538044186932e+01
-1.289275344226616582e+01
-1.288535548952028620e+01
-1.279627860803785033e+01
-1.268366353685195413e+01
-1.269117061047812456e+01
-1.275645021200056028e+01
-1.274676863064235732e+01
-1.280278191915645714e+01
-1.283405071045054768e+01
-1.272751487770204371e+01
-1.267763758804667518e+01
-1.268434413800835436e+01
-1.271104570867863259e+01
-1.274336683322549391e+01
-1.257716189316337285e+01
-1.262740371291407548e+01
-1.257413880055174893e+01
-1.257178955723193958e+01
-1.254973472994600314e+01
-1.252453667799854919e+01
-1.254984773701637302e+01
-1.244887871050246808e+01
-1.252210022567511594e+01
-1.258252319276307674e+01
-1.260062384807013025e+01
-1.260766927120210923e+01
-1.260113977786607364e+01
-1.262030334153416611e+01
-1.266272984469295260e+01
-1.261876953469841567e+01
-1.250335913157732648e+01
-1.255821379460359921e+01
-1.256139687693905138e+01
-1.258021716426029890e+01
-1.257389855236899123e+01
-1.256191829217239686e+01
-1.260148836049171095e+01
-1.251280673307845959e+01
-1.249130941613177015e+01
-1.242937160635027638e+01
-1.245029544578554237e+01
-1.250880655298562161e+01
-1.250118353449725461e+01
-1.251186036791181344e+01
-1.248423670036992483e+01
-1.242659560931418206e+01
-1.244529976067820343e+01
-1.241321933325804494e+01
-1.240328101659213900e+01
-1.238847837042943389e+01
-1.233461649245394831e+01
-1.227850794714884586e+01
-1.220029909121736544e+01
-1.221053228929472390e+01
-1.221206258811176681e+01
-1.232210149821060696e+01
-1.234573619943442324e+01
-1.234896048564293913e+01
-1.231507094129524482e+01
-1.234812793621701132e+01
-1.236119356616820220e+01
-1.221126571837690555e+01
-1.215423504416282974e+01
-1.214174017785838089e+01
-1.216109067377509589e+01
-1.214703604395467629e+01
-1.214316490170542551e+01
-1.216078870547492485e+01
-1.218148332314601312e+01
-1.212351887756366509e+01
-1.220486951639434636e+01
-1.220121529313066766e+01
-1.218577046543635412e+01
-1.226183172048629721e+01
-1.217751385675158637e+01
-1.216621247407418061e+01
-1.225622091246793843e+01
-1.205937539030882988e+01
-1.204903162321972943e+01
-1.198283188365551055e+01
-1.204700074729154302e+01
-1.206678203913625680e+01
-1.204516503091436164e+01
-1.194648943310720490e+01
-1.195805907114041311e+01
-1.194601220515435891e+01
-1.193827335427094205e+01
-1.193535892847166835e+01
-1.192689832272905726e+01
-1.193207274216830172e+01
-1.189607655590692303e+01
-1.187136735794170939e+01
-1.189334769739338782e+01
-1.193483174681319348e+01
-1.197647253171700577e+01
-1.197071678647296622e+01
-1.196463948896930063e+01
-1.194358291665632699e+01
-1.198024949679128959e+01
-1.203543667429974029e+01
-1.203698887496186032e+01
-1.205558254286123976e+01
-1.206961444222666380e+01
-1.205524865989767314e+01
-1.204398130027787950e+01
-1.203947113914708922e+01
-1.207502981984335655e+01
-1.204073627692593007e+01
-1.210654139866269752e+01
-1.210287640730264158e+01
-1.209610395730814858e+01
-1.207884906701551841e+01
-1.211663515077457021e+01
-1.213606962813929080e+01
-1.207846460600107186e+01
-1.204112724578260618e+01
-1.202577105782169298e+01
-1.204318650707755367e+01
-1.205366347780301517e+01
-1.202298321617519505e+01
-1.201965743531088293e+01
-1.193988016629190518e+01
-1.178297107021523971e+01
-1.178422131347106649e+01
-1.177121511654429753e+01
-1.171294959968889238e+01
-1.175806259379664631e+01
-1.176635686243936263e+01
-1.179211424537959907e+01
-1.175232030218464452e+01
-1.174463842825800342e+01
-1.174689006211726827e+01
-1.169830281711288045e+01
-1.170211226325593401e+01
-1.170125998021384994e+01
-1.169700786995573161e+01
-1.172816319383024286e+01
-1.173189059203225959e+01
-1.164402466546347448e+01
-1.162373558917594885e+01
-1.165849813023777948e+01
-1.161348168237578982e+01
-1.173250668682039866e+01
-1.172867695180665315e+01
-1.169117254549237117e+01
-1.172540877696818029e+01
-1.165110799826837251e+01
-1.168515740449874052e+01
-1.175741228013381523e+01
-1.175861377695263599e+01
-1.169294635577859154e+01
-1.171746215501070587e+01
-1.172034313155547736e+01
-1.171931296109812948e+01
-1.172809307923419020e+01
-1.173082428025993984e+01
-1.161435123369571620e+01
-1.162004283361200230e+01
-1.164020898243345492e+01
-1.163054582147007388e+01
-1.164002333884017659e+01
-1.163658324114414988e+01
-1.162840608178526836e+01
-1.159912774142898684e+01
-1.161251836764581569e+01
-1.165373189864707015e+01
-1.166892965840590790e+01
-1.163864759656750003e+01
-1.164921409606889036e+01
-1.165585677640913964e+01
-1.162263306414227415e+01
-1.162983857265918175e+01
-1.163085476850510069e+01
-1.165089241093099126e+01
-1.164262192440224908e+01
-1.165827108549092017e+01
-1.165357237759153364e+01
-1.163698600302007868e+01
-1.162064174121655036e+01
-1.160662765979083844e+01
-1.160699599953566796e+01
-1.156561932040243335e+01
-1.166045946372884856e+01
-1.169071296249240177e+01
-1.162852289885175416e+01
-1.168726188097742380e+01
-1.166927179064546749e+01
-1.169881742775891986e+01
-1.170190302204320432e+01
-1.169944721586170111e+01
-1.167301461460572121e+01
-1.172955383810675123e+01
-1.171333603261014211e+01
-1.170999503192656022e+01
-1.170262174830346957e+01
-1.167825087821955599e+01
-1.167700300669665125e+01
-1.168017921128523540e+01
-1.167001240193214961e+01
-1.165898170476842921e+01
-1.159609477491051521e+01
-1.138254247541553354e+01
-1.137689218694008453e+01
-1.136659335676526794e+01
-1.136207822425939185e+01
-1.133090684232433887e+01
-1.133422551225341479e+01
-1.139640165577854880e+01
-1.141440592522497965e+01
-1.148053020913059186e+01
-1.154475507271944323e+01
-1.158430410616530359e+01
-1.160610781918209966e+01
-1.160965411591556773e+01
-1.160121352029787545e+01
-1.158720061026585668e+01
-1.148817902588240436e+01
-1.146934115378610564e+01
-1.147311478845283084e+01
-1.144994761660292859e+01
-1.145478429542815313e+01
-1.156101374366654255e+01
-1.152357790243956615e+01
-1.150686091233315977e+01
-1.150780177189851017e+01
-1.147659766317696040e+01
-1.147250544967777408e+01
-1.148191320484230893e+01
-1.148944881242198335e+01
-1.148060013925746148e+01
-1.149181104921710528e+01
-1.144579563993607962e+01
-1.134872174223538366e+01
-1.134357479518843625e+01
-1.134408801451371751e+01
-1.137584354524844343e+01
-1.135546188173439930e+01
-1.132298423041752500e+01
-1.139891436076891651e+01
-1.137960340414199401e+01
-1.138070554827400471e+01
-1.133495971001334190e+01
-1.133532436061198290e+01
-1.136514807451744957e+01
-1.133769533233139981e+01
-1.116587586282640387e+01
-1.115481260507406347e+01
-1.115859247670611509e+01
-1.111926206417844298e+01
-1.109676288311221271e+01
-1.102419529042997937e+01
-1.094765968614167306e+01
-1.094074238967463764e+01
-1.094417732712768832e+01
-1.093587676430065869e+01
-1.089985790261367171e+01
-1.090902182734757631e+01
-1.087692222950464327e+01
-1.085129279649719614e+01
-1.087875989999657200e+01
-1.090207585572342630e+01
-1.088700854903852999e+01
-1.088533447106631158e+01
-1.096537990619977521e+01
-1.094526827614160602e+01
-1.093666228409498231e+01
-1.093834199617636926e+01
-1.093800755422031123e+01
-1.092852875431250581e+01
-1.093691915293366712e+01
-1.098536674207525898e+01
-1.094102141477004686e+01
-1.091535055252666808e+01
-1.090923091985127336e+01
-1.090805062759089772e+01
-1.090930188781697474e+01
-1.101912144223237000e+01
-1.099523423308967729e+01
-1.098574013489594314e+01
-1.098311821492004370e+01
-1.100034264075239676e+01
-1.100464589940535376e+01
-1.101238981932655925e+01
-1.101088066616377681e+01
-1.100290789014966997e+01
-1.100429114667957542e+01
-1.093671763028581445e+01
-1.094358997126927946e+01
-1.093050369557665036e+01
-1.092038663214646377e+01
-1.091262252990880199e+01
-1.090768311891300613e+01
-1.093544405571654110e+01
-1.081068910314216680e+01
-1.078780641140639673e+01
-1.083596815420428605e+01
-1.082575943968937970e+01
-1.081021554570757282e+01
-1.081284988376568634e+01
-1.080485471571377332e+01
-1.080060192914183581e+01
-1.080480604988220605e+01
-1.079899603057281077e+01
-1.079746102054794932e+01
-1.078775837427865270e+01
-1.084982198476553705e+01
-1.086006294886596635e+01
-1.085659456392935951e+01
-1.073575920005153961e+01
-1.077561485862330137e+01
-1.077983836189279465e+01
-1.078423465744190146e+01
-1.071034618897449420e+01
-1.071686436936473719e+01
-1.071818785316801304e+01
-1.071855816675658879e+01
-1.076141132390631583e+01
-1.077214519328852660e+01
-1.072110551160781888e+01
-1.072574506348492562e+01
-1.071172992791642997e+01
-1.063427592596671012e+01
-1.061455681687217378e+01
-1.069645184831539986e+01
-1.067589884120939914e+01
-1.067106763496822452e+01
-1.068337768057836001e+01
-1.062481829564197788e+01
-1.063407754333181110e+01
-1.061426484529672365e+01
-1.054011779796540083e+01
-1.058655847517698056e+01
-1.059043124902110478e+01
-1.058317055094096482e+01
-1.057663217690753932e+01
-1.061494371171223250e+01
-1.060404919151815406e+01
-1.059718333853109939e+01
-1.059704118161220698e+01
-1.058930021567717716e+01
-1.054048888515533378e+01
-1.054357781209045086e+01
-1.054394727898612949e+01
-1.054987238360977031e+01
-1.055126952566129539e+01
-1.055278557600199996e+01
-1.055238347500515239e+01
-1.055984269458826574e+01
-1.056918681181401176e+01
-1.056571977418194308e+01
-1.056362105059356082e+01
-1.056649784252602586e+01
-1.055452733611912208e+01
-1.055983970750287426e+01
-1.055718680861829384e+01
-1.056161928272142347e+01
-1.057791036955145358e+01
-1.058192622046411024e+01
-1.056422086272351102e+01
-1.056420173756564651e+01
-1.055983697825020684e+01
-1.055286580612101410e+01
-1.056153244777985734e+01
-1.056184481811880893e+01
-1.055903312674012895e+01
-1.053983775374601706e+01
-1.055233412826959061e+01
-1.054223098843714546e+01
-1.054450526812102495e+01
-1.059933857986363925e+01
-1.058851360656264795e+01
-1.059627565531387461e+01
-1.058269686074535620e+01
-1.046868249457851974e+01
-1.053528498914326939e+01
-1.051026220292210667e+01
-1.051307785944697137e+01
-1.047475735255262563e+01
-1.047560257739661083e+01
-1.047419853133875556e+01
-1.047385967963434439e+01
-1.045936802122112930e+01
-1.038467624154926483e+01
-1.037807365555713446e+01
-1.037711953462273584e+01
-1.038020647004628927e+01
-1.037294485639200836e+01
-1.038014107178874035e+01
-1.037810324564912001e+01
-1.037391030518955937e+01
-1.033675555624991027e+01
-1.034042270349049097e+01
-1.034145395596589090e+01
-1.021226997292195904e+01
-1.020902804883174575e+01
-1.020888364094181355e+01
-1.022196755736184137e+01
-1.022503325878349933e+01
-1.024715630844582215e+01
-1.020926070839293587e+01
-1.018893502103283488e+01
-1.018286579763516109e+01
-1.017344159745693588e+01
-1.016421615052506588e+01
-1.016959871418522532e+01
-1.017033274870419213e+01
-1.011363198000385388e+01
-1.010962620501584652e+01
-1.011623931738096083e+01
-1.006084553183275787e+01
-1.010578586275581436e+01
-1.009718462146932794e+01
-1.010084320557147741e+01
-1.009585052740740174e+01
-1.010095222688567773e+01
-1.008083594474982370e+01
-1.008619452572738417e+01
-1.006763410529683789e+01
-1.006667218959831445e+01
-1.000044675013571549e+01
-9.998663906749168717e+00
-1.005305679953032438e+01
-1.005770370342479048e+01
-1.007263548924209928e+01
-1.007266016355623783e+01
-1.011283360678158871e+01
-1.011700129468793463e+01
-1.015551618784290433e+01
-1.015144502809416416e+01
-1.014929720139707392e+01
-1.014697016673110319e+01
-1.015752948768971997e+01
-1.017485992862344624e+01
-1.017566375017598368e+01
-1.006619793159516263e+01
-1.007280003004035152e+01
-1.007703587949197299e+01
-1.004802287906148095e+01
-1.005561102315025934e+01
-1.004380752228624551e+01
-1.004083547421297595e+01
-1.009136912659129415e+01
-1.011286427735662841e+01
-1.010862334101065230e+01
-1.010807520368239310e+01
-1.012021802950028437e+01
-1.012527030644422332e+01
-1.008638410240381411e+01
-1.008538452779877126e+01
-1.010953903420946531e+01
-1.011486152196364330e+01
-1.017189061363530556e+01
-1.016257836707603346e+01
-1.016587041579378514e+01
-1.016122362979646532e+01
-1.016094608014151213e+01
-1.009647329447306063e+01
-1.013571119942253063e+01
-1.013750739277729451e+01
-1.013642846865034208e+01
-1.013564686781852942e+01
-1.014262758734983549e+01
-1.014226620827980696e+01
-1.018037844289000837e+01
-1.016053425836059887e+01
-1.016926127403898406e+01
-1.016092796749356175e+01
-1.011362390319678717e+01
-1.003461020292096073e+01
-1.002992409854850742e+01
-1.003397689288279260e+01
-1.002969883931928408e+01
-1.007005401143917744e+01
-1.007511070097595685e+01
-1.006408447192524314e+01
-1.005803026144384482e+01
-1.006848746953962959e+01
-1.007023807737942178e+01
-1.004727638931778522e+01
-9.970143070994893719e+00
-9.968956376567698285e+00
-9.966148412541286916e+00
-9.970089179549498581e+00
-9.942558758131227137e+00
-9.968151326047820504e+00
-9.972681055569880826e+00
-9.993446114914744882e+00
-9.891688722549741186e+00
-9.877805462871831921e+00
-9.932398989091753450e+00
-9.915686847972722262e+00
-9.977089892371408197e+00
-9.977173519497483767e+00
-9.971633500110256065e+00
-9.983537360063468924e+00
-9.960603608387517127e+00
-9.977655672763461325e+00
-9.985058026724606961e+00
-9.968504614509891226e+00
-9.967030439926313434e+00
-9.967023705703201841e+00
-9.971411868913452992e+00
-9.968561248880805081e+00
-9.970851337470524101e+00
-9.975329729144414515e+00
-9.989648235232809981e+00
-1.000671997468761276e+01
-9.992835921451989734e+00
-9.993690273744551433e+00
-9.980523682820503950e+00
-9.988772600056302409e+00
-9.916593103236344575e+00
-9.982473568960518406e+00
-9.978673556210903683e+00
-9.994534070277492077e+00
-9.975246392149388797e+00
-9.915592331322756081e+00
-9.915798808811063125e+00
-9.792610398541683026e+00
-9.721154088229653212e+00
-9.717982398073434780e+00
-9.719301743624324530e+00
-9.722812275974073160e+00
-9.710723631787137933e+00
-9.556409550576166367e+00
-9.535237004441764697e+00
-9.537364318497713711e+00
-9.541638435744003388e+00
-9.526091060091747664e+00
-9.517443246937292045e+00
-9.520228404344900142e+00
-9.585069766640552658e+00
-9.593571264013064592e+00
-9.588491176000500715e+00
-9.549697826893117636e+00
-9.556318921911655551e+00
-9.532860802647357801e+00
-9.564383443540606322e+00
-9.581683241518618388e+00
-9.581643192675452170e+00
-9.561770737608910053e+00
-9.661668693497409421e+00
-9.656748461983282183e+00
-9.662726927911791108e+00
-9.671126813517883392e+00
-9.646991266526498521e+00
-9.707367447372476477e+00
-9.702982569107005517e+00
-9.660489965382925703e+00
-9.651661329529996891e+00
-9.648638255344284431e+00
-9.630403450799290610e+00
-9.629845641206260964e+00
-9.559835192915638657e+00
-9.560387095957365133e+00
-9.590749087700856990e+00
-9.596997936646044280e+00
-9.581205336558818786e+00
-9.578930724934693330e+00
-9.575827927507722492e+00
-9.647561026841977139e+00
-9.647351014032842897e+00
-9.652831450823443404e+00
-9.648659160958766634e+00
-9.676475215742073033e+00
-9.675668082833910333e+00
-9.681653598237009106e+00
-9.655280687191369893e+00
-9.695539364893836165e+00
-9.693719036718398741e+00
-9.690910159892979436e+00
-9.689726964285211963e+00
-9.695838966542874360e+00
-9.774645916659073563e+00
-9.760843150302486393e+00
-9.759862910038773265e+00
-9.761351389014274460e+00
-9.747983038902633623e+00
-9.763657093290451172e+00
-9.700954062013527945e+00
-9.710719401972925269e+00
-9.711154503881955335e+00
-9.707495551261166256e+00
-9.698133655318201818e+00
-9.672608287137135719e+00
-9.678771362840210557e+00
-9.689155876986598415e+00
-9.697624726672414042e+00
-9.698754616319220645e+00
-9.712994365127343599e+00
-9.843718902710572038e+00
-9.795616514822393484e+00
-9.797200633856613550e+00
-9.770123304457511537e+00
-9.771354539127601768e+00
-9.763117066442923431e+00
-9.767144380055048813e+00
-9.774152534909177348e+00
-9.765269142793947310e+00
-9.764934611020143151e+00
-9.765100297836863064e+00
-9.760030911683371002e+00
-9.751828465735085771e+00
-9.754816995042617123e+00
-9.758884909299187171e+00
-9.718285385434082713e+00
-9.710436950962547442e+00
-9.711534134527045836e+00
-9.717930723291640760e+00
-9.718625253151030208e+00
-9.716036111885230753e+00
-9.725271311567022181e+00
-9.735617570854355307e+00
-9.798183079060482470e+00
-9.795220996510781930e+00
-9.801727496453917610e+00
-9.775467687210966261e+00
-9.780005108731135266e+00
-9.784619652344460405e+00
-9.782027810307701188e+00
-9.816621384869048228e+00
-9.824067464355138668e+00
-9.788564267123271989e+00
-9.787261939420220713e+00
-9.787040947234745047e+00
-9.811020670050531578e+00
-9.816494059984982812e+00
-9.818462586618409205e+00
-9.818204586903560127e+00
-9.805345876422364881e+00
-9.806830675293124244e+00
-9.825164083188228759e+00
-9.829145293962405106e+00
-9.825656076166312758e+00
-9.816584677117766944e+00
-9.828658021217254515e+00
-9.833077374561094430e+00
-9.758814665209479600e+00
-9.756628400170066939e+00
-9.821314568170905090e+00
-9.816968696815289164e+00
-9.811068470691681753e+00
-9.813555235595224246e+00
-9.811923213228128660e+00
-9.817845921483154825e+00
-9.816250505935554926e+00
-9.838592933911575855e+00
-9.815948907544248314e+00
-9.824537765022302693e+00
-9.854989108074926563e+00
-9.859347507609291128e+00
-9.835026345385390556e+00
-9.830613005985274100e+00
-9.833148602368064317e+00
-9.822700800605582927e+00
-9.820196528547592507e+00
-9.841829458703907463e+00
-9.839812448951446910e+00
-9.840885919968668460e+00
-9.858698695221258745e+00
-9.886066701028921599e+00
-9.883849550992527710e+00
-9.878508948011710089e+00
-9.877942537035806936e+00
-9.878103718240495823e+00
-9.861141920161683672e+00
-9.796026272629212883e+00
-9.788521688718793357e+00
-9.787832651741645407e+00
-9.795587823075587508e+00
-9.808810233028289360e+00
-9.779219020326298306e+00
-9.780812568563852949e+00
-9.749963626868179745e+00
-9.657553399583607145e+00
-9.660407203418660771e+00
-9.664629864580358998e+00
-9.647931857272636691e+00
-9.668348202456327201e+00
-9.864285542007941388e+00
-9.870631659995355633e+00
-9.868398875808805926e+00
-9.852387653374389487e+00
-9.836343926444962804e+00
-9.843781742881089869e+00
-9.866319987352099474e+00
-9.705582666768604483e+00
-9.705001514611236502e+00
-9.522184989395737986e+00
-9.524228531156289534e+00
-9.471408176922063049e+00
-9.478777784443130017e+00
-9.492500785970360511e+00
-9.534611253569313050e+00
-9.536086733702774154e+00
-9.541224855532618676e+00
-9.544781090911383714e+00
-9.544570621131866162e+00
-9.553585133412100916e+00
-9.536401898398137789e+00
-9.532200845361453290e+00
-9.557465640440829802e+00
-9.508329870315387566e+00
-9.491989477336105097e+00
-9.494546016575212022e+00
-9.496636169490054513e+00
-9.505229013181921260e+00
-9.536017047913144751e+00
-9.554712862036469190e+00
-9.556826003816322412e+00
-9.555116327133273302e+00
-9.553496082411134793e+00
-9.552637136474260160e+00
-9.550164304250362335e+00
-9.580078702088352216e+00
-9.581707184816247391e+00
-9.588493255827193806e+00
-9.590117455831780546e+00
-9.575067451544530428e+00
-9.568595220204020535e+00
-9.619340866790400568e+00
-9.535961186482881047e+00
-9.532729932480760837e+00
-9.471754350023326552e+00
-9.456757201444750294e+00
-9.524131936603394522e+00
-9.477570772907153440e+00
-9.478588300283309565e+00
-9.474848278031837268e+00
-9.474091548896014459e+00
-9.504569801844954924e+00
-9.500321233598755910e+00
-9.497075452829227160e+00
-9.498402184945298643e+00
-9.499653157606166687e+00
-9.487903642312593533e+00
-9.488178465300077136e+00
-9.495290918021598969e+00
-9.504548864526149998e+00
-9.411604435826484760e+00
-9.408132736286413333e+00
-9.418128592368983476e+00
-9.414024480419229235e+00
-9.426008135003428379e+00
-9.435504922419919893e+00
-9.406398008200902439e+00
-9.428870497376959037e+00
-9.622100103841093599e+00
-9.502738677305300641e+00
-9.508800160168195958e+00
-9.509833564883678036e+00
-9.517543121120771943e+00
-9.434470384296995249e+00
-9.396485906404162591e+00
-9.391318733250487938e+00
-9.387975116578289203e+00
-9.387698244442265860e+00
-9.382837568060873323e+00
-9.378432524661711511e+00
-9.382124759338369202e+00
-9.388984822052639956e+00
-9.413015738025293899e+00
-9.405935578632830030e+00
-9.436655790327154847e+00
-9.437537567126305760e+00
-9.433459047570032396e+00
-9.443012717531837907e+00
-9.418705459856884232e+00
-9.425845072157498450e+00
-9.421976145180670059e+00
-9.424057334468628255e+00
-9.426087359495340934e+00
-9.344098172204860830e+00
-9.353606858141452207e+00
-9.356081887720772983e+00
-9.368666641335888556e+00
-9.369816938589357491e+00
-9.370101383901282333e+00
-9.382458186946390555e+00
-9.380959558496360984e+00
-9.401009287736792785e+00
-9.397367290485949098e+00
-9.403152538409363714e+00
-9.402088765952298033e+00
-9.399175414872031453e+00
-9.390766620073943471e+00
-9.389211484485979753e+00
-9.409692427586326957e+00
-9.406669896967960298e+00
-9.397288464763171589e+00
-9.427039799032547407e+00
-9.423661356155806246e+00
-9.419896769690264904e+00
-9.430172093360615904e+00
-9.422312223916557983e+00
-9.337070219753508482e+00
-9.327082669809021453e+00
-9.292631001883501440e+00
-9.292174061285958686e+00
-9.294004508630273165e+00
-9.293221829709542803e+00
-9.297649183306395670e+00
-9.296364492734671359e+00
