# 2*np.log[MAD(r)] for 100 flights; 1000 steps per flight; run 36 of 50; mu: 2.00; seed: 35
-2.392344932004667157e+01
-2.250188099629967908e+01
-2.106629678501419889e+01
-2.066970712155749368e+01
-2.049699892034499626e+01
-1.999052935606826864e+01
-1.940127581776326338e+01
-1.917765642188790665e+01
-1.844644502971357980e+01
-1.827936858803005649e+01
-1.814012345297238582e+01
-1.825064385320699856e+01
-1.797111459390316313e+01
-1.785989596458221840e+01
-1.751553940478813587e+01
-1.739927005825997952e+01
-1.732739024489346491e+01
-1.701719994441417327e+01
-1.684397530063692727e+01
-1.713979866583885681e+01
-1.691166661773586100e+01
-1.700245675635800069e+01
-1.678060526110630235e+01
-1.642201130412167487e+01
-1.667327849260036388e+01
-1.651573648239656933e+01
-1.638435833426871824e+01
-1.625157294576980860e+01
-1.613311791714361476e+01
-1.595319090063156153e+01
-1.594585098562993508e+01
-1.590917775820697777e+01
-1.595602857495591387e+01
-1.600171509907690037e+01
-1.614570705832664288e+01
-1.605344614996948138e+01
-1.588802305556798444e+01
-1.597460703440891017e+01
-1.590090695097837958e+01
-1.591845389602219285e+01
-1.575354450957097008e+01
-1.574764575007446332e+01
-1.572800786696928554e+01
-1.560310206159703306e+01
-1.544918331310536175e+01
-1.544123110468231985e+01
-1.541752049069805786e+01
-1.536466639554657121e+01
-1.535575760966921699e+01
-1.529282447267816281e+01
-1.535759933011993361e+01
-1.536991861438626117e+01
-1.530663398879424442e+01
-1.532893362145408211e+01
-1.535836792123473060e+01
-1.538719528199860775e+01
-1.532127598534093949e+01
-1.501614963975812067e+01
-1.481525942581158439e+01
-1.493563278786252191e+01
-1.487641116720785917e+01
-1.483566779789176238e+01
-1.480008010636045768e+01
-1.469615623433424467e+01
-1.479997407417124045e+01
-1.474547094177075657e+01
-1.490282913147884791e+01
-1.489913093272528677e+01
-1.481615875532044591e+01
-1.474250670489251824e+01
-1.482415375344288044e+01
-1.469389046315369818e+01
-1.455842479430332936e+01
-1.463787732977854006e+01
-1.452509213317001091e+01
-1.449749311118401707e+01
-1.459941957474061525e+01
-1.462587280150709290e+01
-1.450000807130369296e+01
-1.444927796637812811e+01
-1.447517037363726367e+01
-1.452168632913620172e+01
-1.445547181090134181e+01
-1.438754118378587599e+01
-1.442058189014581338e+01
-1.444012284406821678e+01
-1.451021113352093295e+01
-1.446784960278914411e+01
-1.430918452271171937e+01
-1.428161127963147514e+01
-1.421747895704130116e+01
-1.429084152240128702e+01
-1.426080600296250367e+01
-1.419747152067060192e+01
-1.396172733906039731e+01
-1.396104311498568862e+01
-1.398142873629401173e+01
-1.401039287298381275e+01
-1.412750847216302219e+01
-1.410194389237378765e+01
-1.409209769371118526e+01
-1.413205441265837159e+01
-1.413902268036759757e+01
-1.410404703344447697e+01
-1.417758497700579134e+01
-1.419187232501856499e+01
-1.411818125917271338e+01
-1.408935065755081872e+01
-1.405530497674813617e+01
-1.389343249221758647e+01
-1.383013519766350718e+01
-1.381602649366897140e+01
-1.375580994870235862e+01
-1.382038500185790220e+01
-1.382779087956826736e+01
-1.382932044869110833e+01
-1.382076524622001656e+01
-1.388802421429286582e+01
-1.376709405454417023e+01
-1.379204219168637557e+01
-1.370213713092620367e+01
-1.360089169189521030e+01
-1.355447974585400672e+01
-1.373609944066742905e+01
-1.373547324083956589e+01
-1.362165879429681858e+01
-1.351532571999551990e+01
-1.354034579059654853e+01
-1.354122418289050600e+01
-1.353953535749409376e+01
-1.363123109723951920e+01
-1.362310338308943614e+01
-1.355212928431751962e+01
-1.363002265737850038e+01
-1.354884045354195088e+01
-1.347888518190878671e+01
-1.351942454081041411e+01
-1.347467449345679746e+01
-1.350827939408716816e+01
-1.346340898795811647e+01
-1.349766193379169188e+01
-1.350513213652069489e+01
-1.347659921323751853e+01
-1.349900840939889868e+01
-1.347087395160923151e+01
-1.347588318392216955e+01
-1.344277120266868941e+01
-1.338204323399870255e+01
-1.327049589078106173e+01
-1.323890924459767504e+01
-1.326536221125877546e+01
-1.328353716647170302e+01
-1.322243376419581118e+01
-1.305796895364188082e+01
-1.308398232597266464e+01
-1.299961133077118269e+01
-1.303896267102784634e+01
-1.305373623575735031e+01
-1.305207388747087016e+01
-1.306899636254336627e+01
-1.306393774208612690e+01
-1.305652924387755576e+01
-1.295255393976024649e+01
-1.293808409456222819e+01
-1.299256725287871639e+01
-1.297921990161688655e+01
-1.299967381155555479e+01
-1.291868625613835597e+01
-1.293673775087479605e+01
-1.286677426856536854e+01
-1.276278485645943661e+01
-1.273616248377638982e+01
-1.290809602948058732e+01
-1.291531131161421797e+01
-1.299365458807692519e+01
-1.288633455772859726e+01
-1.285793834314802098e+01
-1.276133914962681004e+01
-1.267164542954736284e+01
-1.277265331209573773e+01
-1.259169109855535496e+01
-1.274314816061594158e+01
-1.275611781514057874e+01
-1.285042900274840783e+01
-1.285957453079356050e+01
-1.286773741195622200e+01
-1.282671644920025322e+01
-1.280771711406534052e+01
-1.281326374215160335e+01
-1.280096234411366574e+01
-1.281597702484963719e+01
-1.271205057887643619e+01
-1.275454786265655827e+01
-1.271330364627299048e+01
-1.277113217330572503e+01
-1.280344744136766266e+01
-1.264879271094016211e+01
-1.266193803693247943e+01
-1.255933349752949191e+01
-1.261558559190832618e+01
-1.262515616986384082e+01
-1.259484274566439055e+01
-1.258784525713757318e+01
-1.260723136051792181e+01
-1.263562830498516476e+01
-1.271431425115399527e+01
-1.274794568071677858e+01
-1.275528344378429324e+01
-1.274278412433703522e+01
-1.274258427563156459e+01
-1.272381551813044709e+01
-1.270081891454800704e+01
-1.270472659065351451e+01
-1.268116298874874204e+01
-1.273284136164867064e+01
-1.265763566733275702e+01
-1.260728193760896154e+01
-1.255062724620644410e+01
-1.251900384896815410e+01
-1.244891386698164304e+01
-1.249310862911336173e+01
-1.248253454448307842e+01
-1.247485448666555818e+01
-1.246776768802758184e+01
-1.249354460478969209e+01
-1.248050021537814658e+01
-1.257549754240057460e+01
-1.257813352196277457e+01
-1.253367538755727395e+01
-1.251443200960955870e+01
-1.255449867291905264e+01
-1.257617436531653965e+01
-1.255007124717056577e+01
-1.262537747119515608e+01
-1.268362472318757206e+01
-1.267130629065840708e+01
-1.259491941491315536e+01
-1.259905901108296788e+01
-1.257146247957203045e+01
-1.267411720896381233e+01
-1.267040773725380731e+01
-1.267064746154778909e+01
-1.271146015521817141e+01
-1.265666309648664978e+01
-1.265085461841602310e+01
-1.265000144970914242e+01
-1.265956380797024217e+01
-1.263825362482893588e+01
-1.259751748709339303e+01
-1.265658675450908532e+01
-1.258542948559743202e+01
-1.244228435687396050e+01
-1.240870916256260692e+01
-1.241053744095024669e+01
-1.236703304982917118e+01
-1.228982536808519654e+01
-1.227541567811298862e+01
-1.228031524119573348e+01
-1.204349845379011263e+01
-1.210757110772102507e+01
-1.211730976200902354e+01
-1.204511146451837789e+01
-1.206967982078512236e+01
-1.207363537294287781e+01
-1.208751082755652284e+01
-1.208010511089671013e+01
-1.206204254509241736e+01
-1.203674840378109678e+01
-1.200291021994859442e+01
-1.203283947901987894e+01
-1.200157611161146676e+01
-1.196631323946365555e+01
-1.201159091790443156e+01
-1.200978967094025762e+01
-1.200080738191575236e+01
-1.205309161137964935e+01
-1.210775395656319375e+01
-1.208255886315798300e+01
-1.205597941420672647e+01
-1.206200406405064385e+01
-1.203201461818664519e+01
-1.207344603119461013e+01
-1.206682828881959146e+01
-1.209412682407104178e+01
-1.201387584315135371e+01
-1.223755820919289583e+01
-1.222783172992999035e+01
-1.223861235692389293e+01
-1.217210574688760083e+01
-1.221606521465925077e+01
-1.220544085672968571e+01
-1.218884208582488959e+01
-1.218442697722390200e+01
-1.215774659850852757e+01
-1.203321389643312145e+01
-1.200009686208674964e+01
-1.210123075210873544e+01
-1.212997845942378383e+01
-1.216091347553038382e+01
-1.210351849613408781e+01
-1.214470118885824057e+01
-1.221882017765487660e+01
-1.218871927157097268e+01
-1.214439210454993301e+01
-1.215826911676831301e+01
-1.216605480468379774e+01
-1.215597912418853177e+01
-1.212458871467584309e+01
-1.211099110321760897e+01
-1.201818851081407580e+01
-1.201314327367231449e+01
-1.200823647468362587e+01
-1.199616526941078121e+01
-1.198779319197350901e+01
-1.192700700573741024e+01
-1.191923648492050347e+01
-1.194427865893242213e+01
-1.198834529863595222e+01
-1.202413543852330058e+01
-1.200746063421955157e+01
-1.199981094655181835e+01
-1.201544516531035178e+01
-1.199307581279975210e+01
-1.199588978386900351e+01
-1.199738201048209696e+01
-1.197445133142474383e+01
-1.196430533334039836e+01
-1.197425957158680454e+01
-1.198626786440022940e+01
-1.197167941926494983e+01
-1.197390634505056539e+01
-1.196613792199284099e+01
-1.194670873565960711e+01
-1.191442830802331798e+01
-1.190300460409600625e+01
-1.191223127657039882e+01
-1.191009168968133736e+01
-1.188558120417754083e+01
-1.180229540105491637e+01
-1.181544420773002457e+01
-1.183966517463936796e+01
-1.187518106835673315e+01
-1.189246585125965971e+01
-1.186731223007232394e+01
-1.188586111537236434e+01
-1.185882503391909459e+01
-1.185512082650355481e+01
-1.179956304488335839e+01
-1.185151315497071067e+01
-1.182511025133954696e+01
-1.170591030342253447e+01
-1.176762196126301241e+01
-1.176119555879996348e+01
-1.176391718492127936e+01
-1.179752475219070540e+01
-1.179691532744596749e+01
-1.161176355965453233e+01
-1.157873731465118716e+01
-1.150735520160698400e+01
-1.140397567766396669e+01
-1.131698104821825090e+01
-1.131767604311792219e+01
-1.132350764567886969e+01
-1.133805306920532630e+01
-1.133233214634106645e+01
-1.135725509642369602e+01
-1.133999618045126390e+01
-1.141943433252714790e+01
-1.153619007602479485e+01
-1.164664996936385677e+01
-1.166376191665492001e+01
-1.168301490204601656e+01
-1.163052890307864118e+01
-1.150807043024917498e+01
-1.148978210013450685e+01
-1.161190969749341306e+01
-1.160732562070744578e+01
-1.159385331361230520e+01
-1.163418265637557703e+01
-1.162018190129014883e+01
-1.162130729171620303e+01
-1.157982442975328929e+01
-1.163325143079179114e+01
-1.164025547190317411e+01
-1.163813436914416855e+01
-1.160178766001767237e+01
-1.153059785728234843e+01
-1.151066001448433340e+01
-1.151678649543485200e+01
-1.152926736722816514e+01
-1.152073908192643259e+01
-1.152672845068081919e+01
-1.152436312291596643e+01
-1.159944310752489471e+01
-1.158392669517923856e+01
-1.147526454806862972e+01
-1.132692815220906191e+01
-1.120799795502293961e+01
-1.118855750553406381e+01
-1.120347399476383821e+01
-1.119105847080222027e+01
-1.118512456979026126e+01
-1.117447678012377921e+01
-1.118423806162782164e+01
-1.122397023701650731e+01
-1.121189915151104799e+01
-1.122829354216411168e+01
-1.120711585835986313e+01
-1.117916681812631552e+01
-1.117789620490423452e+01
-1.111438836094029803e+01
-1.108392788293057585e+01
-1.108395051777244511e+01
-1.108970085543542083e+01
-1.100079871926127950e+01
-1.099573364188378832e+01
-1.112836195479008516e+01
-1.102911404826780029e+01
-1.095687488244760033e+01
-1.094136471564195112e+01
-1.094746861868687837e+01
-1.094833042999422545e+01
-1.093618048328675663e+01
-1.094561160167011238e+01
-1.097163907603005129e+01
-1.094470427536593959e+01
-1.095238104174122107e+01
-1.093260572220524907e+01
-1.093504042833644263e+01
-1.093891214814399326e+01
-1.094507277768318687e+01
-1.092983303867131184e+01
-1.093743803452990271e+01
-1.096384474101788697e+01
-1.095763698631711769e+01
-1.095865578650819927e+01
-1.096519138585028408e+01
-1.097917352428977011e+01
-1.092373658452427243e+01
-1.085762643682115147e+01
-1.081426993733722064e+01
-1.080235341199458254e+01
-1.079767043373338531e+01
-1.078380779843152304e+01
-1.079157770696480334e+01
-1.076307623461232765e+01
-1.075337716566628821e+01
-1.077481528105218267e+01
-1.077859200830648589e+01
-1.077812428220475383e+01
-1.074409562406492213e+01
-1.079354996960656443e+01
-1.077608665809410482e+01
-1.085930515727121204e+01
-1.082359693530648315e+01
-1.084474217060997248e+01
-1.083766021901371523e+01
-1.083253725061687511e+01
-1.085687465131586471e+01
-1.087808295321063845e+01
-1.088061659425701855e+01
-1.093682311403105523e+01
-1.094389754152343919e+01
-1.093886942601907286e+01
-1.094984304230184158e+01
-1.094514629052137700e+01
-1.095050098726306231e+01
-1.093023631791412242e+01
-1.093950738122610744e+01
-1.085146288559182715e+01
-1.086411394326306379e+01
-1.091333141467843326e+01
-1.092662658421642341e+01
-1.091538167771470746e+01
-1.092560503318540199e+01
-1.088151701647819003e+01
-1.087907188171748807e+01
-1.088506997410362587e+01
-1.089524845262811503e+01
-1.093285324412124560e+01
-1.097087564947177185e+01
-1.095949976347199417e+01
-1.092731175817859146e+01
-1.093003643261532964e+01
-1.092489030485519130e+01
-1.090996047703776384e+01
-1.093393730409058939e+01
-1.091856077752361820e+01
-1.091373742152146242e+01
-1.091490317519623510e+01
-1.091590371659745529e+01
-1.093529060796217500e+01
-1.096171488490280055e+01
-1.095281470460507123e+01
-1.094734646767267172e+01
-1.096081256768463774e+01
-1.100591316981596890e+01
-1.100803975961819425e+01
-1.097372186415375417e+01
-1.101369232411520116e+01
-1.101596957917352704e+01
-1.101399029133912855e+01
-1.100110192637214013e+01
-1.096342825247013586e+01
-1.092198352645438497e+01
-1.091017513157163954e+01
-1.092146702576454942e+01
-1.095646368340745269e+01
-1.095159295985395964e+01
-1.095060241696088887e+01
-1.095181914069288887e+01
-1.095375779296618823e+01
-1.089102862669906102e+01
-1.087638927743662443e+01
-1.088037998002566376e+01
-1.087478868822688050e+01
-1.087108744622885936e+01
-1.084119523798465679e+01
-1.090865437123129844e+01
-1.090882951983039284e+01
-1.089873324551149558e+01
-1.089167934395723591e+01
-1.102292557125647221e+01
-1.085368208101209753e+01
-1.084468523860164169e+01
-1.070495921444434195e+01
-1.064747126374910025e+01
-1.062016446380971146e+01
-1.062255788698420567e+01
-1.060838517583071550e+01
-1.062041407965345385e+01
-1.061147460980837209e+01
-1.061378308672569482e+01
-1.057536240666923000e+01
-1.058342434158610956e+01
-1.058539890944099504e+01
-1.061078460565701853e+01
-1.058313161274151071e+01
-1.060601544331539081e+01
-1.059617393220169745e+01
-1.051610984269349380e+01
-1.051851424736075202e+01
-1.055156491223783277e+01
-1.056352583206783358e+01
-1.056248525588513587e+01
-1.055577966833389070e+01
-1.054814263396241003e+01
-1.054469805580192343e+01
-1.054523665150822254e+01
-1.054647527064731172e+01
-1.053835814370838442e+01
-1.053460839512519520e+01
-1.054053375502661893e+01
-1.051334643223656862e+01
-1.054515986376753212e+01
-1.055768722199336374e+01
-1.055459381106265937e+01
-1.056309355990400078e+01
-1.050784975101409380e+01
-1.051434489670506167e+01
-1.053960804518218275e+01
-1.053412086524044255e+01
-1.044722275590833860e+01
-1.049656292720182726e+01
-1.046383762323103106e+01
-1.043363286098240472e+01
-1.040298539861360716e+01
-1.041112083801480992e+01
-1.040167476186030093e+01
-1.041276647850901504e+01
-1.040919456744202343e+01
-1.042459976495313079e+01
-1.043665927868271659e+01
-1.043660440392068622e+01
-1.044398716185657250e+01
-1.046013376627228197e+01
-1.045124705557822509e+01
-1.047086125876355567e+01
-1.045854275018275104e+01
-1.046808783938550569e+01
-1.066131760535309958e+01
-1.066160910968848086e+01
-1.065636430624252640e+01
-1.066237276084592622e+01
-1.055801325777344601e+01
-1.055044582821138022e+01
-1.056861213338890337e+01
-1.055240341285765027e+01
-1.055741313110816826e+01
-1.055784452841723642e+01
-1.060762157049434329e+01
-1.058460228616248422e+01
-1.058527311415538641e+01
-1.059982483550599497e+01
-1.058564942228994177e+01
-1.046701945467298600e+01
-1.045641774158386816e+01
-1.042925006452016312e+01
-1.042289282623730884e+01
-1.050601158665986112e+01
-1.051829072353559269e+01
-1.057910564083560523e+01
-1.056603424116243239e+01
-1.057123147447791922e+01
-1.058038145467146585e+01
-1.063173666906441284e+01
-1.063070787591602340e+01
-1.061943475625290390e+01
-1.063439131072596489e+01
-1.063783094618782066e+01
-1.052193398642696920e+01
-1.052093046405275345e+01
-1.051532844525455879e+01
-1.047160553684906148e+01
-1.048771326696775930e+01
-1.048930101562614858e+01
-1.052691844332161430e+01
-1.053104185904176759e+01
-1.041219257612874927e+01
-1.049081849347114925e+01
-1.050664236566596266e+01
-1.051099477347114330e+01
-1.052489237935329314e+01
-1.056045519817982381e+01
-1.054622544977173604e+01
-1.053772860022151647e+01
-1.052915118087687674e+01
-1.056215370431460698e+01
-1.044600556422467363e+01
-1.044788373689000593e+01
-1.049626038813982198e+01
-1.042850663226860419e+01
-1.042553092781042245e+01
-1.042411401378570268e+01
-1.042190714686570274e+01
-1.042327342459796924e+01
-1.042957334732711061e+01
-1.043637876606519477e+01
-1.043671041025119628e+01
-1.043295101290683213e+01
-1.041847451733257834e+01
-1.042852832631223059e+01
-1.042848147206349552e+01
-1.039664106189266413e+01
-1.039151752524258221e+01
-1.020547694489527402e+01
-1.022975149452545551e+01
-1.008545485969756683e+01
-1.008374643337009324e+01
-1.013398957697956604e+01
-1.013660525413846969e+01
-1.013389215272603039e+01
-1.013053668603837387e+01
-1.011541770399026952e+01
-1.022979976384458212e+01
-1.023012353186530454e+01
-1.023070154112187957e+01
-1.022540843982358538e+01
-1.009409942896185264e+01
-1.009143250301934280e+01
-1.007650399125409280e+01
-1.005804829557784785e+01
-1.032384718190626494e+01
-1.028324922954191045e+01
-1.026554612449947790e+01
-1.026632906042471660e+01
-1.027303720849432978e+01
-1.027223215466512940e+01
-1.024982183701960814e+01
-1.024855999883208568e+01
-1.024407709616755824e+01
-1.024945837002220195e+01
-1.026010427983599804e+01
-1.005282695507919222e+01
-9.935301941096042810e+00
-9.916003822174314308e+00
-9.925194655732740401e+00
-9.929392763226394081e+00
-9.936513440645441619e+00
-9.947798084939210028e+00
-9.948112973945356430e+00
-9.945137349962987372e+00
-9.942367499607524195e+00
-9.940402263549488637e+00
-9.936910801180603769e+00
-9.946090424345621628e+00
-9.971479431506132585e+00
-9.965258248977656663e+00
-9.977153957182649080e+00
-9.982913741035277511e+00
-9.945085574624128455e+00
-9.946574356294259900e+00
-9.937764585972814757e+00
-9.919857294576878814e+00
-9.925937451655441279e+00
-9.936072824033672646e+00
-9.902303484720299309e+00
-9.917784394304256068e+00
-9.916463440476793068e+00
-9.922811970068924126e+00
-9.919413136328397940e+00
-9.916017487316562296e+00
-9.839235446403620244e+00
-9.861771467125544532e+00
-9.855213383540140981e+00
-9.856014906013008670e+00
-9.861812889123411807e+00
-9.856474198843999446e+00
-9.888045588411822351e+00
-9.900350761170075842e+00
-9.882289486368478038e+00
-9.863542874341341360e+00
-9.888024149462738777e+00
-9.899424436266553329e+00
-9.896642321948474930e+00
-9.895252583858900053e+00
-9.888926990762515246e+00
-9.894331940179323936e+00
-9.834760659832310736e+00
-9.837024518792851779e+00
-9.809414209205804980e+00
-9.815638933514101439e+00
-9.769438113665138701e+00
-9.780695684593528227e+00
-9.761043734097089697e+00
-9.753791241082257812e+00
-9.740935781922342329e+00
-9.741381897336319540e+00
-9.740795264308449219e+00
-9.743576077099847410e+00
-9.755051292854124867e+00
-9.753922620800011600e+00
-9.745009639695336290e+00
-9.739306601362832438e+00
-9.736780640174256263e+00
-9.788745398051565516e+00
-9.783515926431411103e+00
-9.716621174245940296e+00
-9.715042016561127980e+00
-9.710702386700841515e+00
-9.744253017224862035e+00
-9.753102742273121351e+00
-9.744013645223633446e+00
-9.747343072302840028e+00
-9.724338943763481069e+00
-9.719818690523206683e+00
-9.719423563107179476e+00
-9.624243747327657417e+00
-9.619909828269381791e+00
-9.613885788492398277e+00
-9.619129250831999656e+00
-9.562411887552942247e+00
-9.511653911623671576e+00
-9.496348863375713378e+00
-9.494750429125673463e+00
-9.458642193443051127e+00
-9.454437522379150138e+00
-9.446931781766357616e+00
-9.453493204451575593e+00
-9.448107972375419550e+00
-9.444719240818193029e+00
-9.450812072763842053e+00
-9.488575655146354038e+00
-9.483685372241561495e+00
-9.485309769789799006e+00
-9.528793552162094116e+00
-9.525043803349296567e+00
-9.535026843056897405e+00
-9.499977229073902407e+00
-9.479326882936003784e+00
-9.477688097115727572e+00
-9.549437904399079358e+00
-9.553963496598752769e+00
-9.555410938775978025e+00
-9.560566665618869919e+00
-9.560554093384240559e+00
-9.569954773838537321e+00
-9.573750582462785985e+00
-9.612296907323097273e+00
-9.586449263021609823e+00
-9.587695825164338714e+00
-9.591074728918533410e+00
-9.595330010338741999e+00
-9.641615305823483695e+00
-9.656158229027907325e+00
-9.651076995828706373e+00
-9.490735200349522671e+00
-9.509057309466596664e+00
-9.506978640639829337e+00
-9.483934220600009013e+00
-9.485406044732334507e+00
-9.481743796813454139e+00
-9.497870287618647822e+00
-9.474350419070995954e+00
-9.495016794479257172e+00
-9.487739759490525060e+00
-9.503921021213932008e+00
-9.491669045563396523e+00
-9.482715075753475276e+00
-9.462252440213591242e+00
-9.457415513192319878e+00
-9.459788176778133106e+00
-9.458001388746325233e+00
-9.455998592251470214e+00
-9.454653345168027911e+00
-9.441070232705486731e+00
-9.439558427211789393e+00
-9.462307826057358540e+00
-9.474459161273621532e+00
-9.467891560074477297e+00
-9.465816834115861056e+00
-9.456003032963254284e+00
-9.454361137071421339e+00
-9.464674407009555424e+00
-9.463542976889831593e+00
-9.418900369490584623e+00
-9.427477445853368110e+00
-9.404529515429368658e+00
-9.422924313697514265e+00
-9.392910821079821559e+00
-9.441761621265310822e+00
-9.486906489091374794e+00
-9.502769647682502097e+00
-9.500697315831668988e+00
-9.505923387638080868e+00
-9.507262404900442831e+00
-9.489147044543747356e+00
-9.488401667260417227e+00
-9.504568865815246070e+00
-9.551538674287227693e+00
-9.501604226110986318e+00
-9.495982273656400352e+00
-9.490805906222600896e+00
-9.493249556787754173e+00
-9.487400156842232590e+00
-9.350008331324216826e+00
-9.354154261370224432e+00
-9.343795953734876036e+00
-9.342081796704182040e+00
-9.340825492598133550e+00
-9.292897029783643958e+00
-9.273809726832558553e+00
-9.275442067533136381e+00
-9.274016701909008731e+00
-9.342197993752959562e+00
-9.282312618332150933e+00
-9.282437510928145841e+00
-9.278113132705996691e+00
-9.275822522110244606e+00
-9.261235905569844107e+00
-9.261696304749248654e+00
-9.256560224895505229e+00
-9.250238543091679588e+00
-9.248195477546667931e+00
-9.249702586766268553e+00
-9.244791070293544522e+00
-9.254941997033467871e+00
-9.295389113229388656e+00
-9.280226985373575488e+00
-9.280703362326937267e+00
-9.245975690868196040e+00
-9.240795584421455544e+00
-9.233860779832324894e+00
-9.269484115126308765e+00
-9.271795990439827051e+00
-9.271053020988285098e+00
-9.292284087939442827e+00
-9.287007345970778260e+00
-9.300593431342482731e+00
-9.298977892575553739e+00
-9.293974249015095168e+00
-9.300804140061645242e+00
-9.298332457964118447e+00
-9.199830099343971668e+00
-9.207636499491853144e+00
-9.180180859781561509e+00
-9.179224087566691281e+00
-9.179465663169516176e+00
-9.192774521043865832e+00
-9.192324571350969364e+00
-9.181041371536261764e+00
-9.162802074852180567e+00
-9.165510978144906673e+00
-9.173923376884042469e+00
-9.173422425197577112e+00
-9.176138455025956375e+00
-9.173908931913668852e+00
-9.175131687511600020e+00
-9.174272721062367353e+00
-9.176699981987313848e+00
-9.173318331486774113e+00
-9.172440597310714594e+00
-9.168929684244407241e+00
-9.100659314707606029e+00
-9.101961478225900848e+00
-9.102238760752786817e+00
-9.101710730858584952e+00
-9.103033663828778543e+00
-9.102790813051583996e+00
-9.102334536041411184e+00
-9.074334063693511254e+00
-9.076481176704424669e+00
-9.074453740728991136e+00
-9.064852774133346003e+00
-9.067128908838048673e+00
-9.065081582119853820e+00
-9.064255716581012479e+00
-9.039966787542656590e+00
-8.984553329623039986e+00
-8.989853790671281430e+00
-8.988679584875171713e+00
-8.995334621250581364e+00
-8.995128092274253362e+00
-8.997684974220440779e+00
-9.000157395526253268e+00
-8.962096727517025130e+00
-8.962182468947951008e+00
-8.942677202020087535e+00
-8.884315714211043158e+00
-8.878883558536953657e+00
-8.876828869100405583e+00
-8.886713086817263019e+00
-8.933946915786734166e+00
-8.940812772125573460e+00
-8.975922212056744343e+00
-8.977087795927694458e+00
-8.991382065536322798e+00
-9.132395760855201772e+00
-9.128568254723735009e+00
-9.124911268065952541e+00
-9.128397418930010332e+00
-9.124849482317145544e+00
-9.120490064102961369e+00
-9.120071600747447604e+00
-9.118289048169330613e+00
-9.117867884167674575e+00
-9.099761991617402401e+00
-9.090719524985770406e+00
-9.099112795487245720e+00
-9.102517566225499124e+00
-9.099132008566536811e+00
-9.101924205381346056e+00
-9.103912036721887091e+00
-9.103260392887431607e+00
-8.948699980964542888e+00
-8.950589931173475122e+00
-9.035520722082567957e+00
-9.025544967726913725e+00
-9.034037496755411567e+00
-9.048891448008877347e+00
-9.087515045536999736e+00
-9.092593024516705924e+00
-9.088697407528856687e+00
-9.081372663023605796e+00
-9.085822679383282363e+00
-9.072112508297026423e+00
-9.074040333996883589e+00
-9.062379655891687591e+00
-9.065762653066215648e+00
-9.085905324003016759e+00
-9.089175764674552127e+00
-9.039332899268710975e+00
-9.029276498073970814e+00
-9.025156113455922835e+00
-9.028670813914905224e+00
-9.035741354519908342e+00
-9.036736516739479086e+00
-8.928996540865291820e+00
-8.936007084707846104e+00
-8.936552651030384098e+00
-8.905463694027330845e+00
-8.903737662094130201e+00
-8.896237497067676969e+00
-8.896282121442794733e+00
-8.895938195441049245e+00
-8.898215753723297539e+00
-8.896046652217927786e+00
-8.903356889596334867e+00
-8.892257200421108010e+00
-8.912084929372792175e+00
-8.915003907197121436e+00
-8.911250650571993503e+00
-8.952249705098985544e+00
-8.960886392432975356e+00
-8.965688456839799869e+00
-8.966466812513001372e+00
-8.964958626316533952e+00
-8.998282734033363539e+00
-8.996185623923969032e+00
-8.998086786637703227e+00
-9.011359478055506855e+00
-9.014381008492090785e+00
-9.014526822311053067e+00
-8.992584401654237780e+00
-9.010670119236923625e+00
-9.028371032475712710e+00
-9.029235197576227279e+00
-9.032086380407859494e+00
-9.032415759866504246e+00
-9.037195844393018263e+00
