# 2*np.log[MAD(r)] for 100 flights; 1000 steps per flight; run 42 of 50; mu: 2.00; seed: 41
-2.327734379458959424e+01
-2.168161819300333804e+01
-2.121710771379114746e+01
-2.033969927554180046e+01
-1.978736311945493043e+01
-1.974243022303661022e+01
-1.952319464954794270e+01
-1.938215188013148449e+01
-1.915379139254003960e+01
-1.881994387109691758e+01
-1.877385764569000060e+01
-1.848112057363073646e+01
-1.792827138792045005e+01
-1.752750742788097327e+01
-1.756428160724390608e+01
-1.743509966231467345e+01
-1.744555379637395376e+01
-1.752636305273470896e+01
-1.738888467907930391e+01
-1.725145363275711219e+01
-1.725234758104123500e+01
-1.734714176558762944e+01
-1.713178962173835984e+01
-1.725085221229453580e+01
-1.678715305913950573e+01
-1.674076469001502332e+01
-1.682817194043702713e+01
-1.675364688007470804e+01
-1.643582675125896486e+01
-1.643764729739173802e+01
-1.637729218933672470e+01
-1.643926387000486145e+01
-1.644965171255513781e+01
-1.640765068360894929e+01
-1.623153544443831464e+01
-1.624413908271158391e+01
-1.618298456977857569e+01
-1.605247381249804306e+01
-1.597806731460002894e+01
-1.586691411686997988e+01
-1.555691924898806278e+01
-1.563836488887223020e+01
-1.578524341369052486e+01
-1.570666894616533682e+01
-1.580404374059290795e+01
-1.587725930407553143e+01
-1.571345172529442458e+01
-1.582667532532497745e+01
-1.593008490133681221e+01
-1.584465582262556360e+01
-1.559859055504912106e+01
-1.560677561508495970e+01
-1.556906437395616294e+01
-1.552252780940638388e+01
-1.549909839133498402e+01
-1.544747252680566341e+01
-1.534631704912769834e+01
-1.533549597021396060e+01
-1.529240037368245808e+01
-1.527853017011759640e+01
-1.518595799596247353e+01
-1.535139315113233494e+01
-1.530098704181498981e+01
-1.535334102887763486e+01
-1.540682285426923137e+01
-1.528168754434358512e+01
-1.537185408198244119e+01
-1.527461006777159191e+01
-1.527417291396293741e+01
-1.523338936529416898e+01
-1.509160743448192399e+01
-1.497707598452942079e+01
-1.511424726786778905e+01
-1.502801502634478048e+01
-1.488480753405157309e+01
-1.470196081923586817e+01
-1.474183556741652090e+01
-1.472017311771975834e+01
-1.473162167609618223e+01
-1.451358464743487353e+01
-1.447029390829683670e+01
-1.450386011898808825e+01
-1.450122069852105611e+01
-1.436280763171583708e+01
-1.431730769460133068e+01
-1.427911363621857710e+01
-1.427167299527725675e+01
-1.443318732783469827e+01
-1.430985500342045569e+01
-1.410610088915177585e+01
-1.379553547108393374e+01
-1.369377958420831654e+01
-1.359019869940904712e+01
-1.355571542180956257e+01
-1.350752663949541166e+01
-1.352369099704608679e+01
-1.350267604834177071e+01
-1.357313444976521311e+01
-1.352508723575843774e+01
-1.342649924744828915e+01
-1.347762409977272746e+01
-1.350732616833900046e+01
-1.346358270732040019e+01
-1.349784504859083434e+01
-1.341098971329302891e+01
-1.339449533917637325e+01
-1.344712914206568755e+01
-1.339997068202612240e+01
-1.340675307133033201e+01
-1.342624762136674654e+01
-1.334783964361367659e+01
-1.337182425817194975e+01
-1.331894430663912665e+01
-1.328615958172326295e+01
-1.326253466622229382e+01
-1.330866574219383480e+01
-1.311474206645010909e+01
-1.320237903582759209e+01
-1.311307808618415471e+01
-1.297304864043315398e+01
-1.302154373990517477e+01
-1.297519803417604045e+01
-1.299201102668347474e+01
-1.306938867564755924e+01
-1.302831053944462347e+01
-1.294963834280211401e+01
-1.301571680842035050e+01
-1.301829520451562061e+01
-1.281804336230686481e+01
-1.280541587164474215e+01
-1.280813366596605007e+01
-1.287118456815752232e+01
-1.288758614214518516e+01
-1.286307128136648181e+01
-1.284756424973572564e+01
-1.285503570636006643e+01
-1.281042692747737277e+01
-1.282959342576858575e+01
-1.284730894877061047e+01
-1.279905676087174982e+01
-1.287084212910466796e+01
-1.270831088904926176e+01
-1.269361818073938508e+01
-1.275869812914680779e+01
-1.273214798481498100e+01
-1.271456704246489977e+01
-1.271617171639512378e+01
-1.270169946759298263e+01
-1.270359893112133243e+01
-1.269254866291494466e+01
-1.263647427047904337e+01
-1.265036370515368169e+01
-1.259353538852607812e+01
-1.265789255427262106e+01
-1.266834884304942932e+01
-1.272454367129445885e+01
-1.267344660327414552e+01
-1.266436735942039959e+01
-1.266740854307906616e+01
-1.263798339988574959e+01
-1.265204011959388275e+01
-1.263931229735525719e+01
-1.266004443259061851e+01
-1.274082732000745111e+01
-1.275042898991032914e+01
-1.273981795419370933e+01
-1.273900002171911261e+01
-1.279154558705605638e+01
-1.276454465593473131e+01
-1.279561406387094458e+01
-1.277966856899230841e+01
-1.276391704069919442e+01
-1.271343577920026746e+01
-1.261524840809393844e+01
-1.261337220651340019e+01
-1.255562450912844241e+01
-1.251276562933827030e+01
-1.253722283126973203e+01
-1.257181352170493760e+01
-1.255689303579326044e+01
-1.262892655564145805e+01
-1.261985778610371334e+01
-1.269388645486033695e+01
-1.269862018010240590e+01
-1.271204931774972735e+01
-1.269063673375949008e+01
-1.264616439050462127e+01
-1.266350410629759971e+01
-1.264956334066426358e+01
-1.261616856713262180e+01
-1.263577742078318522e+01
-1.262700154918706374e+01
-1.255730056602926048e+01
-1.244145838896111478e+01
-1.245696476740610770e+01
-1.254484093727401017e+01
-1.250462323631087180e+01
-1.248568407427571358e+01
-1.248009002808803736e+01
-1.251726534846455685e+01
-1.250121833119718850e+01
-1.246421957139237335e+01
-1.250853518522262497e+01
-1.256531162393005374e+01
-1.253127425492919933e+01
-1.252825453298235381e+01
-1.267026040916931251e+01
-1.269125937753373279e+01
-1.264478473300086669e+01
-1.249109256632243969e+01
-1.246372421958870369e+01
-1.255680192575552212e+01
-1.253944881223752894e+01
-1.251456845745749114e+01
-1.253066477673576173e+01
-1.254053084662141515e+01
-1.250850685306615517e+01
-1.250489742869207177e+01
-1.248655791954442584e+01
-1.249517239532302426e+01
-1.246616107937046891e+01
-1.249694624698997458e+01
-1.254490322888252685e+01
-1.251642236486507720e+01
-1.250461606331207420e+01
-1.249948139913040102e+01
-1.250784467841276104e+01
-1.246152755015181413e+01
-1.239059709394140363e+01
-1.234287629057321389e+01
-1.234310203924736271e+01
-1.236465005379074533e+01
-1.243086326445114054e+01
-1.245064391263616699e+01
-1.244146426115338855e+01
-1.244917377920246260e+01
-1.216135881438882116e+01
-1.206403537715493179e+01
-1.233742407527381602e+01
-1.212497135062789866e+01
-1.189199049080443338e+01
-1.190025236456924951e+01
-1.189812961903372113e+01
-1.191350553535746037e+01
-1.183136896646968772e+01
-1.181560186804054879e+01
-1.176073767281604887e+01
-1.175450509683659739e+01
-1.187787337184816217e+01
-1.178659433423961289e+01
-1.181401263950725244e+01
-1.178602903889884423e+01
-1.185111718747440790e+01
-1.183392719112270974e+01
-1.170483335556590276e+01
-1.169339018062659896e+01
-1.173310863300449114e+01
-1.170374333473440132e+01
-1.171210923671221771e+01
-1.173943610586575836e+01
-1.169118604153008434e+01
-1.173811426860895502e+01
-1.174874434042382099e+01
-1.173960242954432154e+01
-1.166152109107841817e+01
-1.165247466689269196e+01
-1.160234622409847560e+01
-1.162294484911166137e+01
-1.160384948746531997e+01
-1.158084242828480726e+01
-1.158319839514867411e+01
-1.152988359067865787e+01
-1.155588274071591393e+01
-1.160176888854912747e+01
-1.163490268749813694e+01
-1.162390894209612036e+01
-1.156408669120907362e+01
-1.160987723938121086e+01
-1.157355556196178270e+01
-1.159532277075364881e+01
-1.159722956347574829e+01
-1.169022372214370975e+01
-1.173918125081927499e+01
-1.174011222314115166e+01
-1.174737465135359216e+01
-1.169409421342205668e+01
-1.179196431607144469e+01
-1.178887187578143525e+01
-1.180009625869380763e+01
-1.180131011815652897e+01
-1.183349431747824987e+01
-1.182666239275187792e+01
-1.184429960558001760e+01
-1.171095627517474291e+01
-1.162174685484767345e+01
-1.149489171263118337e+01
-1.148087690617334822e+01
-1.148776502266451693e+01
-1.155872423776120606e+01
-1.151338554631086808e+01
-1.151074156177303465e+01
-1.151634531107674597e+01
-1.153930429163322557e+01
-1.153479077929475061e+01
-1.144241210593752101e+01
-1.145697597089038311e+01
-1.147721705153004379e+01
-1.148828059989114792e+01
-1.147985882125738044e+01
-1.150381948335318150e+01
-1.149101891537350184e+01
-1.156501311770162133e+01
-1.155023897790712262e+01
-1.165430349913691899e+01
-1.160247694017465037e+01
-1.161414233857911427e+01
-1.161237110963526220e+01
-1.160002469728278918e+01
-1.160105194813925245e+01
-1.158958241989827975e+01
-1.157805283604588631e+01
-1.156950093542445046e+01
-1.147536805919516212e+01
-1.144717389804745622e+01
-1.146047598322209460e+01
-1.146870337353805880e+01
-1.141728773363032978e+01
-1.136739276154658640e+01
-1.133270589697320219e+01
-1.129792803478295582e+01
-1.125107133355785294e+01
-1.125862668047898296e+01
-1.126312529259825190e+01
-1.124139786631480575e+01
-1.125308254058482582e+01
-1.126690193635349679e+01
-1.127160704917166889e+01
-1.127503635066354981e+01
-1.129022526821963623e+01
-1.129059908376443921e+01
-1.128529611985001857e+01
-1.126342127699053997e+01
-1.125349149220082268e+01
-1.124104745450337894e+01
-1.115806168567525170e+01
-1.115536887895077278e+01
-1.120325589273047662e+01
-1.121576715862965656e+01
-1.119652768547698685e+01
-1.121721758866484642e+01
-1.130158995654359622e+01
-1.129881992791216661e+01
-1.130820576722962656e+01
-1.128631497675275597e+01
-1.129007970134743211e+01
-1.128660781780534883e+01
-1.126901447675699330e+01
-1.137776106213219585e+01
-1.137650569632356756e+01
-1.132629388374245849e+01
-1.124051363896631983e+01
-1.137338495753281364e+01
-1.124448059889152418e+01
-1.121496540344971216e+01
-1.125557078197633309e+01
-1.134529821682190232e+01
-1.131494155237618848e+01
-1.125925571796874358e+01
-1.128606355624581425e+01
-1.128145979234225749e+01
-1.124490713159411648e+01
-1.120476603175081109e+01
-1.118025236999291394e+01
-1.116983138742482318e+01
-1.115312898316950729e+01
-1.119290055897798020e+01
-1.121709972839799008e+01
-1.119929984600937800e+01
-1.120541403161977989e+01
-1.121810277893842134e+01
-1.120496834697010158e+01
-1.121003766260379031e+01
-1.122332236876669498e+01
-1.121364241049884036e+01
-1.120420413073989607e+01
-1.123012217239144483e+01
-1.123613003763411733e+01
-1.123625113048689705e+01
-1.123085161773559726e+01
-1.123412769202187889e+01
-1.122140759910979035e+01
-1.123940962018154721e+01
-1.123756944753892917e+01
-1.123060583930899270e+01
-1.122355043621567283e+01
-1.122361110019691921e+01
-1.123202019179561795e+01
-1.121620330965154899e+01
-1.120981625159474682e+01
-1.123292051539078429e+01
-1.123186654789289030e+01
-1.123961760897876871e+01
-1.122483956975558428e+01
-1.124263451419178850e+01
-1.127143683093962423e+01
-1.128027800963272398e+01
-1.127825528579191072e+01
-1.127851272653181702e+01
-1.127475730757261907e+01
-1.126672202532866152e+01
-1.127665305853233590e+01
-1.123420210491782534e+01
-1.126934636265823819e+01
-1.126493174333436897e+01
-1.126535483474424915e+01
-1.129288390832102884e+01
-1.128623563983900446e+01
-1.125031201079557164e+01
-1.125236056849664301e+01
-1.125133966278947995e+01
-1.119911590094372400e+01
-1.119678560061094075e+01
-1.117470711034995823e+01
-1.117594976988743127e+01
-1.119193331652943790e+01
-1.119916108678041233e+01
-1.120569995199908497e+01
-1.121584002910795874e+01
-1.115091030849527165e+01
-1.115889835096290383e+01
-1.112096902976070467e+01
-1.112867527507541077e+01
-1.114356927375419382e+01
-1.109604130281932832e+01
-1.108813297705440171e+01
-1.108140063542258424e+01
-1.109723498553795196e+01
-1.109991408158988868e+01
-1.109124885226633772e+01
-1.111181507259235701e+01
-1.112455143741606278e+01
-1.112870176092768482e+01
-1.112551656525815602e+01
-1.107318398487805311e+01
-1.108338423346590318e+01
-1.108039707227303161e+01
-1.107125000658959202e+01
-1.116991471737452812e+01
-1.117174828601721082e+01
-1.101612500838324493e+01
-1.104458394731658544e+01
-1.111016826299074722e+01
-1.113139202645565007e+01
-1.112746634007878477e+01
-1.113383801953462715e+01
-1.113521037706170347e+01
-1.112284089423396338e+01
-1.102536131436842659e+01
-1.101268677522524975e+01
-1.101243478942982001e+01
-1.093195832977084336e+01
-1.092028872996584710e+01
-1.091147561246184416e+01
-1.090071633679195706e+01
-1.094542136348147920e+01
-1.094863622658806079e+01
-1.094327632530390204e+01
-1.091587276772584048e+01
-1.088585604484692837e+01
-1.091010686460985113e+01
-1.091354235902664271e+01
-1.089344305296096849e+01
-1.088638128614830158e+01
-1.087446668204781908e+01
-1.089840530991193113e+01
-1.089752390928233261e+01
-1.080430230987909823e+01
-1.078156413191044294e+01
-1.078341633182252224e+01
-1.077189616150188911e+01
-1.076257696005481002e+01
-1.077998332523433334e+01
-1.077477919171792742e+01
-1.077193632131537804e+01
-1.076493819241510153e+01
-1.077239483276747656e+01
-1.084033826346332496e+01
-1.086914086988701023e+01
-1.089075537470768218e+01
-1.085976742053030719e+01
-1.088144233994417576e+01
-1.088714737598497884e+01
-1.086104352626912295e+01
-1.086713076242207698e+01
-1.089130214840612076e+01
-1.088787205309176187e+01
-1.088345170131901440e+01
-1.088216631025527370e+01
-1.088261726193555212e+01
-1.088093321608040398e+01
-1.095649436195061810e+01
-1.091687208234558248e+01
-1.094654658039158335e+01
-1.093536630287902867e+01
-1.080470081106260238e+01
-1.080776557210019639e+01
-1.064587360654452297e+01
-1.064254472586582878e+01
-1.065691094614206413e+01
-1.067004377861634090e+01
-1.062933059789583723e+01
-1.062806440808426878e+01
-1.066372659356066599e+01
-1.077686946786548638e+01
-1.065901233371423196e+01
-1.062372897354937429e+01
-1.062520727109403396e+01
-1.062262043852599547e+01
-1.062304056130822794e+01
-1.063635215732274020e+01
-1.062852590941087172e+01
-1.062598933634906651e+01
-1.062719608192123033e+01
-1.061926470282173618e+01
-1.062068363900086077e+01
-1.062193106855954383e+01
-1.051519418912142001e+01
-1.055428093284118951e+01
-1.052964240484317671e+01
-1.056190441478130282e+01
-1.056777208666382251e+01
-1.056512932439731678e+01
-1.053005344275860722e+01
-1.052935806349574577e+01
-1.054162929621364064e+01
-1.054789959952115908e+01
-1.055095471498548498e+01
-1.058209217007434511e+01
-1.055061997264077078e+01
-1.052783943301341019e+01
-1.050720508172032730e+01
-1.048065018682451388e+01
-1.043639393645453417e+01
-1.044119539201543923e+01
-1.044847247225896858e+01
-1.045117530620697899e+01
-1.045825604838107914e+01
-1.045906894768770456e+01
-1.045656485980559047e+01
-1.028909580963661341e+01
-1.027343595603618454e+01
-1.027249815453392578e+01
-1.026435006685380813e+01
-1.027041001201199677e+01
-1.021180723834332404e+01
-1.016535897053401527e+01
-1.015905524178557684e+01
-1.016087239023759814e+01
-1.016491613956735840e+01
-1.018371388070631411e+01
-1.021940854916033281e+01
-1.022480818829813209e+01
-1.021332906924511441e+01
-1.022003472021721571e+01
-1.022072072147976307e+01
-1.022230498873989646e+01
-1.021361203375198201e+01
-1.019849966918148176e+01
-1.020611716492647680e+01
-1.022251013466237346e+01
-1.015426092025873928e+01
-1.014933081694249495e+01
-1.004341796602169801e+01
-1.004186133047351781e+01
-1.005856247080677690e+01
-1.011025258506649926e+01
-1.012753451934717930e+01
-1.013263589613572258e+01
-1.012614687829420745e+01
-1.015047044879985805e+01
-1.015633431215971250e+01
-1.015784721199268503e+01
-1.015926171594489880e+01
-1.016283769440606655e+01
-1.017852932345442341e+01
-1.013278158648360971e+01
-1.012984972618363599e+01
-1.012518645937149486e+01
-1.004941668415257006e+01
-1.005850716653416832e+01
-1.009411667797582268e+01
-1.009054440538632669e+01
-1.009272742749201335e+01
-1.008882340712305847e+01
-1.008705049744787807e+01
-1.009966985179452514e+01
-1.008414461453890709e+01
-1.008406062793590863e+01
-1.007819170472312820e+01
-1.007346618813561712e+01
-1.008400235109298215e+01
-1.007357303327446196e+01
-1.006631019400381000e+01
-1.006769129052791456e+01
-1.005919752246003007e+01
-1.006751628246091812e+01
-1.007821675387484639e+01
-1.002904425397782262e+01
-1.002700282149374544e+01
-1.003637241525195734e+01
-1.001177202579819614e+01
-1.001225110601745349e+01
-1.001287515258768757e+01
-1.001266089665873338e+01
-1.008624169345554655e+01
-1.009854609092744404e+01
-1.010589102937154315e+01
-1.010855417307624649e+01
-1.012754090480544100e+01
-1.012075179672874192e+01
-1.011649966681758350e+01
-1.011733598228255637e+01
-1.011869614582169419e+01
-1.009930557351994374e+01
-1.007510620426670833e+01
-1.007702579513934538e+01
-1.007105375746678178e+01
-1.008665693776016248e+01
-1.008204169927349270e+01
-1.008836142911420630e+01
-1.007483388178980555e+01
-1.006490314535738051e+01
-9.995115125023520619e+00
-9.988550412813534507e+00
-1.000011828765366850e+01
-1.000965099850678364e+01
-1.013182720546071458e+01
-1.005053671381151226e+01
-1.005741783036444481e+01
-1.005826516326740538e+01
-1.004392324330634167e+01
-9.937442276009036846e+00
-9.938942060242634824e+00
-9.938798799084844759e+00
-9.904955491911966448e+00
-9.869767823647556781e+00
-9.871476664256478628e+00
-9.875142668295238124e+00
-9.887166801115931491e+00
-9.834297772928138670e+00
-9.826821886364665914e+00
-9.825304203597474029e+00
-9.826209069967475784e+00
-9.803161357954936150e+00
-9.804622463154483825e+00
-9.801744030806561980e+00
-9.796457757447509351e+00
-9.803754062539093539e+00
-9.799530810498040978e+00
-9.798844934457214606e+00
-9.797750857994598661e+00
-9.767308144118128865e+00
-9.772633844552723659e+00
-9.773738582779952111e+00
-9.771048385143229709e+00
-9.743799600991410514e+00
-9.745488308255026766e+00
-9.714503165767688131e+00
-9.708800308786068811e+00
-9.686973742339603177e+00
-9.771855059696585855e+00
-9.772737549767835930e+00
-9.769631426526771634e+00
-9.784353385221121968e+00
-9.811559321413046320e+00
-9.829300294279136097e+00
-9.803325521729890468e+00
-9.759704298878251194e+00
-9.758215096110930631e+00
-9.747333179615484511e+00
-9.752271460269465564e+00
-9.776858614607519371e+00
-9.785491480055011237e+00
-9.788648852612515938e+00
-9.808895852948687377e+00
-9.787081281054991422e+00
-9.792239243574121232e+00
-9.797224337897310065e+00
-9.788468081403809862e+00
-9.798656411067151240e+00
-9.783328685673099656e+00
-9.772274431521028148e+00
-9.745197842120584042e+00
-9.740118843578008168e+00
-9.751353733969775561e+00
-9.752024992454982666e+00
-9.755760072588518739e+00
-9.752206925048909625e+00
-9.758314734144637015e+00
-9.756961218229962540e+00
-9.753717826199002516e+00
-9.776025639489423824e+00
-9.790935378102490816e+00
-9.764391038567740821e+00
-9.763098981806484389e+00
-9.767294797927366545e+00
-9.686678052312736042e+00
-9.553856803243931495e+00
-9.517578799069470463e+00
-9.515784345637221975e+00
-9.513394716486258673e+00
-9.521572210284938720e+00
-9.520499117811969114e+00
-9.489721288007155309e+00
-9.489780407040038668e+00
-9.486389437246307565e+00
-9.487846482064691500e+00
-9.493640606969925955e+00
-9.498732952087753034e+00
-9.496108077722878349e+00
-9.498910070825942853e+00
-9.497730497526140070e+00
-9.526167817838450347e+00
-9.526672953643178232e+00
-9.532117250008397491e+00
-9.541196328041060326e+00
-9.532333483635463622e+00
-9.534229612864885794e+00
-9.535303378237712124e+00
-9.553705287756153908e+00
-9.558348613159518337e+00
-9.565276572701410629e+00
-9.639658180525250586e+00
-9.639580287489657451e+00
-9.617541975778467034e+00
-9.623380735742884440e+00
-9.699129622470575640e+00
-9.713006906471084889e+00
-9.675004623417525096e+00
-9.688777635772897412e+00
-9.647830489452081437e+00
-9.645223279328959620e+00
-9.647984599250175819e+00
-9.651556324932430542e+00
-9.656557762272422352e+00
-9.648533346432833113e+00
-9.651598008927482653e+00
-9.583342801557686030e+00
-9.584865754226127521e+00
-9.560905612298409295e+00
-9.556127592447943186e+00
-9.553110551651332827e+00
-9.601973857313826244e+00
-9.605470608827729961e+00
-9.588614095757177935e+00
-9.580304146153922673e+00
-9.580547934801643351e+00
-9.579870567269663795e+00
-9.578006346679078575e+00
-9.571898148224478931e+00
-9.571313585222194220e+00
-9.570064654907385560e+00
-9.569804712334601504e+00
-9.571575751736491000e+00
-9.568761685905867509e+00
-9.571352735383282351e+00
-9.575594254764851598e+00
-9.571080526051648718e+00
-9.615894668301688597e+00
-9.641613514271163865e+00
-9.641083309745418717e+00
-9.636994387886455016e+00
-9.605002660254264413e+00
-9.637760948449859200e+00
-9.566734597538646412e+00
-9.616456292284341956e+00
-9.614525963535434983e+00
-9.629968261789960238e+00
-9.636787811133093129e+00
-9.633918176803963007e+00
-9.639308723131204459e+00
-9.638499693411340274e+00
-9.551484292010796295e+00
-9.545797764309972067e+00
-9.542877147411539696e+00
-9.526825427285174896e+00
-9.534536332525236801e+00
-9.532983576028414063e+00
-9.535032695084208143e+00
-9.519677321734810960e+00
-9.521662330847588507e+00
-9.531947301616169099e+00
-9.529214833039542754e+00
-9.529514134724317742e+00
-9.545181566198573719e+00
-9.554498525024289535e+00
-9.555587340322373890e+00
-9.557329899109014093e+00
-9.564487728484612816e+00
-9.579535630902066501e+00
-9.577895468541044011e+00
-9.588476584705880157e+00
-9.593244791444121233e+00
-9.598421786494983010e+00
-9.598140572396477666e+00
-9.595491855313065699e+00
-9.592320447572090458e+00
-9.662673074304620968e+00
-9.646986542741753823e+00
-9.646245052581090107e+00
-9.640215181884581597e+00
-9.597470731851654335e+00
-9.598729010415461005e+00
-9.598667970373329084e+00
-9.599866328783633662e+00
-9.606820627807122648e+00
-9.641131379469831231e+00
-9.647239071437930136e+00
-9.656544049102322447e+00
-9.680780357216580256e+00
-9.679345714618390772e+00
-9.672975060248186097e+00
-9.625820060365931852e+00
-9.560524185312349488e+00
-9.562032609264480953e+00
-9.558276925930407231e+00
-9.566223035242140682e+00
-9.604430312257553837e+00
-9.601121251770441845e+00
-9.540260683713128742e+00
-9.540776755732784054e+00
-9.542247734562277373e+00
-9.539533122912349228e+00
-9.541888072284132605e+00
-9.566621133588284920e+00
-9.561699603325493513e+00
-9.548477245161812732e+00
-9.540296995507416611e+00
-9.530673930292692830e+00
-9.529690245963351458e+00
-9.480174824918899290e+00
-9.477702926805497086e+00
-9.495609821050097210e+00
-9.507333441513850403e+00
-9.508717416746396367e+00
-9.476168117220312936e+00
-9.485230604725954251e+00
-9.488883580490901082e+00
-9.489057969474806953e+00
-9.485892656778545984e+00
-9.481781171782857953e+00
-9.478558796717541313e+00
-9.478873776911621363e+00
-9.480788536048072146e+00
-9.476535839922854976e+00
-9.477332959709475091e+00
-9.450089701730547631e+00
-9.447412859703309351e+00
-9.451472951572531755e+00
-9.498076091409648924e+00
-9.502195683577737029e+00
-9.507382148876299510e+00
-9.495420925636146592e+00
-9.542474024300496183e+00
-9.552323524445448300e+00
-9.554636022330317502e+00
-9.553367052985116459e+00
-9.551451412008344022e+00
-9.710420255403343859e+00
-9.708898256673016647e+00
-9.721593943901099877e+00
-9.743203763827750663e+00
-9.748297419358735283e+00
-9.752440575953377433e+00
-9.655527210879428779e+00
-9.642139542469358560e+00
-9.645999047246744951e+00
-9.635590979159202263e+00
-9.493959141296313575e+00
-9.493002415671577765e+00
-9.478347434923449555e+00
-9.505200174516293288e+00
-9.605525549506737093e+00
-9.585035731950934945e+00
-9.625206183579029684e+00
-9.621809982503473080e+00
-9.617827647145837489e+00
-9.614759651455303313e+00
-9.615735254158085610e+00
-9.605548621800933162e+00
-9.633987974363591889e+00
-9.634685028152492947e+00
-9.634726960308427124e+00
-9.596837018896849258e+00
-9.591026797596507336e+00
-9.608409265044455694e+00
-9.608272180845451871e+00
-9.619093422923901571e+00
-9.559900066831490406e+00
-9.554947858043757236e+00
-9.566429338640155322e+00
-9.563524306555899912e+00
-9.560590698492397621e+00
-9.553516055257142980e+00
-9.546124335385529847e+00
-9.554869448852233660e+00
-9.538197514810521582e+00
-9.526853113673471540e+00
-9.529123487614340249e+00
-9.528125402114037357e+00
-9.556816178501991388e+00
-9.564825626814375426e+00
-9.583777580590313150e+00
-9.581882506275192668e+00
-9.582522317779220700e+00
-9.583359310580007673e+00
-9.577983856100539484e+00
-9.605735077115674869e+00
-9.616988473817057681e+00
-9.600372341155134492e+00
-9.598376458692778002e+00
-9.593213952074554740e+00
-9.590699668107296461e+00
-9.592898857528306067e+00
-9.591338401409569059e+00
-9.590043034052335713e+00
-9.591551635396369235e+00
-9.596117113677903987e+00
-9.599588445652134538e+00
-9.593518495106513555e+00
-9.708423724900624663e+00
-9.641435325781365862e+00
-9.646875573420194527e+00
-9.646393106545948726e+00
-9.646954642408282155e+00
-9.647419692824943382e+00
-9.643385354531972098e+00
-9.645785096868054964e+00
-9.647726898071642410e+00
-9.648270562840924214e+00
-9.662154684670223759e+00
-9.649367022470823230e+00
-9.644677321897946243e+00
-9.653047468847699264e+00
-9.561940757725734485e+00
-9.563174353970889996e+00
-9.563728599199359692e+00
-9.558635364987750904e+00
-9.634200574440260567e+00
-9.638818979815404475e+00
-9.637057537644084348e+00
-9.638095133071836074e+00
-9.630144927969663371e+00
-9.612486307558972598e+00
-9.613553204400751895e+00
-9.605824640356614097e+00
-9.594362239617611365e+00
-9.589673745096320090e+00
-9.583960954853472103e+00
-9.601640174493326185e+00
-9.592921944107652976e+00
-9.599898276377556883e+00
-9.607490605846081166e+00
-9.628498766097527195e+00
-9.630217002201639787e+00
-9.650309261397438831e+00
-9.647473564149168013e+00
-9.654281285554811021e+00
-9.616819450068634367e+00
-9.616842906446748884e+00
-9.615237863044766797e+00
-9.608339984349248297e+00
-9.610438396715396792e+00
-9.611114512911047569e+00
-9.613972980925879597e+00
-9.613334609447205636e+00
-9.616809253613306296e+00
-9.611653257854722909e+00
-9.601558958631848384e+00
-9.596080723269048818e+00
-9.598256937553349744e+00
-9.602047092695269015e+00
-9.631022420245544780e+00
-9.632428927138011687e+00
-9.631304862050694027e+00
-9.629912294234387105e+00
-9.580637067316821742e+00
-9.580177214739483915e+00
-9.577092760542242900e+00
-9.537272980672403477e+00
-9.534612486416667920e+00
-9.531420492517685972e+00
-9.525249372614489118e+00
-9.509937463677861302e+00
-9.513502404697428361e+00
-9.514486916268953820e+00
-9.595708724592981298e+00
-9.597525458680928878e+00
-9.600860064690307283e+00
-9.605111158427309448e+00
