# 2*np.log[MAD(r)] for 100 flights; 1000 steps per flight; run 38 of 50; mu: 2.00; seed: 37
-2.362488290317645223e+01
-2.203041350367624318e+01
-2.052828201686724086e+01
-2.025174655397989198e+01
-1.982315553914468609e+01
-1.944818218887747818e+01
-1.915815332673213334e+01
-1.900000294702313042e+01
-1.864054741619890976e+01
-1.837941182536875573e+01
-1.859374651976986570e+01
-1.826883367758103560e+01
-1.785202455158014345e+01
-1.784611160737737734e+01
-1.777954251074116243e+01
-1.754242012023511776e+01
-1.723231697021366315e+01
-1.709267010239811313e+01
-1.692034626338784875e+01
-1.681441760666688268e+01
-1.667348155224310702e+01
-1.679094705537167087e+01
-1.673933334532397410e+01
-1.664489656459946332e+01
-1.649533432469223015e+01
-1.644946052971639361e+01
-1.655512765932478914e+01
-1.655344422916162728e+01
-1.644343122026171500e+01
-1.630213749109998034e+01
-1.642654102791600579e+01
-1.651499944889537375e+01
-1.582525404200340446e+01
-1.552450452390815627e+01
-1.559621780444446415e+01
-1.553275186621566029e+01
-1.560417062116869857e+01
-1.534925354978442336e+01
-1.538426558351210893e+01
-1.551252774083145525e+01
-1.550842009991131043e+01
-1.558172554164581669e+01
-1.544425885424735334e+01
-1.545112205504585745e+01
-1.533805166223625882e+01
-1.520350106361897069e+01
-1.533194324058389846e+01
-1.542502163211641530e+01
-1.532905604154474766e+01
-1.534658429437830662e+01
-1.530219779233659771e+01
-1.526477994194623733e+01
-1.505677231398101057e+01
-1.509898321191109360e+01
-1.494378785495960926e+01
-1.477747790006382012e+01
-1.478509067677163813e+01
-1.482479834676660957e+01
-1.475128808660146440e+01
-1.480123258063822433e+01
-1.464198997611764064e+01
-1.463480004755022001e+01
-1.463206023601216010e+01
-1.467005420428915485e+01
-1.471257005331966461e+01
-1.472843426566910985e+01
-1.457415652401266293e+01
-1.448596186957771259e+01
-1.454905772644714901e+01
-1.452768078175235367e+01
-1.435921181561358750e+01
-1.438319808897662888e+01
-1.439448293579471638e+01
-1.441814756264354891e+01
-1.436329330513103208e+01
-1.441615249966665324e+01
-1.441446255260463438e+01
-1.443969888683143488e+01
-1.446721465690181496e+01
-1.442337863343733595e+01
-1.431733572881112160e+01
-1.414410845973541342e+01
-1.422127373296165764e+01
-1.421086101632833021e+01
-1.416383938759259919e+01
-1.410601487030431933e+01
-1.419938674532939871e+01
-1.412467597951786935e+01
-1.418685795438894282e+01
-1.416438463253087043e+01
-1.407204101757804793e+01
-1.411417703247688671e+01
-1.399110135228972673e+01
-1.406125462653698754e+01
-1.405075636992494381e+01
-1.399016137157708606e+01
-1.390914327808482653e+01
-1.388062596720951625e+01
-1.388676927394651095e+01
-1.389674424856389301e+01
-1.385536490372284213e+01
-1.388902366329043225e+01
-1.384027212107790383e+01
-1.372609914999135405e+01
-1.377249037703168533e+01
-1.351609472256603262e+01
-1.349578419046671840e+01
-1.342511447239938249e+01
-1.337618169010793778e+01
-1.342647550963493686e+01
-1.335707026853790147e+01
-1.339910511241896707e+01
-1.343031061934678050e+01
-1.353108348785698745e+01
-1.353709153987422198e+01
-1.359746938641834113e+01
-1.361841593722519939e+01
-1.364123024859443234e+01
-1.353839701244658755e+01
-1.348511924271756257e+01
-1.344678991329719331e+01
-1.347261932631378123e+01
-1.346393828259887471e+01
-1.352639174194503191e+01
-1.346261755979423036e+01
-1.341413690840883177e+01
-1.345189353345201333e+01
-1.340383299957024654e+01
-1.339556580691925625e+01
-1.339483446242918774e+01
-1.345189510115559628e+01
-1.335444606485332386e+01
-1.328270233973927716e+01
-1.304709173091424823e+01
-1.303215699117451187e+01
-1.283738650035134832e+01
-1.287539080105364775e+01
-1.285381734246445795e+01
-1.281026705448604197e+01
-1.271064323775843619e+01
-1.271064088561983318e+01
-1.273088722936466866e+01
-1.268442018523867176e+01
-1.269541713390997728e+01
-1.271759559802444883e+01
-1.285907850068627667e+01
-1.285503863338739627e+01
-1.291763762548446692e+01
-1.289671636816850508e+01
-1.290488659157113283e+01
-1.291736655273545686e+01
-1.298187618606597660e+01
-1.299570320041813432e+01
-1.298730975448539304e+01
-1.300956441629759119e+01
-1.305584699656716374e+01
-1.317743286484443388e+01
-1.302385733606731755e+01
-1.308737291127295599e+01
-1.304092626409946831e+01
-1.307398141721593632e+01
-1.299234656951943911e+01
-1.305413004941958022e+01
-1.304804840576361968e+01
-1.310209512660325970e+01
-1.309652253303126201e+01
-1.304593810811536692e+01
-1.308573390133262926e+01
-1.304691097994482263e+01
-1.304150815076628689e+01
-1.310496273201319006e+01
-1.313022394341488486e+01
-1.311260046019894610e+01
-1.305847985880978790e+01
-1.311590584974849705e+01
-1.311132664138712300e+01
-1.309221163897343132e+01
-1.307943656228981411e+01
-1.295063858267285717e+01
-1.297123418773635528e+01
-1.292798878433781695e+01
-1.291056298822345560e+01
-1.285092840710194473e+01
-1.283967057694938596e+01
-1.284654767428882316e+01
-1.285703987192025721e+01
-1.286164491891213757e+01
-1.284301657465179680e+01
-1.285851654051051440e+01
-1.287392955282798823e+01
-1.281300923784394818e+01
-1.281939766208074971e+01
-1.287211833157657459e+01
-1.275396192441333554e+01
-1.261081738432591415e+01
-1.263367197496366323e+01
-1.262134980843194043e+01
-1.252935938165575358e+01
-1.253537213208998935e+01
-1.233935370757490269e+01
-1.222415737518670831e+01
-1.222679108160295058e+01
-1.222175402448466031e+01
-1.225725462392988518e+01
-1.225225565625762769e+01
-1.230572256970394385e+01
-1.233320340688050720e+01
-1.233023222817673847e+01
-1.234609166098970690e+01
-1.241190464049072162e+01
-1.241822931156066545e+01
-1.240901139181007551e+01
-1.241629073044517462e+01
-1.245463228631848374e+01
-1.241394469685456592e+01
-1.233197783680880377e+01
-1.233271937360622061e+01
-1.234726154333795201e+01
-1.233108602364631778e+01
-1.234403984421451561e+01
-1.231735926735200159e+01
-1.224929798114151325e+01
-1.228199870305129338e+01
-1.227633435274737117e+01
-1.228899355992589015e+01
-1.227108219695668367e+01
-1.235172605443568372e+01
-1.229679353099811401e+01
-1.228347583019370504e+01
-1.221509672881459174e+01
-1.221575416857576712e+01
-1.224002943378066099e+01
-1.223411382689303473e+01
-1.221018197939286054e+01
-1.221402100709232208e+01
-1.217321673602019771e+01
-1.216464098908232394e+01
-1.214938810410980174e+01
-1.216387713391200442e+01
-1.222601640596983152e+01
-1.222614818675258697e+01
-1.222495988847495063e+01
-1.223978877078766025e+01
-1.223177014772655902e+01
-1.230783294414643336e+01
-1.236187030948430454e+01
-1.235564316117337391e+01
-1.237649017253226980e+01
-1.226082937909407633e+01
-1.224565382849561423e+01
-1.242560822080682215e+01
-1.226427562901588786e+01
-1.234017526663570763e+01
-1.225765245610651455e+01
-1.224905892490737003e+01
-1.223877193506670125e+01
-1.212106871943423592e+01
-1.211791570193691925e+01
-1.212369221917289863e+01
-1.215518968635577224e+01
-1.218623451474494601e+01
-1.216479781079757139e+01
-1.214725832967495123e+01
-1.213046226483001533e+01
-1.203921138990668283e+01
-1.206829450227481715e+01
-1.207585023270535629e+01
-1.214069680148325325e+01
-1.210869903100566702e+01
-1.208850641292732497e+01
-1.208428882276781380e+01
-1.204512061132571255e+01
-1.205661717671840272e+01
-1.205573661186558532e+01
-1.206379315926442075e+01
-1.210320631036075234e+01
-1.204420538482397163e+01
-1.176446931949501540e+01
-1.173393265618845227e+01
-1.175246435983606119e+01
-1.173169786136674908e+01
-1.176212146070283637e+01
-1.181448879279799691e+01
-1.185476029950522836e+01
-1.187279940304066983e+01
-1.188381342023325082e+01
-1.189206034297668602e+01
-1.189201929740717389e+01
-1.191492174152763184e+01
-1.197487269982795333e+01
-1.195205997157463429e+01
-1.197080152120910057e+01
-1.197418502385884231e+01
-1.190359016541915871e+01
-1.191069360257614740e+01
-1.187849923386122875e+01
-1.187838864849963727e+01
-1.188684730691153923e+01
-1.185596106519667536e+01
-1.184313919985702590e+01
-1.188072994318583753e+01
-1.183114792128753834e+01
-1.182987843902983016e+01
-1.179280191423668001e+01
-1.187691219148496202e+01
-1.188234112629098504e+01
-1.188772870453604824e+01
-1.188299741029336687e+01
-1.183187727807315781e+01
-1.187757970836784871e+01
-1.187935489522457999e+01
-1.195840387930309490e+01
-1.193509681071000550e+01
-1.189152193684531333e+01
-1.188804659155029597e+01
-1.188758181139506576e+01
-1.192171290505005032e+01
-1.190245676559313281e+01
-1.190526447209323102e+01
-1.189897922027567567e+01
-1.188536772635578309e+01
-1.185801318924965742e+01
-1.188613573553430847e+01
-1.175206271006474168e+01
-1.174397220434732247e+01
-1.174987705629657597e+01
-1.175110158850115916e+01
-1.174133812456566694e+01
-1.177677533373677221e+01
-1.173699490838566639e+01
-1.174889899399484428e+01
-1.172656483633001656e+01
-1.177301336929836850e+01
-1.176630249893963409e+01
-1.174207926693778781e+01
-1.175121904980114351e+01
-1.172619172763489637e+01
-1.172728781995295755e+01
-1.174862889730909998e+01
-1.175415927561486740e+01
-1.173253369674131719e+01
-1.172236078888927580e+01
-1.172929111638434563e+01
-1.177563174195891094e+01
-1.167903343872127131e+01
-1.163523263359929416e+01
-1.164119630372839609e+01
-1.163604467978338697e+01
-1.164576943493455552e+01
-1.164932936218833426e+01
-1.164705511630815060e+01
-1.157881368747463924e+01
-1.159302416440915451e+01
-1.156948752246566059e+01
-1.157757583505443399e+01
-1.156746149020656311e+01
-1.165490792202875880e+01
-1.167886155695440387e+01
-1.173397990054408702e+01
-1.171538554933997212e+01
-1.166639718697830830e+01
-1.176469486450243629e+01
-1.183052739932135111e+01
-1.175085820665370306e+01
-1.175036627014026003e+01
-1.173799757900714624e+01
-1.176265138197484639e+01
-1.177854035729483329e+01
-1.179609295459103180e+01
-1.180089386826608155e+01
-1.169075824244428397e+01
-1.163869364662082440e+01
-1.165815496140008456e+01
-1.166308903842880973e+01
-1.165540353914886040e+01
-1.163600748085439562e+01
-1.155367287668734733e+01
-1.155264337729238022e+01
-1.155016685098686402e+01
-1.156179729369996956e+01
-1.157384021308721422e+01
-1.158184337600471636e+01
-1.158255608447101004e+01
-1.155502520164129798e+01
-1.154692047908636887e+01
-1.157691930773120781e+01
-1.157349754047623591e+01
-1.161239141366323402e+01
-1.160756629036202803e+01
-1.160968894113895367e+01
-1.160446880771933031e+01
-1.162563681954376449e+01
-1.164397321793175699e+01
-1.160914781721410804e+01
-1.160099784452723348e+01
-1.159948656125534328e+01
-1.159623321727739587e+01
-1.158072077795184640e+01
-1.158071754747422766e+01
-1.156081156498230555e+01
-1.158270283242491239e+01
-1.158192329539723708e+01
-1.155456903382967404e+01
-1.159141018520562483e+01
-1.159308095870698452e+01
-1.154141436944256149e+01
-1.152047328017115468e+01
-1.154685246762703166e+01
-1.150146942571622510e+01
-1.149473110198014680e+01
-1.148400953942174851e+01
-1.148690506701467129e+01
-1.149312595366796330e+01
-1.132786833861024256e+01
-1.129103539886823526e+01
-1.130494879265622110e+01
-1.127819446894101318e+01
-1.127545694752803129e+01
-1.130291767521055668e+01
-1.131695905266276725e+01
-1.112366485199502364e+01
-1.111691442292720922e+01
-1.114218570628958993e+01
-1.111673472391825257e+01
-1.107234428824482997e+01
-1.107058336923018160e+01
-1.105870197628578033e+01
-1.102691004534168151e+01
-1.102848754299694711e+01
-1.103254136836924459e+01
-1.105511668133626024e+01
-1.105376527805567122e+01
-1.104596741293759266e+01
-1.105498539591996199e+01
-1.105019561452528620e+01
-1.104008986623982658e+01
-1.101438225574269403e+01
-1.101443157768264669e+01
-1.103506385552208791e+01
-1.101947771625535921e+01
-1.100728106345726509e+01
-1.100790529160886244e+01
-1.100184873944924213e+01
-1.098511079361208687e+01
-1.098256997773626864e+01
-1.097967664616600558e+01
-1.099149392851411555e+01
-1.100897724027222857e+01
-1.101482202983526548e+01
-1.100788360487098139e+01
-1.100081080343661988e+01
-1.100978734855521957e+01
-1.099178059192943202e+01
-1.099136905488459526e+01
-1.100170131922523709e+01
-1.098699152741860452e+01
-1.095809800233055675e+01
-1.095377968723939155e+01
-1.094631944457749029e+01
-1.089785057039722815e+01
-1.089512066706800475e+01
-1.089144745895514532e+01
-1.079206883494499714e+01
-1.079545020581465131e+01
-1.079488348262671593e+01
-1.080207171186215831e+01
-1.078971748221296778e+01
-1.079724853313295441e+01
-1.080181904572792639e+01
-1.080859911291331343e+01
-1.080447738208317077e+01
-1.085191491456939517e+01
-1.085599498200563318e+01
-1.085074928218024404e+01
-1.087738853422708196e+01
-1.087760224259625730e+01
-1.084742378702840426e+01
-1.086388877841948286e+01
-1.086140038489459592e+01
-1.094604126204656502e+01
-1.088135494916165236e+01
-1.089332885515144866e+01
-1.085022692695761037e+01
-1.085169754801143860e+01
-1.085743951111024153e+01
-1.087056200003435968e+01
-1.082194870634160644e+01
-1.088209424834158057e+01
-1.084755218820061451e+01
-1.086094866197023912e+01
-1.088343026702010441e+01
-1.086698321024967662e+01
-1.086497665799394952e+01
-1.086772689580543449e+01
-1.086554963948699992e+01
-1.080175508107901017e+01
-1.087236929342700620e+01
-1.083723554282878609e+01
-1.087578737227291903e+01
-1.088497003041410593e+01
-1.084568278400840313e+01
-1.096542486546269046e+01
-1.095459354479657854e+01
-1.090320561138489985e+01
-1.096010259560205391e+01
-1.097343469347925726e+01
-1.099740570442624765e+01
-1.099284139891667955e+01
-1.098821667160250648e+01
-1.098915316427760125e+01
-1.098392634296503090e+01
-1.098936970207820885e+01
-1.097047856607179206e+01
-1.095016356247697509e+01
-1.093464091076947753e+01
-1.094225319064312885e+01
-1.094383557670489715e+01
-1.093508039890912187e+01
-1.094552941898971277e+01
-1.097367060770791625e+01
-1.095865611603797518e+01
-1.096796616626409637e+01
-1.102427898142749463e+01
-1.103208359122254478e+01
-1.096338141824248602e+01
-1.097820708793312861e+01
-1.102392204617450489e+01
-1.090786998467213742e+01
-1.090678216614182006e+01
-1.103797571498732211e+01
-1.099246738402074719e+01
-1.094812973368099840e+01
-1.095061390773481946e+01
-1.102447772340535970e+01
-1.105471517605086085e+01
-1.105057598714769007e+01
-1.103063682985977501e+01
-1.103453070808439840e+01
-1.103302437621101717e+01
-1.103808028520650986e+01
-1.102112716603987508e+01
-1.104392703888434468e+01
-1.105426725811936528e+01
-1.105528840135590762e+01
-1.102697700929764579e+01
-1.101978453262358570e+01
-1.098459114380738733e+01
-1.099582175820783903e+01
-1.107510699630846496e+01
-1.106817713889026322e+01
-1.106533213118254722e+01
-1.107208557590921316e+01
-1.106685106136964514e+01
-1.106403196967365865e+01
-1.106348657556537418e+01
-1.106079723800212555e+01
-1.107136208677707145e+01
-1.105447285827190740e+01
-1.105774369959495296e+01
-1.107189329052943627e+01
-1.103620342783286645e+01
-1.104021607381316450e+01
-1.103146107468488957e+01
-1.104178003689469989e+01
-1.105311835766556428e+01
-1.099988587667728268e+01
-1.100371836923745761e+01
-1.095123217433335583e+01
-1.098786846494025404e+01
-1.100158341157319164e+01
-1.100060189829181567e+01
-1.099551516948212537e+01
-1.089141077486167752e+01
-1.087829182213405055e+01
-1.088087451656384452e+01
-1.087360216524709244e+01
-1.082849782682427353e+01
-1.081787077163217958e+01
-1.083813202835034062e+01
-1.084128378467522147e+01
-1.079277621254817277e+01
-1.077618262288388173e+01
-1.077955128808107332e+01
-1.078537366936706299e+01
-1.076003742359972826e+01
-1.072763129798354775e+01
-1.073335442041464205e+01
-1.075582966335762869e+01
-1.068050020028936409e+01
-1.071943694677497128e+01
-1.071913560621247186e+01
-1.068692369657594377e+01
-1.059214966585874151e+01
-1.058005673338174901e+01
-1.057185212269217089e+01
-1.057455708186795285e+01
-1.058168730409037828e+01
-1.056568618255859704e+01
-1.056119842347617244e+01
-1.056763724744931743e+01
-1.055050271607647794e+01
-1.053930763626814304e+01
-1.055587716123664421e+01
-1.055246066169033270e+01
-1.055723428556573751e+01
-1.057043542965892158e+01
-1.055791415119400156e+01
-1.063152323670974120e+01
-1.066518258653152529e+01
-1.060116510060416850e+01
-1.058328808737578974e+01
-1.057795066252200478e+01
-1.055652851983954754e+01
-1.055625462319303232e+01
-1.055039628218513137e+01
-1.056094230800469091e+01
-1.051683269915280938e+01
-1.052751428986547921e+01
-1.051425782836149558e+01
-1.051010168686254964e+01
-1.051321912723946284e+01
-1.051125290110532617e+01
-1.044979637524383165e+01
-1.045235217904044944e+01
-1.048904364475358442e+01
-1.047970270781881830e+01
-1.047893894905192447e+01
-1.048185816683893989e+01
-1.048554321094858111e+01
-1.046720459147992699e+01
-1.046229866185782242e+01
-1.043535778194153529e+01
-1.042859137236403733e+01
-1.042047217860216257e+01
-1.039486397013517127e+01
-1.039398780307835857e+01
-1.038299755891090648e+01
-1.036374828922270197e+01
-1.036491478669795718e+01
-1.036774532930349757e+01
-1.036790097824010992e+01
-1.035266153752085039e+01
-1.035805973687340398e+01
-1.035277453300806272e+01
-1.035365899870101636e+01
-1.035561135071255023e+01
-1.034682000919449330e+01
-1.034720335688309945e+01
-1.033301596756471596e+01
-1.032136479744790059e+01
-1.030203952522613164e+01
-1.031091774035231623e+01
-1.030395261761610293e+01
-1.028422109361128278e+01
-1.028784203132795838e+01
-1.029079136918904780e+01
-1.028170070732922703e+01
-1.027077860506926044e+01
-1.026775726871992589e+01
-1.027772185966396812e+01
-1.030054383754692360e+01
-1.028974053027957858e+01
-1.031030370768607440e+01
-1.031211291509325356e+01
-1.034523755361786890e+01
-1.035113936890185293e+01
-1.035015550794383543e+01
-1.031921270469331553e+01
-1.029173912920294143e+01
-1.025942205628954440e+01
-1.026554665673549671e+01
-1.026567468774805292e+01
-1.029819304284433557e+01
-1.029712887522651243e+01
-1.030169123852466839e+01
-1.029463378622386927e+01
-1.029197615491985296e+01
-1.026427247699924905e+01
-1.026811229571939421e+01
-1.026741592677059067e+01
-1.027710758299242855e+01
-1.026894906912907324e+01
-1.024857508592271849e+01
-1.026533427469616377e+01
-1.026636754173724597e+01
-1.026588588827494064e+01
-1.026292298741224052e+01
-1.028382890083600465e+01
-1.031115260272254019e+01
-1.031165010674832416e+01
-1.032697893612072981e+01
-1.032601233267244112e+01
-1.032037757063014993e+01
-1.033081743730944524e+01
-1.030842967877458705e+01
-1.030594250257976796e+01
-1.030668384866052278e+01
-1.034436267981385349e+01
-1.033537561223156764e+01
-1.033664177560753572e+01
-1.037991442345840554e+01
-1.038367323160402300e+01
-1.039055585647450464e+01
-1.039115767629364306e+01
-1.038179006676393001e+01
-1.038520785123697543e+01
-1.039082203474105270e+01
-1.046181086460432752e+01
-1.047098717903679521e+01
-1.047696346186802074e+01
-1.045474490949061241e+01
-1.045330190343369381e+01
-1.044952662505623664e+01
-1.045487390056983124e+01
-1.046937809490854754e+01
-1.047429030086741797e+01
-1.047423269283747516e+01
-1.047708463152354064e+01
-1.047762477224659783e+01
-1.056367560464655675e+01
-1.055254033032377059e+01
-1.055522697759571749e+01
-1.057717233715010785e+01
-1.060371414280665014e+01
-1.050231518745180459e+01
-1.050123958983990136e+01
-1.047253582975614350e+01
-1.046706133334931543e+01
-1.045159441820809754e+01
-1.048373944186483442e+01
-1.047700053570955170e+01
-1.047874477593245324e+01
-1.047348060688817739e+01
-1.047143174917352937e+01
-1.050429622324393542e+01
-1.045560521539630550e+01
-1.045887588255270551e+01
-1.045730804823642401e+01
-1.045606151993227861e+01
-1.045261825779020093e+01
-1.044891967023114177e+01
-1.044879701878288891e+01
-1.049207290808857529e+01
-1.049322513211811803e+01
-1.048076583625743474e+01
-1.047197992400297473e+01
-1.048336126728422890e+01
-1.048637991692650928e+01
-1.050718466745387403e+01
-1.041845668337997921e+01
-1.044543324808396711e+01
-1.046679301698693187e+01
-1.048736011418339942e+01
-1.046227057576289887e+01
-1.045988728963030212e+01
-1.042685144323492530e+01
-1.044276163258629708e+01
-1.044356120094865403e+01
-1.045265636791026509e+01
-1.043446645829831176e+01
-1.042722402890676925e+01
-1.043268954440562979e+01
-1.044747821505665186e+01
-1.044467805562115714e+01
-1.044814300687976250e+01
-1.045030215027166953e+01
-1.045208296204458698e+01
-1.046785055687377053e+01
-1.047257136672558353e+01
-1.047389212339159137e+01
-1.048278067722062623e+01
-1.048676103985107488e+01
-1.046651905181689557e+01
-1.041307960014488465e+01
-1.041207302505139509e+01
-1.041037188638687105e+01
-1.040872796733742156e+01
-1.040890295729731285e+01
-1.033579480537789763e+01
-1.036147109719782478e+01
-1.036973755674069864e+01
-1.036010104268353871e+01
-1.032341694241552155e+01
-1.031917185385544222e+01
-1.032181986547688446e+01
-1.033125760469276777e+01
-1.034421122930501546e+01
-1.033816622127736018e+01
-1.034540949974004320e+01
-1.034211058929406235e+01
-1.037214701644657033e+01
-1.036425349995968936e+01
-1.036980010920718165e+01
-1.036850208845452492e+01
-1.037246016454636433e+01
-1.038193913203962637e+01
-1.039557873404453403e+01
-1.038858374362564163e+01
-1.038324322268030464e+01
-1.036286087242994292e+01
-1.035692963001676503e+01
-1.035744217698063174e+01
-1.036060037575982484e+01
-1.036875020675174675e+01
-1.036490809049608153e+01
-1.036324524906008726e+01
-1.036173042817260637e+01
-1.036880487704235954e+01
-1.033991952780851697e+01
-1.039933499142337858e+01
-1.028596421587738519e+01
-1.028691944419907145e+01
-1.028274355018771935e+01
-1.027531784780530977e+01
-1.021434583570039223e+01
-1.018632357045231629e+01
-1.018037375578326298e+01
-1.018908351222973785e+01
-1.018743205229890414e+01
-1.018841475379329964e+01
-1.020802223530639274e+01
-1.024489742632238176e+01
-1.025869705357655093e+01
-1.026348219163275388e+01
-1.025700003357516898e+01
-1.022499135713930762e+01
-1.025308811508091011e+01
-1.028952844902827302e+01
-1.029941533315509794e+01
-1.029059478202935196e+01
-1.029588136860634329e+01
-1.029223472024330377e+01
-1.029381383373020320e+01
-1.030112352046796964e+01
-1.029030858986609154e+01
-1.023298587905649448e+01
-1.023864516422036530e+01
-1.030120011338641639e+01
-1.024441973804059280e+01
-1.023247227092489098e+01
-1.025381800711035218e+01
-1.026507540570196397e+01
-1.026039811071101404e+01
-1.020142116139244060e+01
-1.019872034220681378e+01
-1.019579617434620111e+01
-1.017827033121750446e+01
-1.022428087365392813e+01
-1.021578929094764732e+01
-1.021693449478574678e+01
-1.016614990614644931e+01
-1.016712572138639814e+01
-1.017644926063194077e+01
-1.017131479656736914e+01
-1.016941988389361029e+01
-1.015026244135168909e+01
-1.014346053089873578e+01
-1.015224953921584650e+01
-1.016575224859951021e+01
-1.023857588212313807e+01
-1.025625149610945464e+01
-1.028433727958064914e+01
-1.026942439655618067e+01
-1.028157888159729971e+01
-1.028270019540262936e+01
-1.028396697924687331e+01
-1.027456864212261678e+01
-1.027599193807957256e+01
-1.024967109167958590e+01
-1.023418909285545197e+01
-1.023352537390405281e+01
-1.021453164409166092e+01
-1.018114879400829054e+01
-1.016497688822550316e+01
-1.017183136981336666e+01
-1.018357446191240889e+01
-1.025220174138636686e+01
-1.023605282776838621e+01
-1.024279688392759979e+01
-1.024522113856719940e+01
-1.024053119172416437e+01
-1.023898075049960710e+01
-1.024236343227032009e+01
-1.029077374372486986e+01
-1.030483205686367754e+01
-1.031222828927909418e+01
-1.027439865925635054e+01
-1.014416204075250860e+01
-1.014950026033454122e+01
-1.014691747978975123e+01
-1.028694080659897736e+01
-1.028655038846904368e+01
-1.027975761434601765e+01
-1.031553414506298338e+01
-1.032753288519495349e+01
-1.033286978640752807e+01
-1.033661031685647025e+01
-1.033711360731661344e+01
-1.033420296320639764e+01
-1.031489253849124133e+01
-1.033186913931699102e+01
-1.032579478592118960e+01
-1.031458315021986927e+01
-1.033168274949129639e+01
-1.017346972287031015e+01
-1.018536105737348052e+01
-1.005564047756162971e+01
-1.006394461171696619e+01
-1.006018050012189491e+01
-1.005381536270186515e+01
-1.005800679487113136e+01
-1.005991166036045570e+01
-1.006239238729092200e+01
-1.005878638311295781e+01
-1.006010175358700209e+01
-1.009169964045561585e+01
-1.008816994940455558e+01
-1.004823452614570023e+01
-1.002973535428047569e+01
-1.005294975339029406e+01
-1.004817466744328236e+01
-1.005301481549942189e+01
-1.005063637575015001e+01
-1.001862051680502930e+01
-1.001759269839783428e+01
-1.002722349513835987e+01
-1.003587503039806172e+01
-1.003422541565033832e+01
-1.004189296353747096e+01
-1.004380330266526933e+01
-1.004665705405159315e+01
-1.017283920969763145e+01
-1.017664933155369589e+01
-1.017018876606389099e+01
-1.017741566924452279e+01
-1.017297880001045129e+01
-1.016594615248916789e+01
-1.008953607269322106e+01
-1.009199315095946226e+01
-1.000795863080867321e+01
-1.000179706933296586e+01
-9.997773190015534439e+00
-1.000245433292173125e+01
-1.000229849958864214e+01
-1.015373987021746238e+01
-1.015186110425841370e+01
-1.015353096708631853e+01
-1.015771188137488501e+01
-1.013812955890250755e+01
-1.017813907305918875e+01
-1.017606634814769606e+01
-1.016564513588632579e+01
-1.016558999730047574e+01
-1.017098624793600870e+01
-1.015930445171057528e+01
-1.015541325545451912e+01
-1.015181094537623707e+01
-1.014857111146874402e+01
-1.015210337401836860e+01
-1.015164427450523377e+01
-1.014980754341035940e+01
-1.015452162967530292e+01
-1.023425702329350528e+01
-1.024170915644624813e+01
-1.009124175924848466e+01
-1.005554225627690101e+01
-1.016972261813793210e+01
-1.017670622436923367e+01
-1.017453731424655139e+01
-1.016500914552644730e+01
-1.016427827806272255e+01
-1.014115183503719919e+01
-1.017259987024415047e+01
-1.015169943017303744e+01
-1.015398908328675809e+01
-1.016009119430250074e+01
-1.014779092456507570e+01
-9.986367262946586720e+00
-9.976673798248411273e+00
-9.983462860431517427e+00
-9.977731708641249142e+00
-9.963574218338353106e+00
-9.958647804512331447e+00
-1.000235938112146172e+01
-1.000707819328732029e+01
-1.001395472047603619e+01
-9.992135717390089766e+00
-9.969884593558555608e+00
-9.913438373724922315e+00
-9.899760554453495232e+00
-9.900390842393607116e+00
-9.897482673226102534e+00
-9.900762867712668225e+00
-9.885572903899843666e+00
-9.888397249704208747e+00
-9.885135700300793360e+00
-9.890215035884011741e+00
-9.885511802302948681e+00
-9.887454012933396541e+00
-9.885345481048906535e+00
