# 2*np.log[MAD(r)] for 100 flights; 1000 steps per flight; run 43 of 50; mu: 2.00; seed: 42
-2.308738538028163134e+01
-2.133600229369315215e+01
-2.098403540677884038e+01
-2.048041988461411123e+01
-1.998908250721839153e+01
-1.965619939012996653e+01
-1.959432159140768448e+01
-1.917531092659918102e+01
-1.869731433529831932e+01
-1.842401821521229976e+01
-1.815044218978347246e+01
-1.771366708296132941e+01
-1.772264490552973726e+01
-1.756625064866239327e+01
-1.742229501561039129e+01
-1.744512692164667556e+01
-1.708205807640662144e+01
-1.707172909749405676e+01
-1.699769212520234518e+01
-1.685338640338038729e+01
-1.676069516896099643e+01
-1.678698578607028580e+01
-1.647413182193527348e+01
-1.642537224819964692e+01
-1.621641742889387316e+01
-1.615924280225963017e+01
-1.616219275410535516e+01
-1.597973416046605166e+01
-1.590765909195516237e+01
-1.587644369988113091e+01
-1.584433100056920019e+01
-1.583216445877696010e+01
-1.585536932975766966e+01
-1.561767395859369856e+01
-1.560013520870115578e+01
-1.539048407342708558e+01
-1.537413536239273348e+01
-1.542883392568183787e+01
-1.534994871734803645e+01
-1.501634121224381957e+01
-1.512461094003356799e+01
-1.513223318308337362e+01
-1.504985916678514357e+01
-1.512912228298247896e+01
-1.495611602263544171e+01
-1.503588992354038112e+01
-1.522991808185454943e+01
-1.514502300755712838e+01
-1.516409799432451422e+01
-1.523537005453225746e+01
-1.518820689909964017e+01
-1.522033355512238195e+01
-1.502836444333859944e+01
-1.509073894371944746e+01
-1.500363457614500007e+01
-1.511447579920635498e+01
-1.509304032273513663e+01
-1.519635977011177452e+01
-1.533829561382536077e+01
-1.536765979629260670e+01
-1.539108256912907180e+01
-1.514894628374607244e+01
-1.514776525900577830e+01
-1.520248080121633549e+01
-1.514336050030834357e+01
-1.511402577373190503e+01
-1.482894775126713149e+01
-1.486787136407261478e+01
-1.497176541245672787e+01
-1.498466188779245734e+01
-1.499434196221208104e+01
-1.493217345116519112e+01
-1.484107101225183456e+01
-1.467822290807509589e+01
-1.465539068151984026e+01
-1.471790342365985005e+01
-1.460970812020578791e+01
-1.465302273679022882e+01
-1.445292656263556630e+01
-1.428839482701071972e+01
-1.432567461674015696e+01
-1.417713952328408844e+01
-1.433289729343360897e+01
-1.430414036075083040e+01
-1.434431233324011146e+01
-1.432236434191676899e+01
-1.430941500536219557e+01
-1.435219277226188339e+01
-1.434006839993314308e+01
-1.429673234142133431e+01
-1.434299151691707053e+01
-1.433400004934247818e+01
-1.412211446353893329e+01
-1.413873769078692710e+01
-1.408227577041755652e+01
-1.394564103214022310e+01
-1.381454979720065168e+01
-1.386136328961675090e+01
-1.388865218438016491e+01
-1.394752781726871049e+01
-1.386858419627880501e+01
-1.383511255537518281e+01
-1.383833063506851246e+01
-1.380118093563664239e+01
-1.381964505860096715e+01
-1.383507052444585561e+01
-1.376631371560760542e+01
-1.383794123782650765e+01
-1.368746638421041872e+01
-1.361256603126051168e+01
-1.356713092985745206e+01
-1.351553918577055136e+01
-1.347488640867519649e+01
-1.349371489492085274e+01
-1.344067796150116756e+01
-1.352148603350534906e+01
-1.355695265639667291e+01
-1.350601657808492462e+01
-1.352674171011318016e+01
-1.347615291522691372e+01
-1.349931073606529708e+01
-1.360920423724274109e+01
-1.343083330332370551e+01
-1.350627896486832036e+01
-1.342347617433645546e+01
-1.344151454149590386e+01
-1.346590330836728278e+01
-1.340653331835657269e+01
-1.339076823439611097e+01
-1.343043482016809875e+01
-1.338959327950256117e+01
-1.347898290868257298e+01
-1.348083454318329188e+01
-1.358329646203218743e+01
-1.360688681515176945e+01
-1.354740050826487696e+01
-1.338100401159226926e+01
-1.348591575605370529e+01
-1.351619593564639565e+01
-1.352157629082889656e+01
-1.343290481461494323e+01
-1.341647641859304052e+01
-1.345652867990993862e+01
-1.351687811751209800e+01
-1.346262149128236452e+01
-1.349747378594615554e+01
-1.337184803101082053e+01
-1.339681894696683884e+01
-1.337034569976450271e+01
-1.336906059750548259e+01
-1.338357798823417788e+01
-1.333404713113684181e+01
-1.333427928143808039e+01
-1.322040108202039121e+01
-1.322934301667683599e+01
-1.311304692703671648e+01
-1.306581283048431352e+01
-1.309183941481905933e+01
-1.308993944508858576e+01
-1.309018564879309388e+01
-1.309788512713501163e+01
-1.306821329586280633e+01
-1.304944499330981245e+01
-1.297836445354011836e+01
-1.296448011970647229e+01
-1.296015786559104299e+01
-1.296724815521566221e+01
-1.292174322276961718e+01
-1.287175755526035026e+01
-1.293643066933119279e+01
-1.300263529310408828e+01
-1.299507422179247662e+01
-1.291912054007112509e+01
-1.298845331532365321e+01
-1.288141239241679159e+01
-1.286915935908218422e+01
-1.290660313496493394e+01
-1.295301957476886479e+01
-1.293020962537226914e+01
-1.279432949209493842e+01
-1.288158306787681973e+01
-1.285370601827632342e+01
-1.284046921309227862e+01
-1.293100774274762266e+01
-1.284541355274804530e+01
-1.285269336051987565e+01
-1.289147462801815891e+01
-1.289870371169939745e+01
-1.285870049191911413e+01
-1.286097239781326174e+01
-1.277114995372384421e+01
-1.273631685813467662e+01
-1.269576126647117320e+01
-1.271293272166812827e+01
-1.263095113832546090e+01
-1.265109407324478852e+01
-1.263922645996881222e+01
-1.257972700074665795e+01
-1.248542487127919998e+01
-1.255873524400541363e+01
-1.246720302703438854e+01
-1.251547666310902862e+01
-1.258137293682790414e+01
-1.257920413539200410e+01
-1.248806719641738283e+01
-1.250000792134141214e+01
-1.254305874792618702e+01
-1.252553988408650909e+01
-1.252977190604732982e+01
-1.252271584943173721e+01
-1.253598317834955012e+01
-1.258943682854490476e+01
-1.258855930365093023e+01
-1.256937648121757434e+01
-1.242443685164317912e+01
-1.243915589995472715e+01
-1.241554012102975335e+01
-1.241686371942884115e+01
-1.243151627788978431e+01
-1.240162778463816728e+01
-1.242380619644778506e+01
-1.242181298696531755e+01
-1.243967597513898937e+01
-1.225180059968951163e+01
-1.232974194729540152e+01
-1.231621408647721516e+01
-1.234181128194298083e+01
-1.231717797341564946e+01
-1.230639638133419211e+01
-1.229530650291606264e+01
-1.227627157678455205e+01
-1.223967348326320348e+01
-1.227907698195939723e+01
-1.220180116919756586e+01
-1.223244008617289502e+01
-1.221759426774697310e+01
-1.221069037410285496e+01
-1.211067580160972135e+01
-1.208885029487567841e+01
-1.203933765971381931e+01
-1.213065555136268969e+01
-1.209717704247290371e+01
-1.211471224748630604e+01
-1.209440413968645700e+01
-1.210521796086580082e+01
-1.209468713259683703e+01
-1.208969025161376365e+01
-1.209067080594749655e+01
-1.207330732085546821e+01
-1.205254028658957743e+01
-1.205801581715653903e+01
-1.200635559616978298e+01
-1.200874545144822214e+01
-1.202954632684370040e+01
-1.205185909276427481e+01
-1.203420392621511681e+01
-1.203946432687279078e+01
-1.200331115866626952e+01
-1.193048736702353274e+01
-1.189853567813639401e+01
-1.190823462108678576e+01
-1.190519680786743173e+01
-1.192054117378474132e+01
-1.191969191286548657e+01
-1.191401586137073920e+01
-1.192476793833123416e+01
-1.185103328440332682e+01
-1.182451884828910238e+01
-1.188537084577628100e+01
-1.188173936776544259e+01
-1.187830496284336412e+01
-1.187186226587334659e+01
-1.193287489985067040e+01
-1.197972886785353808e+01
-1.198005904333544791e+01
-1.194975812740847587e+01
-1.193938453079853979e+01
-1.204189143434327747e+01
-1.200870007107688409e+01
-1.189883536893960603e+01
-1.184956965155270758e+01
-1.185249284037873707e+01
-1.183724315527388349e+01
-1.181846327811905084e+01
-1.181539683152225173e+01
-1.197317215877111884e+01
-1.192946227943324367e+01
-1.182774745054274135e+01
-1.179552278590165493e+01
-1.180302200680316282e+01
-1.185748447111373771e+01
-1.184847248574155643e+01
-1.174515812574724016e+01
-1.177248288546173427e+01
-1.177013530877217740e+01
-1.176668495213051813e+01
-1.175626326634037611e+01
-1.175926530169483009e+01
-1.181458439435438024e+01
-1.177990761433525080e+01
-1.181178332240905426e+01
-1.181195581923540416e+01
-1.180996601717312799e+01
-1.171753261244485778e+01
-1.169364867037553601e+01
-1.171507926335925021e+01
-1.174192430927041997e+01
-1.172546676781003150e+01
-1.174109006769966612e+01
-1.170511020992144857e+01
-1.165397274215606593e+01
-1.165680629032033444e+01
-1.166605114474509364e+01
-1.161720769366548467e+01
-1.163105556871851753e+01
-1.163726454700017854e+01
-1.162913487776145871e+01
-1.158981628522752061e+01
-1.149982205498847598e+01
-1.149549460224985964e+01
-1.151103802983058877e+01
-1.144898233708720525e+01
-1.140532208466827058e+01
-1.138968336037012463e+01
-1.140553671011167935e+01
-1.133842904294378506e+01
-1.133234609550833483e+01
-1.136994520407646370e+01
-1.135926752647647930e+01
-1.140533436309341830e+01
-1.141647500764423029e+01
-1.146110496124351386e+01
-1.147496945175135785e+01
-1.151303502575995985e+01
-1.154770715643226353e+01
-1.149309612537835257e+01
-1.152908739580072783e+01
-1.159594166319786801e+01
-1.160074185174714145e+01
-1.159852222853071879e+01
-1.156407817852509723e+01
-1.151190884258514657e+01
-1.148140096808939781e+01
-1.154743395709913045e+01
-1.153852427255368696e+01
-1.150448863270996291e+01
-1.149200667528186237e+01
-1.148882604250979611e+01
-1.149077128255312630e+01
-1.149987648572744092e+01
-1.149011588294639807e+01
-1.146686330301709944e+01
-1.147833310073306201e+01
-1.143011523106613936e+01
-1.144216971246122050e+01
-1.140005065783342175e+01
-1.140528988259009147e+01
-1.126367169652575662e+01
-1.127580950818938810e+01
-1.137142010458221719e+01
-1.137437216810954155e+01
-1.136896003826013590e+01
-1.136185635458609156e+01
-1.138925551887694709e+01
-1.143482110452023548e+01
-1.143815507211464322e+01
-1.143558349729106283e+01
-1.145355080668699799e+01
-1.145365876293105600e+01
-1.147284975795539630e+01
-1.142371565322533300e+01
-1.141455456094234044e+01
-1.143856635321808390e+01
-1.143347648326946064e+01
-1.143167456376058411e+01
-1.144769897760983390e+01
-1.144840896692206123e+01
-1.143261873068340506e+01
-1.145271891883495208e+01
-1.148457652350819380e+01
-1.149491736096022443e+01
-1.145499715464089441e+01
-1.158123549490209570e+01
-1.155995796573508549e+01
-1.149871582483250343e+01
-1.156376650967754394e+01
-1.158721928202628604e+01
-1.142502458838450607e+01
-1.132451086454156552e+01
-1.134739033751225357e+01
-1.134092761640674674e+01
-1.129562887141570293e+01
-1.125169444088718151e+01
-1.117944575077277314e+01
-1.118954631299284053e+01
-1.118911147011860052e+01
-1.118433086130340293e+01
-1.102882810295984228e+01
-1.103868052154369117e+01
-1.105315438971648234e+01
-1.102268837256698752e+01
-1.110120737584389516e+01
-1.106754316830127216e+01
-1.106597855793811824e+01
-1.105456565535751601e+01
-1.104507034326235271e+01
-1.104155928000354336e+01
-1.106221192505910977e+01
-1.099830146814905518e+01
-1.100900346894081672e+01
-1.100770888258016278e+01
-1.100021168492920864e+01
-1.100920460992037775e+01
-1.102444855212417174e+01
-1.100423541467213440e+01
-1.099604384928503542e+01
-1.099630012875902452e+01
-1.099871846040132617e+01
-1.101188838328723030e+01
-1.101201684395956804e+01
-1.102252036641653810e+01
-1.106865155681479251e+01
-1.107133981454648008e+01
-1.108289610943522696e+01
-1.107307739506737931e+01
-1.107561932291555529e+01
-1.112993369330966509e+01
-1.114063086877476749e+01
-1.114433049637632145e+01
-1.114346048681619727e+01
-1.119851280834207508e+01
-1.118524200442435479e+01
-1.119518215192280586e+01
-1.112445789177956357e+01
-1.116041443445153547e+01
-1.116489170091098515e+01
-1.114574842804817045e+01
-1.116094649582442244e+01
-1.114916354586010527e+01
-1.114610508389767318e+01
-1.115187004963068063e+01
-1.115526441469582863e+01
-1.116336525750105224e+01
-1.116690264393152887e+01
-1.117474554695800570e+01
-1.117946766458107177e+01
-1.108391586530312445e+01
-1.109403788655856538e+01
-1.108543577849859396e+01
-1.106904230484871476e+01
-1.108326412469614652e+01
-1.081534224449465853e+01
-1.081785698792990580e+01
-1.081410422043115815e+01
-1.081016267075509951e+01
-1.080818788064355651e+01
-1.076073097090700514e+01
-1.076214358020538242e+01
-1.073064784070261268e+01
-1.094482329177133906e+01
-1.094429370470551888e+01
-1.094505028895106591e+01
-1.059923792346495830e+01
-1.067059533130333016e+01
-1.066354107683929264e+01
-1.067263571187212534e+01
-1.066643167354590460e+01
-1.065492027316323664e+01
-1.066220256382592524e+01
-1.055065053340833714e+01
-1.054892985826673346e+01
-1.055042859203745387e+01
-1.050708076531063995e+01
-1.050298375789421890e+01
-1.044116005337709652e+01
-1.048064735286797600e+01
-1.049016345023628460e+01
-1.050067995271759358e+01
-1.050391267938212003e+01
-1.041212029302996989e+01
-1.040233490444578734e+01
-1.037826446324270258e+01
-1.037841986567886465e+01
-1.038619883490544105e+01
-1.037504067595448021e+01
-1.037313267626626612e+01
-1.033642291986746997e+01
-1.034528890629140996e+01
-1.036179347172867615e+01
-1.032260216288889687e+01
-1.034774365302035193e+01
-1.033141898415868631e+01
-1.034632222797657874e+01
-1.034365361595544819e+01
-1.036864612649758399e+01
-1.037542423602424790e+01
-1.034232496966017401e+01
-1.031855929339583433e+01
-1.031828081699411648e+01
-1.031302082004295073e+01
-1.031212773584655729e+01
-1.031412552390143134e+01
-1.032073085050591565e+01
-1.033327798188469870e+01
-1.034413842190926403e+01
-1.034677811958272109e+01
-1.027387950592176225e+01
-1.027079759224502453e+01
-1.028215450781391027e+01
-1.027413741805964165e+01
-1.027006167627067867e+01
-1.028660443959055115e+01
-1.029985009614705405e+01
-1.030217801401824929e+01
-1.030904631088714041e+01
-1.026156759855436817e+01
-1.022956878292251126e+01
-1.022469577728119994e+01
-1.016386256377619368e+01
-1.016610757702090595e+01
-1.018565340095664595e+01
-1.016430826180906699e+01
-1.015574312214704555e+01
-1.012340796708126867e+01
-1.012363588012903648e+01
-1.011376731102335391e+01
-1.012243458465639989e+01
-1.009592772822646545e+01
-1.009497153630242572e+01
-1.010103973674442734e+01
-1.009402883114650074e+01
-1.008909769125744305e+01
-1.012411703998560419e+01
-1.010907951664582072e+01
-1.009854643461626367e+01
-1.009329229611916290e+01
-1.008912270198720229e+01
-1.007614272515929343e+01
-1.008270121473353775e+01
-1.008126405743065135e+01
-1.008693093738211211e+01
-1.008204292950709124e+01
-1.007058451929966658e+01
-1.006652155264784554e+01
-1.007348736113268828e+01
-1.003621274315598200e+01
-1.003395968672007399e+01
-1.004539069370415838e+01
-1.009113843181108727e+01
-1.006542346604585347e+01
-1.005704531265329038e+01
-1.006171588072541567e+01
-1.006206894312838251e+01
-1.005306657066869924e+01
-1.005072285205925731e+01
-1.005174240489878201e+01
-1.005062024552853650e+01
-1.005139904830792830e+01
-1.004475830725869301e+01
-1.005358899125258887e+01
-1.005735033454912575e+01
-1.005588335702987557e+01
-1.006316009260545385e+01
-1.006646370744158503e+01
-1.009957673621643792e+01
-1.014722064158887349e+01
-1.008948671271281405e+01
-1.008946473157911683e+01
-9.965023264559441429e+00
-9.973891021880580965e+00
-9.884086755363860277e+00
-9.871471310837780067e+00
-9.938268092858365321e+00
-9.940012158308766388e+00
-9.927775276019632500e+00
-9.926454354079211839e+00
-9.897805245339906577e+00
-9.871794044945939817e+00
-9.960912114070040957e+00
-9.957792148499709839e+00
-9.877825114271653106e+00
-9.879351952990175434e+00
-9.861573064375718900e+00
-9.894909694742887396e+00
-9.888556905229618721e+00
-9.962788603994903625e+00
-9.945864040204634549e+00
-9.927995119445085948e+00
-9.942706778395482559e+00
-9.911747046095499059e+00
-9.924852971811951363e+00
-9.926333050313187911e+00
-9.927699898077323226e+00
-9.952039800311196061e+00
-9.923908762402401607e+00
-9.934807407133442680e+00
-9.948250717945676058e+00
-9.953098808154738464e+00
-9.950941214407498236e+00
-9.928308563376846863e+00
-9.926762435065453971e+00
-9.924888783288338345e+00
-9.925851078470131483e+00
-9.942524704255145451e+00
-9.940535797924139771e+00
-9.933748810638762805e+00
-9.947281765744930837e+00
-9.945908086522964098e+00
-9.944446151928037381e+00
-9.939250823245924238e+00
-9.939401707107061057e+00
-9.938673328708539145e+00
-9.920805448786230940e+00
-9.918358713332528609e+00
-9.911267495497131819e+00
-9.913074090500481717e+00
-9.919332700405387726e+00
-9.915792304637085053e+00
-9.907979536409202481e+00
-9.939252507348205867e+00
-9.934316388622081107e+00
-9.939093622095505509e+00
-9.937730926499902750e+00
-9.940912977334052769e+00
-9.941873710532693309e+00
-9.937097832442374212e+00
-9.939543412716924209e+00
-9.933539550397647133e+00
-9.929258551543892253e+00
-9.937705423365731150e+00
-9.944461031821877128e+00
-9.936725951899559206e+00
-9.906330367080869337e+00
-9.887193972902354133e+00
-9.892219685582796629e+00
-9.900537021178813291e+00
-9.904818613936011928e+00
-9.897476061140213943e+00
-9.888027279871916875e+00
-9.878554198573171519e+00
-9.875535135003643106e+00
-9.873136024067660443e+00
-9.857457849579025932e+00
-9.844629802646341687e+00
-9.824236542850901088e+00
-9.806700743357946948e+00
-9.766996372432876328e+00
-9.766910911004039519e+00
-9.800466842513998245e+00
-9.793609427140069101e+00
-9.792900516771346986e+00
-9.847602497838590097e+00
-9.849197930392907807e+00
-9.839009831795255678e+00
-9.848857613135184152e+00
-9.842361158901120177e+00
-9.844284113831591299e+00
-9.856976480959311004e+00
-9.867975404926577099e+00
-9.867405004117109968e+00
-9.861641786875697591e+00
-9.792117451997205180e+00
-9.784066728441857208e+00
-9.784131752706395346e+00
-9.777628627940323724e+00
-9.777853027505386763e+00
-9.774394234118396696e+00
-9.790191807351273923e+00
-9.794177944835375627e+00
-9.803267886189008351e+00
-9.796166735275612325e+00
-9.785789453956221351e+00
-9.790824726070695760e+00
-9.790100441418822186e+00
-9.812801851774885620e+00
-9.811465730107421734e+00
-9.855277206260646850e+00
-9.860146125203304024e+00
-9.883661769717765111e+00
-9.833087425184270813e+00
-9.767031675227377363e+00
-9.760969936021590243e+00
-9.794691563884107666e+00
-9.798755125781646313e+00
-9.835160895999594644e+00
-9.842072356614318451e+00
-9.841103193267194627e+00
-9.821954127565470927e+00
-9.780123904829459036e+00
-9.779358622328848227e+00
-9.790774657619902399e+00
-9.786672027800124241e+00
-9.802589757974301321e+00
-9.797049148245841721e+00
-9.800402249024802614e+00
-9.675724571829132259e+00
-9.683491028347951612e+00
-9.687146867178071830e+00
-9.691446199552636642e+00
-9.814974355679138895e+00
-9.846253620313895283e+00
-9.848830299182392167e+00
-9.863893769461913763e+00
-9.885929015008317222e+00
-9.878086308399602444e+00
-9.878692425804480592e+00
-9.881255158513715386e+00
-9.882935390375083173e+00
-9.876280797855672589e+00
-9.912266646707116990e+00
-9.918929256025593943e+00
-9.921418026038526961e+00
-9.911716468466993391e+00
-9.912005621879057315e+00
-9.911082281950299944e+00
-9.910322612543746246e+00
-9.907135036651252946e+00
-9.845690444983214107e+00
-9.851118513704268054e+00
-9.847816983192968721e+00
-9.845019128052276969e+00
-9.845689666181431932e+00
-9.842961824843012408e+00
-9.865406058675961987e+00
-9.857795255213357422e+00
-9.866031470318807450e+00
-9.878360830604158593e+00
-9.881967466986202098e+00
-9.905919965352200762e+00
-9.904421663825734967e+00
-9.901273641117647628e+00
-9.890412192901127497e+00
-9.890347040933130884e+00
-9.889495812847753697e+00
-9.832845989139144649e+00
-9.831796021719522827e+00
-9.834156330781887334e+00
-9.832671414924224251e+00
-9.838148478063450497e+00
-9.839721987851385521e+00
-9.844067823146179563e+00
-9.798587854812254250e+00
-9.792816600884824751e+00
-9.793845189235783621e+00
-9.702852721153515603e+00
-9.699280579789018475e+00
-9.696107230665266030e+00
-9.696115032978187998e+00
-9.702994414299542569e+00
-9.687059506543613807e+00
-9.684803149423427016e+00
-9.685335838753372784e+00
-9.715449680471868632e+00
-9.702887063681133739e+00
-9.701306587331952613e+00
-9.697933154846886339e+00
-9.692888061966513646e+00
-9.717155996639430526e+00
-9.722365944954331596e+00
-9.720969481640938881e+00
-9.720362917390687585e+00
-9.714029694863482334e+00
-9.720814967496439252e+00
-9.714042674653393661e+00
-9.635161990589045544e+00
-9.628255157243913231e+00
-9.624226669360924191e+00
-9.621577819153916522e+00
-9.631643191565910200e+00
-9.630648341762178433e+00
-9.631432559047839348e+00
-9.614069863670113847e+00
-9.615065941444614239e+00
-9.618897655064310825e+00
-9.612964004852909028e+00
-9.621219375670952090e+00
-9.645219650297134351e+00
-9.642364140403106632e+00
-9.634138679547058715e+00
-9.544419645676789798e+00
-9.561941543800587695e+00
-9.558808529524931430e+00
-9.557642831021794905e+00
-9.541338950014562670e+00
-9.546422430526472880e+00
-9.516541209961077996e+00
-9.486376467897398967e+00
-9.516895334770717696e+00
-9.506550094193460865e+00
-9.509478893476069672e+00
-9.511526813793553359e+00
-9.473427943030593212e+00
-9.455403770044126688e+00
-9.456526253306700269e+00
-9.486677765261971373e+00
-9.482233304275176522e+00
-9.486959972611687775e+00
-9.489132772510194158e+00
-9.490143983893640112e+00
-9.488317845530213290e+00
-9.488755328863986094e+00
-9.490499731327915356e+00
-9.481549072777132992e+00
-9.485730459666081416e+00
-9.493234424811985761e+00
-9.495412685594496693e+00
-9.497354168749179593e+00
-9.503941790939304468e+00
-9.504826077036740983e+00
-9.508209556828356668e+00
-9.500973962470483869e+00
-9.512048399585092184e+00
-9.513954726482765523e+00
-9.518219243467926916e+00
-9.469497285267284070e+00
-9.477350527518758838e+00
-9.474793899221333859e+00
-9.470145877320756966e+00
-9.468000355709268234e+00
-9.471470909194330545e+00
-9.472286752768278362e+00
-9.487254759696607920e+00
-9.455866937863582677e+00
-9.469790887458616524e+00
-9.461755401788130015e+00
-9.459873569333364429e+00
-9.421567065662626916e+00
-9.417006395178594502e+00
-9.449069457318694631e+00
-9.449503297453663464e+00
-9.455602721199715788e+00
-9.455025888285378599e+00
-9.490349901626215612e+00
-9.488500485755753999e+00
-9.489195738238860756e+00
-9.489037553632053701e+00
-9.488199713569807514e+00
-9.479554272196129006e+00
-9.479369698640033093e+00
-9.491019710679120536e+00
-9.486638973261069196e+00
-9.481892440110900822e+00
-9.480869929045272926e+00
-9.451579011002559483e+00
-9.446966805248084853e+00
-9.474708521892262425e+00
-9.479594984786249512e+00
-9.432649351659861736e+00
-9.432242361839554334e+00
-9.430375919695316966e+00
-9.431768414520337984e+00
-9.432321186455723705e+00
-9.431252950609508190e+00
-9.433070775129802854e+00
-9.415624153553162401e+00
-9.417639688536388221e+00
-9.415141611692883217e+00
-9.412074227190128539e+00
-9.409119792966579965e+00
-9.412067279189384905e+00
-9.411464067601700734e+00
-9.422281351342206790e+00
-9.456233224137960747e+00
-9.451583723729742204e+00
-9.461294455275281123e+00
-9.455833132248036677e+00
-9.422452292205287350e+00
-9.420375952943503606e+00
-9.409331719749852496e+00
-9.415496136928645399e+00
-9.396838307345667829e+00
-9.356443150970889633e+00
-9.357001518922313466e+00
-9.358098658456537322e+00
-9.366760355551862816e+00
-9.352839426647383547e+00
-9.365149717488971959e+00
-9.356738477898602468e+00
-9.351800932512983167e+00
-9.358392670049106243e+00
-9.356726880209416564e+00
-9.351217423225877567e+00
-9.357539066227694491e+00
-9.381443319142650950e+00
-9.381885848242927040e+00
-9.380739244975984548e+00
-9.372079594621578025e+00
-9.344276297229681560e+00
-9.351452051804260535e+00
-9.359019539909642305e+00
-9.355938177580641835e+00
-9.359282271919360241e+00
-9.346035058554999608e+00
-9.346573043356753985e+00
-9.342345533496487775e+00
-9.341504620013912685e+00
-9.277256250160876405e+00
-9.274069731163461228e+00
-9.277761005506643954e+00
-9.277736566080832858e+00
-9.273466173591987882e+00
-9.271823173030442788e+00
-9.270196742673800117e+00
-9.282947656070833276e+00
-9.280167590492386154e+00
-9.281386192877377539e+00
-9.277705912397184562e+00
-9.273481194179112208e+00
-9.324978083154311648e+00
-9.324074150369330738e+00
-9.322734392591920383e+00
-9.314036477209635123e+00
-9.317050972611635729e+00
-9.316054570026691906e+00
-9.320534143247879655e+00
-9.333406154862187165e+00
-9.332595965467032073e+00
-9.330318432827407804e+00
-9.328715675023568465e+00
-9.326405378250944622e+00
-9.328067794588980277e+00
-9.306208060320511066e+00
-9.311219707790993283e+00
-9.318893155672993700e+00
-9.318286465591405943e+00
-9.321805022924600337e+00
-9.319160303369951492e+00
-9.310189346262291110e+00
-9.307586410851056868e+00
-9.310453871954514682e+00
-9.306474671271288912e+00
-9.338843804331675713e+00
-9.309774874483016660e+00
-9.313181188638299801e+00
-9.307658598425740948e+00
-9.299448468537633516e+00
-9.317515671507564434e+00
-9.316741170788102266e+00
-9.316734924003862162e+00
-9.285162867983997259e+00
-9.234799534155603951e+00
-9.231613277892197544e+00
-9.219302288779504195e+00
-9.271580214334846914e+00
-9.266929461962707393e+00
-9.272490670558898529e+00
-9.268251646471638239e+00
-9.219210945157183090e+00
-9.253819020961053354e+00
-9.252851253245049534e+00
-9.294502583360094050e+00
-9.291991451220420473e+00
-9.309330637859428492e+00
-9.310925614644355974e+00
-9.310024543293334176e+00
-9.295145365870121523e+00
-9.292056710075000225e+00
-9.288617925470679992e+00
-9.291319582698815083e+00
-9.291175156088673504e+00
-9.228901213561366390e+00
-9.231187698830108701e+00
-9.226580158027205769e+00
-9.225342420377808494e+00
-9.223687279543064221e+00
-9.225114035905518151e+00
-9.228754115978773598e+00
-9.230764099455972982e+00
-9.229307148106093095e+00
-9.222981214366942737e+00
-9.223410678804972562e+00
-9.224287879331075857e+00
-9.213648162327343627e+00
-9.212961196972635491e+00
-9.213791766439605624e+00
-9.212816303104883531e+00
-9.219211145025909104e+00
-9.205845373815801480e+00
-9.206492346829966422e+00
-9.262635613043370242e+00
-9.261195178150055440e+00
-9.264075398992869026e+00
-9.269957720849472338e+00
-9.270037632228230962e+00
-9.273029867033267593e+00
-9.283508585185323625e+00
-9.288474736857322611e+00
-9.317852310761816526e+00
-9.313877555333572644e+00
-9.315272325879584869e+00
-9.314421886549189011e+00
-9.313288864868109584e+00
-9.310512370169895746e+00
-9.307327664614241769e+00
-9.309470075256184529e+00
-9.300945949290786885e+00
-9.315986906202972762e+00
-9.315467427474127149e+00
-9.318148984182874628e+00
-9.318920289073993501e+00
