# 2*np.log[MAD(r)] for 100 flights; 1000 steps per flight; run 26 of 50; mu: 2.00; seed: 25
-2.266216248260923294e+01
-2.191252053939633626e+01
-2.140449709399933553e+01
-2.022162966992788924e+01
-2.042772743593134877e+01
-1.994322955003253028e+01
-1.996456918569381855e+01
-1.991229406239483879e+01
-1.932225484408196792e+01
-1.909658883771709270e+01
-1.856320143630403408e+01
-1.791074754351921783e+01
-1.766614659110134866e+01
-1.765036027030067345e+01
-1.754439543897989040e+01
-1.744625538188483205e+01
-1.730515266087549620e+01
-1.725111060301701471e+01
-1.714812354648010029e+01
-1.703402769216138779e+01
-1.691530549088444602e+01
-1.691586656421302948e+01
-1.656593617163147059e+01
-1.652651781115774554e+01
-1.647460655776549743e+01
-1.624245558542953916e+01
-1.626038289980463603e+01
-1.610456071737052852e+01
-1.620923919956863557e+01
-1.615054291230547889e+01
-1.594881749327491427e+01
-1.612125598972986751e+01
-1.610277928928287849e+01
-1.605335446502783014e+01
-1.567556708268562815e+01
-1.557439492795083957e+01
-1.563262148550299280e+01
-1.545825581507959967e+01
-1.541565246342823414e+01
-1.524670573727652823e+01
-1.527880476613095340e+01
-1.528461375063603711e+01
-1.524000597907482479e+01
-1.528524760304044783e+01
-1.532253235881656828e+01
-1.504501640284543029e+01
-1.499789454427742008e+01
-1.472974230009304542e+01
-1.468995391967962760e+01
-1.462961941625343165e+01
-1.455688138120842368e+01
-1.461439651971534381e+01
-1.456867568259707824e+01
-1.454919704068688446e+01
-1.454748476354733100e+01
-1.446072680766202900e+01
-1.438757190649158701e+01
-1.440090402768733213e+01
-1.448297348656023331e+01
-1.434966565168459063e+01
-1.441008641552023306e+01
-1.433802456029840044e+01
-1.441973539546383698e+01
-1.438538616430754757e+01
-1.435763602267100936e+01
-1.416348697604436602e+01
-1.428765381107728238e+01
-1.428222612867317487e+01
-1.437266196744164048e+01
-1.424207817733669046e+01
-1.424417070983975897e+01
-1.431470670166254244e+01
-1.430689708602246135e+01
-1.430625074038551503e+01
-1.434207512492582381e+01
-1.428021293307335426e+01
-1.429208604550107786e+01
-1.429149450882965944e+01
-1.423175733802984766e+01
-1.414771460712226414e+01
-1.414496677114550849e+01
-1.404711873448405690e+01
-1.402149130352146855e+01
-1.409004276169827286e+01
-1.407709145084193558e+01
-1.387233812516611664e+01
-1.400957752106823229e+01
-1.412421796810462560e+01
-1.416085912266707325e+01
-1.420143624676196303e+01
-1.417348275394996904e+01
-1.411644693592531752e+01
-1.383191880027777287e+01
-1.383148918177499276e+01
-1.382996995411232000e+01
-1.381246676148296793e+01
-1.381005137224969559e+01
-1.379865989955304784e+01
-1.374280156347772497e+01
-1.369776308693043632e+01
-1.371038132974609169e+01
-1.374073661664726309e+01
-1.355448251198620468e+01
-1.360053986480917310e+01
-1.356376868022049820e+01
-1.354497629283589966e+01
-1.351149031887989338e+01
-1.362750937711916066e+01
-1.362329208741988218e+01
-1.348385902687430082e+01
-1.341403328875555623e+01
-1.344079286650388561e+01
-1.343699942570814265e+01
-1.347010878628489117e+01
-1.338177764581281615e+01
-1.336031869335099209e+01
-1.334940633009551725e+01
-1.328922450652372689e+01
-1.326892592916107105e+01
-1.336384346296501313e+01
-1.336376294799877940e+01
-1.335615474924703783e+01
-1.330693698803373337e+01
-1.322316579214947296e+01
-1.317280444230058833e+01
-1.316606943305226096e+01
-1.323184067720571022e+01
-1.324290554891300786e+01
-1.321087966090176380e+01
-1.318989412103590553e+01
-1.310994242684063416e+01
-1.302786599283944646e+01
-1.300473736702812921e+01
-1.301223999886448013e+01
-1.291923229438707743e+01
-1.283191149686366472e+01
-1.292498475274089920e+01
-1.282124228295121071e+01
-1.286161310989979256e+01
-1.284990426928116669e+01
-1.288326414790558694e+01
-1.270684296675841196e+01
-1.281960027416956471e+01
-1.286562411348836932e+01
-1.281770395782993255e+01
-1.270538294092784426e+01
-1.270067851121146241e+01
-1.267204758356096583e+01
-1.266363151896821293e+01
-1.268622026408377224e+01
-1.272016809282286687e+01
-1.262145359911698428e+01
-1.265735737261168659e+01
-1.263924233792422314e+01
-1.265743547491459076e+01
-1.268537037487714869e+01
-1.269072633249288273e+01
-1.268412092459037055e+01
-1.267529068958326022e+01
-1.261381622131959546e+01
-1.259217918243850676e+01
-1.274244880040211214e+01
-1.274943952694618510e+01
-1.275739183969367829e+01
-1.250230734906519281e+01
-1.267575910206226375e+01
-1.264244124296376448e+01
-1.264021000137283224e+01
-1.266978336426265805e+01
-1.255803631837319578e+01
-1.245306419305386569e+01
-1.244958110169948995e+01
-1.248956842382845878e+01
-1.246425725368016124e+01
-1.242748846752940217e+01
-1.243563485329628371e+01
-1.237351456680848649e+01
-1.233794481537281129e+01
-1.230823374147511373e+01
-1.239302539007698911e+01
-1.238230529884898878e+01
-1.232927173334584303e+01
-1.232025554880697804e+01
-1.233181273567957525e+01
-1.234425243354998969e+01
-1.237713623760768655e+01
-1.234373786659963024e+01
-1.222711073853931829e+01
-1.227008129468404896e+01
-1.227197955665300277e+01
-1.227127356112906043e+01
-1.226565323732906521e+01
-1.230265840991389936e+01
-1.229500628822477459e+01
-1.228516450311899177e+01
-1.230751043044580051e+01
-1.228808822828514202e+01
-1.212494856398196319e+01
-1.209350437648145515e+01
-1.206973505489130716e+01
-1.207651075155732023e+01
-1.207964972922344238e+01
-1.197383781609267395e+01
-1.198791669415421701e+01
-1.197731595082848699e+01
-1.199749253528294801e+01
-1.206076028887438589e+01
-1.204549921972012960e+01
-1.201651222709697286e+01
-1.202813471862752159e+01
-1.200690904325905350e+01
-1.205260599649639097e+01
-1.210751079038693945e+01
-1.207064407713635390e+01
-1.199950675811110301e+01
-1.198716202454844648e+01
-1.200425673176364860e+01
-1.202287346974220128e+01
-1.203574452844078913e+01
-1.205264963344044560e+01
-1.198906447829172350e+01
-1.203868326318816706e+01
-1.198468256676065735e+01
-1.201810303711792116e+01
-1.196533590618008880e+01
-1.202801277013185022e+01
-1.209127067322090454e+01
-1.205229147133878520e+01
-1.204450399889116952e+01
-1.202823538749009558e+01
-1.197166229601109677e+01
-1.211007155989781481e+01
-1.196799739722671241e+01
-1.197101121653360245e+01
-1.196545397500268493e+01
-1.189399143932940106e+01
-1.187976221781556418e+01
-1.188775100543200480e+01
-1.189058093887229361e+01
-1.189878592630522469e+01
-1.187781106143916432e+01
-1.183557549194411962e+01
-1.180927567577853310e+01
-1.182587811991988680e+01
-1.182220523500205722e+01
-1.185305120150956704e+01
-1.183449490044300134e+01
-1.183811317412832231e+01
-1.174789895415825747e+01
-1.174735901838132790e+01
-1.181040126963534043e+01
-1.166908500363621393e+01
-1.169359238144675039e+01
-1.169998950344391275e+01
-1.169140566193968489e+01
-1.169850168300998305e+01
-1.174601226697478040e+01
-1.165611527217123999e+01
-1.164604558268930568e+01
-1.165939967841457836e+01
-1.166249580264714147e+01
-1.161112023364637835e+01
-1.150475287781138967e+01
-1.150109415416377523e+01
-1.144924938597360864e+01
-1.145903575740885394e+01
-1.145487105195916122e+01
-1.148899221685282690e+01
-1.148747704439240636e+01
-1.140979576094385983e+01
-1.141607580337442585e+01
-1.142554694658752368e+01
-1.142876307091169430e+01
-1.156361107624186957e+01
-1.157423339086322400e+01
-1.152743303678299291e+01
-1.150407432946983910e+01
-1.145454001934522559e+01
-1.145140656565581949e+01
-1.145238165127783070e+01
-1.144670966335741369e+01
-1.138815050886756097e+01
-1.141248233608365936e+01
-1.144223175424277095e+01
-1.145793065113835141e+01
-1.145400081957042104e+01
-1.146564568585849031e+01
-1.146336374659278867e+01
-1.150178350220489776e+01
-1.149682153231916359e+01
-1.150919194420259473e+01
-1.152484982789781931e+01
-1.157089426000257859e+01
-1.155989859778252793e+01
-1.155192979295400768e+01
-1.147681038938233300e+01
-1.145992981727040139e+01
-1.141695617613146752e+01
-1.143863295448043438e+01
-1.145597541033049005e+01
-1.145691528567332718e+01
-1.138087967212942253e+01
-1.140226167979120575e+01
-1.131242288099087112e+01
-1.130585736505654992e+01
-1.129120542517781800e+01
-1.133048312887237508e+01
-1.131267056723395825e+01
-1.131702217604470029e+01
-1.135377291141967504e+01
-1.135007461811084539e+01
-1.132807222792606439e+01
-1.136377035588532003e+01
-1.132981558755883889e+01
-1.132000443470511009e+01
-1.129719471362430738e+01
-1.127287908189960497e+01
-1.126992072084433794e+01
-1.125064567580635355e+01
-1.124114008562423095e+01
-1.125238912110068767e+01
-1.122843641107741419e+01
-1.126369602247507196e+01
-1.128380577433687293e+01
-1.126892855982697839e+01
-1.127338018454396718e+01
-1.121048155761243947e+01
-1.122467671994831306e+01
-1.121599151366695679e+01
-1.121527062667482610e+01
-1.122013386095173182e+01
-1.123705116317680286e+01
-1.122301738195324994e+01
-1.121793139645823700e+01
-1.121627106580547562e+01
-1.127876578041252387e+01
-1.125386135814882316e+01
-1.124321466642805945e+01
-1.124086515491927862e+01
-1.121959237866688852e+01
-1.117795402982497599e+01
-1.114560591597689232e+01
-1.113498706008385142e+01
-1.114380408741311435e+01
-1.118729550490168911e+01
-1.114501589556505756e+01
-1.113711178704459037e+01
-1.111064470760218192e+01
-1.110020663428545085e+01
-1.113710888125753407e+01
-1.114924516930507892e+01
-1.115073381201731451e+01
-1.117684292775583366e+01
-1.122089403387560225e+01
-1.124881459227580294e+01
-1.127043808983675710e+01
-1.125199433475482635e+01
-1.125528871917424567e+01
-1.126573556992886616e+01
-1.126415816966568606e+01
-1.127626978780391021e+01
-1.126421050468128549e+01
-1.131441249988415088e+01
-1.124379097372609770e+01
-1.128267490757686708e+01
-1.129088452066191373e+01
-1.130054222718591816e+01
-1.131273175819483612e+01
-1.129026150641960058e+01
-1.129111373646486882e+01
-1.128468067816345588e+01
-1.126367717338815844e+01
-1.126417006755209549e+01
-1.122205045657965350e+01
-1.111372335663555866e+01
-1.113012774273454397e+01
-1.112137539079358284e+01
-1.112450796140321252e+01
-1.111571981362014583e+01
-1.112416333035662674e+01
-1.117146307815337281e+01
-1.100404973132617137e+01
-1.099598846824992826e+01
-1.078382723650288533e+01
-1.078022767519283143e+01
-1.079075320706243701e+01
-1.079424738374694748e+01
-1.084180404585825919e+01
-1.090063845866189851e+01
-1.092193863253241126e+01
-1.088264865052471997e+01
-1.092129223576935360e+01
-1.081368226903066798e+01
-1.079676684493135319e+01
-1.080185062532471463e+01
-1.068943983898866179e+01
-1.065565936554532378e+01
-1.070286172896100574e+01
-1.071040909189235002e+01
-1.071349718316523969e+01
-1.074097573416578300e+01
-1.092458790284808678e+01
-1.094664602062612957e+01
-1.092878616262460412e+01
-1.098214709499149677e+01
-1.098237111591226522e+01
-1.078719823662112809e+01
-1.087624034251916250e+01
-1.088095830642176232e+01
-1.069671961081900946e+01
-1.068781793406006564e+01
-1.070346634879564363e+01
-1.067132876402465591e+01
-1.066743483307555174e+01
-1.067222104552790185e+01
-1.067367875278624112e+01
-1.069672753036940982e+01
-1.077039301457727660e+01
-1.075277842481313506e+01
-1.076720693137132123e+01
-1.076841172040915851e+01
-1.067823573305534346e+01
-1.067604505557021888e+01
-1.068695663916569316e+01
-1.068272618609073099e+01
-1.065526765105257390e+01
-1.064133532960749662e+01
-1.063984685910723194e+01
-1.064680966525848227e+01
-1.064720566328761109e+01
-1.065368848478125052e+01
-1.066464481570696776e+01
-1.068979165413944443e+01
-1.067281533432082874e+01
-1.066179555447713589e+01
-1.063326603375961454e+01
-1.064586943377741513e+01
-1.064418891418561230e+01
-1.060105377018418160e+01
-1.056320436950719888e+01
-1.061244566091467867e+01
-1.060977945454681759e+01
-1.061974220299484273e+01
-1.063683355579160406e+01
-1.058025046593060026e+01
-1.058744673977272832e+01
-1.067674804817823109e+01
-1.068538345428844494e+01
-1.068944040658999484e+01
-1.065607026671014346e+01
-1.064573653897266503e+01
-1.065067197579657510e+01
-1.064203556817797747e+01
-1.051520939509150843e+01
-1.051212429457087083e+01
-1.037895933632843359e+01
-1.035836429487039823e+01
-1.037297597135460947e+01
-1.039701800222064065e+01
-1.040296558610030608e+01
-1.051003491731558270e+01
-1.051638142030982870e+01
-1.052371582412612483e+01
-1.052119073333312116e+01
-1.051639128568982962e+01
-1.051480797402613199e+01
-1.050834753214425632e+01
-1.053584427658241829e+01
-1.053674646306954266e+01
-1.053545260313852339e+01
-1.053516484193302993e+01
-1.053552301700696781e+01
-1.053360701743509509e+01
-1.053006156711813901e+01
-1.050486525012663286e+01
-1.041653788255007562e+01
-1.039796728988094543e+01
-1.039307857274445190e+01
-1.038335368735627284e+01
-1.041577184357569408e+01
-1.042885067553765488e+01
-1.043483670501048444e+01
-1.046855848835310354e+01
-1.044700898620278906e+01
-1.046867140314766154e+01
-1.033729808345207068e+01
-1.031588399684284418e+01
-1.033357578317553838e+01
-1.019838638794355745e+01
-1.019399397807517538e+01
-1.017434413665918136e+01
-1.018325052728174285e+01
-1.017473449725225620e+01
-1.023903573766617292e+01
-1.022652277560717948e+01
-1.018520743906926107e+01
-1.018126218610645495e+01
-1.023409129407140128e+01
-1.023275841604054648e+01
-1.027737590845651283e+01
-1.027436319081923344e+01
-1.028589947066027577e+01
-1.027215567012985886e+01
-1.027834559999753772e+01
-1.028130602887362421e+01
-1.028793299840844000e+01
-1.028506949133794990e+01
-1.026422376183996477e+01
-1.024774634511211957e+01
-1.023893850154912677e+01
-1.025854281987205496e+01
-1.021140955428936969e+01
-1.021410890814546413e+01
-1.022695977850511007e+01
-1.020721288803626159e+01
-1.020811106613116159e+01
-1.020575033214771388e+01
-1.020523723154706452e+01
-1.019773346594815600e+01
-1.005401308061322574e+01
-1.005942929118237572e+01
-1.011132323416506473e+01
-9.962289448432596117e+00
-9.965720983235632602e+00
-9.959768586240175026e+00
-9.955763036054079862e+00
-9.961967052627414887e+00
-9.937525891558278701e+00
-9.934438731078699902e+00
-1.005017878079503291e+01
-1.005595663542620422e+01
-1.004996013132452859e+01
-1.003070502882095738e+01
-1.003147494811812734e+01
-1.004172603192296975e+01
-1.004983360703663209e+01
-1.004605774104157412e+01
-1.004807073861414679e+01
-1.008086118201038062e+01
-1.007713903228463437e+01
-1.020950687986457162e+01
-1.016445811667237287e+01
-1.016537288380150983e+01
-1.021237837413405103e+01
-1.021342104001448448e+01
-1.021740536702464297e+01
-1.017220521784808973e+01
-1.014645786978941544e+01
-1.015968437969443450e+01
-1.011472604984340862e+01
-1.011571138630709399e+01
-1.014125478878050757e+01
-1.007105896520038613e+01
-1.001410576398819074e+01
-1.001180866058478713e+01
-1.003936012675703005e+01
-1.003362939382817132e+01
-1.005729325183817124e+01
-1.005918058801105097e+01
-1.005463549798918876e+01
-1.004805917670710258e+01
-1.004780090903064149e+01
-1.006368896331717444e+01
-1.012249787924481126e+01
-1.000950177312489586e+01
-1.002203851621797881e+01
-1.003160343933148546e+01
-1.003117120336356116e+01
-1.002575560714696401e+01
-1.002347066651648078e+01
-1.000840040720317070e+01
-9.996111910716996007e+00
-9.982470496611778543e+00
-1.001406482209708670e+01
-9.984239700931523132e+00
-9.969636861437338737e+00
-9.924390797088493699e+00
-9.966672994771064609e+00
-9.966441855483068935e+00
-9.856893610042193998e+00
-9.862885880261677229e+00
-9.859126136898067827e+00
-9.907620764664933688e+00
-9.891740901363744953e+00
-9.887756352436881002e+00
-9.721899412425742071e+00
-9.728571944318892051e+00
-9.737006235287715583e+00
-9.728417584497609738e+00
-9.719672086258022148e+00
-9.707370018679986501e+00
-9.655710531475948599e+00
-9.635396366068572860e+00
-9.625995694718740836e+00
-9.624426540988958223e+00
-9.595296378800808768e+00
-9.594375732652569155e+00
-9.603097862519001993e+00
-9.618635660779103702e+00
-9.625428479257214676e+00
-9.626815195262231839e+00
-9.630032368504936713e+00
-9.627966599195289632e+00
-9.649503711826362462e+00
-9.646928380971743877e+00
-9.613023055228721248e+00
-9.604165044268160756e+00
-9.632501312014234429e+00
-9.639621511669611564e+00
-9.656580254342795655e+00
-9.709031978122315110e+00
-9.710394599640380875e+00
-9.698838194660437395e+00
-9.712640994509936121e+00
-9.702935831823943147e+00
-9.715227513373056567e+00
-9.718748601159242995e+00
-9.727573216018106095e+00
-9.712390643056291850e+00
-9.647353225388265230e+00
-9.646278750142425196e+00
-9.642668293946439206e+00
-9.643657160306009501e+00
-9.653390141429774474e+00
-9.659835206794223694e+00
-9.656894145494073101e+00
-9.640415165894649974e+00
-9.649300722241743955e+00
-9.622738398497659773e+00
-9.624914904881819666e+00
-9.612903273732454679e+00
-9.626859601604392580e+00
-9.614342755518444861e+00
-9.606166896775141240e+00
-9.554439682055500427e+00
-9.568567404506445939e+00
-9.585581401744889263e+00
-9.586661086199324444e+00
-9.625507125032639166e+00
-9.606577216798644514e+00
-9.608066908935542827e+00
-9.588354518819373951e+00
-9.580096045420841477e+00
-9.577538372031719760e+00
-9.559041623193399673e+00
-9.573331072837408584e+00
-9.524548713680127676e+00
-9.538473643934672452e+00
-9.534509060677217818e+00
-9.443689335173768740e+00
-9.403454819365069994e+00
-9.422607098551079474e+00
-9.423112452574990527e+00
-9.422312394727457630e+00
-9.422201393649284995e+00
-9.425932235732258135e+00
-9.447544295889999333e+00
-9.433521331047506564e+00
-9.444741257892808051e+00
-9.447802521238042317e+00
-9.437564513452150194e+00
-9.430810122315779864e+00
-9.431156669603158349e+00
-9.434750627902184661e+00
-9.449981144412996414e+00
-9.440856557399300186e+00
-9.436037539176760802e+00
-9.434885310631251798e+00
-9.408740403093206695e+00
-9.410237088798760752e+00
-9.408927975408174049e+00
-9.423846584327515430e+00
-9.434604375095497986e+00
-9.435771846187694933e+00
-9.437037911745804308e+00
-9.431888984175959223e+00
-9.430950135511229959e+00
-9.517374244437508679e+00
-9.432075189304846674e+00
-9.426352351518664463e+00
-9.430456405387330321e+00
-9.440481197372132982e+00
-9.467308772625482760e+00
-9.461306070784170075e+00
-9.464261402388054023e+00
-9.460878812235884894e+00
-9.458953493048092298e+00
-9.464680308276378184e+00
-9.396001956427095791e+00
-9.393074618106306062e+00
-9.391470696010975061e+00
-9.390737889243835568e+00
-9.386196074370392495e+00
-9.386106492468494267e+00
-9.388512686479797864e+00
-9.402336152484881637e+00
-9.402642801188463295e+00
-9.403274020854107462e+00
-9.402461588788622038e+00
-9.401443185296994187e+00
-9.400137755580114884e+00
-9.397778596718138644e+00
-9.398457496801139399e+00
-9.395980371369212492e+00
-9.364137625780571739e+00
-9.397964476807041834e+00
-9.402627281272247117e+00
-9.386988703082645102e+00
-9.389917671026028145e+00
-9.390383556435642376e+00
-9.409225592780872560e+00
-9.400118691954455485e+00
-9.402801854558504147e+00
-9.400996700484459012e+00
-9.459360856654747352e+00
-9.469015060520611371e+00
-9.463484301566442269e+00
-9.448400342158464582e+00
-9.451670659525994722e+00
-9.452227168139145874e+00
-9.473757235930875709e+00
-9.463898621798898958e+00
-9.473019180494329561e+00
-9.470425251083305795e+00
-9.473392816889029788e+00
-9.471597397975690669e+00
-9.472061898069123131e+00
-9.472828835282982141e+00
-9.473685811240645904e+00
-9.448444109332896801e+00
-9.446588233382422928e+00
-9.452771481114682572e+00
-9.449616782993349062e+00
-9.437894445794922760e+00
-9.438489082911480921e+00
-9.435911674057807730e+00
-9.435920325231823114e+00
-9.437747961802267938e+00
-9.439499370528437794e+00
-9.438597362665881008e+00
-9.449234321895104927e+00
-9.387281173626929487e+00
-9.390453507752487994e+00
-9.313840648001331601e+00
-9.319508023907356886e+00
-9.317954934034869297e+00
-9.317071669174927351e+00
-9.301065155090986636e+00
-9.302392032088620866e+00
-9.296725536500250797e+00
-9.313709415359367583e+00
-9.299541358135732239e+00
-9.301830360973751155e+00
-9.286918527068136697e+00
-9.290893082579902540e+00
-9.299957805955202161e+00
-9.315666188128522762e+00
-9.314143562144622024e+00
-9.316728900527673218e+00
-9.163359870626615944e+00
-9.160636101471821391e+00
-9.156910574080477261e+00
-9.156913926039935703e+00
-9.186500321203906694e+00
-9.202258967840638348e+00
-9.197378161226508198e+00
-9.196177898261078454e+00
-9.190572017952879591e+00
-9.194130649851807391e+00
-9.194281939876976395e+00
-9.185890226537210879e+00
-9.179449060847817421e+00
-9.178859203695886038e+00
-9.288103888571287214e+00
-9.295285318164136612e+00
-9.296147103412501167e+00
-9.300635929383590295e+00
-9.299528981885774925e+00
-9.291542515772441391e+00
-9.257196922008338547e+00
-9.256157360719585725e+00
-9.238385052306744782e+00
-9.234157551345566262e+00
-9.253883137751040877e+00
-9.254672346756317225e+00
-9.257831100456002105e+00
-9.266920936948134013e+00
-9.263256502594220620e+00
-9.258627076184083649e+00
-9.294927887423266810e+00
-9.276218616444046106e+00
-9.249867404201076226e+00
-9.266496476569766827e+00
-9.262635303532009701e+00
-9.261635556852699125e+00
-9.258753460006598601e+00
-9.265823194251980865e+00
-9.266993251596844061e+00
-9.263012437925342013e+00
-9.385618556211564822e+00
-9.375012396847619556e+00
-9.398397785148631556e+00
-9.387164539772877347e+00
-9.385532361886802732e+00
-9.433615054796733901e+00
-9.434363929605405374e+00
-9.510438152098551257e+00
-9.452440765742393225e+00
-9.450141742200402817e+00
-9.488801631925580793e+00
-9.490691476320181508e+00
-9.457870935639741461e+00
-9.456214062625850403e+00
-9.457055001815845685e+00
-9.398023113154279073e+00
-9.398829348075681267e+00
-9.395914025957448956e+00
-9.400073991353547598e+00
-9.383952933957642628e+00
-9.374191966851171287e+00
-9.378683101930302968e+00
-9.383383260476517052e+00
-9.380821954784096306e+00
-9.481996024722970873e+00
-9.472118602609249649e+00
-9.464421398170692612e+00
-9.466325276689572021e+00
-9.468741249577645291e+00
-9.469098228245682591e+00
-9.480470850231112578e+00
-9.528573283766251123e+00
-9.529445202012736260e+00
-9.532968601666844677e+00
-9.559080339543008620e+00
-9.436150020249490566e+00
-9.442391952105996467e+00
-9.438959612662578991e+00
-9.434284045447780542e+00
-9.387832373572228661e+00
-9.399943316248700498e+00
-9.374155942535191244e+00
-9.444867956477239090e+00
-9.438383675178201315e+00
-9.438731942390615970e+00
-9.439366806773609397e+00
-9.433511342972535019e+00
-9.436348211600064317e+00
-9.401197536376212582e+00
-9.412074597095106299e+00
-9.418449957627672120e+00
-9.419182257436979455e+00
-9.416923573833622996e+00
-9.414992244368878715e+00
-9.392298508917464872e+00
-9.389880836064810055e+00
-9.390648541958876550e+00
-9.387851771412268675e+00
-9.399270654713275164e+00
-9.399414539690152282e+00
-9.383784117592538720e+00
-9.395953722609934999e+00
-9.399257417691838867e+00
-9.396663764722456236e+00
-9.442020973805087536e+00
-9.442703146460612373e+00
-9.444052918984866096e+00
-9.439799842363258975e+00
-9.471062541180396366e+00
-9.421756948135691090e+00
-9.425931062662339599e+00
-9.467886599063147557e+00
-9.464076113215243780e+00
-9.486214942959760421e+00
-9.488535595199907746e+00
-9.480686016705186958e+00
-9.396475353812025588e+00
-9.235022400295125777e+00
-9.215090757930713750e+00
-9.216879936243268290e+00
-9.195333228885219867e+00
-9.192367043179050512e+00
-9.193417816770120155e+00
-9.274648964084946101e+00
-9.273221558081202076e+00
-9.274856233486625356e+00
-9.277763592626046218e+00
-9.237222761241120850e+00
-9.221208502321513123e+00
-9.221897039082239900e+00
-9.223388280204178002e+00
-9.214552807871244866e+00
-9.209505183528044370e+00
-9.208389357353862437e+00
-9.214227578752673509e+00
-9.216244271687338951e+00
-9.218652547489201154e+00
-9.230753399746712162e+00
-9.229146009451278942e+00
-9.226765194458788955e+00
-9.245049359006356937e+00
-9.233079857351810915e+00
-9.233765279539905890e+00
-9.243917030939934776e+00
-9.253757126842138803e+00
-9.297707775946268072e+00
-9.228527936084860883e+00
-9.202379935935738331e+00
-9.212302055709075788e+00
-9.182631412168957397e+00
-9.185186251627666110e+00
-9.175060851148783669e+00
-9.146496848987839101e+00
-9.145460391101966735e+00
-9.151488268575128870e+00
-9.179752413104969477e+00
-9.179589525489092239e+00
-9.167904595952295566e+00
-9.125641675517647045e+00
-9.126615959808150436e+00
-9.118231847692024772e+00
-9.117766665715485885e+00
-9.014819102422862329e+00
-8.998302990706356752e+00
-8.995401983587473893e+00
-8.980973231668887280e+00
-8.980399032218851829e+00
-8.977800736527862924e+00
-8.993068117682046392e+00
-8.972088818643365826e+00
-8.952325128097715634e+00
-8.954446250219714187e+00
-8.957696246964697906e+00
-8.953722482070579858e+00
-8.972403318585541854e+00
-8.982936851429796477e+00
-8.974791366585947117e+00
-8.972672572961020165e+00
-8.978208592583735381e+00
-8.979775052154934656e+00
-8.980699463969303409e+00
-8.983883993211314589e+00
-8.998024832039828169e+00
-8.956533965312187817e+00
-8.954951901609632614e+00
-8.954286469712515739e+00
-8.954562993935409665e+00
-8.994929628714729120e+00
-8.996462374568251263e+00
-9.007002984027241865e+00
-9.006928832296773990e+00
-9.009141050635461667e+00
-8.978662222227047351e+00
-8.989916891955337164e+00
-9.030926705464937143e+00
-9.031358480110244003e+00
-9.029480024738331778e+00
-9.034157258356581011e+00
-9.034275754311154927e+00
-9.033153350559656403e+00
-9.033547519316599050e+00
-9.030196875865209805e+00
-9.031997645968809607e+00
-9.037354500680999436e+00
-9.080584545172671440e+00
-9.079127636992785355e+00
-9.134692023691473040e+00
-9.053261376577660613e+00
-9.034785337199696897e+00
-9.031984140406526862e+00
-9.030968771136659967e+00
-9.032555202988348242e+00
-9.033424799087539370e+00
-9.027812696623989552e+00
-9.029244052783727881e+00
-9.033952952920639490e+00
-9.026920322126919416e+00
-9.029270278932861160e+00
-9.028074528777475294e+00
-9.028271001638861648e+00
-9.026345285894612047e+00
-9.021819721760641286e+00
-9.024329049279190329e+00
-9.021727024956772922e+00
-9.083786691630098886e+00
-9.070645601239398559e+00
-9.046801247803509582e+00
-9.038175023678576281e+00
-9.058045974971644654e+00
-9.068039166261062434e+00
-9.068168678610328826e+00
-9.069789329872786965e+00
-9.058700893480255090e+00
-9.062557789306943334e+00
-9.102431651825423131e+00
-9.137230963661416183e+00
-9.127315691491441285e+00
-9.078413708197581755e+00
-9.089891565024426967e+00
-9.093928335129891849e+00
-9.097276903072218701e+00
