# 2*np.log[MAD(r)] for 100 flights; 1000 steps per flight; run 2 of 50; mu: 2.00; seed: 1
-2.382673972358816528e+01
-2.182668212421095788e+01
-2.081645694860121409e+01
-2.007444016106217433e+01
-1.922811677993936641e+01
-1.912084450305923511e+01
-1.906385001950030755e+01
-1.894258919801476182e+01
-1.873195377362460334e+01
-1.858149858160811618e+01
-1.834501690530116136e+01
-1.786610844297608480e+01
-1.757135853953830917e+01
-1.781268287201365652e+01
-1.760051838813831182e+01
-1.770077871893660060e+01
-1.724285563175757119e+01
-1.723900157615948459e+01
-1.724236849679893524e+01
-1.701263831429836415e+01
-1.674921217296645892e+01
-1.671255629297861134e+01
-1.665686743964035799e+01
-1.643148711617839552e+01
-1.629429264008800970e+01
-1.631779557936242497e+01
-1.630766087339646120e+01
-1.629381983709581760e+01
-1.650116743252358020e+01
-1.640458398481185398e+01
-1.635774305993525246e+01
-1.637157449622595706e+01
-1.623274955828670230e+01
-1.602749993790786220e+01
-1.609648397028257705e+01
-1.617143423876947494e+01
-1.616432757033781442e+01
-1.620742942314218737e+01
-1.610626139755181896e+01
-1.594358967597460008e+01
-1.588678165811245968e+01
-1.574022818636638910e+01
-1.564037848411756038e+01
-1.553577896135576886e+01
-1.546710465688217973e+01
-1.548935301983747692e+01
-1.573026315198089620e+01
-1.563141437483184859e+01
-1.544028409026868864e+01
-1.545270916226301239e+01
-1.539074916824374029e+01
-1.539260747118377992e+01
-1.539389864759571225e+01
-1.540434880038221266e+01
-1.495923208959292161e+01
-1.488398218736500489e+01
-1.490775851745839908e+01
-1.492032438019804808e+01
-1.486286785545829936e+01
-1.496363508293943845e+01
-1.495154517099639513e+01
-1.494141222745019171e+01
-1.491239339629184713e+01
-1.490399465201728368e+01
-1.489069837072880809e+01
-1.483108941980623818e+01
-1.478695827517510253e+01
-1.470954016701790756e+01
-1.463821153296086663e+01
-1.468183370148929967e+01
-1.470420698645474822e+01
-1.462192088157728875e+01
-1.465045455133278551e+01
-1.470093293110099886e+01
-1.465942643833535897e+01
-1.466859546998215613e+01
-1.465196650673809842e+01
-1.438061114296494658e+01
-1.441308596363351313e+01
-1.435813046135874949e+01
-1.432361057572820862e+01
-1.442165094797580061e+01
-1.418915742095090593e+01
-1.417154900521052951e+01
-1.415280108343004706e+01
-1.417295877597831222e+01
-1.425803011864719849e+01
-1.424599561834823191e+01
-1.414847653154692608e+01
-1.416333988332432980e+01
-1.413470117577820773e+01
-1.404892243481453029e+01
-1.420095848750366052e+01
-1.422401889286651588e+01
-1.420121461642695593e+01
-1.418654463377903063e+01
-1.418076712484388224e+01
-1.415296088542769581e+01
-1.415610490237638430e+01
-1.413919527267428400e+01
-1.410807822836368430e+01
-1.401435378211926519e+01
-1.401462702145178341e+01
-1.401349904910765964e+01
-1.398957724521716806e+01
-1.398853356392767289e+01
-1.395654822413685459e+01
-1.390898210845131189e+01
-1.402579366852597076e+01
-1.408201602866280844e+01
-1.402527795329835669e+01
-1.408535444371632472e+01
-1.403339152527874489e+01
-1.404027741585540845e+01
-1.401195189752844428e+01
-1.387562857236054370e+01
-1.394333334301559013e+01
-1.381464160838245014e+01
-1.382377730142494876e+01
-1.381034681825919463e+01
-1.391428097842924139e+01
-1.387905061374997828e+01
-1.379359612017630354e+01
-1.378052522423141646e+01
-1.378850415937456297e+01
-1.381820855853246321e+01
-1.393852516389358343e+01
-1.372427091887000650e+01
-1.377267197023051715e+01
-1.377352495732194271e+01
-1.369146808672192783e+01
-1.370675177147173329e+01
-1.368819128951239783e+01
-1.365868748342292882e+01
-1.364288685115948141e+01
-1.363025627705818543e+01
-1.364869114677797945e+01
-1.364161566719629981e+01
-1.362073848939290954e+01
-1.353595748973560831e+01
-1.344263980905252787e+01
-1.323697403453932431e+01
-1.324342516062943353e+01
-1.323281835241856186e+01
-1.321855965188474080e+01
-1.325581216485243807e+01
-1.328913998296024879e+01
-1.328649740105873889e+01
-1.333205717616592345e+01
-1.345306336500544298e+01
-1.345383011598226020e+01
-1.312796588721908542e+01
-1.327850222352113363e+01
-1.318114819471367483e+01
-1.304600858392575979e+01
-1.307371228599280322e+01
-1.308338757910351191e+01
-1.313607688288758268e+01
-1.299217605510022366e+01
-1.295775953349860465e+01
-1.292902243209588953e+01
-1.293528709953820766e+01
-1.298704263150849947e+01
-1.297982338759777576e+01
-1.293664114952649236e+01
-1.293537219821554629e+01
-1.294426263892014539e+01
-1.293069775386466169e+01
-1.290727411916688716e+01
-1.295337871543988939e+01
-1.292288742000578239e+01
-1.290687484554900699e+01
-1.294600762406524908e+01
-1.285623131760246274e+01
-1.284911251820567912e+01
-1.288692623666240777e+01
-1.278823657008289416e+01
-1.277263355285377244e+01
-1.278749777344937932e+01
-1.279006051478609152e+01
-1.281133731198291770e+01
-1.282836251348712153e+01
-1.281697288971712290e+01
-1.284983151407120339e+01
-1.291980981455252930e+01
-1.284938750546865549e+01
-1.271951548052317094e+01
-1.269480632704036971e+01
-1.273456948690600576e+01
-1.269978416615498951e+01
-1.258626792617199186e+01
-1.258195715509317303e+01
-1.257670031410973088e+01
-1.261954917419015310e+01
-1.254242454823473274e+01
-1.250310627703420252e+01
-1.251448967812173585e+01
-1.256830534701274615e+01
-1.251789086954567409e+01
-1.252176953207406562e+01
-1.252113551124300805e+01
-1.241329637232406036e+01
-1.244852777257461796e+01
-1.238310886656823584e+01
-1.234318652752573442e+01
-1.231809438965523107e+01
-1.228034962611859982e+01
-1.226695077875230666e+01
-1.228498026016446509e+01
-1.225926219767482905e+01
-1.218329570314430121e+01
-1.212335206315034419e+01
-1.216266833751762277e+01
-1.220432589290329517e+01
-1.220235884416972105e+01
-1.228699259596463378e+01
-1.227176951596760546e+01
-1.211843852377578301e+01
-1.211379270100946393e+01
-1.203994833967999689e+01
-1.199383857676432008e+01
-1.193820413833787342e+01
-1.193070605720525634e+01
-1.190061857751127583e+01
-1.190611106248370454e+01
-1.191880369670591300e+01
-1.187767240948693903e+01
-1.187006113750138070e+01
-1.186984042615885748e+01
-1.188195198076341974e+01
-1.190178541892750097e+01
-1.196726101266844644e+01
-1.198641107602915845e+01
-1.195684193151628705e+01
-1.193856218509969302e+01
-1.193000763324998914e+01
-1.193611543830479604e+01
-1.194402221352041593e+01
-1.190590014740395475e+01
-1.192054387837204033e+01
-1.184786227176350693e+01
-1.186564980267928249e+01
-1.171779379435430002e+01
-1.168861159575851794e+01
-1.178732856595924083e+01
-1.168736971874733754e+01
-1.152245084229227601e+01
-1.150681912621350378e+01
-1.150752676123087781e+01
-1.151319711879393459e+01
-1.149520503112859160e+01
-1.155210632558876682e+01
-1.141816087153973314e+01
-1.141386257934175674e+01
-1.143237859681080337e+01
-1.143295039041448113e+01
-1.139533926045932866e+01
-1.140446149177487989e+01
-1.145344273222004361e+01
-1.135569421001490653e+01
-1.135376620341760656e+01
-1.146783851143926647e+01
-1.146646523846139409e+01
-1.134299357471085656e+01
-1.132243499017760335e+01
-1.133848518048064946e+01
-1.134017888124806284e+01
-1.133392682082170211e+01
-1.133859695288035674e+01
-1.132952622646389429e+01
-1.134146871778469112e+01
-1.134143938848619015e+01
-1.126706125861452357e+01
-1.126464485636782165e+01
-1.125939826784169284e+01
-1.127652804705749823e+01
-1.125500392572000230e+01
-1.120192080135788437e+01
-1.116882439776526859e+01
-1.116544424995323581e+01
-1.115102925560571023e+01
-1.117328375442764532e+01
-1.118434107242272901e+01
-1.122714084022925363e+01
-1.127939329661707468e+01
-1.127897185318276918e+01
-1.126948930161378293e+01
-1.124619577811477455e+01
-1.126453959439210983e+01
-1.120437394780992513e+01
-1.122882201451171191e+01
-1.123160176876690031e+01
-1.123497157834583327e+01
-1.117490497612367406e+01
-1.117959654044710227e+01
-1.116912472066423767e+01
-1.111581069611103167e+01
-1.116958175556682953e+01
-1.120032007993389556e+01
-1.118759803553345478e+01
-1.118596510889435969e+01
-1.116018328721415998e+01
-1.118053997789393428e+01
-1.116220156608897618e+01
-1.108571895005225194e+01
-1.108380078972994909e+01
-1.113007495511709166e+01
-1.111772064403826654e+01
-1.112261306872947486e+01
-1.109772312824182094e+01
-1.112376611778851654e+01
-1.113888832953665897e+01
-1.111126369185555163e+01
-1.111715851555118917e+01
-1.111692017958984913e+01
-1.111732311978837728e+01
-1.113301958397472369e+01
-1.115358805657689700e+01
-1.116538969340413168e+01
-1.113127310830902239e+01
-1.117825924562776940e+01
-1.117773123059004625e+01
-1.106313617270832417e+01
-1.105949704466312156e+01
-1.103574734882106156e+01
-1.102278023694361586e+01
-1.102962788532607874e+01
-1.103603561775514308e+01
-1.103903794925502346e+01
-1.101807350920847384e+01
-1.090186648672517045e+01
-1.089189097953185481e+01
-1.086981531310119387e+01
-1.087477847006539378e+01
-1.087078093411448521e+01
-1.094219006359795898e+01
-1.099241486178830485e+01
-1.089794346442113415e+01
-1.086608554774797675e+01
-1.072460190353904608e+01
-1.077285159051121965e+01
-1.076973202135967789e+01
-1.077474270966088810e+01
-1.077120583361671891e+01
-1.076803418325251549e+01
-1.075532815165757228e+01
-1.073854048284765206e+01
-1.074446195793384362e+01
-1.079288476326008883e+01
-1.079204041930539049e+01
-1.078636386305488060e+01
-1.079202818311311951e+01
-1.077961270973808183e+01
-1.080299081847332410e+01
-1.084087010177234944e+01
-1.084687097350301954e+01
-1.084331624332843980e+01
-1.086307752976157381e+01
-1.086498646081706809e+01
-1.088602439298997382e+01
-1.087192405707738985e+01
-1.087156580683618223e+01
-1.087073537296497072e+01
-1.086120061369801171e+01
-1.086774776028742195e+01
-1.074788954393927298e+01
-1.073831902660639237e+01
-1.088213871000112754e+01
-1.087949755734769930e+01
-1.087997506206144571e+01
-1.088104790753208029e+01
-1.087503108745744740e+01
-1.075684344057293096e+01
-1.075993093714037308e+01
-1.075176306905065893e+01
-1.087193356956256807e+01
-1.089409796061173807e+01
-1.088128101286873317e+01
-1.091185471976482013e+01
-1.087378039988073475e+01
-1.097885234805181476e+01
-1.095680875421192013e+01
-1.095126322797767493e+01
-1.095046302951693917e+01
-1.094191271854898240e+01
-1.091553694902614424e+01
-1.083804376422926374e+01
-1.079317266670036801e+01
-1.079347153530670234e+01
-1.079420174978790037e+01
-1.073442604032043590e+01
-1.077179146798463094e+01
-1.074357747225071869e+01
-1.073716329391893609e+01
-1.074759112827285001e+01
-1.074253459692556234e+01
-1.074405106269935928e+01
-1.074122560100097346e+01
-1.073916243614920241e+01
-1.073069490250666469e+01
-1.069838722619089033e+01
-1.069329492490153655e+01
-1.069821671395950169e+01
-1.069273436372257180e+01
-1.069875205362374793e+01
-1.069918715554704747e+01
-1.070532302841684924e+01
-1.068596277323082155e+01
-1.071100170961024389e+01
-1.071978352928135791e+01
-1.072157184673758934e+01
-1.071538213119656113e+01
-1.078699908551702968e+01
-1.078176068949493072e+01
-1.077478645821316583e+01
-1.075958283492798984e+01
-1.074767720413829508e+01
-1.073892201650828504e+01
-1.074428758632140379e+01
-1.074831387873420319e+01
-1.076066671585990164e+01
-1.069749408320034512e+01
-1.069679089958048657e+01
-1.069755607862445501e+01
-1.070355648509460345e+01
-1.070231091117142341e+01
-1.071357811744195843e+01
-1.076046275844328193e+01
-1.077322301302188556e+01
-1.080929596980957363e+01
-1.081621876982138097e+01
-1.070295944363839347e+01
-1.072292350833219032e+01
-1.072478489817655500e+01
-1.073862017040755923e+01
-1.072198027537518428e+01
-1.071437565552786886e+01
-1.072086739264857869e+01
-1.074353270106438174e+01
-1.074614993453679368e+01
-1.070554272326808842e+01
-1.072663963451981672e+01
-1.075953524698780583e+01
-1.075013099696098706e+01
-1.074282570232559131e+01
-1.074750697870797822e+01
-1.075318893648511498e+01
-1.079003054254024185e+01
-1.089083733515976604e+01
-1.091019158885898932e+01
-1.076363939680633663e+01
-1.078283041899929984e+01
-1.074953871215834056e+01
-1.073957485579536808e+01
-1.074802271801398312e+01
-1.070572412907009863e+01
-1.063055189406377821e+01
-1.063435985545841866e+01
-1.063266527959419960e+01
-1.062101318476459433e+01
-1.062111307071582722e+01
-1.061183540452658391e+01
-1.062286803234873034e+01
-1.062932342087828275e+01
-1.060759419730363007e+01
-1.065867235077342023e+01
-1.060215184855133863e+01
-1.062528857662715787e+01
-1.061321684735878712e+01
-1.061316342046540484e+01
-1.061100948420278201e+01
-1.060984281699153442e+01
-1.060571455284280162e+01
-1.060797119082023698e+01
-1.051835195687037938e+01
-1.051593552586044211e+01
-1.053556384474990715e+01
-1.052645478165953463e+01
-1.054812366268633284e+01
-1.055771968608120837e+01
-1.055607399223061194e+01
-1.055777810275977124e+01
-1.055799266954472593e+01
-1.064914071384360206e+01
-1.062476318231106909e+01
-1.068535689285365642e+01
-1.075059155467562455e+01
-1.076971153543870230e+01
-1.076322939148696101e+01
-1.076497601836251405e+01
-1.077944658988677240e+01
-1.074156755998823876e+01
-1.071584780868631448e+01
-1.072912477959463295e+01
-1.072892697957749775e+01
-1.074986686158641014e+01
-1.062970773270349234e+01
-1.060304631680989651e+01
-1.052353155982502031e+01
-1.053175688717486302e+01
-1.053141877294106799e+01
-1.060126737605506086e+01
-1.058043928147816359e+01
-1.057805224722039483e+01
-1.056129279642890673e+01
-1.055799176966331743e+01
-1.055939178727332362e+01
-1.053879815683213650e+01
-1.052170429943327434e+01
-1.053321615417022983e+01
-1.053131872886620535e+01
-1.052823925848228903e+01
-1.051632622948421059e+01
-1.046671955408557331e+01
-1.047197633855656385e+01
-1.045637398938515261e+01
-1.047339250108273312e+01
-1.047807472882478308e+01
-1.050206858701466217e+01
-1.049569428600660359e+01
-1.046625222903401387e+01
-1.046956975386286004e+01
-1.044402575802979172e+01
-1.038513882403553623e+01
-1.043477580523899029e+01
-1.042680887432019610e+01
-1.040743864978693800e+01
-1.041138330537842371e+01
-1.041061255301940491e+01
-1.041191748560583008e+01
-1.040309879535695359e+01
-1.041319061001055424e+01
-1.038713940102903699e+01
-1.039652914338072343e+01
-1.033087909106706981e+01
-1.034245065085803894e+01
-1.034589991309296764e+01
-1.034657715086899188e+01
-1.034712404419853016e+01
-1.028423230817473488e+01
-1.028845926174242287e+01
-1.027837614009201772e+01
-1.032077824317529746e+01
-1.032055297940811833e+01
-1.025355256351300426e+01
-1.025364416218493702e+01
-1.025742758254305365e+01
-1.026882632844497500e+01
-1.028058037012156944e+01
-1.028107099494165233e+01
-1.027500071846169227e+01
-1.026293835864066750e+01
-1.019014426112997995e+01
-1.017210648056801858e+01
-1.012806003655035525e+01
-1.013119617510787940e+01
-1.006901811149145587e+01
-1.004218551539531745e+01
-1.005801560181629739e+01
-1.003133446017991659e+01
-9.990696406291156961e+00
-1.002799412875168272e+01
-1.006532593968817579e+01
-1.006419261700789392e+01
-1.008845797877622452e+01
-1.011625258769871394e+01
-1.008702594425616006e+01
-1.008867732660498717e+01
-1.009814377309003319e+01
-1.008071631416128611e+01
-1.006646748293457350e+01
-1.002125949489831314e+01
-1.002433205315117348e+01
-1.003541898175962288e+01
-1.001521149368053187e+01
-1.006080782815786456e+01
-1.006009834145318571e+01
-1.006294843956686513e+01
-1.005940922567788043e+01
-1.005342036838201913e+01
-1.003321415137748041e+01
-1.005260019871330002e+01
-9.977247573000440184e+00
-9.983243845912975090e+00
-1.007603179686293160e+01
-1.006601459304875057e+01
-1.006743033106799423e+01
-1.005498276524560985e+01
-1.004209347677182684e+01
-1.003911781792881186e+01
-1.003944532103328235e+01
-1.005236377982581786e+01
-9.940173743069264489e+00
-9.940871663618478848e+00
-9.925785489193446054e+00
-9.983198329943936855e+00
-9.981607456420153568e+00
-1.006956469986983294e+01
-1.006769735638020435e+01
-1.008025757757932439e+01
-1.008491253045985125e+01
-1.007494886328571226e+01
-1.006829064914706962e+01
-1.006950750322014798e+01
-1.006070282326968091e+01
-1.006340910238127151e+01
-1.002276116704413589e+01
-1.002891097674727483e+01
-1.002781834736242494e+01
-1.011785872309616785e+01
-1.016934836364271000e+01
-1.035800102009965507e+01
-1.035713964805169596e+01
-1.034826198195045066e+01
-1.033960270842135287e+01
-1.038800762088695784e+01
-1.038969394643984678e+01
-1.037242816615028396e+01
-1.038025601012919097e+01
-1.040724585225651211e+01
-1.041007377258379840e+01
-1.043130331629735608e+01
-1.042627726748531636e+01
-1.042523750658576276e+01
-1.040580381920006658e+01
-1.020980647465047042e+01
-1.040050698293133280e+01
-1.040692568519714456e+01
-1.040333659262318733e+01
-1.041660660615935363e+01
-1.036870304679372978e+01
-1.037346567443421996e+01
-1.036826185702021519e+01
-1.038807669325774796e+01
-1.042814553328383553e+01
-1.046542675128462818e+01
-1.042555352202593255e+01
-1.043406745454624662e+01
-1.043504704741915035e+01
-1.047873102835708536e+01
-1.047990308905095169e+01
-1.026102794132071594e+01
-1.025585702039405156e+01
-1.044463252837537226e+01
-1.048951224905469104e+01
-1.048558744774597074e+01
-1.049318663740540103e+01
-1.027657100948192515e+01
-1.028714464302513854e+01
-1.028867076519076917e+01
-1.028614319918054498e+01
-1.044956081821483096e+01
-1.044508053067033515e+01
-1.040733039713391150e+01
-1.040438896926140799e+01
-1.040705118127049822e+01
-1.024811961439403696e+01
-1.025796180910208655e+01
-1.026391084294460043e+01
-1.025166689521457464e+01
-1.030974290851904129e+01
-1.031066842746421841e+01
-1.022034533176574378e+01
-1.022550712759376701e+01
-1.022982704812360666e+01
-1.041355029194720316e+01
-1.040129918597284409e+01
-1.043420953702877085e+01
-1.043197698778982385e+01
-1.054350501947442886e+01
-1.054360226510708465e+01
-1.054967400458850690e+01
-1.055485261146905351e+01
-1.052181081845814425e+01
-1.065618358559439649e+01
-1.066468282648142996e+01
-1.065520484473445251e+01
-1.067386885163133492e+01
-1.068647812359630933e+01
-1.068838229899093939e+01
-1.070095744813329297e+01
-1.070674332008620055e+01
-1.070648181691880829e+01
-1.070874719005221465e+01
-1.059682695934245977e+01
-1.059534061267832961e+01
-1.059192773762070594e+01
-1.057570883869824563e+01
-1.057370509756533750e+01
-1.071618463819858036e+01
-1.065100088047679172e+01
-1.065055056263602928e+01
-1.066516673217133260e+01
-1.066877624124783885e+01
-1.037057733135316795e+01
-1.036237620105212009e+01
-1.036215159931440510e+01
-1.036126844729434104e+01
-1.038722823245098503e+01
-1.037432160672094028e+01
-1.044789746684774201e+01
-1.043650458302655792e+01
-1.043736157323366420e+01
-1.043693177259548222e+01
-1.044266719402450150e+01
-1.044840190213776943e+01
-1.045068289262998107e+01
-1.044616461468850410e+01
-1.044856880127600540e+01
-1.046320262029920123e+01
-1.061915189451103281e+01
-1.063176275368634371e+01
-1.062498960618535904e+01
-1.065509617866419845e+01
-1.061840573248780473e+01
-1.064000125167851252e+01
-1.063542017986395649e+01
-1.063917995536860772e+01
-1.063362032299382065e+01
-1.063060825107516116e+01
-1.050494169044510429e+01
-1.052200553407220696e+01
-1.047378283765566920e+01
-1.046640961647542234e+01
-1.047110745835727386e+01
-1.043290584296337720e+01
-1.042479895238123788e+01
-1.041818789106686438e+01
-1.040731546876062019e+01
-1.040825191693746277e+01
-1.041494938787460711e+01
-1.040907816954556253e+01
-1.037829193421759655e+01
-1.036543218047858161e+01
-1.036567469507406969e+01
-1.035544001951814685e+01
-1.035216967260812737e+01
-1.036321029608600597e+01
-1.036596293225077758e+01
-1.035909856423190512e+01
-1.036677760241979662e+01
-1.036233925403790401e+01
-1.036554246977423155e+01
-1.036652681743196958e+01
-1.037122490523295149e+01
-1.037029317476182833e+01
-1.037660951378204643e+01
-1.037567929920657228e+01
-1.035983440844995762e+01
-1.034620990182184919e+01
-1.034403404866091236e+01
-1.034768701286846770e+01
-1.035049648595282257e+01
-1.035230092122465173e+01
-1.035337899872770429e+01
-1.036617871369300126e+01
-1.034325984079107563e+01
-1.034635432860170567e+01
-1.034621828517308906e+01
-1.035891028529846736e+01
-1.033131508499657691e+01
-1.030454298504360189e+01
-1.025928521601321286e+01
-1.024470447205469625e+01
-1.024456845342941591e+01
-1.025341893203814436e+01
-1.026436891186030209e+01
-1.026869852141911821e+01
-1.025399029658995076e+01
-1.025012199331417051e+01
-1.020737376034375288e+01
-1.021575467498630552e+01
-1.021897065452354703e+01
-1.021625465683684730e+01
-1.034999444424622617e+01
-1.033413057986321704e+01
-1.033526597178386908e+01
-1.033987102799005875e+01
-1.025873162169661335e+01
-1.025541936476255067e+01
-1.027767056783757127e+01
-1.015596829677620505e+01
-1.015221249371575674e+01
-1.016061443633947547e+01
-1.016618217814399472e+01
-1.023220724812854954e+01
-1.018089801354219759e+01
-1.019012930587974886e+01
-1.019253011214509463e+01
-1.016572320309996336e+01
-1.015333283125215580e+01
-1.015310449430461404e+01
-1.014374297760314647e+01
-1.013683429789293022e+01
-1.012616748102569808e+01
-1.012018467559812507e+01
-1.011648194076962426e+01
-1.011721155035152897e+01
-1.012568166243122469e+01
-1.015515870516679620e+01
-1.011738291349749552e+01
-1.012065328749651272e+01
-1.010907208423555304e+01
-1.010419116817590712e+01
-1.010232597994580139e+01
-1.008601936807553479e+01
-1.008889438452760956e+01
-1.008734510670300999e+01
-1.008149275965461378e+01
-1.006201284323810086e+01
-1.003504254250264971e+01
-1.003790776818153674e+01
-1.006422221589298083e+01
-1.006784709776551523e+01
-1.007074954450721194e+01
-1.010930314458344625e+01
-1.013203807194047634e+01
-1.013163479493996988e+01
-1.011500964637786204e+01
-1.008911568205194698e+01
-1.009066133679556998e+01
-1.004358569966383463e+01
-1.004044401461931635e+01
-1.003436428198108032e+01
-1.004313480101155420e+01
-1.003739678925757772e+01
-1.004923436091312539e+01
-1.005105549902958550e+01
-1.004714301026572087e+01
-1.004987460714857761e+01
-1.006154508897889244e+01
-1.007016080855789220e+01
-9.995640321347762480e+00
-1.000293429642456289e+01
-1.000442838087944253e+01
-1.000684746783432466e+01
-1.000550423359286256e+01
-9.989592475268825211e+00
-9.976805118207014544e+00
-1.000957875643454820e+01
-1.000204371197213860e+01
-9.999857782784211224e+00
-1.003501964473256969e+01
-1.003608754892903576e+01
-1.003974879992433600e+01
-1.004163418993535828e+01
-1.006411940614676226e+01
-1.006946795376947357e+01
-1.006815896164402169e+01
-1.003102072602010075e+01
-1.004211046448943812e+01
-1.005201410430209918e+01
-1.005593264895628991e+01
-1.003112829217036150e+01
-1.002015919320728266e+01
-1.002748062915930483e+01
-1.002226455902573043e+01
-1.000482076752649085e+01
-9.943603525564434165e+00
-9.940591586812674407e+00
-9.935781131873969940e+00
-9.923436551825600915e+00
-9.904762338985484860e+00
-9.928262318872624448e+00
-9.929422328171092715e+00
-9.929791581257298105e+00
-9.923693938029698458e+00
-9.949240452601351592e+00
-9.956765402654477626e+00
-9.959462246584967815e+00
-9.954577708189619401e+00
-9.956556142142956034e+00
-9.929648547805223657e+00
-9.919685064979779199e+00
-9.930994834671521332e+00
-9.832700712581031510e+00
-9.839976735890695991e+00
-9.834077812074967895e+00
-9.838177918801335409e+00
-9.838066442590905680e+00
-9.837023686468979733e+00
-9.848012679850661755e+00
-9.870666115504594273e+00
-9.869719050357128154e+00
-9.913520448690565701e+00
-9.926364841118404669e+00
-9.908821569441840893e+00
-9.932798956287724579e+00
-9.924896596417532635e+00
-9.944839989207151731e+00
-9.930313937693679094e+00
-9.895233105275373475e+00
-9.894934189491500831e+00
-9.886014479696111579e+00
-9.888486666125965385e+00
-9.891891607849338186e+00
-9.889598949885423096e+00
-9.940902251938931400e+00
-9.940908903667320828e+00
-9.915732241126399060e+00
-9.922066410217210475e+00
-9.919528627104174490e+00
-9.903081141163559309e+00
-9.887606725384568307e+00
-9.900067570247616189e+00
-9.843136756541946752e+00
-9.780071273619281413e+00
-9.755072787918816601e+00
-9.758061502698620160e+00
-9.772746375582970657e+00
-9.781606946400760449e+00
-9.782632885257635635e+00
-9.780793747050774201e+00
-9.772304547002546471e+00
-9.782068488896562997e+00
-9.770018116762994254e+00
-9.771477636524865673e+00
-9.725551912039755109e+00
-9.744786179509315360e+00
-9.738506099109997649e+00
-9.732973063093398380e+00
-9.723348140824972674e+00
-9.701802686413985910e+00
-9.667701519874928096e+00
-9.519288104330465572e+00
-9.523849084798788667e+00
-9.526060722249106050e+00
-9.534922022605373471e+00
-9.537666241569876746e+00
-9.535319372885227907e+00
-9.536753918796275542e+00
-9.531364541482117758e+00
-9.530824242330265150e+00
-9.535114036908908020e+00
-9.537605281801729618e+00
-9.537416574809839176e+00
-9.539932214200542049e+00
-9.553459920024236496e+00
-9.543019432737251506e+00
-9.541217850507255349e+00
-9.474999796518785544e+00
-9.473022010379043678e+00
-9.492634527454887561e+00
-9.500269298959155506e+00
-9.462556984489367551e+00
-9.441305760624576493e+00
-9.445022022785606097e+00
-9.440879981719666247e+00
-9.432675186294424918e+00
-9.425868058828790197e+00
-9.436667388876784912e+00
-9.438812555759350076e+00
-9.427064863669793127e+00
-9.334230565410662095e+00
-9.330830861884944483e+00
-9.328551615845205092e+00
-9.245677465870560496e+00
-9.241589364908447735e+00
-9.244160006698423970e+00
-9.236801567583979633e+00
-9.244048294342690042e+00
-9.221240955187088417e+00
-9.235153923317335867e+00
-9.234610235542145773e+00
-9.237580476071094893e+00
-9.236171789180964709e+00
-9.230597772774803644e+00
-9.233439545273025573e+00
-9.235606003720590707e+00
-9.232752922387769345e+00
-9.226655921484830714e+00
-9.227595426970044201e+00
-9.228965248378489861e+00
-9.225546693516919916e+00
-9.252027931463469912e+00
-9.255928589194340361e+00
-9.257045619932812386e+00
-9.257413221502163836e+00
-9.254179378181433435e+00
-9.259747432962495139e+00
-9.256708972623203024e+00
-9.274488457434381772e+00
-9.276272405263590315e+00
-9.277027085744686374e+00
-9.279055059942715289e+00
-9.251377565777316292e+00
-9.238885913665182414e+00
-9.225319098932855510e+00
-9.244941312972644099e+00
-9.247285441662068450e+00
-9.243605946942340168e+00
-9.247273782354548999e+00
-9.244481117633341682e+00
-9.238051310088156498e+00
-9.237296890177061570e+00
-9.237420766970050323e+00
-9.240675058370586115e+00
-9.242135593173809838e+00
-9.235091580590928828e+00
-9.233048733757458493e+00
