# 2*np.log[MAD(r)] for 100 flights; 1000 steps per flight; run 46 of 50; mu: 2.00; seed: 45
-2.350202295812521314e+01
-2.149111325276431828e+01
-2.055117206512194983e+01
-1.974381019701769091e+01
-1.932501153630543556e+01
-1.885395419061327260e+01
-1.868428397868832391e+01
-1.854715065675413399e+01
-1.833726272466899587e+01
-1.805851992131087869e+01
-1.793512457278028194e+01
-1.779000015949022639e+01
-1.776801851730856185e+01
-1.760113399668200174e+01
-1.742473701564719590e+01
-1.727990167876392746e+01
-1.711357989420190506e+01
-1.717660595556099423e+01
-1.694440347104703548e+01
-1.700374542943080414e+01
-1.702090185622742524e+01
-1.700286369424290456e+01
-1.704665773034081866e+01
-1.698404666574425903e+01
-1.686819140551387619e+01
-1.669472363311825092e+01
-1.675028843897744935e+01
-1.644846681454659176e+01
-1.612888236620749538e+01
-1.623701963954871275e+01
-1.614249920573977803e+01
-1.610450397947616352e+01
-1.616415502516773017e+01
-1.607916119897537754e+01
-1.612204253838322643e+01
-1.599702003396861905e+01
-1.589607567569250612e+01
-1.598530173791569275e+01
-1.602153568855883137e+01
-1.592532229652188569e+01
-1.598678527892033863e+01
-1.591800170633990774e+01
-1.592027390766930495e+01
-1.561795980198711931e+01
-1.574603780674300424e+01
-1.552902805002987030e+01
-1.543023277712161700e+01
-1.544654712465933777e+01
-1.543677071614810359e+01
-1.563671597651662459e+01
-1.561974689823735218e+01
-1.551920442216302476e+01
-1.544438759669502126e+01
-1.534230504126825778e+01
-1.523532083031998319e+01
-1.518841647255529459e+01
-1.517444697483092320e+01
-1.522551884158645485e+01
-1.514498225909556872e+01
-1.520908720443712703e+01
-1.497192892811269260e+01
-1.498608676689013031e+01
-1.491947670221116162e+01
-1.486825268049696014e+01
-1.481376973435716948e+01
-1.479939295656479636e+01
-1.481884723571017659e+01
-1.484689446628562592e+01
-1.477300764472511574e+01
-1.478976039069333481e+01
-1.479101796155714332e+01
-1.470808304276338951e+01
-1.468274868840929948e+01
-1.469763425718208794e+01
-1.469734150895469149e+01
-1.471270245015673162e+01
-1.478510726017219490e+01
-1.473513839250712643e+01
-1.478339372023284781e+01
-1.473842530562981246e+01
-1.475076055658639973e+01
-1.469120734280305740e+01
-1.459823454163477585e+01
-1.471008016957977560e+01
-1.459760741763929737e+01
-1.453785820425675723e+01
-1.455017612610751421e+01
-1.448517319344906262e+01
-1.441315354025658024e+01
-1.441761177420863227e+01
-1.437045467306840330e+01
-1.438655581961171670e+01
-1.433940058007203966e+01
-1.435484392268717180e+01
-1.426758056379470041e+01
-1.422358840149401793e+01
-1.427786130517568175e+01
-1.428216084014136555e+01
-1.427447365615595309e+01
-1.429259173811496453e+01
-1.423473407008852476e+01
-1.428698954660274900e+01
-1.422941592821308809e+01
-1.426511612883405178e+01
-1.419697525656055426e+01
-1.421101193407342222e+01
-1.416357814711872898e+01
-1.414838396656287145e+01
-1.392086834980048593e+01
-1.390896484145924816e+01
-1.393495991636750908e+01
-1.382310202654047515e+01
-1.375352381424033510e+01
-1.373733361502046613e+01
-1.371266179637780169e+01
-1.372267914019326440e+01
-1.371844967674435800e+01
-1.368211635204871968e+01
-1.364840882965566671e+01
-1.364931664966975866e+01
-1.371522953073612783e+01
-1.360467808366524700e+01
-1.361258189476527392e+01
-1.360909420946508064e+01
-1.356806982306841114e+01
-1.366226160457692451e+01
-1.366508734775215395e+01
-1.359552567666520062e+01
-1.359230200539638922e+01
-1.367588194583694516e+01
-1.365605238612099193e+01
-1.362150521180637242e+01
-1.375749408843710242e+01
-1.377025755638821991e+01
-1.373587835184036798e+01
-1.372757425818371679e+01
-1.370301066050704364e+01
-1.364809158410976231e+01
-1.360704560911677774e+01
-1.348554837842147158e+01
-1.335806069921154915e+01
-1.332223702367769569e+01
-1.341445479300573140e+01
-1.350111310895318795e+01
-1.345736789581103920e+01
-1.339148105287712198e+01
-1.339786881233797011e+01
-1.342206232044463476e+01
-1.337804974302269123e+01
-1.335371865839159256e+01
-1.336503129756837716e+01
-1.337767842801149776e+01
-1.340825622809902917e+01
-1.338997527355921768e+01
-1.331151203877486999e+01
-1.328345905369113034e+01
-1.330127822728777254e+01
-1.341354025195150790e+01
-1.339457734726542526e+01
-1.317680930203416878e+01
-1.315032973586185072e+01
-1.316752740403946298e+01
-1.304636834839230630e+01
-1.304485569432360315e+01
-1.286507953647839209e+01
-1.293671555928842842e+01
-1.299380151067169820e+01
-1.290982185719350639e+01
-1.291814562787216936e+01
-1.295496578382650554e+01
-1.293928529278648654e+01
-1.300542719279324189e+01
-1.298214072831907551e+01
-1.303773804321215835e+01
-1.292689795805959285e+01
-1.295168478203065909e+01
-1.297988775998130961e+01
-1.307119196871817657e+01
-1.294911637138744176e+01
-1.297670074136331309e+01
-1.292509825031201132e+01
-1.287897742040336624e+01
-1.291185425941455911e+01
-1.290562208110126718e+01
-1.281359465838282397e+01
-1.284970927700052812e+01
-1.283164402065957610e+01
-1.284843396895664291e+01
-1.282136832163488727e+01
-1.279345181776325013e+01
-1.278673519657282043e+01
-1.273226380620103626e+01
-1.272295788355360990e+01
-1.270480332802402934e+01
-1.266845129607471954e+01
-1.266945432831206553e+01
-1.269282923665377716e+01
-1.259823458573422172e+01
-1.256862047473263466e+01
-1.254208680364464179e+01
-1.255574653697307497e+01
-1.256106511527774927e+01
-1.240871759950406172e+01
-1.240446810696530733e+01
-1.252220525305315313e+01
-1.251824174497386366e+01
-1.252718404923204432e+01
-1.251462197194086023e+01
-1.250817944442288976e+01
-1.249782030188977799e+01
-1.250022119966170742e+01
-1.258147574108016009e+01
-1.253737540916473492e+01
-1.256121595105977029e+01
-1.257629806622568047e+01
-1.241569343087448019e+01
-1.237163437733407712e+01
-1.233411693252504371e+01
-1.233028674181586304e+01
-1.220190451335478521e+01
-1.225410542095494648e+01
-1.228066938576419709e+01
-1.228714438707387480e+01
-1.231280068666033500e+01
-1.233570205454803848e+01
-1.231872435471524518e+01
-1.230143537321231761e+01
-1.229470164661095488e+01
-1.228571093829582672e+01
-1.227118925580515274e+01
-1.233006342281388790e+01
-1.228428259163558955e+01
-1.230192414484579189e+01
-1.231562055732650407e+01
-1.234426233845490906e+01
-1.232653939407162369e+01
-1.235159477668707062e+01
-1.235022971369909506e+01
-1.237284640313911588e+01
-1.240642901486652683e+01
-1.238325448883809266e+01
-1.241542207875892423e+01
-1.238814963733829622e+01
-1.235425587028561623e+01
-1.231918376354885858e+01
-1.233066131935159326e+01
-1.232406143595362913e+01
-1.231970969328795462e+01
-1.233031502485592412e+01
-1.238327160810906946e+01
-1.238492292047397569e+01
-1.234299470383531983e+01
-1.233739545396940152e+01
-1.235874144717682555e+01
-1.233826967810096953e+01
-1.218797181005055918e+01
-1.212049263077155992e+01
-1.219870459028946108e+01
-1.230294188234588582e+01
-1.231754670592451895e+01
-1.232673180672147772e+01
-1.227434976911182929e+01
-1.220836346840555819e+01
-1.219989173872276389e+01
-1.217999571707784767e+01
-1.218843480669087320e+01
-1.216307078909433059e+01
-1.221552932165385030e+01
-1.216387445340083673e+01
-1.208779609295744173e+01
-1.208216292010287951e+01
-1.210373916236725123e+01
-1.201625170366159523e+01
-1.202353332703276401e+01
-1.201149898082338829e+01
-1.197904853483428766e+01
-1.195959347373605830e+01
-1.197003474750800933e+01
-1.194218068777219877e+01
-1.193760834801966197e+01
-1.193217166389662509e+01
-1.188646279076022694e+01
-1.188075534587126825e+01
-1.185644311867892320e+01
-1.184710109408044332e+01
-1.177104204147980049e+01
-1.180247150374717791e+01
-1.180104206883899209e+01
-1.179565277628576148e+01
-1.183644802467324375e+01
-1.184633478632038539e+01
-1.180889481639817618e+01
-1.180294792724601471e+01
-1.179579403325253217e+01
-1.179876104740547405e+01
-1.182930069585176724e+01
-1.184570100471599474e+01
-1.184846458651736967e+01
-1.181791739222010129e+01
-1.181407520364989239e+01
-1.180639011744651157e+01
-1.181415566428734820e+01
-1.181458514346566524e+01
-1.174212411680600532e+01
-1.174828601344822232e+01
-1.174333998143208113e+01
-1.175538887008514344e+01
-1.172412800563537871e+01
-1.175054537460622939e+01
-1.173525191682512592e+01
-1.174489187149704961e+01
-1.163643730381015473e+01
-1.166044718982338146e+01
-1.164165671858818563e+01
-1.164736336291392149e+01
-1.163642911819660064e+01
-1.165225032906663927e+01
-1.166343714703805468e+01
-1.175858790084259198e+01
-1.167272580200495469e+01
-1.163592227559041525e+01
-1.162902719725033585e+01
-1.167888200915790264e+01
-1.165887899651644588e+01
-1.164387546183516342e+01
-1.164736798629075309e+01
-1.164940286409979464e+01
-1.151873934381172759e+01
-1.154308447438920382e+01
-1.150001017309735474e+01
-1.152841796471539482e+01
-1.155473058999696434e+01
-1.156420016232846493e+01
-1.155768722275959703e+01
-1.154410388564990875e+01
-1.153271529690448105e+01
-1.140997557208440583e+01
-1.138973779453895219e+01
-1.139599516854625705e+01
-1.141466726122320985e+01
-1.141176009862924268e+01
-1.144870017558472775e+01
-1.139800204366309977e+01
-1.138042498427099680e+01
-1.140059993882580613e+01
-1.136572647721983742e+01
-1.139073432686291909e+01
-1.137827379169370623e+01
-1.131001172786279874e+01
-1.132265435354287675e+01
-1.131146213505078180e+01
-1.131322982632225838e+01
-1.131682313483651292e+01
-1.127666608630951117e+01
-1.130000225850229434e+01
-1.130806387414622094e+01
-1.131201330824239193e+01
-1.131712535108387563e+01
-1.133450107392521389e+01
-1.122488490931924154e+01
-1.122481171694236934e+01
-1.122784804916433821e+01
-1.124171936530350457e+01
-1.097398270787107144e+01
-1.099213091446734047e+01
-1.099700303404815394e+01
-1.102535847387432888e+01
-1.098492131658652760e+01
-1.087162262879487074e+01
-1.087000305764905050e+01
-1.087658606415260110e+01
-1.087409394003789664e+01
-1.090844208602450216e+01
-1.089873613548583364e+01
-1.096545804001388014e+01
-1.096182421401086415e+01
-1.098763277770526692e+01
-1.098301835420789629e+01
-1.099614615252527550e+01
-1.088960296779758075e+01
-1.089112017868276894e+01
-1.088298856904067335e+01
-1.088782778080653735e+01
-1.089019067077726532e+01
-1.088865636113600921e+01
-1.089540073688654154e+01
-1.090041228335664591e+01
-1.090627439305860769e+01
-1.092830166894729338e+01
-1.097091724841853733e+01
-1.088986288691021542e+01
-1.088779073883746840e+01
-1.088339660189479297e+01
-1.088176886918339115e+01
-1.083927560687942560e+01
-1.085896361963952828e+01
-1.085540917775527348e+01
-1.084041588389009192e+01
-1.084530777477059793e+01
-1.083852165650417554e+01
-1.083330572147954918e+01
-1.083662195320111010e+01
-1.080459335502742313e+01
-1.081387660232163483e+01
-1.072297384716510571e+01
-1.072391709148947392e+01
-1.072631449854480756e+01
-1.072116498212866276e+01
-1.069054298922292112e+01
-1.069400116476859353e+01
-1.070952199162315921e+01
-1.071854008011184511e+01
-1.078404872807509918e+01
-1.069602758513966023e+01
-1.053411112014717332e+01
-1.052838569276975100e+01
-1.054485370213165041e+01
-1.054247770822774655e+01
-1.054341082630516624e+01
-1.057085076324508321e+01
-1.064628243446609801e+01
-1.062989687199302580e+01
-1.056974830663967602e+01
-1.058285632988719804e+01
-1.063904426973688189e+01
-1.057886690352789572e+01
-1.059316313861041969e+01
-1.058923084034986495e+01
-1.059013313769341202e+01
-1.056882502827500581e+01
-1.057451651068837606e+01
-1.060561630680275158e+01
-1.060279760403728133e+01
-1.047108728753322460e+01
-1.046319294290136881e+01
-1.046796480438555932e+01
-1.046552921024012228e+01
-1.047676216940096516e+01
-1.047678692407112599e+01
-1.049629623301163051e+01
-1.051884019523268421e+01
-1.053243858132185018e+01
-1.054036708430121472e+01
-1.055019674708397126e+01
-1.057683667713417108e+01
-1.058161371838344067e+01
-1.056799172737752102e+01
-1.060175925786812989e+01
-1.062920280677149876e+01
-1.060821060130125026e+01
-1.060979600447497084e+01
-1.060681359594139472e+01
-1.060701630538822648e+01
-1.061709200675963949e+01
-1.061463342582722724e+01
-1.062427251263790318e+01
-1.025247774846850390e+01
-1.018742239469375654e+01
-1.018677667673867759e+01
-1.038432602297149110e+01
-1.036235451339763181e+01
-1.039273177322106712e+01
-1.031161993628527540e+01
-1.030705883314052862e+01
-1.030966949785612741e+01
-1.040843188167437994e+01
-1.040433448916741632e+01
-1.040783600802877018e+01
-1.041848997413414679e+01
-1.041786399264038288e+01
-1.042031216608836885e+01
-1.040145609195340271e+01
-1.051808786732417289e+01
-1.011895018127994739e+01
-1.012116530526968639e+01
-1.009607427108485567e+01
-1.006601776265916293e+01
-1.009269050930211442e+01
-1.002096335645445535e+01
-1.003062582691247684e+01
-1.007275008808306893e+01
-1.003088971410550023e+01
-1.002667966265021349e+01
-1.002879414641591183e+01
-1.003459001312368493e+01
-1.004494327177465784e+01
-1.005415183440489812e+01
-1.005439835952810768e+01
-1.004453026731433241e+01
-1.005083382154603022e+01
-1.003018201902732365e+01
-1.005003080895083123e+01
-1.004797005056313175e+01
-1.003580508020962547e+01
-1.002025136883842116e+01
-1.001842746809323614e+01
-1.002121909863107341e+01
-1.003113302554007369e+01
-9.984997439603171543e+00
-1.004074275985561115e+01
-1.002653163732809638e+01
-1.003690188058980759e+01
-1.003307589917897324e+01
-1.003559009848210692e+01
-1.004772037099199977e+01
-1.004658963621223755e+01
-1.003966594773814336e+01
-1.001604011624545620e+01
-1.001519594112842704e+01
-1.000524781442583766e+01
-9.996435714552941221e+00
-9.997465151798682115e+00
-9.976765475537082040e+00
-9.979541085831538538e+00
-9.972210536716122675e+00
-9.965608057859737912e+00
-9.970819450472101053e+00
-9.986283125885098144e+00
-9.977188057004642729e+00
-9.977830538532510118e+00
-9.978278200067409287e+00
-9.981651882930796305e+00
-9.950864176294988539e+00
-9.978756072014988376e+00
-9.975261964209030552e+00
-9.960744946966432423e+00
-9.968727823299383672e+00
-9.968444398238107240e+00
-9.966957428045107648e+00
-9.994187441064402933e+00
-9.989724690983933897e+00
-9.936304469737820000e+00
-9.943912219968849442e+00
-9.943321760627828354e+00
-9.949622540284853045e+00
-9.949800642571933196e+00
-9.949323345255496776e+00
-9.954032954344507189e+00
-9.950953062585924158e+00
-9.948450735596798822e+00
-9.952031073273726491e+00
-9.957177171780978497e+00
-9.953400857641202748e+00
-9.974559968384877351e+00
-9.976179570416679354e+00
-9.974250732406222397e+00
-9.968543295093416745e+00
-9.996807059310471644e+00
-1.002111545871927056e+01
-9.976056047941973759e+00
-9.989641855205563914e+00
-9.968259592788994539e+00
-9.972666559116454721e+00
-9.965272299956975388e+00
-9.948675389425213567e+00
-9.940804568408404762e+00
-9.914776249104622963e+00
-9.926701384317091481e+00
-9.944423676730888673e+00
-9.905834702949182002e+00
-9.862902297812695451e+00
-9.864101027341297012e+00
-9.864621818700694433e+00
-9.877154733236702455e+00
-9.880897239829092626e+00
-9.884884734753358160e+00
-9.923330885809866331e+00
-9.905994941612439320e+00
-9.915199114948068271e+00
-9.937861835201314165e+00
-9.917990251205353047e+00
-9.965345902627911201e+00
-9.882500035072661504e+00
-9.886070040587394914e+00
-9.881448634926506713e+00
-9.880577160871030884e+00
-9.872787140288080465e+00
-9.873181467878319850e+00
-9.870646143914022730e+00
-9.869394306043874465e+00
-9.865625996506622641e+00
-9.859923156550330248e+00
-9.871186200704544333e+00
-9.872188591354882803e+00
-9.881675793266614605e+00
-9.885233646924842077e+00
-9.890587804574417774e+00
-9.919468941535495077e+00
-9.940716281802181697e+00
-9.891839970146788730e+00
-9.865104361795227206e+00
-9.859253560841320763e+00
-9.857900194496567181e+00
-9.859485525023933050e+00
-9.855836248678985001e+00
-9.891065227543874627e+00
-9.885551473347719664e+00
-9.888372279003332821e+00
-9.887351291219394156e+00
-9.901737955037800631e+00
-9.906966170242526459e+00
-9.892461340430056538e+00
-9.899484824595738530e+00
-9.907272912460101111e+00
-9.922323599651281967e+00
-9.944055673578303001e+00
-9.934854813810588325e+00
-1.006701515159415194e+01
-1.006835996718928605e+01
-1.006958587537076077e+01
-1.007178071455983925e+01
-1.008583029557448185e+01
-1.009462216404545742e+01
-1.008398438705273925e+01
-1.008197455706856438e+01
-1.013508543071164070e+01
-1.014471173567202911e+01
-1.008148822988596294e+01
-1.012760337274300859e+01
-1.014270872035408821e+01
-1.013836989459045057e+01
-1.011722769620402929e+01
-1.011890595830502981e+01
-1.012213796755919759e+01
-1.011904472955251855e+01
-1.006765467137201142e+01
-1.008628871064004784e+01
-1.009172067484196234e+01
-1.007777915492872900e+01
-1.009511335365720974e+01
-1.009673390850240793e+01
-1.009827208766039242e+01
-1.009860061069501569e+01
-1.009308321410829912e+01
-1.008971737012501180e+01
-1.007488316164567976e+01
-1.007063729098004146e+01
-1.008958865387728210e+01
-1.007229145410102156e+01
-9.986037855214570769e+00
-1.000800825853780829e+01
-1.000231841810903077e+01
-1.000091470213082623e+01
-9.999150678825893479e+00
-9.998814278902843355e+00
-9.991502355766238352e+00
-9.975929750626740145e+00
-9.991995151841390310e+00
-1.000078982578458664e+01
-9.999360854971815371e+00
-9.976666606188684838e+00
-9.948723356792930517e+00
-9.875931067943783503e+00
-9.867386280891368600e+00
-9.842184672337712215e+00
-9.838925338591160141e+00
-9.829356309852444795e+00
-9.833630981013579131e+00
-9.758562911461007516e+00
-9.754142166740033204e+00
-9.693637839632780029e+00
-9.697724366251785355e+00
-9.711971037200303414e+00
-9.694588005060538194e+00
-9.657600746825027116e+00
-9.672841943105488838e+00
-9.640158792994418135e+00
-9.649043153855036081e+00
-9.633606478764225045e+00
-9.630192857047598309e+00
-9.630882435742893932e+00
-9.650548073439003005e+00
-9.676896035161023590e+00
-9.683808159219394085e+00
-9.651116195873610693e+00
-9.653427605858281524e+00
-9.658148471484235387e+00
-9.601501439494999346e+00
-9.605099691479306756e+00
-9.605039274831543850e+00
-9.621038019198772773e+00
-9.619709716809591526e+00
-9.638087858707478972e+00
-9.624768465854110389e+00
-9.606424074692734294e+00
-9.553514380516192617e+00
-9.477767268512961252e+00
-9.423951782400079580e+00
-9.423538352815917563e+00
-9.370713507682886245e+00
-9.342000662660771226e+00
-9.342579318363609886e+00
-9.334509595246061053e+00
-9.347744262542953209e+00
-9.353846352087169080e+00
-9.354417357283256962e+00
-9.353166155718691144e+00
-9.352223333568055352e+00
-9.362463291441889268e+00
-9.367723323574821848e+00
-9.365518335816386042e+00
-9.358058521441241950e+00
-9.355560691267630347e+00
-9.370139742160574770e+00
-9.257125501735304240e+00
-9.182431652301401570e+00
-9.199159329777964800e+00
-9.202272158441758165e+00
-9.206413051196976838e+00
-9.204491136673739859e+00
-9.174986283697444733e+00
-9.178995034824090737e+00
-9.169242757723623072e+00
-9.174949429272556856e+00
-9.169851324836848505e+00
-9.168070280315181009e+00
-9.172359396574847779e+00
-9.169882740978405167e+00
-9.115116384582488962e+00
-9.143237495752215338e+00
-9.128917924016491270e+00
-9.130437075990331053e+00
-9.107224521517327531e+00
-9.103458704794478606e+00
-9.106594108553535349e+00
-9.109536137623152285e+00
-9.116056875671199933e+00
-9.110269124860852941e+00
-9.109502289581552503e+00
-9.180251439745918063e+00
-9.185414748227302084e+00
-9.187452794841536985e+00
-9.226446135151153527e+00
-9.217831888395336293e+00
-9.216813018506314847e+00
-9.202102467579409861e+00
-9.232072183849352243e+00
-9.223082258438289216e+00
-9.208682912705992152e+00
-9.208291950542232485e+00
-9.200734041553168652e+00
-9.222459560566671044e+00
-9.022616626766195580e+00
-9.024856534112664974e+00
-9.017975779979490625e+00
-9.014650308851503979e+00
-9.021630567049163218e+00
-9.025415951817722160e+00
-9.098702211759517766e+00
-9.100953405844052213e+00
-9.110563818953625770e+00
-9.112334526678393942e+00
-9.067773252114820437e+00
-9.068660409960948243e+00
-9.118559915574962815e+00
-9.130928795265630171e+00
-9.136565812630282224e+00
-9.136849018194723726e+00
-9.136361367580711601e+00
-9.137528351391447146e+00
-9.138291928001885722e+00
-9.135030697441315795e+00
-9.100458755344314810e+00
-9.085593469407273304e+00
-8.943053896408533987e+00
-8.940769263908297404e+00
-8.934523972064289055e+00
-8.938627280756376692e+00
-8.939194972574027176e+00
-8.939751827029862596e+00
-8.939642865125776439e+00
-8.932632311007049353e+00
-8.932934962194837070e+00
-8.937261418544411029e+00
-8.937636551326978207e+00
-8.933678311157327911e+00
-8.953136586681141651e+00
-8.962347822497585881e+00
-8.923811248137498708e+00
-8.922489846031243843e+00
-8.920423047504108638e+00
-8.918688225200044783e+00
-8.932096851808550397e+00
-8.939179640781144798e+00
-8.893045165374264371e+00
-8.901344334175336215e+00
-8.900172424487948319e+00
-8.899284345014496722e+00
-9.020342274963875084e+00
-9.017563194391259529e+00
-9.021314754545489478e+00
-9.009890091565285530e+00
-9.008180022991137292e+00
-8.992582308397714996e+00
-8.988725806682282382e+00
-9.040120060552952808e+00
-9.047391210008044027e+00
-8.979712814979555091e+00
-8.984955161741069674e+00
-9.009204205833871271e+00
-9.004559554189661696e+00
-9.019487550047552205e+00
-9.021606338884895493e+00
-9.118491934274020494e+00
-9.115144238073774829e+00
-9.152409047698771616e+00
-9.153312712545922381e+00
-9.150073303632529687e+00
-9.158624874017572637e+00
-9.165808762316501657e+00
-9.166354124721509677e+00
-9.160226972041582982e+00
-9.158689059132171906e+00
-9.189214739137659294e+00
-9.190454062201897756e+00
-9.102324485558561662e+00
-9.189326980213801122e+00
-9.218385818272370358e+00
-9.217240039295139908e+00
-9.233800652056885383e+00
-9.232593049015603626e+00
-9.245434486947647912e+00
-9.240070140948086319e+00
-9.231573046774041558e+00
-9.227837894523881701e+00
-9.219658407756504914e+00
-9.243025561053155315e+00
-9.220190325031861533e+00
-9.235872526956569573e+00
-9.225497412689712462e+00
-9.228232433338956042e+00
-9.281264594875619167e+00
-9.276577887347846385e+00
-9.276029899670144019e+00
-9.276580081141455381e+00
-9.280702016842569790e+00
-9.243914764204971490e+00
-9.244547120901140502e+00
-9.237579040238307115e+00
-9.229818515689771630e+00
-9.223424015951206201e+00
-9.218281165778714481e+00
-9.227772135581881585e+00
-9.230888851280601770e+00
-9.234628063267518172e+00
-9.213905481214554882e+00
-9.213955251557512938e+00
-9.263939558286809373e+00
-9.256794581282200340e+00
-9.256526628227476294e+00
-9.254496458724176478e+00
-9.268467885442049692e+00
-9.279103647739828986e+00
-9.277470789663356143e+00
-9.246485137388329889e+00
-9.212087895149901229e+00
-9.209822042997950930e+00
-9.209499004692744961e+00
-9.273053389702239357e+00
-9.280230059932790709e+00
-9.253003276231384078e+00
-9.253260694612560400e+00
-9.253849446423076941e+00
-9.274756078724200492e+00
-9.307296417345037653e+00
-9.318042650429408269e+00
-9.308453601364792718e+00
-9.308814418695448012e+00
-9.309638109325772959e+00
-9.256260129550426541e+00
-9.260195567627890867e+00
-9.288598965246778860e+00
-9.247102669360350191e+00
-9.248230973750874995e+00
-9.247374775379645584e+00
-9.244357735578011770e+00
-9.270163393070774305e+00
-9.287952700871430878e+00
-9.287605696376418862e+00
-9.291298969693114529e+00
-9.283149046702769525e+00
-9.285637948333752334e+00
-9.279256184545859654e+00
-9.167153806978115327e+00
-9.180353490614818313e+00
-9.211570852678143240e+00
-9.216015167002975517e+00
-9.209766365746769878e+00
-9.195059272720358834e+00
-9.201227653293214459e+00
-9.201395112549631605e+00
-9.279245511590922035e+00
-9.280372080871252649e+00
-9.302108342335039026e+00
-9.290489409999070247e+00
-9.264412529816805630e+00
-9.262997233474406400e+00
-9.258344387229117345e+00
-9.222664733517891733e+00
-9.222802633294399755e+00
-9.188880766877517203e+00
-9.188358740711263906e+00
-8.983757847932485774e+00
-9.078048604741391969e+00
-9.075452071358826700e+00
-8.970463687237902661e+00
-8.966086785050801922e+00
-8.971188039905857892e+00
-8.970923785372054482e+00
-8.961242407917435315e+00
-8.959818723248007544e+00
-8.958213902825894692e+00
-8.958607439096461178e+00
-8.950856134486830484e+00
-8.972378110163376164e+00
-8.970636478289041094e+00
-8.961529098067185117e+00
-8.963114132185353355e+00
-8.963097746962468193e+00
-8.961023881317560225e+00
-8.968558823941171099e+00
-8.971919249642127170e+00
-8.972245130849044514e+00
-8.967357286824183760e+00
-8.966026326390499790e+00
-8.962801302389296509e+00
-8.961102525331810398e+00
-9.007978994268322381e+00
-9.007880786205955559e+00
-9.014721429251141060e+00
-9.028508062351658481e+00
-9.034761032517561574e+00
-9.033603230000586848e+00
-9.029253724854608976e+00
-9.031284873159197701e+00
-9.035085282816279317e+00
-8.959041266423351857e+00
-8.977023259479272710e+00
-8.986066737289233330e+00
-8.981822859124406477e+00
-8.981525904718091979e+00
-8.984097655085001577e+00
-8.981469127623457283e+00
-8.835991018497461269e+00
-8.838629742413868229e+00
-8.835107460466014473e+00
-8.743200340897724132e+00
-8.735653030697434929e+00
-8.731854212080287780e+00
-8.755819414449396376e+00
-8.755034555655868189e+00
-8.717205578756788142e+00
-8.717109971414979341e+00
-8.746527724582170649e+00
-8.749523849352099703e+00
-8.750606083206390551e+00
-8.752263430841340508e+00
-8.742540218273818553e+00
-8.737402896800952945e+00
-8.741577714401415733e+00
-8.735448514222422745e+00
-8.732685867657593803e+00
-8.701476219139989254e+00
-8.691021565207108779e+00
-8.689612079823064050e+00
-8.693605354571264598e+00
-8.697585798055232686e+00
-8.649271161534642260e+00
-8.625150307562401863e+00
-8.609876267353635981e+00
-8.613457521654629190e+00
-8.615183740645985466e+00
-8.617852581220986963e+00
-8.620528745321557551e+00
-8.617036143608610033e+00
-8.609504991901568260e+00
-8.605352137614714181e+00
-8.607907275601819563e+00
-8.613689811001913554e+00
-8.610711534736719130e+00
-8.585401378994998112e+00
-8.582847826703247307e+00
-8.581311676377763931e+00
-8.580065606325497640e+00
-8.583852835887224586e+00
-8.580556428979516426e+00
-8.583510455304121933e+00
-8.582108590762613787e+00
-8.588425906875876592e+00
-8.596688039113166369e+00
-8.594198602763260197e+00
-8.603517810411151601e+00
-8.604650826548583709e+00
-8.605086723763092138e+00
-8.605302172220479662e+00
-8.606125714097130341e+00
-8.609100530091954084e+00
-8.611294851197683897e+00
-8.616726688122120947e+00
-8.622339069471212980e+00
