# 2*np.log[MAD(r)] for 100 flights; 1000 steps per flight; run 50 of 50; mu: 2.00; seed: 49
-2.312934003404153316e+01
-2.106683154887464937e+01
-2.056043383831869420e+01
-2.018792909160826810e+01
-2.000478153417709848e+01
-1.967998387637299729e+01
-1.937451236392676179e+01
-1.935041682930907925e+01
-1.888941733966269254e+01
-1.849611361972584689e+01
-1.832066786077065856e+01
-1.809147367346581703e+01
-1.801897559695939677e+01
-1.803928996043701005e+01
-1.798171572397245299e+01
-1.778745592097466854e+01
-1.766704407113942921e+01
-1.774498025802871837e+01
-1.757183389615349967e+01
-1.762174770496572762e+01
-1.744332826772069822e+01
-1.750073529368422953e+01
-1.749432243232056194e+01
-1.751597766628357888e+01
-1.728553628851488355e+01
-1.710505432073388121e+01
-1.709531360990569837e+01
-1.689621930550837803e+01
-1.687872952325560405e+01
-1.686401604029275703e+01
-1.670823451074594956e+01
-1.655383928311340824e+01
-1.652557284440378282e+01
-1.630106920353578559e+01
-1.636474581193889577e+01
-1.614838366993037866e+01
-1.599526665457752550e+01
-1.589909272539771301e+01
-1.599714926844479379e+01
-1.583480016451362005e+01
-1.586373079258096475e+01
-1.569448595540810132e+01
-1.576359605578760359e+01
-1.564194132204388232e+01
-1.560008823575938841e+01
-1.529619946085213833e+01
-1.526911569041586247e+01
-1.506552349545790825e+01
-1.515272234531328799e+01
-1.499848014797789730e+01
-1.500505275272022487e+01
-1.501704574011742110e+01
-1.483733582223095837e+01
-1.472129481409161222e+01
-1.467960211070285759e+01
-1.477415208100285859e+01
-1.475940148531985407e+01
-1.458368167479788191e+01
-1.463752040827432843e+01
-1.458752906633866786e+01
-1.447025107428269841e+01
-1.450387856961044442e+01
-1.454950361528870317e+01
-1.463581278050824075e+01
-1.462692341258752826e+01
-1.452097138096192808e+01
-1.450184501216318189e+01
-1.444079684035139088e+01
-1.426701674035665413e+01
-1.426067955698682965e+01
-1.427620406093586602e+01
-1.412610710878745834e+01
-1.414915489041896812e+01
-1.412719949889732618e+01
-1.409848756379299139e+01
-1.406715178847061942e+01
-1.411257433954131102e+01
-1.411258789005469616e+01
-1.411317082390180211e+01
-1.419739944296667744e+01
-1.416415396459620091e+01
-1.413130443616089238e+01
-1.411562765582118395e+01
-1.414006355222460520e+01
-1.402881802209837048e+01
-1.401700604980420195e+01
-1.397819576432566713e+01
-1.388317766258099439e+01
-1.374597316100910760e+01
-1.377034348267204855e+01
-1.375159372954934156e+01
-1.377232159819103252e+01
-1.363752131088923747e+01
-1.359394740896648379e+01
-1.363673240780781803e+01
-1.359566332697688473e+01
-1.343311850873734770e+01
-1.337697304871968740e+01
-1.341550248208058171e+01
-1.351881559537693533e+01
-1.354445024323773872e+01
-1.352351846360548748e+01
-1.331679769603035446e+01
-1.333907958726400800e+01
-1.327776981610766072e+01
-1.324994021760688945e+01
-1.324473540135277538e+01
-1.323691740797111116e+01
-1.325346483824943000e+01
-1.319952676876932429e+01
-1.321939111566980074e+01
-1.327748239635801220e+01
-1.328644672038382524e+01
-1.329070553218519812e+01
-1.320566380705206910e+01
-1.315510436213034673e+01
-1.317992929284461923e+01
-1.310916271935647259e+01
-1.315410140942272577e+01
-1.318196295109655303e+01
-1.320839515694790656e+01
-1.321889168873224740e+01
-1.310158643266663603e+01
-1.311114718982059202e+01
-1.311472048598259299e+01
-1.307890396589892745e+01
-1.311196498289567458e+01
-1.318493283308554354e+01
-1.318772108576490609e+01
-1.311735256329822263e+01
-1.312573275965156583e+01
-1.312664210565978173e+01
-1.309179429795023353e+01
-1.307936019492354340e+01
-1.303515770654829353e+01
-1.310797958919414086e+01
-1.309910785459974392e+01
-1.310086435865127541e+01
-1.321298912388036229e+01
-1.314452318791613727e+01
-1.314356482516037339e+01
-1.319056202614925510e+01
-1.320049962688224987e+01
-1.314210447754333622e+01
-1.314842475448086567e+01
-1.315667681464482897e+01
-1.317290195723526836e+01
-1.290146229825086621e+01
-1.290776970350683506e+01
-1.290379159819062238e+01
-1.276094018358319460e+01
-1.262905860253472312e+01
-1.265000788600179682e+01
-1.267792332001784317e+01
-1.271647742723201269e+01
-1.274785734899063350e+01
-1.273032244504114452e+01
-1.273745278802830683e+01
-1.272185587195050083e+01
-1.269562000691796833e+01
-1.268271083241234365e+01
-1.270051641154747912e+01
-1.262062413378935410e+01
-1.265177412560232284e+01
-1.253088964332506983e+01
-1.255695842807546114e+01
-1.260851201396874544e+01
-1.254388202386675744e+01
-1.236268397707892852e+01
-1.232065339156437389e+01
-1.233187749781808051e+01
-1.228276910480411921e+01
-1.232224417601232069e+01
-1.230540650872656272e+01
-1.229436095571188403e+01
-1.229732966190371002e+01
-1.229108342709362844e+01
-1.231218442857912088e+01
-1.232067821418736031e+01
-1.233767912652652221e+01
-1.236267041194785143e+01
-1.235557497116016989e+01
-1.235470044867686035e+01
-1.232297169010781168e+01
-1.236855177694908114e+01
-1.240278457829810854e+01
-1.236470081769510543e+01
-1.251566642961543252e+01
-1.251889674002950414e+01
-1.251739926143384096e+01
-1.242891939685307179e+01
-1.246553759211570167e+01
-1.241608954841326806e+01
-1.238634824400936196e+01
-1.238560716089774694e+01
-1.239310549391424487e+01
-1.236630849422676803e+01
-1.238846921632011622e+01
-1.237750867065066451e+01
-1.247029184963760251e+01
-1.246285671309868981e+01
-1.247941409699301296e+01
-1.248381763621668306e+01
-1.267840452997942435e+01
-1.268141222671604318e+01
-1.259640308919688145e+01
-1.248893262122764902e+01
-1.258788393218480195e+01
-1.259190457305817823e+01
-1.259724170883330707e+01
-1.255257676007151524e+01
-1.265991634089232676e+01
-1.251195053607105834e+01
-1.238259783090052579e+01
-1.236946999084257115e+01
-1.232887700015036536e+01
-1.233061857811737383e+01
-1.234600641349288530e+01
-1.230622136223505869e+01
-1.218861719686175604e+01
-1.212413339215266106e+01
-1.213041339662286333e+01
-1.213241846233198196e+01
-1.213895641033064976e+01
-1.219956630253443741e+01
-1.219164122360203351e+01
-1.208077829736715536e+01
-1.209699547153625332e+01
-1.209766695992173879e+01
-1.219873500776312270e+01
-1.218811043259370663e+01
-1.219697263212650107e+01
-1.219010699518069174e+01
-1.211280476380229132e+01
-1.213418776259204002e+01
-1.214966817794337217e+01
-1.219670758773639996e+01
-1.221979021537241294e+01
-1.223323133588543854e+01
-1.227720959092239106e+01
-1.229672982991324304e+01
-1.225672427396821185e+01
-1.224330405615623363e+01
-1.228519865260582478e+01
-1.233446992072440729e+01
-1.233243894744046898e+01
-1.231663797116416248e+01
-1.233716313062114800e+01
-1.232127620173025484e+01
-1.230751164773561612e+01
-1.231013741724994581e+01
-1.229653956622736821e+01
-1.230129857302577889e+01
-1.220168272722066760e+01
-1.212189847831392342e+01
-1.215907680413994107e+01
-1.218119476882980123e+01
-1.201908059565146658e+01
-1.201418953200194473e+01
-1.205206146123033051e+01
-1.207184373392333931e+01
-1.205391211288357489e+01
-1.205179968448903161e+01
-1.205030674480661723e+01
-1.204919136616154951e+01
-1.205777626962578175e+01
-1.195290517894866156e+01
-1.195372280828550160e+01
-1.197984817549997238e+01
-1.199669331598989963e+01
-1.192275508037400655e+01
-1.197185394859806529e+01
-1.194600801265153400e+01
-1.196241849710732197e+01
-1.198351339617432032e+01
-1.192984525098667170e+01
-1.192456905125681743e+01
-1.193184884469010321e+01
-1.191031158578216598e+01
-1.192531930306227927e+01
-1.192190206865286051e+01
-1.193145042882243700e+01
-1.195179771583082307e+01
-1.207252451861188014e+01
-1.205892496216947585e+01
-1.204231716062050062e+01
-1.202966960997469315e+01
-1.204534679251741913e+01
-1.203221265822773134e+01
-1.200048057349746067e+01
-1.196383301635917995e+01
-1.190422560180273592e+01
-1.186289209886177787e+01
-1.185698885040531891e+01
-1.183034691378843739e+01
-1.187154197620110807e+01
-1.186406821358650454e+01
-1.182544254285901530e+01
-1.184859589326553930e+01
-1.184263587845076593e+01
-1.191491394292700967e+01
-1.183318761669983310e+01
-1.184759405788429731e+01
-1.178935801558600538e+01
-1.176423988236497920e+01
-1.179884320251845331e+01
-1.180428484576790993e+01
-1.175352355934580473e+01
-1.173602069766673672e+01
-1.175469057888811442e+01
-1.170421682679490871e+01
-1.174225564363602459e+01
-1.172059439489668797e+01
-1.171453700428704536e+01
-1.176887195036906064e+01
-1.174118400272576146e+01
-1.173058858350970723e+01
-1.179101778169748727e+01
-1.186646687592134697e+01
-1.180619308210453156e+01
-1.178065051600559698e+01
-1.176733985825547180e+01
-1.177241003925667684e+01
-1.176603056145925308e+01
-1.176391176268633565e+01
-1.176954206160526972e+01
-1.177063378800337823e+01
-1.168791709059515149e+01
-1.171577436689466012e+01
-1.173642376970172485e+01
-1.173315153481732054e+01
-1.173794191485230343e+01
-1.174220947485230049e+01
-1.175861250447591644e+01
-1.174140143279552895e+01
-1.172854053642588923e+01
-1.167745203382379948e+01
-1.167088475704982464e+01
-1.161876347451885039e+01
-1.161800677802993498e+01
-1.162704729144607541e+01
-1.160585399721778721e+01
-1.161472928627171974e+01
-1.160905988714956827e+01
-1.160956491319750761e+01
-1.159712851985885962e+01
-1.166750174993210898e+01
-1.166513106045911741e+01
-1.160322492098198666e+01
-1.161355345492835411e+01
-1.160373742452119394e+01
-1.162701855285833297e+01
-1.162605691496614568e+01
-1.164205403159385455e+01
-1.163898547176695253e+01
-1.165895403526345575e+01
-1.162290015362744988e+01
-1.166074709042368696e+01
-1.167394380641903950e+01
-1.172697941295946755e+01
-1.172313559839146713e+01
-1.173366325112873199e+01
-1.176136917108078173e+01
-1.177114635076266325e+01
-1.176871951285179030e+01
-1.168746827572228675e+01
-1.162510514604967859e+01
-1.164478394219993262e+01
-1.160022266521212053e+01
-1.149926463164454127e+01
-1.147110133343461591e+01
-1.146585359106797597e+01
-1.154395258222152520e+01
-1.154567321869413199e+01
-1.161660809684608253e+01
-1.159188638734217314e+01
-1.160965846470707241e+01
-1.160783824428029121e+01
-1.154737238642729302e+01
-1.156133978102795190e+01
-1.150830798286528989e+01
-1.152168269111066934e+01
-1.155411293798014860e+01
-1.166199163506341563e+01
-1.155785441949455361e+01
-1.154699805234540655e+01
-1.155089463746824485e+01
-1.152432301863459863e+01
-1.155113228154576710e+01
-1.156118890379971909e+01
-1.157988083486521802e+01
-1.146083084914739914e+01
-1.147626622759197623e+01
-1.145624181719960788e+01
-1.147871257813557477e+01
-1.147014521435946754e+01
-1.150009770211882199e+01
-1.147286681188136370e+01
-1.147375729082857276e+01
-1.148018293176656712e+01
-1.146952995852558921e+01
-1.146269278486859022e+01
-1.134212720228438087e+01
-1.137545314846260958e+01
-1.137853639287589758e+01
-1.136395376298022519e+01
-1.137070057623041919e+01
-1.137124569053495549e+01
-1.131894196301799305e+01
-1.136356405526236379e+01
-1.136095026204104563e+01
-1.132018649534441046e+01
-1.124817427174972195e+01
-1.125556495848736560e+01
-1.128474040822120195e+01
-1.123929126877118989e+01
-1.124554771502146799e+01
-1.124588041993502863e+01
-1.125973408470903259e+01
-1.127330065083966559e+01
-1.127699346920030443e+01
-1.128710943209264173e+01
-1.129240215507020118e+01
-1.129262318677279531e+01
-1.129608427910943291e+01
-1.125854186520315103e+01
-1.123359138543357005e+01
-1.125068062412780456e+01
-1.125803321521763500e+01
-1.125708731744365743e+01
-1.124004463872466530e+01
-1.122497777810556485e+01
-1.131689742090768824e+01
-1.136869800474068626e+01
-1.128065891989059821e+01
-1.119911359453845989e+01
-1.120442499152950155e+01
-1.122217688937461055e+01
-1.120897994098028327e+01
-1.121332175340117843e+01
-1.120702978205281575e+01
-1.124578005224208610e+01
-1.125824804040512639e+01
-1.125907592083289366e+01
-1.124079381276808931e+01
-1.127414556700480652e+01
-1.127379899825647946e+01
-1.129498377804557130e+01
-1.131730193683947228e+01
-1.131889253653787186e+01
-1.131237457391831214e+01
-1.131924672872638737e+01
-1.131462950624188224e+01
-1.121613150174706419e+01
-1.116861302062931749e+01
-1.115925927701337095e+01
-1.114905541815292267e+01
-1.114801825177749173e+01
-1.114244601148812386e+01
-1.114137807462365259e+01
-1.114768531083684877e+01
-1.115758797154095561e+01
-1.113679225189741651e+01
-1.113911273142286618e+01
-1.114297685957371797e+01
-1.111310626170148375e+01
-1.107734832850541729e+01
-1.107163054338167285e+01
-1.106899652071874662e+01
-1.107588337993988681e+01
-1.107539730590588789e+01
-1.106938849616061660e+01
-1.104244864334925857e+01
-1.110197414511641689e+01
-1.114642439729327528e+01
-1.115839527621875504e+01
-1.109337566533924857e+01
-1.108951295199245557e+01
-1.108967998263333499e+01
-1.109259967154212134e+01
-1.109246828634916859e+01
-1.109546381180795116e+01
-1.112743369728326748e+01
-1.108319245664992003e+01
-1.109374900453480173e+01
-1.108471091923652097e+01
-1.107633992535340717e+01
-1.107092410026053564e+01
-1.107406692149474736e+01
-1.106587904074820194e+01
-1.107715137314774445e+01
-1.109725088194731057e+01
-1.109961658297445375e+01
-1.111072383768737026e+01
-1.103801295487313006e+01
-1.104207647005468651e+01
-1.100112167863905022e+01
-1.103338010475481390e+01
-1.105403051623583366e+01
-1.109713093179311905e+01
-1.109214750503202751e+01
-1.109378077499424720e+01
-1.103681766372081618e+01
-1.097458287855510406e+01
-1.099161314071280238e+01
-1.082565103172061782e+01
-1.082453254399350762e+01
-1.081932774805917497e+01
-1.081603946209161649e+01
-1.082473503889640654e+01
-1.088606338870626900e+01
-1.088015640943241635e+01
-1.088968679803925710e+01
-1.087037997472563333e+01
-1.087319540672860541e+01
-1.086586353597806465e+01
-1.085356272756467710e+01
-1.084225740769629809e+01
-1.083493366028612037e+01
-1.085920546774967654e+01
-1.086577332857390665e+01
-1.086800526604610084e+01
-1.087254159967332257e+01
-1.089859765163901351e+01
-1.090300171234542148e+01
-1.090220902156709748e+01
-1.081452745075453059e+01
-1.082152267098739529e+01
-1.082583984848918490e+01
-1.081835508044963490e+01
-1.081616184832087235e+01
-1.078918226918318446e+01
-1.078615022674118862e+01
-1.078692407287912935e+01
-1.080404447655909905e+01
-1.079268158239713316e+01
-1.074304521079234043e+01
-1.071375296882278860e+01
-1.070802274323354730e+01
-1.068406963218909844e+01
-1.072064203914989555e+01
-1.072787980284001819e+01
-1.074752368658736046e+01
-1.076162351807431605e+01
-1.076208187072539957e+01
-1.076913695839916763e+01
-1.077356905284109523e+01
-1.077286894851097543e+01
-1.077698312886484544e+01
-1.066021189217905984e+01
-1.055915075423666316e+01
-1.052820991526921013e+01
-1.054301988166772297e+01
-1.054308013662628163e+01
-1.055615963206828312e+01
-1.046321589118310413e+01
-1.044951103807196979e+01
-1.044602952142798635e+01
-1.040494318495836623e+01
-1.041201894332256117e+01
-1.041352733128826102e+01
-1.045132916205207074e+01
-1.044110420181820587e+01
-1.044230344140803801e+01
-1.044399438277252834e+01
-1.044512435178614140e+01
-1.043851807531961384e+01
-1.040611123822236017e+01
-1.043701038831164496e+01
-1.042083653342976568e+01
-1.041765162456137617e+01
-1.043930087711010657e+01
-1.043427397653143451e+01
-1.032639026076721933e+01
-1.025960686297113789e+01
-1.026999444929021088e+01
-1.027328060378108887e+01
-1.027266936716253909e+01
-1.028064729826763291e+01
-1.030061880200727309e+01
-1.030065104905065887e+01
-1.029653825296150238e+01
-1.029161239881909928e+01
-1.022920587922967250e+01
-1.027960993199310558e+01
-1.024923220078525254e+01
-1.025452026739631783e+01
-1.014976148800142930e+01
-1.015328041066690012e+01
-1.014935409518278853e+01
-1.014627726489658421e+01
-1.013682541313095875e+01
-1.013785659142793705e+01
-1.013793137996903226e+01
-1.014163836349416670e+01
-1.014893517098216691e+01
-1.014782889399161192e+01
-1.015472645073497659e+01
-1.015261494543712395e+01
-1.015980310233693196e+01
-1.022377324748061511e+01
-1.021405544119744668e+01
-1.021269747512398141e+01
-1.020903457977729012e+01
-1.020550031898878984e+01
-1.021258160763018275e+01
-1.023962333506918831e+01
-1.023492366103831230e+01
-1.018335019719019918e+01
-1.014676927969458831e+01
-1.012667582720111881e+01
-1.013006207957840132e+01
-1.013141800425407446e+01
-1.013491891330036410e+01
-1.012485465669640483e+01
-1.011553628712364628e+01
-1.010782132073440209e+01
-1.011925482846557145e+01
-1.014515528007521183e+01
-1.014617991485488346e+01
-1.009372784351381647e+01
-1.007153827807154833e+01
-1.006969513126646376e+01
-1.009786755625706078e+01
-1.009622728870483499e+01
-1.010129432678150074e+01
-1.010071721509916465e+01
-1.014634346584881541e+01
-1.013390200657202556e+01
-1.006222083452238891e+01
-1.005949419759015839e+01
-1.005997199682409082e+01
-1.006131055526305040e+01
-1.011194767592794719e+01
-1.011248580063856117e+01
-1.012486750824844961e+01
-1.012692281396435945e+01
-1.006842607266722922e+01
-1.001444178348355685e+01
-1.002941322867752305e+01
-1.003732448041800573e+01
-1.004430236779198182e+01
-1.012409729776032030e+01
-1.011709221314180063e+01
-1.006170366758635737e+01
-1.006457376790936742e+01
-1.006967647913568875e+01
-1.001243057385942059e+01
-1.003652968219004649e+01
-1.002769705805899569e+01
-1.002564541412979970e+01
-1.001193719906205892e+01
-1.001567982538310275e+01
-1.001947688927429425e+01
-1.000551842285599768e+01
-1.000567694360318072e+01
-1.017645508975298263e+01
-1.017038462668100784e+01
-1.017822049197381062e+01
-1.017621976026462072e+01
-1.018282585738676538e+01
-1.015872404451624789e+01
-1.015530887807340399e+01
-1.013905557108825306e+01
-1.016177903775670899e+01
-1.016193606305167307e+01
-1.016442400237650823e+01
-1.016538973685820224e+01
-1.016310927448342305e+01
-1.015022558861073065e+01
-1.015142028208620673e+01
-9.964982216871669962e+00
-9.956800937149395736e+00
-9.950584722718861741e+00
-9.955794424145249621e+00
-9.951974709086124804e+00
-9.957949919387530713e+00
-9.970405764904295864e+00
-9.987286332326716476e+00
-1.000008403394366319e+01
-9.989738818269682241e+00
-9.987478232626067154e+00
-1.000307631820772158e+01
-1.000686024179833744e+01
-1.001079049992664949e+01
-1.000339376921949430e+01
-1.000504907021956491e+01
-1.001068756342735711e+01
-1.001540898666321944e+01
-1.002129745527752291e+01
-1.001827117010297208e+01
-1.002302897712671026e+01
-1.002797659229995197e+01
-1.008250666126255446e+01
-1.003572116373871204e+01
-1.002887052922553401e+01
-1.002686676068940841e+01
-1.003570738524556738e+01
-1.007901883568437462e+01
-1.007575874650737902e+01
-1.008456368536206504e+01
-1.008869245112958524e+01
-1.008249301924134400e+01
-1.009283715754990141e+01
-1.011096037171638606e+01
-1.009068764586657529e+01
-1.013157862298950995e+01
-1.017039271657763955e+01
-1.017120079992638182e+01
-1.019290052572069705e+01
-1.018651119547504535e+01
-1.009408667271579496e+01
-1.010043331094557928e+01
-1.010510001924538059e+01
-1.010572857897592947e+01
-1.011127176564584396e+01
-1.011208863966179194e+01
-1.011283074862016740e+01
-1.011641807239730895e+01
-1.011581150701239551e+01
-1.011871488164212707e+01
-1.002864890971825318e+01
-1.003191362427197042e+01
-1.007444978763646048e+01
-1.008510437009454641e+01
-1.008024253073038246e+01
-9.958018356989965625e+00
-9.950240951614013341e+00
-9.942682977385533860e+00
-9.938600566037621320e+00
-9.879099520573724647e+00
-9.877335562491055043e+00
-9.880323154724543144e+00
-9.873217409910308717e+00
-9.862589047282348531e+00
-9.868487084208039661e+00
-9.861657134186931017e+00
-9.705950532913959705e+00
-9.705049189833545142e+00
-9.755609356807397603e+00
-9.754712625720928898e+00
-9.758930240821118929e+00
-9.756945211375500193e+00
-9.746194730725530775e+00
-9.736992300095424824e+00
-9.737209961891498011e+00
-9.701911263275144748e+00
-9.689646370165275968e+00
-9.684001868394068069e+00
-9.677734494128872100e+00
-9.678424448184431483e+00
-9.679768579161132536e+00
-9.682547923622212949e+00
-9.685713974168384865e+00
-9.690278604394084283e+00
-9.654169391082627172e+00
-9.657003631120483433e+00
-9.657690206522779874e+00
-9.655720474796050112e+00
-9.654960162848043481e+00
-9.651731272594537003e+00
-9.648943031768913769e+00
-9.645121509797544235e+00
-9.647514187184889067e+00
-9.648728764248724943e+00
-9.638085131754232648e+00
-9.637865755823899150e+00
-9.614495624475205560e+00
-9.623331621498380173e+00
-9.621936918341015499e+00
-9.624553847235404191e+00
-9.574056990235431996e+00
-9.586177582354858728e+00
-9.610715094079285592e+00
-9.595850456375831783e+00
-9.600924046072170981e+00
-9.606762769405944979e+00
-9.593999832435997632e+00
-9.591670063258993295e+00
-9.596587208029026428e+00
-9.593846045151224189e+00
-9.586665475422996963e+00
-9.598366082522947096e+00
-9.616347332746418175e+00
-9.591428041075779731e+00
-9.583639374796796062e+00
-9.588258763439823085e+00
-9.612285344938413800e+00
-9.609574233843945379e+00
-9.552267358711121759e+00
-9.557315250186157130e+00
-9.608842328779935826e+00
-9.629098666602045498e+00
-9.634069218973255744e+00
-9.634298543755393851e+00
-9.648510816766982856e+00
-9.646626363193052001e+00
-9.649359276639003724e+00
-9.646594429002293580e+00
-9.697827594852695299e+00
-9.697517939880698989e+00
-9.697772579953770844e+00
-9.694653223614116300e+00
-9.695027544320893753e+00
-9.708788463514114397e+00
-9.703149786782306663e+00
-9.699450668956998811e+00
-9.685573989071468048e+00
-9.709469946495341119e+00
-9.711045604695565103e+00
-9.732157311485401863e+00
-9.711020239418200362e+00
-9.712047273686609472e+00
-9.705873579135523954e+00
-9.705546049346727600e+00
-9.701322157850855277e+00
-9.709494979000567128e+00
-9.730579813566256675e+00
-9.731522995554735544e+00
-9.731906776012754889e+00
-9.775268398246003798e+00
-9.772294996038018766e+00
-9.802295224679836494e+00
-9.804413643857417426e+00
-9.797770194541348232e+00
-9.800576792612231358e+00
-9.806157143382362662e+00
-9.802148924114902684e+00
-9.863119173314286670e+00
-9.865651268131912843e+00
-9.803126611930270684e+00
-9.829549390441062684e+00
-9.830490547834738635e+00
-9.832794382976642211e+00
-9.906715488794457514e+00
-9.853237054591684085e+00
-9.854967978632783954e+00
-9.885822322959358033e+00
-9.884571127122852019e+00
-9.936160542102369320e+00
-9.977031407002440844e+00
-1.000569309278555075e+01
-9.996553954765117211e+00
-1.000284399063566809e+01
-1.000023985322633457e+01
-9.927562219658806697e+00
-9.924248373156874692e+00
-9.923542508708836252e+00
-9.926225563862260515e+00
-9.923698860175237613e+00
-9.923789432540507605e+00
-9.915108781418899397e+00
-9.919921844474748340e+00
-9.928648686733890116e+00
-9.927960966362158857e+00
-9.928553884479164537e+00
-9.938423619152752408e+00
-9.815397965896679011e+00
-9.696371799093011390e+00
-9.669190818704199941e+00
-9.657560338723213178e+00
-9.669996373846938553e+00
-9.671483513680890098e+00
-9.631367245366060814e+00
-9.632186679015552144e+00
-9.637657713365229029e+00
-9.650405781924595416e+00
-9.649637359862545338e+00
-9.641461478490183978e+00
-9.620171254148752737e+00
-9.617169352633233359e+00
-9.619389253540600038e+00
-9.624019781669284512e+00
-9.630842276518867706e+00
-9.589237792118662895e+00
-9.569584540627690927e+00
-9.454673900427041033e+00
-9.490582554962966100e+00
-9.493699500371441502e+00
-9.499323117384570025e+00
-9.501812434687867182e+00
-9.512668770399439921e+00
-9.502123263250776830e+00
-9.419094032672981953e+00
-9.418909913751418728e+00
-9.441929775062845920e+00
-9.441336956609275077e+00
-9.433659829584216894e+00
-9.450864934792745586e+00
-9.447606710010546749e+00
-9.469735112363721896e+00
-9.469476257453655066e+00
-9.471739264028220973e+00
-9.532134965241915836e+00
-9.535481251810773884e+00
-9.533204131668785664e+00
-9.546584430789614828e+00
-9.541983455975589834e+00
-9.552950021232218702e+00
-9.535063303011357405e+00
-9.546690090883645397e+00
-9.542677976131365369e+00
-9.555399960053444275e+00
-9.572803436165347790e+00
-9.565818838651988898e+00
-9.570036724004991058e+00
-9.638343603411582805e+00
-9.629355093857402181e+00
-9.623429533702090310e+00
-9.612837575265368528e+00
-9.616163385093022598e+00
-9.525623229378121337e+00
-9.516538702583876130e+00
-9.529539008067787975e+00
-9.617890394499294615e+00
-9.623241305053285899e+00
-9.625303315118710401e+00
-9.623118675563819835e+00
-9.614226212360630797e+00
-9.612758585004263168e+00
-9.622089997146300533e+00
-9.621332563313027109e+00
-9.698738935702683861e+00
-9.674611788739570173e+00
-9.674425452424825878e+00
-9.671161323056859160e+00
-9.666729090907056232e+00
-9.661841316416035497e+00
-9.669242615600975199e+00
-9.641089590162197354e+00
-9.530499713500018899e+00
-9.637644110416115240e+00
-9.640029255722836865e+00
-9.605976123185884674e+00
-9.603730487156564521e+00
-9.611989840657550133e+00
-9.617227603468014863e+00
-9.626335446926649553e+00
-9.642254016947731543e+00
-9.642959060242493052e+00
-9.635198851126684616e+00
-9.638579927523132085e+00
-9.635306079172817562e+00
-9.639273602714007794e+00
-9.645560760249146881e+00
-9.651386832550487682e+00
-9.639593930087084317e+00
-9.587298349848236256e+00
-9.534023560727820978e+00
-9.532041553351495722e+00
-9.537495723242319201e+00
-9.629311066529957941e+00
-9.635801871820367737e+00
-9.546259332624462246e+00
-9.542006862484781138e+00
-9.548835062693374454e+00
-9.566957252992548177e+00
-9.566914427180995162e+00
-9.569889008704940636e+00
-9.569576010668637167e+00
-9.575214841891829920e+00
-9.582311525549179976e+00
-9.583188650786651053e+00
-9.586262610344107316e+00
-9.574078464001349431e+00
-9.572779095617901746e+00
-9.576157185864838439e+00
-9.473196466240485947e+00
-9.483315233943649503e+00
-9.480920165297428426e+00
-9.479482964162162517e+00
-9.486170850044034708e+00
-9.486775645310999039e+00
-9.382338481463907698e+00
-9.389929147771393758e+00
-9.389274970742421900e+00
-9.388600237646139490e+00
-9.388371727029253933e+00
-9.391630162585126840e+00
-9.352605599506341960e+00
-9.368493154714723659e+00
-9.372200781820808402e+00
-9.369781664524836629e+00
-9.366668424718486818e+00
-9.437161776141046232e+00
-9.438420257576803252e+00
-9.308980521688846821e+00
-9.301578510276565126e+00
-9.316584990521013410e+00
-9.346833127075623082e+00
-9.351432948483060059e+00
-9.363926211335229510e+00
-9.364084472207625964e+00
-9.353360116025182691e+00
-9.355342796181027154e+00
-9.349120161717850763e+00
-9.356351279495683571e+00
-9.357634650474061289e+00
-9.360710235098220977e+00
-9.385722189499032808e+00
