# 2*np.log[MAD(r)] for 100 flights; 1000 steps per flight; run 22 of 50; mu: 2.00; seed: 21
-2.323556732229794974e+01
-2.201661543813902000e+01
-2.150303380036449497e+01
-2.085098888335510381e+01
-2.034734797998866185e+01
-1.992299694526679588e+01
-1.984163136004128702e+01
-1.941134937803047578e+01
-1.874220317819165871e+01
-1.841372399816509287e+01
-1.810512333200907520e+01
-1.802383315820704723e+01
-1.795417304276011450e+01
-1.807712827639532449e+01
-1.774625546238199192e+01
-1.773774216710510032e+01
-1.728333582827179526e+01
-1.744049870798190938e+01
-1.745750586424529871e+01
-1.743404537136820309e+01
-1.711576956866322874e+01
-1.679997264324838113e+01
-1.689551256330049966e+01
-1.693628384747089655e+01
-1.673273967472025703e+01
-1.650889832740754315e+01
-1.656045248863116726e+01
-1.659531612049297422e+01
-1.651224664616330173e+01
-1.646528025978769350e+01
-1.626073086368960219e+01
-1.633016564947162053e+01
-1.622418524098330295e+01
-1.577718837386251671e+01
-1.571736875162969582e+01
-1.572664353479776445e+01
-1.574245449967212274e+01
-1.568314925307054430e+01
-1.560788602054816110e+01
-1.562118403453840543e+01
-1.564794791450021449e+01
-1.559007655115982161e+01
-1.566677167409182658e+01
-1.569248610415568379e+01
-1.555397980018956439e+01
-1.537062698307269493e+01
-1.534152032259161125e+01
-1.540996570679683231e+01
-1.538114308870304114e+01
-1.521683116088738963e+01
-1.519247973019980158e+01
-1.517152079326449510e+01
-1.492261968973248010e+01
-1.485453802983091087e+01
-1.477061402966433157e+01
-1.478404128849116539e+01
-1.475705297520884152e+01
-1.478327903833353041e+01
-1.462707434403114704e+01
-1.463023020192269996e+01
-1.465748719107979703e+01
-1.439864379750340539e+01
-1.432436416237759147e+01
-1.437380878976343546e+01
-1.439298563661602515e+01
-1.427012969128753639e+01
-1.412168432546000396e+01
-1.414943556241224165e+01
-1.405751519619876611e+01
-1.398607905526882078e+01
-1.412668646715248677e+01
-1.408542311891649845e+01
-1.407016286103252511e+01
-1.404850189701122254e+01
-1.412592454202564696e+01
-1.402247875369225838e+01
-1.399654932902901727e+01
-1.386765948713792440e+01
-1.390490046546250902e+01
-1.383189839709478441e+01
-1.390584417213962709e+01
-1.393266029596357747e+01
-1.383723671537304867e+01
-1.386774726359729115e+01
-1.370121856074574573e+01
-1.379194605645029092e+01
-1.377762064342516979e+01
-1.394854359442907565e+01
-1.390031195442126943e+01
-1.383359700305600803e+01
-1.391521388866194719e+01
-1.390843175728565839e+01
-1.385684751801886350e+01
-1.390585225841986450e+01
-1.390861982246504702e+01
-1.390912439850600713e+01
-1.385294919036310723e+01
-1.378803095471451101e+01
-1.378164215750439325e+01
-1.378074830374315063e+01
-1.372821974081460539e+01
-1.377139602190047007e+01
-1.383167477092215414e+01
-1.382334485909011867e+01
-1.379710954772246545e+01
-1.376913545029640495e+01
-1.374371369523852771e+01
-1.375749602644506986e+01
-1.371552203807035397e+01
-1.375469894682197136e+01
-1.374850559461085986e+01
-1.374767771542293815e+01
-1.375472175960753241e+01
-1.373602644468243383e+01
-1.376950924318464864e+01
-1.380973137891316860e+01
-1.364134046374928566e+01
-1.362961567229402249e+01
-1.347895359170121132e+01
-1.349096393732257226e+01
-1.342701531329872644e+01
-1.368297472949477545e+01
-1.353443093454839818e+01
-1.365483720748902385e+01
-1.368297811284645782e+01
-1.356525951156243437e+01
-1.339359702813743702e+01
-1.349904198358489005e+01
-1.330160856418557458e+01
-1.321821961912875487e+01
-1.324968407758239408e+01
-1.319220991160410605e+01
-1.317405344116477828e+01
-1.318827938430931823e+01
-1.317571681509745751e+01
-1.313180629797398069e+01
-1.302512508646283429e+01
-1.298305822700729983e+01
-1.295573101787009485e+01
-1.295316182305865205e+01
-1.297461022262021224e+01
-1.301274949912047241e+01
-1.293265438572726467e+01
-1.296486868503858148e+01
-1.305052512445822188e+01
-1.308768517534777054e+01
-1.321335892770578191e+01
-1.308655302850874591e+01
-1.311350223868601894e+01
-1.302486248673544900e+01
-1.299362980234666765e+01
-1.307521334091643439e+01
-1.316093577565532868e+01
-1.307193089552033349e+01
-1.315176213343258915e+01
-1.295230878650526662e+01
-1.297486231916469990e+01
-1.300529350034509513e+01
-1.287207044769705000e+01
-1.291065316615454606e+01
-1.272891555030344968e+01
-1.276092333012637425e+01
-1.264038396367990380e+01
-1.262617858267723570e+01
-1.248941987538356457e+01
-1.261396956047349249e+01
-1.261504058832410990e+01
-1.260053395722663261e+01
-1.265435928741744043e+01
-1.266830466588400839e+01
-1.269245932940973098e+01
-1.265631852220842291e+01
-1.264389157101012984e+01
-1.268245890296416611e+01
-1.264840943536318285e+01
-1.264137593891362421e+01
-1.263175896986666835e+01
-1.262699481351612363e+01
-1.245674695103882001e+01
-1.247110825416901037e+01
-1.250118506983930189e+01
-1.244653110822813957e+01
-1.241572703281861578e+01
-1.241933117490964378e+01
-1.241109715757018073e+01
-1.240452722704763389e+01
-1.236655943431557425e+01
-1.237012347248235145e+01
-1.237998037319483835e+01
-1.235750599848270070e+01
-1.236987411191257635e+01
-1.238152834279383896e+01
-1.234995639317725669e+01
-1.237537043124729408e+01
-1.237587041321895143e+01
-1.237301539290215935e+01
-1.237154677855358997e+01
-1.239110756694970483e+01
-1.239314631673331490e+01
-1.236577260989176530e+01
-1.237845049845753387e+01
-1.244625180142925025e+01
-1.236041003147180994e+01
-1.235539336540217192e+01
-1.237058077089437091e+01
-1.237339923714438861e+01
-1.235921922501345804e+01
-1.239848371480284150e+01
-1.240293049760177624e+01
-1.235692884607877673e+01
-1.232680350956940885e+01
-1.234250270155023799e+01
-1.230560284639825497e+01
-1.231813155000580018e+01
-1.229986978616752502e+01
-1.219452154851000714e+01
-1.218236781168670291e+01
-1.220890672785829167e+01
-1.217407348534826106e+01
-1.214082564685327981e+01
-1.215138700207258005e+01
-1.214279688164648796e+01
-1.211847760070240199e+01
-1.213947577509188669e+01
-1.214987861971562388e+01
-1.199397916167220934e+01
-1.196490120852796224e+01
-1.182669801730201797e+01
-1.185660489170414422e+01
-1.178595800428990792e+01
-1.177588046963435708e+01
-1.178989140836032234e+01
-1.180923959201838969e+01
-1.178656795094278387e+01
-1.181946143624072221e+01
-1.178061928944580039e+01
-1.176744913629052469e+01
-1.175384094475198005e+01
-1.175906532876329535e+01
-1.174396524574946632e+01
-1.176380878716328127e+01
-1.173318592120743808e+01
-1.175341361005847496e+01
-1.176410975237039125e+01
-1.175974389146508692e+01
-1.174443737644470609e+01
-1.175176887065991060e+01
-1.175628862751036863e+01
-1.174559072683217487e+01
-1.170579994844730187e+01
-1.173579400817121510e+01
-1.166405298090277576e+01
-1.167478104069091493e+01
-1.165573132644236232e+01
-1.168962141192725568e+01
-1.175523750542328827e+01
-1.174628510427337780e+01
-1.179272081393279414e+01
-1.162538104262652539e+01
-1.161790424615676542e+01
-1.161144322128118667e+01
-1.158524153189452832e+01
-1.157188067542400489e+01
-1.160101113757503732e+01
-1.158420454862615934e+01
-1.153228343645260701e+01
-1.154876906255550217e+01
-1.154815787117042625e+01
-1.154631406053036535e+01
-1.160896654081959944e+01
-1.156298986552329389e+01
-1.155464731084278185e+01
-1.155534663362680270e+01
-1.156477295302643249e+01
-1.156424705804489328e+01
-1.157000518844960091e+01
-1.159166849619357187e+01
-1.163890385937903993e+01
-1.160760298259203260e+01
-1.159832669013623452e+01
-1.158963227713077870e+01
-1.156025788066824767e+01
-1.160140219978659459e+01
-1.148692259858258780e+01
-1.139957928188528768e+01
-1.139353726610054451e+01
-1.139103530998261427e+01
-1.142609451657282627e+01
-1.140988828935574695e+01
-1.139401607677750050e+01
-1.143845450179375867e+01
-1.144425959648720159e+01
-1.141269028127363860e+01
-1.139667557173536316e+01
-1.146838257041058640e+01
-1.144504307273117760e+01
-1.143961952900783530e+01
-1.141744726183206637e+01
-1.145856038729848692e+01
-1.142825226929192084e+01
-1.142950309933851116e+01
-1.143977530920854235e+01
-1.145253519362268690e+01
-1.145869131449593503e+01
-1.150920004269444341e+01
-1.152858995694518285e+01
-1.152263790188018255e+01
-1.149016715888046569e+01
-1.159596241183234255e+01
-1.159986231582847793e+01
-1.158877150718484828e+01
-1.152709944691775057e+01
-1.147783125148048988e+01
-1.145668406495363989e+01
-1.153964294004815017e+01
-1.151418097275641550e+01
-1.144786338322032648e+01
-1.143779508733396533e+01
-1.142950816278573178e+01
-1.143493729678447757e+01
-1.143255353316292044e+01
-1.139201209003596915e+01
-1.138429393118452460e+01
-1.140635361418298821e+01
-1.139823371082483661e+01
-1.139919969581251458e+01
-1.143156554734252417e+01
-1.143541441945814974e+01
-1.142701309261363640e+01
-1.144177916270280981e+01
-1.137872697268327826e+01
-1.144910496347294249e+01
-1.132563793890117765e+01
-1.125966876043479559e+01
-1.129224450127624557e+01
-1.127944145860793768e+01
-1.124918228057187441e+01
-1.124381411945811493e+01
-1.125275100736028477e+01
-1.118791766402618926e+01
-1.109821508902453857e+01
-1.104745198169558584e+01
-1.098316083708018098e+01
-1.101469511011228697e+01
-1.100764843051440245e+01
-1.100969400433535128e+01
-1.102639466050154304e+01
-1.103396729266840559e+01
-1.104740592653029729e+01
-1.100511111006421672e+01
-1.100999511296757838e+01
-1.104841347867150780e+01
-1.105445423666181703e+01
-1.105618404980386416e+01
-1.104215942134707085e+01
-1.103329279129561868e+01
-1.104130198530421758e+01
-1.103342014827408235e+01
-1.102687538328802042e+01
-1.107792189031412633e+01
-1.106567517347088803e+01
-1.106198584789986050e+01
-1.103091663785167142e+01
-1.102772937627560523e+01
-1.104097842498532245e+01
-1.103920845925873984e+01
-1.102976441613772174e+01
-1.101803872292088826e+01
-1.102778484368856660e+01
-1.104561202891805749e+01
-1.103934517794485082e+01
-1.105581477639830901e+01
-1.105920600945318100e+01
-1.106786536848045799e+01
-1.104911637622353382e+01
-1.104315296457872186e+01
-1.099103306991497320e+01
-1.098440649070550812e+01
-1.094863884916795449e+01
-1.096207571586349161e+01
-1.096557852816274092e+01
-1.097356628160698477e+01
-1.097778680486304914e+01
-1.104505018655437354e+01
-1.099537729767124183e+01
-1.098340218482060671e+01
-1.100233867412782018e+01
-1.098738430009456835e+01
-1.099942432276673543e+01
-1.098368865311639375e+01
-1.098208663282345654e+01
-1.097864134796905233e+01
-1.098974324625128851e+01
-1.096752433223375078e+01
-1.101009157097109536e+01
-1.101386077664340135e+01
-1.101205560599453825e+01
-1.102007526044374153e+01
-1.098569277910841002e+01
-1.100385956529275511e+01
-1.099178065213138389e+01
-1.097848963817638790e+01
-1.095039953360337748e+01
-1.097035448828156134e+01
-1.097652948316724419e+01
-1.098033229551756129e+01
-1.095706651364710105e+01
-1.085839520784584167e+01
-1.092274279822738769e+01
-1.092526611456715813e+01
-1.092739163411207670e+01
-1.090107900491509874e+01
-1.089647505435906538e+01
-1.094508026377301313e+01
-1.094799465197435673e+01
-1.095054207978907002e+01
-1.095382709504693786e+01
-1.089818283160383316e+01
-1.093341291082329469e+01
-1.087177718692386641e+01
-1.098098059756369338e+01
-1.100976512760643722e+01
-1.102950866910582128e+01
-1.102328533510483410e+01
-1.101692501797743340e+01
-1.102078212976676852e+01
-1.101611166881611936e+01
-1.101182556327555950e+01
-1.100890138357858916e+01
-1.100719775567059244e+01
-1.089607965940976975e+01
-1.089290570262473601e+01
-1.086194216595529305e+01
-1.087342726807491822e+01
-1.088989449062189685e+01
-1.087778806580959845e+01
-1.087835889739588602e+01
-1.088674529689704684e+01
-1.090486340890625705e+01
-1.092797628453424252e+01
-1.091866344700278013e+01
-1.086925985708634634e+01
-1.088211995710878455e+01
-1.087339843745159307e+01
-1.088860223790621085e+01
-1.077678691844417003e+01
-1.078412886837414675e+01
-1.078342035094899387e+01
-1.080858407202980942e+01
-1.080306721284755866e+01
-1.080223650265628699e+01
-1.083236335524185812e+01
-1.080410042441345198e+01
-1.080510441191612969e+01
-1.082051251580318763e+01
-1.081897445678689529e+01
-1.083593821350691400e+01
-1.085870179069551256e+01
-1.079177413893382109e+01
-1.078511485258289682e+01
-1.077912575663722627e+01
-1.078637239702054806e+01
-1.077553929810511768e+01
-1.077802173962737342e+01
-1.077582726159725901e+01
-1.085424203395819553e+01
-1.083680957890632257e+01
-1.085580743073223609e+01
-1.088469338758560134e+01
-1.091467524292490765e+01
-1.091898548632892307e+01
-1.093816459295686805e+01
-1.088194161823431472e+01
-1.087719184222702751e+01
-1.088500771079537621e+01
-1.086711455364592105e+01
-1.086903651255823355e+01
-1.081976696409468452e+01
-1.077831598898472976e+01
-1.080729553836712675e+01
-1.084146383789130397e+01
-1.084343320099357300e+01
-1.085724414947371841e+01
-1.087322325269900247e+01
-1.085745460908638904e+01
-1.085691928219100078e+01
-1.091714017660283709e+01
-1.091309896151249959e+01
-1.089656803374923655e+01
-1.095649060124612362e+01
-1.088715670579055050e+01
-1.094416918843893782e+01
-1.094869150566572635e+01
-1.095240693422676692e+01
-1.094240324905844908e+01
-1.095680117522997854e+01
-1.096546856014287030e+01
-1.093892905660814208e+01
-1.093824849753947603e+01
-1.096242379735846306e+01
-1.095434013214379476e+01
-1.098178676566779544e+01
-1.096940871424082609e+01
-1.098857109109777497e+01
-1.098564440925090224e+01
-1.099252723463591508e+01
-1.099856881358418903e+01
-1.098438589576299229e+01
-1.097657103756737484e+01
-1.096435681186602551e+01
-1.095258133941924150e+01
-1.095955391911828691e+01
-1.094608603693207804e+01
-1.095319602898220523e+01
-1.095443891658052848e+01
-1.092169321468257337e+01
-1.091572691755011348e+01
-1.093123699676209704e+01
-1.093270955699096980e+01
-1.094230222657820661e+01
-1.094782242547343998e+01
-1.092545327146017975e+01
-1.092465567455388431e+01
-1.087829873153253857e+01
-1.088187433102481982e+01
-1.087609181919445156e+01
-1.086646858637735669e+01
-1.086619419707439960e+01
-1.091803746637864414e+01
-1.096715562045651104e+01
-1.096229684877921073e+01
-1.108362935499140889e+01
-1.107179930636410070e+01
-1.102980757128831080e+01
-1.103164656970725233e+01
-1.103716651972149876e+01
-1.103974337697333397e+01
-1.104175043917161858e+01
-1.103438738344330439e+01
-1.102943589834876903e+01
-1.100771946610444552e+01
-1.101809162680724086e+01
-1.101503839637660143e+01
-1.095388219369178451e+01
-1.072928552085798692e+01
-1.074087738327556352e+01
-1.073210342185969068e+01
-1.061259401643141231e+01
-1.045869654051193720e+01
-1.043328752251772684e+01
-1.043136308760319331e+01
-1.046326195797335323e+01
-1.046157676261001690e+01
-1.046234498438622396e+01
-1.047120164949973287e+01
-1.047031608821327886e+01
-1.046645028363392527e+01
-1.049143038831906694e+01
-1.047796414040821666e+01
-1.047015727286531650e+01
-1.049193992720712565e+01
-1.049673826669750554e+01
-1.050469522282249635e+01
-1.048717275901182688e+01
-1.047225259145344545e+01
-1.048327234104022132e+01
-1.047561226406305224e+01
-1.047561171561843985e+01
-1.055174805173785657e+01
-1.054786464377766997e+01
-1.049847101579734243e+01
-1.049846267547988887e+01
-1.053015089309843688e+01
-1.050338619772238502e+01
-1.055582996343761870e+01
-1.055911746619244873e+01
-1.056319657286212887e+01
-1.056817925594826413e+01
-1.053045385231545694e+01
-1.056375680344267387e+01
-1.060422866190423363e+01
-1.060117514844999320e+01
-1.056003547540135301e+01
-1.054821799922762970e+01
-1.053817306006126309e+01
-1.052147395379086880e+01
-1.050935062937632658e+01
-1.046349553588449410e+01
-1.048205665655271623e+01
-1.046989857174699168e+01
-1.050128955947074161e+01
-1.054678286361597905e+01
-1.055087289710614051e+01
-1.051772254890179426e+01
-1.053947962061427646e+01
-1.054727654331522047e+01
-1.053936741658447218e+01
-1.051905868437224711e+01
-1.051300561836597680e+01
-1.051418417765768609e+01
-1.048776889833919057e+01
-1.048009994896563413e+01
-1.050372965077290566e+01
-1.050836288384867601e+01
-1.051978576172483137e+01
-1.051652486426047517e+01
-1.057399154414954268e+01
-1.057646004376591620e+01
-1.056767690732958620e+01
-1.058367279430751573e+01
-1.057934568445754842e+01
-1.058396185153403302e+01
-1.054906112533666018e+01
-1.055024957021948495e+01
-1.052374190033429180e+01
-1.050220008002429495e+01
-1.052934856970253819e+01
-1.055297093265066088e+01
-1.056653195989050964e+01
-1.056078907314011595e+01
-1.052618098082089482e+01
-1.054457917230297603e+01
-1.052868559751517097e+01
-1.052780945604444618e+01
-1.053549541460099981e+01
-1.057265482632167775e+01
-1.056606177349003062e+01
-1.056085610740274028e+01
-1.052737947015704911e+01
-1.052519768141096002e+01
-1.053552006920639705e+01
-1.051826488551694183e+01
-1.052309971409291478e+01
-1.053829976867361928e+01
-1.054374843823875807e+01
-1.053670460458972613e+01
-1.052623500065058870e+01
-1.055941180533999990e+01
-1.056336671948433015e+01
-1.056699383170671780e+01
-1.069231083473086663e+01
-1.068886985721057314e+01
-1.069934832851382644e+01
-1.069483060093213211e+01
-1.080775185384291248e+01
-1.079688904300988739e+01
-1.077247581007517852e+01
-1.077081357918642723e+01
-1.078051042122265457e+01
-1.078488180534958651e+01
-1.077005323672125314e+01
-1.081034054421367330e+01
-1.083640490979748350e+01
-1.087399411527830217e+01
-1.067295027808363805e+01
-1.066359463795798135e+01
-1.063797605568973914e+01
-1.062252278783691573e+01
-1.066917437200871532e+01
-1.053576426748810313e+01
-1.054005554763416797e+01
-1.054573362517757751e+01
-1.059642747496408255e+01
-1.062146784750790118e+01
-1.063673264199664281e+01
-1.064619851778792103e+01
-1.065090246608581204e+01
-1.067015640584944158e+01
-1.067265870575649878e+01
-1.064122320564085911e+01
-1.066486351582544145e+01
-1.066531318374884485e+01
-1.062317550883739692e+01
-1.062848867576297351e+01
-1.064309867599161485e+01
-1.054920613921922978e+01
-1.052873668594196666e+01
-1.052739791398996871e+01
-1.053577416158697844e+01
-1.057142088388934731e+01
-1.057370221315209413e+01
-1.061919983752908081e+01
-1.054884153701612703e+01
-1.054183386866677630e+01
-1.053737183483204554e+01
-1.053514887968923830e+01
-1.051786513471384943e+01
-1.049966316209479622e+01
-1.051114970106397628e+01
-1.050476280736431001e+01
-1.048968175000707070e+01
-1.049532808816131535e+01
-1.047186278905477330e+01
-1.046477017345372218e+01
-1.045072643374503230e+01
-1.045749841324529861e+01
-1.046090239445569559e+01
-1.046043111366613054e+01
-1.051110843681731666e+01
-1.049774423866216466e+01
-1.046573169842183582e+01
-1.051263874258760467e+01
-1.046511494387556773e+01
-1.047098195240859475e+01
-1.047378509512029332e+01
-1.046237069093824523e+01
-1.046650533913769721e+01
-1.046146625089907722e+01
-1.046111821328189251e+01
-1.048000065510598589e+01
-1.044746865828825833e+01
-1.042483338595139131e+01
-1.041970408930733250e+01
-1.041679689093973771e+01
-1.039630282118010385e+01
-1.039116633714860249e+01
-1.041309120062922311e+01
-1.042019268078458261e+01
-1.040493147200753832e+01
-1.039715525804096607e+01
-1.039432006684562992e+01
-1.039420180505147506e+01
-1.029344543832200820e+01
-1.027524799359058605e+01
-1.027565522813300447e+01
-1.029010556339399507e+01
-1.030412256104673219e+01
-1.030471328917914420e+01
-1.030740085715950549e+01
-1.031669343084617374e+01
-1.031629590301548305e+01
-1.031720685708427432e+01
-1.031923871723318697e+01
-1.031794507310869413e+01
-1.030871604682197606e+01
-1.026230197729038274e+01
-1.025400036630714595e+01
-1.028242230649931344e+01
-1.026066998896544469e+01
-1.026276354290802750e+01
-1.019625868212698094e+01
-1.018709944937735301e+01
-1.012587296682302984e+01
-1.014211891516535147e+01
-1.013566446117343034e+01
-1.016408073895869890e+01
-1.017182221929915187e+01
-1.022759109076910633e+01
-1.023734222037143482e+01
-1.014915198570612098e+01
-1.014502824010449622e+01
-1.014504408821057169e+01
-1.013169345116697784e+01
-1.012607801026546106e+01
-1.023485507505225023e+01
-1.025984611684254233e+01
-1.024586385769064556e+01
-1.025759864130071186e+01
-1.022331691636296647e+01
-1.026557006908902459e+01
-1.030344646937547104e+01
-1.025850701290623412e+01
-1.026839047070962252e+01
-1.026554108455514935e+01
-1.027816529916395893e+01
-1.028127364659676957e+01
-1.033571684614780217e+01
-1.036187953223469549e+01
-1.035898263619498216e+01
-1.037162484889212344e+01
-1.037665840341045786e+01
-1.034003774408460075e+01
-1.035812888283992983e+01
-1.035420254740868984e+01
-1.035466682223142065e+01
-1.036464063203798247e+01
-1.033711803265864049e+01
-1.036106171328627568e+01
-1.035588519520520556e+01
-1.022314005776936874e+01
-1.020138789186841244e+01
-1.019773440707136025e+01
-1.015677657141807444e+01
-1.015218349408574205e+01
-1.015575279067703818e+01
-1.015429019324948356e+01
-1.012214003279363794e+01
-1.010776076940008572e+01
-1.009446888975950785e+01
-1.010840779531966582e+01
-1.009805759177303131e+01
-1.011530570979570065e+01
-1.011293057638862081e+01
-1.011264118491715891e+01
-1.010961963694016497e+01
-1.010530457561362283e+01
-1.011909012593649493e+01
-1.019649251261484757e+01
-1.019903102559935171e+01
-1.015421238821731542e+01
-1.013795906076280495e+01
-1.015131345588865130e+01
-1.015215260302398548e+01
-1.008600056525870770e+01
-1.008067119827162195e+01
-1.007479132707325498e+01
-1.008199292327251229e+01
-1.004633476362475797e+01
-1.004481743620919865e+01
-1.003856992542361226e+01
-1.002354221517733279e+01
-1.001288069742439113e+01
-1.002123314781624153e+01
-1.001515982198661447e+01
-9.948799274704871465e+00
-9.950535804135260065e+00
-9.950195026808261289e+00
-9.948861133581285543e+00
-9.948177602660743801e+00
-9.946462669869857720e+00
-9.946921019361276706e+00
-9.959182088186343762e+00
-1.000078308307669239e+01
-1.000106110645047508e+01
-1.000068496127122586e+01
-1.001007309269367873e+01
-1.000481790086309886e+01
-1.000506153990369995e+01
-9.997472253461628711e+00
-9.979500606443908239e+00
-9.980631118972535631e+00
-9.982731377068164491e+00
-9.982435890266673439e+00
-9.875633520228397799e+00
-9.870891144510556714e+00
-9.877167130839602294e+00
-9.866909283459939672e+00
-9.802037730754575406e+00
-9.799934400217745534e+00
-9.823011441170518054e+00
-9.815447507234987157e+00
-9.814371626797944614e+00
-9.815234991199162096e+00
-9.816475409741107327e+00
-9.829262066841957690e+00
-9.860730555346377102e+00
-9.948981838253354582e+00
-9.955248351160282283e+00
-9.979262198853348309e+00
-9.974928905971966131e+00
-9.976965577425069398e+00
-9.987998456939070735e+00
-9.959580636088320560e+00
-9.975607049270966087e+00
-9.976591032450590646e+00
-9.971655651139908372e+00
-9.971739936313277042e+00
-9.973517156001358686e+00
-9.982921210555520730e+00
-9.979537053296008153e+00
-9.980693665068264053e+00
-9.981923944719740760e+00
-9.974072465048855918e+00
-9.951727311374760632e+00
-9.944700489613721217e+00
-9.945077698438606006e+00
-9.947267763446792088e+00
-9.953747728197509304e+00
-9.958718527420591826e+00
-9.849772694591534261e+00
-9.865725123807536079e+00
-9.871931952905788066e+00
-9.868381871776648495e+00
-9.850581742019928200e+00
-9.842020744334739391e+00
-9.845983210438120636e+00
-9.858156964810541822e+00
-9.856263983801193618e+00
-9.872307829057373141e+00
-9.872546584833937544e+00
-9.871844866128306251e+00
-9.848864027901401030e+00
-9.679413043466729150e+00
-9.678429955214040703e+00
-9.708136867547768389e+00
-9.721337573724797565e+00
-9.726589641564052258e+00
-9.724943331584031014e+00
-9.729901451233260445e+00
-9.722156912806045881e+00
-9.725891672191346871e+00
-9.729376405408096673e+00
-9.726963878652080453e+00
-9.740321550955496122e+00
-9.744841213201469898e+00
-9.745823538834255118e+00
-9.796134430403235172e+00
-9.785311427297648024e+00
-9.826648211105110775e+00
-9.818687599542473166e+00
-9.820758357743734734e+00
-9.820549355103825206e+00
-9.700678386906540496e+00
-9.721025457978091922e+00
-9.693361274208731615e+00
-9.697733978180497871e+00
-9.693544566287428665e+00
-9.699511613173413593e+00
-9.703224600562204927e+00
-9.703517459828972846e+00
-9.698785896389020778e+00
-9.697022155582022407e+00
-9.700837075888541605e+00
-9.689856579731811692e+00
-9.724920201122044361e+00
-9.731874558615047022e+00
-9.580456838981337597e+00
-9.575440386153786676e+00
-9.665782245201794964e+00
-9.669834581639184634e+00
-9.667796978851626477e+00
-9.666084489766038956e+00
-9.665082707850052302e+00
-9.663661959713083505e+00
-9.661077779783505903e+00
-9.665455243116843675e+00
-9.679128829785952348e+00
-9.676129429386904235e+00
-9.670035295719994650e+00
-9.671211388349464144e+00
-9.691507804943466198e+00
-9.708856159891002591e+00
-9.708749550449201848e+00
-9.700617344679699272e+00
-9.707584650933899439e+00
-9.649203543286835938e+00
-9.654844862418624274e+00
-9.635397297339999056e+00
-9.620995683522769681e+00
-9.622927416119690491e+00
-9.624304915930760984e+00
-9.625035266061045647e+00
-9.627743586673817688e+00
-9.630729820779251327e+00
-9.617172845072802900e+00
-9.615308069477492836e+00
-9.649948482168605679e+00
-9.665489888594345658e+00
-9.661737533043256221e+00
-9.679943810791227676e+00
-9.673737404185388300e+00
-9.664352588177878900e+00
-9.661093937621128447e+00
-9.666239656742835251e+00
-9.671567801130658282e+00
-9.624594653303242708e+00
-9.622661806200007106e+00
-9.623523021966555291e+00
-9.622016636596182337e+00
-9.621897960310974440e+00
-9.627780683341599754e+00
-9.625864099049842082e+00
-9.631229833495771331e+00
-9.630843979611979577e+00
-9.618124830537720271e+00
-9.578333551650118238e+00
-9.575063159112412237e+00
-9.524687556059010518e+00
-9.522719867202166455e+00
-9.507456810000949332e+00
-9.547719992475656170e+00
-9.542212583283200544e+00
-9.538505951881635525e+00
-9.541087364409698068e+00
-9.536329222491547242e+00
-9.530575544357056117e+00
-9.534044922022641089e+00
-9.526293252356088814e+00
-9.495149621550922348e+00
-9.430592397025311158e+00
-9.433546210018462830e+00
-9.426409029614358559e+00
-9.440515781440396381e+00
-9.444033668001848625e+00
-9.446563621522066967e+00
-9.445723968776979618e+00
-9.451246270553042450e+00
-9.461817488704733492e+00
-9.453970414232820474e+00
-9.454480000954198715e+00
-9.451504207603640850e+00
-9.453283171516268624e+00
-9.458299272138576796e+00
-9.445962523210036821e+00
-9.445367932712743553e+00
-9.450550484338423374e+00
-9.448649388919958980e+00
-9.443713418471018528e+00
-9.506404477897360650e+00
-9.504617109574702738e+00
