# 2*np.log[MAD(r)] for 100 flights; 1000 steps per flight; run 29 of 50; mu: 2.00; seed: 28
-2.375843190284036055e+01
-2.148750048014956704e+01
-2.064645012209026831e+01
-2.019347743990282140e+01
-1.985610897907198691e+01
-1.953180296471031241e+01
-1.890116976585381892e+01
-1.860930483844192906e+01
-1.850063258122386500e+01
-1.825857036368169517e+01
-1.798016162683104113e+01
-1.746249356902945138e+01
-1.712963083295364797e+01
-1.701038864848992915e+01
-1.661837833587402713e+01
-1.660156088401921082e+01
-1.660832333063760657e+01
-1.660282768609229720e+01
-1.662894385703530631e+01
-1.653717066501510047e+01
-1.642029198255020717e+01
-1.654261014015528630e+01
-1.644596632267963443e+01
-1.639279019255209136e+01
-1.627057841514370651e+01
-1.617608695142449449e+01
-1.614977576302852569e+01
-1.598646431288894476e+01
-1.576022144813067349e+01
-1.565288037909803265e+01
-1.550425585986339705e+01
-1.557733684720701106e+01
-1.544812335246549573e+01
-1.534059663931132356e+01
-1.530625870003192013e+01
-1.531906056901995861e+01
-1.528558515006349516e+01
-1.518182764432392595e+01
-1.497316527821974042e+01
-1.495274214669538004e+01
-1.489167654263431828e+01
-1.474892503743786065e+01
-1.476767769497721794e+01
-1.458667262695744427e+01
-1.457736813055560177e+01
-1.443872558454682675e+01
-1.442590758491932235e+01
-1.445139839920294733e+01
-1.442594792832270478e+01
-1.448159397858261954e+01
-1.452174590418095690e+01
-1.450300956584331402e+01
-1.440376444829751534e+01
-1.442803511882304868e+01
-1.445556609983144547e+01
-1.448738306724180092e+01
-1.451627092943989261e+01
-1.434149879784449055e+01
-1.443536509434083470e+01
-1.444246611851020923e+01
-1.437434109562849649e+01
-1.416098504403308844e+01
-1.442872374621700438e+01
-1.424186904997467451e+01
-1.423608377394224433e+01
-1.405947606072158607e+01
-1.403702403725787740e+01
-1.398299166708163810e+01
-1.399184934446852324e+01
-1.399435703071962678e+01
-1.402701750307114281e+01
-1.398830191740303341e+01
-1.388737455298890033e+01
-1.385136684253366823e+01
-1.386136213746393153e+01
-1.372093754210542826e+01
-1.382110516841752812e+01
-1.376276507538375782e+01
-1.377483015373362996e+01
-1.373753784067220707e+01
-1.371763996251266526e+01
-1.360922610240325348e+01
-1.359384455192302354e+01
-1.358816757004498221e+01
-1.350519222704611622e+01
-1.346777200457638024e+01
-1.341341630485974257e+01
-1.339330121407649798e+01
-1.338910971951390927e+01
-1.337852487429539394e+01
-1.335728087593869340e+01
-1.337456463354556213e+01
-1.336489189007998668e+01
-1.333887551041203423e+01
-1.335935848877560872e+01
-1.333556383001856105e+01
-1.332556492853059105e+01
-1.334174512911912380e+01
-1.320155630862671181e+01
-1.319316373800983655e+01
-1.325775844797249015e+01
-1.330460214995073365e+01
-1.332087427383374134e+01
-1.324859262569110108e+01
-1.326113697697913096e+01
-1.320262298134568013e+01
-1.321937929748072094e+01
-1.309667730593701407e+01
-1.320823743547720319e+01
-1.318765648779296562e+01
-1.321913394843901735e+01
-1.315358517181920739e+01
-1.313009167304793756e+01
-1.311517532063484204e+01
-1.317271747597310494e+01
-1.316163904102491777e+01
-1.323446599841881266e+01
-1.316021347653899021e+01
-1.315336898544990518e+01
-1.323483908450772084e+01
-1.325072097777278124e+01
-1.298580347374428001e+01
-1.297726212828336223e+01
-1.312968198447577883e+01
-1.312206707960139696e+01
-1.313889537668066332e+01
-1.314960152085081013e+01
-1.309801603447771434e+01
-1.305219330666325739e+01
-1.302928112306329922e+01
-1.306334275736241324e+01
-1.299942786560003860e+01
-1.301305029019437498e+01
-1.315822912249232246e+01
-1.299260729065337117e+01
-1.303464291422283416e+01
-1.304172024403568386e+01
-1.294496388969437461e+01
-1.293652217865809284e+01
-1.286513154106469869e+01
-1.282013902483976153e+01
-1.291765918154566783e+01
-1.287033169835225266e+01
-1.288114458438467480e+01
-1.288822771414258028e+01
-1.281710738702361851e+01
-1.279358221292623732e+01
-1.279061587950823409e+01
-1.276370273272276634e+01
-1.270746061356211598e+01
-1.269628761108069170e+01
-1.262565876940686493e+01
-1.265180100155902920e+01
-1.253758615674592214e+01
-1.253841334841974842e+01
-1.239838151780758935e+01
-1.248667277167215950e+01
-1.245981220557410474e+01
-1.246574520918066753e+01
-1.252404204675620214e+01
-1.244377443030259300e+01
-1.240700337858488744e+01
-1.225068882277941462e+01
-1.226094976809948456e+01
-1.226434908547644298e+01
-1.222237661386977692e+01
-1.219504775971440580e+01
-1.220007245711604860e+01
-1.220746001518035762e+01
-1.233152732883712055e+01
-1.232018338596720852e+01
-1.228943686253538026e+01
-1.217968239662033803e+01
-1.221391825481646798e+01
-1.212722372040161822e+01
-1.214353770719487891e+01
-1.212106342098932821e+01
-1.209991125231705134e+01
-1.212515445132925862e+01
-1.212470365151451901e+01
-1.215747647108207730e+01
-1.207146506803629293e+01
-1.207781855550238070e+01
-1.216530044351791773e+01
-1.216328059467802092e+01
-1.224663884349306997e+01
-1.226946158453674229e+01
-1.221484229050267878e+01
-1.222382327832361071e+01
-1.221331623614458550e+01
-1.216733054715524176e+01
-1.226408605031402210e+01
-1.227530092663567451e+01
-1.230692751870190804e+01
-1.228156879640252619e+01
-1.231252817067645644e+01
-1.232585775238570314e+01
-1.234131276522798437e+01
-1.242046159087697710e+01
-1.241882154896365620e+01
-1.225983319626942780e+01
-1.220711929555991127e+01
-1.225005230969925663e+01
-1.227358503958596181e+01
-1.227853014492984229e+01
-1.228374235941251058e+01
-1.226065864264660554e+01
-1.236741502536051840e+01
-1.235410941989243661e+01
-1.224411881850432060e+01
-1.217313556518537432e+01
-1.221897006181086098e+01
-1.222658566584330941e+01
-1.214186450443523846e+01
-1.213517189488288928e+01
-1.213640676130746954e+01
-1.214119350778955031e+01
-1.212665347679350702e+01
-1.212180753326205362e+01
-1.202144759151259912e+01
-1.203589611657957015e+01
-1.209080569534358673e+01
-1.210022330423309711e+01
-1.212900701260722514e+01
-1.210018751012203708e+01
-1.209224074884475186e+01
-1.206520548232535539e+01
-1.205888031279529571e+01
-1.212008195638669861e+01
-1.211063745563834004e+01
-1.200509199133257354e+01
-1.201195632333994112e+01
-1.203980264077458351e+01
-1.206389421478326973e+01
-1.210519712861682606e+01
-1.208834719896042031e+01
-1.196356408692334838e+01
-1.195555834267853434e+01
-1.194973026203625999e+01
-1.200655263823320951e+01
-1.203630411751114870e+01
-1.210510262456959474e+01
-1.210998376956876754e+01
-1.211316208675507156e+01
-1.205568285815934360e+01
-1.185524738347941565e+01
-1.184358057825612498e+01
-1.187022924986841232e+01
-1.169347259247534865e+01
-1.168525158469507730e+01
-1.161239632001900723e+01
-1.157741714860635263e+01
-1.167449401868768533e+01
-1.165920368707200971e+01
-1.153841035955819905e+01
-1.154048923736421095e+01
-1.147516939784159717e+01
-1.151074588441325552e+01
-1.153631297566472114e+01
-1.153393850925727371e+01
-1.156405456757635442e+01
-1.156498499375355316e+01
-1.161215194800709938e+01
-1.160863741480934586e+01
-1.160036543072810034e+01
-1.151685586966179997e+01
-1.152087142613163628e+01
-1.151967515198561820e+01
-1.154339823181290470e+01
-1.144929026083018364e+01
-1.147925410491682463e+01
-1.142307194160889949e+01
-1.143875340495976722e+01
-1.144304539623928108e+01
-1.144724733958184615e+01
-1.141040815417295207e+01
-1.140625963481600813e+01
-1.139958434826975342e+01
-1.139726838757434457e+01
-1.135810010169309869e+01
-1.136932746877698186e+01
-1.135199528177400907e+01
-1.137665590801105431e+01
-1.136360035640037403e+01
-1.135469245359404233e+01
-1.136481193789428445e+01
-1.137901862677283304e+01
-1.137493846935357489e+01
-1.138966564263612646e+01
-1.137514798975000296e+01
-1.134514437542317999e+01
-1.132987219440798654e+01
-1.133053812834509699e+01
-1.132401298557888225e+01
-1.127650103678237947e+01
-1.129420482383655688e+01
-1.132127452337088513e+01
-1.130113941115024723e+01
-1.132268197652482300e+01
-1.136355503130660871e+01
-1.132214670678207291e+01
-1.132378260441238815e+01
-1.125681943312804023e+01
-1.112147429904613283e+01
-1.108187767221397380e+01
-1.108663661294029446e+01
-1.099842701331064987e+01
-1.101640215072954554e+01
-1.101467104310569844e+01
-1.106081454388903396e+01
-1.112696658888664025e+01
-1.112692411728404629e+01
-1.112200049280294323e+01
-1.094341407273375211e+01
-1.095071172526517422e+01
-1.094848319384056623e+01
-1.099180848896053142e+01
-1.097633324850874814e+01
-1.105090394874247117e+01
-1.106938026796729169e+01
-1.106501951221415858e+01
-1.099911005317452606e+01
-1.101239231903428006e+01
-1.102524378000352812e+01
-1.110929163884501669e+01
-1.109232746665139224e+01
-1.097986141359963241e+01
-1.098036037215297078e+01
-1.110408801338798490e+01
-1.108665817679868759e+01
-1.106338606252564638e+01
-1.105538839923881156e+01
-1.106701132107253649e+01
-1.107167730800337502e+01
-1.102886006595829116e+01
-1.106117900710643553e+01
-1.104956168840836916e+01
-1.103954089982583398e+01
-1.106300218177112882e+01
-1.104720976849679737e+01
-1.106745718770980602e+01
-1.107628654614188868e+01
-1.106389872137195063e+01
-1.106407718306160781e+01
-1.101804573021826350e+01
-1.106993355919400202e+01
-1.106220929349305671e+01
-1.103368149887170091e+01
-1.105131527644292788e+01
-1.095397880065392116e+01
-1.095619647686955211e+01
-1.100181302356632784e+01
-1.100466453595894656e+01
-1.101032583357340044e+01
-1.098028503718001936e+01
-1.098065441475703885e+01
-1.095732826752793976e+01
-1.093748551126431501e+01
-1.092503277278059493e+01
-1.094614007908084474e+01
-1.093563145715293139e+01
-1.095596405766450232e+01
-1.094886975443528598e+01
-1.090767916020212347e+01
-1.089352913276449897e+01
-1.089616082735927449e+01
-1.089130271495189994e+01
-1.090254158695979214e+01
-1.084956712033989668e+01
-1.085150444712399143e+01
-1.085408540560216295e+01
-1.088758807547987928e+01
-1.088786930288862997e+01
-1.088482098984881397e+01
-1.087367240910965549e+01
-1.082632418636394256e+01
-1.081112617314961355e+01
-1.080653103052115682e+01
-1.083179744778160014e+01
-1.079340127881267719e+01
-1.079178807489768666e+01
-1.079199656114265693e+01
-1.079950515283189283e+01
-1.078158980194198868e+01
-1.085030704320808326e+01
-1.085082725398526371e+01
-1.084404651368379469e+01
-1.077371035052433967e+01
-1.077630095427466550e+01
-1.080391210779243139e+01
-1.080859582494926663e+01
-1.062190787482629339e+01
-1.061906879807429682e+01
-1.066124578299378278e+01
-1.065173238090635799e+01
-1.065296427263339751e+01
-1.060654008053541730e+01
-1.064331776001487739e+01
-1.065394181196426615e+01
-1.066983268586622025e+01
-1.066736409574560085e+01
-1.068355177017279622e+01
-1.087194762876610099e+01
-1.087310162923522938e+01
-1.087040123655760482e+01
-1.077700033773306743e+01
-1.078798114862613744e+01
-1.078869038718436180e+01
-1.075900915843739902e+01
-1.071994295930619678e+01
-1.067752291886141336e+01
-1.071418954211699237e+01
-1.072229305358695406e+01
-1.071195345915156771e+01
-1.074034516844804266e+01
-1.072979525268314660e+01
-1.069596540337949619e+01
-1.069313958603031267e+01
-1.062407832229802729e+01
-1.064052859914218985e+01
-1.064151002971804516e+01
-1.066101818422595038e+01
-1.056225671107191744e+01
-1.057142535088897617e+01
-1.058924337573406049e+01
-1.060119341057973763e+01
-1.060619668352873113e+01
-1.057465046250612595e+01
-1.057961755101404222e+01
-1.061584213105418151e+01
-1.063052175733433913e+01
-1.063763977132186866e+01
-1.063415433147204148e+01
-1.063575594308529304e+01
-1.064188557359689469e+01
-1.063216037318857232e+01
-1.063646466024253279e+01
-1.064352432847651109e+01
-1.070798703191790580e+01
-1.070076376202398549e+01
-1.066601072440163200e+01
-1.069154146178008702e+01
-1.068124025640235786e+01
-1.067815264729060587e+01
-1.067617797489360143e+01
-1.067955247878668423e+01
-1.062391808446330899e+01
-1.063466350080292422e+01
-1.065414980341426165e+01
-1.061196255233727648e+01
-1.063010549630164370e+01
-1.063482385893565585e+01
-1.057327676220608303e+01
-1.057681414967699141e+01
-1.047510219037991774e+01
-1.041642388521852602e+01
-1.041638747929447639e+01
-1.041317569428144196e+01
-1.041200428590435401e+01
-1.040911868029006548e+01
-1.041728673383361503e+01
-1.042057208028625048e+01
-1.040916195039256387e+01
-1.041311285796965791e+01
-1.040899042922353246e+01
-1.040933318526957585e+01
-1.040643598369150524e+01
-1.040874603199256754e+01
-1.041562388263582939e+01
-1.032834530940085749e+01
-1.034886466682572426e+01
-1.034725634766858704e+01
-1.036307228935911162e+01
-1.027933472460841280e+01
-1.030599770138191928e+01
-1.027894450941621329e+01
-1.027713999245126963e+01
-1.027699846691245611e+01
-1.028635696907292285e+01
-1.035220474109761390e+01
-1.036035438300442202e+01
-1.036362790883911877e+01
-1.035793766900408563e+01
-1.037868241071793030e+01
-1.037994488366140011e+01
-1.038329991270136787e+01
-1.038791517028379374e+01
-1.036353243040737837e+01
-1.036870159037156469e+01
-1.037176640897201985e+01
-1.037295837922006392e+01
-1.040698401715397559e+01
-1.040703465439024988e+01
-1.038437386292888753e+01
-1.028978778847723596e+01
-1.017945287909565089e+01
-1.019202919863438694e+01
-1.017412952257189040e+01
-1.020490377441145746e+01
-1.020743554742816173e+01
-1.019421271862467826e+01
-1.019178143456418617e+01
-1.018748765231763542e+01
-1.019195048169890327e+01
-1.016671493452497010e+01
-1.017753541930603589e+01
-1.021526159099084197e+01
-1.022302950592037618e+01
-1.021729027650292920e+01
-1.019355641178529837e+01
-1.014400650679874794e+01
-1.014403422523952969e+01
-1.009730275786908926e+01
-1.009418457341153896e+01
-1.009762743364592907e+01
-1.009114362975725321e+01
-1.010835803650527787e+01
-1.009792693008834874e+01
-1.010402430830910347e+01
-1.009392217219781784e+01
-1.009485931490197252e+01
-1.011165936915616292e+01
-1.011700280293888810e+01
-1.002282617955930277e+01
-1.003581372683242989e+01
-1.003804051894827509e+01
-1.004190030792460320e+01
-1.006119456557350667e+01
-1.005964491200054844e+01
-1.006333055835555967e+01
-1.003922883483665807e+01
-1.003867084086159522e+01
-1.004154793790356948e+01
-1.004877860867997796e+01
-1.004574051021824665e+01
-1.003951810576941384e+01
-1.006585751735934053e+01
-1.006967599479828834e+01
-1.007566582198155380e+01
-1.008485723058291228e+01
-1.007219883459297627e+01
-1.007217157362062210e+01
-1.007354153071819702e+01
-1.007795204708570580e+01
-1.007445380214696584e+01
-1.007672915039528760e+01
-1.005656574824017291e+01
-1.001112551220836977e+01
-1.005323149257175963e+01
-1.005022423496419925e+01
-1.004695829665586970e+01
-1.004531435150080476e+01
-1.002908487859554398e+01
-1.004714685667332219e+01
-1.003869449451185325e+01
-1.004468920591753545e+01
-1.004295069437068655e+01
-1.003725600029155984e+01
-1.003220633795051597e+01
-1.000178454388693439e+01
-9.929482441407545323e+00
-9.917517763234208417e+00
-9.918808868746516794e+00
-9.918086868169204706e+00
-9.920436347150632272e+00
-9.980997004012822416e+00
-9.979906501484453685e+00
-9.980088334898173485e+00
-9.992653090094462343e+00
-9.999120252391334063e+00
-1.000337872056898192e+01
-1.000338900102721595e+01
-9.988497972692959692e+00
-9.980219435989310384e+00
-9.995710495777382576e+00
-9.923706264309403835e+00
-9.903109115354409298e+00
-9.901756120193951460e+00
-9.900820948430745005e+00
-9.911606814005180510e+00
-9.911256116966528751e+00
-9.911090356763262221e+00
-9.928191927038030329e+00
-9.931739801231644904e+00
-9.924295593482844069e+00
-9.927439668114027782e+00
-9.897467409998018439e+00
-9.917173014439004675e+00
-9.917977623326475367e+00
-9.918512554787808355e+00
-9.912788854522004200e+00
-9.871455242166389255e+00
-9.902074510195747692e+00
-9.898954923531192662e+00
-9.900040485632478848e+00
-9.894875725461107052e+00
-9.821745907998232994e+00
-9.794700891046961289e+00
-9.808043020571146187e+00
-9.713363793341668995e+00
-9.716441218312453998e+00
-9.712781918549627136e+00
-9.780496255638828629e+00
-9.778669044857698722e+00
-9.775452490503919734e+00
-9.825761327841291859e+00
-9.823608653651712430e+00
-9.740912788258844657e+00
-9.733715077580825437e+00
-9.692336805377815168e+00
-9.691853265541745088e+00
-9.691976036031961783e+00
-9.683174405275931207e+00
-9.683249507122225097e+00
-9.683197617175743233e+00
-9.683358073268523825e+00
-9.730620026487120100e+00
-9.710956224307526696e+00
-9.720083989420901460e+00
-9.712592645328809837e+00
-9.715062679531584422e+00
-9.710273185422943598e+00
-9.711243749268319903e+00
-9.701902397263175715e+00
-9.716083186602613608e+00
-9.712683617607467568e+00
-9.701466884349780884e+00
-9.446642178968646775e+00
-9.446574184955949249e+00
-9.456570161203387670e+00
-9.456930543066134121e+00
-9.486218583007767435e+00
-9.483005757223903487e+00
-9.591020004206534111e+00
-9.585458026107266605e+00
-9.588487265094890688e+00
-9.553641671645726419e+00
-9.537334256073535244e+00
-9.548598102365605911e+00
-9.550370041414931066e+00
-9.489920665816889311e+00
-9.484948452419029508e+00
-9.496392606214193677e+00
-9.529769296544712276e+00
-9.531880447143658230e+00
-9.406742921752762498e+00
-9.351933602884935581e+00
-9.345027523597375207e+00
-9.342978809144250718e+00
-9.348478588127637323e+00
-9.337361162863247799e+00
-9.329748555245418018e+00
-9.330948251029214546e+00
-9.329344430252575648e+00
-9.171242371813997707e+00
-9.168217920567453660e+00
-9.215100327077143660e+00
-9.220166075189574428e+00
-9.217341665647142079e+00
-9.161807685900274834e+00
-9.155732396826543606e+00
-9.181949448394089330e+00
-9.179672944854585737e+00
-9.160207912416369780e+00
-9.161993832631411649e+00
-9.166947340945698741e+00
-9.164586502976264981e+00
-9.170898921347012234e+00
-9.174753166185817932e+00
-9.190281507868528266e+00
-9.200725143074050649e+00
-9.181179375507799278e+00
-9.187035735554264448e+00
-9.182851859385403159e+00
-9.180408451491080868e+00
-9.185316039237196861e+00
-9.208657728151408151e+00
-9.210478665564572509e+00
-9.207642356756828406e+00
-9.241569840561894011e+00
-9.238134469518023195e+00
-9.236859414877418573e+00
-9.207830618308094017e+00
-9.202901857553035470e+00
-9.206515524622586710e+00
-9.205713279110561587e+00
-9.042325978099109207e+00
-9.048315098524112088e+00
-9.054125592535459788e+00
-9.062028110377429613e+00
-9.054999428833381714e+00
-9.070632456441057201e+00
-9.041091352563617178e+00
-9.036738676727290809e+00
-9.035919277516081038e+00
-9.037691503424253980e+00
-9.035427924267516175e+00
-9.008003126992445431e+00
-9.010133733548322255e+00
-9.010955318462690045e+00
-9.022819181325859361e+00
-9.017949598224470620e+00
-9.016078878911589101e+00
-9.017346628684428822e+00
-9.004570087048437088e+00
-8.942474366070788605e+00
-8.957732244316746417e+00
-8.959142746228563325e+00
-8.961485253098967263e+00
-8.967666112871496509e+00
-8.968970647043891020e+00
-8.959005557506532824e+00
-8.978498760113557964e+00
-8.963850720476520095e+00
-8.905210672944560812e+00
-8.918260697951550853e+00
-8.921440099998026341e+00
-8.916640562844593276e+00
-8.913860597798123564e+00
-8.939896197911499698e+00
-8.935637593308600302e+00
-8.936173266923676195e+00
-8.950160271607812135e+00
-8.949775483306307677e+00
-8.944164341497641502e+00
-8.933383317642736188e+00
-8.917083839968446668e+00
-8.904802689914305347e+00
-8.895638347085645492e+00
-8.908526180318178334e+00
-8.938888036816338811e+00
-8.939902847735661240e+00
-8.931040188933357271e+00
-8.931765040854022786e+00
-8.925124348673762142e+00
-8.951799994874811262e+00
-8.966097491755318671e+00
-8.977141137532376192e+00
-9.029772306107268776e+00
-9.040843227813374128e+00
-9.037354782185490265e+00
-9.038773123555754907e+00
-9.071596077162849880e+00
-9.072029947357723501e+00
-9.013977539830026586e+00
-9.024544950522068731e+00
-9.073778603789849129e+00
-9.050068476284163665e+00
-9.024943804722365570e+00
-9.023493305891392424e+00
-9.025891746968063956e+00
-9.029436451059799751e+00
-9.024328575881803260e+00
-9.015589618186401921e+00
-9.013719623411082793e+00
-9.010721193043069732e+00
-9.009603081020976845e+00
-8.972712694638516950e+00
-8.968375670602521055e+00
-8.962283445368809609e+00
-8.920265870988556500e+00
-8.940699438143852262e+00
-8.936487620084658801e+00
-8.939426401725468097e+00
-8.952222875989710005e+00
-8.949547833749464942e+00
-8.946747165388268641e+00
-8.946020516639606512e+00
-8.928154176074924564e+00
-8.933088015692758788e+00
-8.906314649565947761e+00
-8.911627219556184087e+00
-8.934875475790583721e+00
-8.932639850912716284e+00
-8.935336200271130735e+00
-8.896423001460162183e+00
-8.902416946563674216e+00
-8.899855683214042301e+00
-8.897952936670087354e+00
-8.897414823436479381e+00
-8.777104882998877144e+00
-8.783553684463250022e+00
-8.792341612097510861e+00
-8.792517375390479728e+00
-8.736050349280677807e+00
-8.739746560787160945e+00
-8.740068683427828944e+00
-8.739126604277620558e+00
-8.732820195477806635e+00
-8.732565933358875654e+00
-8.732269486156917893e+00
-8.707551066114074700e+00
-8.708071767567316712e+00
-8.707628275130163686e+00
-8.703032126395585877e+00
-8.702769635893163880e+00
-8.696829769888196893e+00
-8.693133213976173224e+00
-8.703092555465619995e+00
-8.696164623596667198e+00
-8.694570454466219900e+00
-8.716654404827032465e+00
-8.726904619895101689e+00
-8.725972550346366319e+00
-8.725855749443303111e+00
-8.736618483611932717e+00
-8.736483518301930928e+00
-8.738036930797667523e+00
-8.733592546709388671e+00
-8.733604894377489103e+00
-8.731723556094298289e+00
-8.797226989885778892e+00
-8.799280692566684436e+00
-8.804294095648284468e+00
-8.798627831420263945e+00
-8.795698411351922985e+00
-8.795277662528082629e+00
-8.820621853415026692e+00
-8.825717200955438102e+00
-8.911540103357443954e+00
-8.954755713950794060e+00
-8.959576935762743943e+00
-8.957826769612914575e+00
-8.891443842695833766e+00
-8.888847208084495577e+00
-8.903292978825955828e+00
-8.906550336149585689e+00
-8.907325402234613776e+00
-8.910591930278584982e+00
-8.933421741560737317e+00
-8.914249769205305540e+00
-8.914986686381897840e+00
-8.921730799882890750e+00
-8.915118726214009470e+00
-8.918628571390113891e+00
-8.906438669296294464e+00
-8.903818545367540693e+00
-8.990898601462903983e+00
-8.992024175252231188e+00
-8.993068941865516308e+00
-8.989429460997181209e+00
-8.989798866679821643e+00
-8.993205035632165334e+00
-9.011771719327995811e+00
-9.010528200167364332e+00
-9.001803760300729707e+00
-9.002187997511487794e+00
-9.009410216184628339e+00
-8.999948471378520054e+00
-8.997375384519076036e+00
-9.003974565297022892e+00
-8.999088188908105579e+00
-9.000051677877809908e+00
-9.016122501206043083e+00
-9.014363062081104161e+00
-9.014732306195821110e+00
-9.009467104700457085e+00
-9.006892780191853021e+00
-9.009503901841718232e+00
-8.999253285141005421e+00
-8.994950036479368194e+00
-8.992406285185452930e+00
-8.956690809604204162e+00
-8.956087003232470423e+00
-8.956378160480211292e+00
-8.966562820032770276e+00
-8.883458507985624308e+00
-8.909930438950919296e+00
-8.914362101563014562e+00
-8.891070319506704678e+00
-8.890814205525554570e+00
-8.892893561856938689e+00
-8.875922767629241150e+00
-8.866574500822997251e+00
-8.866046013492784539e+00
-8.869641432326602626e+00
-8.864810987577062207e+00
-8.890350296335222779e+00
-8.894057327855355410e+00
-8.891591406473018822e+00
-8.897264571047653448e+00
-8.902839748236246464e+00
-8.885404625244552435e+00
-8.924012873679775026e+00
-8.946169633651924968e+00
-8.945080940087212440e+00
-8.967239189459634829e+00
-8.957520896128807308e+00
-8.955287220084771960e+00
-8.811766612356812800e+00
-8.801504894298034287e+00
-8.880621134450580101e+00
-8.879202675527329447e+00
-8.882984189840726685e+00
-8.878187203441607167e+00
-8.878848084851151512e+00
-8.828374790578143561e+00
-8.797134478537349978e+00
-8.804141126110225812e+00
-8.806067474809989193e+00
-8.803497292847291433e+00
-8.804960338969898714e+00
-8.804201272837651970e+00
-8.735727453873737502e+00
-8.733718601494526723e+00
-8.727891949866894095e+00
-8.729626703433753576e+00
-8.721065481257745944e+00
-8.721688770436527349e+00
-8.726827932790891751e+00
-8.734378692626915353e+00
-8.738272922771040285e+00
-8.715799626039165915e+00
-8.717417258907230959e+00
-8.715210148655437195e+00
-8.714815055505647834e+00
-8.710676219729638348e+00
-8.711361306887283718e+00
-8.728465303144810505e+00
-8.718096193189712295e+00
-8.690849202294055331e+00
-8.669672491247704116e+00
-8.680664004741560191e+00
-8.678126400432807586e+00
-8.678869335126913498e+00
-8.681562557079539388e+00
-8.683828658608621964e+00
-8.667438857257906193e+00
-8.672409067252488057e+00
-8.669988596185261187e+00
-8.667676510327268602e+00
-8.663460092664223566e+00
-8.661869062500503702e+00
-8.673736206808541738e+00
-8.667091433422593028e+00
-8.668871472412828183e+00
-8.680093418948946038e+00
-8.676225335637928637e+00
-8.678310516623263027e+00
-8.676591320728920920e+00
-8.690940928618985595e+00
-8.686284455036135554e+00
-8.695149320387260516e+00
-8.697697163234924034e+00
-8.694547354765894909e+00
-8.697893610830394806e+00
-8.706114161262130224e+00
-8.709948505017955256e+00
-8.686453722878649586e+00
-8.684398120062150284e+00
-8.685021534405555244e+00
-8.687874514778913593e+00
-8.619830927568372658e+00
-8.639939657911638093e+00
-8.586148887743952685e+00
-8.596026690538206338e+00
-8.593469887398152096e+00
-8.591511215997313045e+00
-8.525271516657417337e+00
-8.522021988834190154e+00
-8.527474529728635844e+00
-8.530298702020090218e+00
-8.527343669692639239e+00
-8.523369801971165671e+00
-8.527900991076943882e+00
-8.505741066763043534e+00
-8.505399443813709937e+00
-8.502232899428838309e+00
-8.503433982596382279e+00
-8.483527660994131026e+00
-8.482921097386626030e+00
-8.471911349419773529e+00
-8.479684444531192966e+00
-8.492749680960548275e+00
-8.491925360181342697e+00
-8.490616844086721571e+00
-8.492459022951353020e+00
-8.493832106965024664e+00
-8.492423406799014529e+00
-8.488060854921105403e+00
-8.492276065036978849e+00
-8.519365610705236236e+00
-8.521886696633469427e+00
-8.486086646267279932e+00
-8.502614083106907472e+00
-8.500749168275689271e+00
-8.500912406584982151e+00
-8.503841728174597492e+00
-8.500902716045988683e+00
-8.501893928475594109e+00
-8.501454428018933029e+00
-8.507029261396525044e+00
-8.506158312108862418e+00
-8.509604845518309091e+00
-8.508690391390185681e+00
-8.502215059514194095e+00
-8.499775264971054511e+00
-8.511641913161833273e+00
-8.510172298901151677e+00
-8.492973987818805526e+00
