# 2*np.log[MAD(r)] for 100 flights; 1000 steps per flight; run 6 of 50; mu: 2.00; seed: 5
-2.403291268939023340e+01
-2.281785033753286740e+01
-2.136598979947548926e+01
-2.030799185203563795e+01
-2.019219146957782485e+01
-1.964281304947220619e+01
-1.909824748286687779e+01
-1.880785394498419549e+01
-1.869444156607771745e+01
-1.845012844757957282e+01
-1.828273723273293072e+01
-1.817679572815999833e+01
-1.820999300210550942e+01
-1.809678611546416604e+01
-1.801410824037836278e+01
-1.799176079419059349e+01
-1.774439113919688182e+01
-1.759227644874700758e+01
-1.725543070587432481e+01
-1.712689780890652358e+01
-1.722556858404265157e+01
-1.715732895357919574e+01
-1.661839202248523151e+01
-1.642230359749338930e+01
-1.628384793383365547e+01
-1.617631499008936302e+01
-1.603570216331642939e+01
-1.602219195418683384e+01
-1.593204231981228070e+01
-1.583600774938957656e+01
-1.567516440379981546e+01
-1.572074703216542879e+01
-1.542226300493365088e+01
-1.543581355271603073e+01
-1.515560724021682404e+01
-1.510167309769796518e+01
-1.507695093460513469e+01
-1.510557931884603455e+01
-1.507551742502006142e+01
-1.494289192921964116e+01
-1.498149406389490146e+01
-1.508223636165461556e+01
-1.500954060089771680e+01
-1.486033867456900914e+01
-1.485126363940818450e+01
-1.454617504515791460e+01
-1.454641131108241225e+01
-1.459858180979918885e+01
-1.445404134776944360e+01
-1.450983175167166728e+01
-1.450653932314220818e+01
-1.450691751090168147e+01
-1.455040032025027585e+01
-1.470064289801974944e+01
-1.465382314683861154e+01
-1.468839249656894452e+01
-1.467082636447802990e+01
-1.471046129929231938e+01
-1.468118434618975421e+01
-1.463392924457065369e+01
-1.472015386974130102e+01
-1.475499726038964887e+01
-1.481811122086200783e+01
-1.468243597072457973e+01
-1.469488653626446251e+01
-1.464322396461535192e+01
-1.463459534713214438e+01
-1.442370967101211399e+01
-1.431729422964724385e+01
-1.432621761650587189e+01
-1.434257519260657077e+01
-1.437061872723218769e+01
-1.427965623755150659e+01
-1.429736582397958600e+01
-1.425356733807908327e+01
-1.430388825105460882e+01
-1.399955808947947489e+01
-1.401051858311612719e+01
-1.396323211047861079e+01
-1.402875683694361619e+01
-1.407732161998204745e+01
-1.400612307298927384e+01
-1.415714197372062699e+01
-1.416132448672550659e+01
-1.406273435691456974e+01
-1.401427518050758891e+01
-1.402647632312822878e+01
-1.403052177972741532e+01
-1.406926927148012219e+01
-1.404220450675369314e+01
-1.405281815336543616e+01
-1.413874320507639659e+01
-1.413661137388513112e+01
-1.400856754663697146e+01
-1.398899021322113967e+01
-1.394662768706516154e+01
-1.389648539894866452e+01
-1.372510655848240368e+01
-1.371531044344693484e+01
-1.369632585919445589e+01
-1.374324336420220583e+01
-1.381763082955167832e+01
-1.370200577654112628e+01
-1.370185411616631654e+01
-1.371007789227616946e+01
-1.347321096388610329e+01
-1.344568897116761086e+01
-1.344289357133572516e+01
-1.345779395098589148e+01
-1.340237385083310073e+01
-1.334574430118935418e+01
-1.331167866712256220e+01
-1.331661427587184754e+01
-1.330146069837954137e+01
-1.335160217147771178e+01
-1.332677927734004797e+01
-1.329406486055355607e+01
-1.327508960356136392e+01
-1.318662856399706129e+01
-1.319183810768114284e+01
-1.323464010102670052e+01
-1.322837779446350481e+01
-1.300255108338643595e+01
-1.301057100361942176e+01
-1.298560894828064249e+01
-1.289183889021099816e+01
-1.284293490103034152e+01
-1.284392262797658901e+01
-1.290624810198244532e+01
-1.288997971724337788e+01
-1.289095473994574981e+01
-1.291506471254982102e+01
-1.296486729634465007e+01
-1.293956321635079121e+01
-1.292856320764049549e+01
-1.286094360755773636e+01
-1.288813400036088197e+01
-1.277234195843583997e+01
-1.273312525786473692e+01
-1.273495556268652251e+01
-1.255180121805651083e+01
-1.245576323563871313e+01
-1.244960521496458661e+01
-1.262203128565865917e+01
-1.254470217457897085e+01
-1.256334582809164679e+01
-1.254655286350347687e+01
-1.265424734563776354e+01
-1.263143008971059089e+01
-1.267630228049260666e+01
-1.265176815445740743e+01
-1.265220756241892630e+01
-1.265341132572204152e+01
-1.261265260013825440e+01
-1.258170402521063380e+01
-1.253764306061787437e+01
-1.257537913683290398e+01
-1.258926888933866550e+01
-1.264144922797206227e+01
-1.266185094626840879e+01
-1.254288052788126784e+01
-1.254990586621940274e+01
-1.253885225538192927e+01
-1.254032195265699556e+01
-1.243007844282817409e+01
-1.244090432352834341e+01
-1.241356226550406205e+01
-1.241782814525535450e+01
-1.246412508981786793e+01
-1.247058195579660023e+01
-1.230428584436802630e+01
-1.232324358202641079e+01
-1.238828771441870558e+01
-1.240533937850893942e+01
-1.234372127875133884e+01
-1.238813168560228561e+01
-1.236728769594213162e+01
-1.233786881167584326e+01
-1.237883451961105585e+01
-1.231639876387542998e+01
-1.231505623639414715e+01
-1.230825756301650742e+01
-1.235395975801554513e+01
-1.232825718567360163e+01
-1.237384212303208209e+01
-1.244876070419141456e+01
-1.248294853763207790e+01
-1.251061419339935910e+01
-1.249156121808096387e+01
-1.246877571133073381e+01
-1.247859790785488165e+01
-1.242542887508445659e+01
-1.251005564599054409e+01
-1.245483604862684501e+01
-1.251363717039729195e+01
-1.251834556461642300e+01
-1.251930906059354953e+01
-1.250489869438580826e+01
-1.248302864807142143e+01
-1.249150546228032255e+01
-1.244437497515265711e+01
-1.243994307531292343e+01
-1.243988311541082226e+01
-1.243062348834547670e+01
-1.242701997661336932e+01
-1.241510440550713490e+01
-1.241862076503259082e+01
-1.242137308667832230e+01
-1.242568726307782434e+01
-1.242427687937648884e+01
-1.242133759423827577e+01
-1.240395083886523153e+01
-1.237677763991499802e+01
-1.237882489113311912e+01
-1.235930896317636218e+01
-1.236005755216459789e+01
-1.239904356415704179e+01
-1.241451622219259576e+01
-1.249025887532184065e+01
-1.246885816411050740e+01
-1.252195039272335997e+01
-1.253411458641987686e+01
-1.251599813010290951e+01
-1.249488656745408832e+01
-1.250901656530446004e+01
-1.255441323076361826e+01
-1.252854744951939203e+01
-1.252008290538772606e+01
-1.248990280145405585e+01
-1.244929159917752948e+01
-1.246732057738726063e+01
-1.249749889734227715e+01
-1.246615506336655699e+01
-1.241998784137556555e+01
-1.242556644579624425e+01
-1.241600421485512129e+01
-1.233130779966731971e+01
-1.231278875714107279e+01
-1.238040348011728042e+01
-1.236832020043945057e+01
-1.231769700033405179e+01
-1.230084825662766868e+01
-1.239558366111944565e+01
-1.241047085385373805e+01
-1.242256553984915790e+01
-1.243264939217178089e+01
-1.247229902680148150e+01
-1.250727928175604120e+01
-1.250546311756386331e+01
-1.249384974949033733e+01
-1.248518293415467539e+01
-1.242270739919272060e+01
-1.244786381334718861e+01
-1.245223316813024539e+01
-1.245354875692631502e+01
-1.247808001035070014e+01
-1.242921317204871379e+01
-1.241292881412709548e+01
-1.241137311944814137e+01
-1.243892187984211262e+01
-1.245093243590119947e+01
-1.244722699921368303e+01
-1.244078900849892300e+01
-1.240609498917122799e+01
-1.237068085253572391e+01
-1.237639988323779505e+01
-1.243117132447002504e+01
-1.244633099543035648e+01
-1.244099436851673346e+01
-1.242465192259473383e+01
-1.246827845970116222e+01
-1.242874641524131540e+01
-1.237829183782694997e+01
-1.239209452129629163e+01
-1.241468270518931227e+01
-1.234318609146036039e+01
-1.234330808672294388e+01
-1.237214449394493343e+01
-1.243703406096445718e+01
-1.243102854143728209e+01
-1.237102227342164085e+01
-1.240471372672069528e+01
-1.242815125109889429e+01
-1.241675348230769238e+01
-1.242321866340195946e+01
-1.237567868923104264e+01
-1.237095730649712699e+01
-1.229444356144711925e+01
-1.230900943287424631e+01
-1.232305256921330994e+01
-1.232244808850743922e+01
-1.232848125108075976e+01
-1.242461857424646432e+01
-1.243967614855476889e+01
-1.242358510873673438e+01
-1.240009501961266558e+01
-1.240434242884936999e+01
-1.238719293859868209e+01
-1.235698626155605417e+01
-1.235712194360443839e+01
-1.231214352332179729e+01
-1.228411275614048215e+01
-1.218794966041818206e+01
-1.216698392377066362e+01
-1.209113101138651380e+01
-1.209364654260715710e+01
-1.209121647628534468e+01
-1.209707342803110919e+01
-1.217555832907419600e+01
-1.218172995331633324e+01
-1.213039626533796422e+01
-1.212834199572113825e+01
-1.214316505354373454e+01
-1.212172246394862540e+01
-1.212305770927206794e+01
-1.211392201522568790e+01
-1.207143711521766782e+01
-1.196441691712617938e+01
-1.196064389573870379e+01
-1.194918101725425430e+01
-1.189055173951066990e+01
-1.190158080362137127e+01
-1.189745752425013592e+01
-1.190648547025849879e+01
-1.188499195842531897e+01
-1.188313966128280086e+01
-1.184945949914687269e+01
-1.189057516459102715e+01
-1.192814622282300085e+01
-1.192594629635605941e+01
-1.192923142896343158e+01
-1.187450678664404613e+01
-1.186764642919445656e+01
-1.183613317970055334e+01
-1.186218986216293203e+01
-1.187590798301110162e+01
-1.186351786411150222e+01
-1.188562636717566789e+01
-1.186441397751305793e+01
-1.188349834570659880e+01
-1.189323313732472087e+01
-1.191016212819511999e+01
-1.189066658270724020e+01
-1.189940877952078324e+01
-1.191924023130335897e+01
-1.192580840700576239e+01
-1.190464135001464818e+01
-1.190508637580292550e+01
-1.177535755394856842e+01
-1.178527516823289290e+01
-1.179598100540712480e+01
-1.178732270163238915e+01
-1.179470115580523348e+01
-1.178112707809338922e+01
-1.175255565071648256e+01
-1.169243165232549764e+01
-1.168985951691985647e+01
-1.171425477626423373e+01
-1.170050957650373391e+01
-1.164966145320603630e+01
-1.165810847569582975e+01
-1.163713409664479137e+01
-1.160596709498309664e+01
-1.152243841478120778e+01
-1.157446403885386843e+01
-1.157905519039398889e+01
-1.158101985114152477e+01
-1.158953213639293622e+01
-1.157941078699953330e+01
-1.158114191739610277e+01
-1.158986840382510586e+01
-1.156644597370670979e+01
-1.153403532764539818e+01
-1.150149169256525461e+01
-1.150474641924998487e+01
-1.150485311914595954e+01
-1.151673441279936405e+01
-1.149954547095329005e+01
-1.149469012518041389e+01
-1.144607288458403360e+01
-1.142851339106347730e+01
-1.127778248639976866e+01
-1.126759283688718227e+01
-1.126167366014002802e+01
-1.126848744587331907e+01
-1.130061440406795725e+01
-1.131652133028068441e+01
-1.131828440440208183e+01
-1.132946472634079527e+01
-1.137978366298461452e+01
-1.126761218316138979e+01
-1.127031598185122441e+01
-1.125983281005042080e+01
-1.122811288936247287e+01
-1.122469041274581159e+01
-1.124494781971073820e+01
-1.122853828157213130e+01
-1.121938544113998404e+01
-1.112551453273668756e+01
-1.112962122818225552e+01
-1.114147021364779278e+01
-1.114805996341726768e+01
-1.112855413414830608e+01
-1.115048862320285572e+01
-1.115663635998443404e+01
-1.116855008408312777e+01
-1.121639062190353364e+01
-1.112715063942677496e+01
-1.113070112721172222e+01
-1.111680008874549941e+01
-1.111613336489296167e+01
-1.111725683678565879e+01
-1.111636897487134590e+01
-1.118463506749145964e+01
-1.116327993056818180e+01
-1.119384221889818676e+01
-1.116385503055057882e+01
-1.118917849295461053e+01
-1.110871287701219856e+01
-1.113746135648953484e+01
-1.113941308632289484e+01
-1.113788958465384660e+01
-1.114439151705417963e+01
-1.113024615938831907e+01
-1.112847891131186628e+01
-1.115079996943797980e+01
-1.115242518184385823e+01
-1.116959247485900697e+01
-1.120351655032891891e+01
-1.111863756274482640e+01
-1.093707706837676419e+01
-1.090964845203114209e+01
-1.090720134172127587e+01
-1.090924886004559724e+01
-1.090074055610558901e+01
-1.110106758141974126e+01
-1.106186328654099071e+01
-1.103510054466435975e+01
-1.105611128803888832e+01
-1.102417345527286763e+01
-1.103627428219906825e+01
-1.100671463840489572e+01
-1.102851440018988782e+01
-1.103107957630970759e+01
-1.103716862885917571e+01
-1.105739278049769325e+01
-1.106238493493191832e+01
-1.105793449223298985e+01
-1.107037862511164583e+01
-1.106586053323106889e+01
-1.106109954953356578e+01
-1.108554696502402770e+01
-1.107754872558167847e+01
-1.105622996639879041e+01
-1.091361425298572030e+01
-1.096651190126106101e+01
-1.095710648990903557e+01
-1.095719409057223537e+01
-1.104672950946318721e+01
-1.104384702063078905e+01
-1.104045546819366486e+01
-1.104245508672721954e+01
-1.102625209710902254e+01
-1.096223206103019798e+01
-1.096881092084128539e+01
-1.097677249874998928e+01
-1.097887171869428791e+01
-1.098504052877429693e+01
-1.097975053501447640e+01
-1.091354520046344412e+01
-1.091988944693011199e+01
-1.093111094040284925e+01
-1.093349007053684474e+01
-1.092456947787737853e+01
-1.091897390509081944e+01
-1.070757790710243818e+01
-1.075877698318045894e+01
-1.076759132186169410e+01
-1.079191724007235109e+01
-1.080897639081328698e+01
-1.080905949268539779e+01
-1.074639192166407220e+01
-1.073873853497909892e+01
-1.059633291705895886e+01
-1.060847784884059308e+01
-1.061876332359326902e+01
-1.061932508651326934e+01
-1.062203765953954182e+01
-1.059108220455167348e+01
-1.058822532926444460e+01
-1.058666168419782316e+01
-1.059646950856331138e+01
-1.061492680363173946e+01
-1.061167298919005120e+01
-1.061656355468484669e+01
-1.059863198066901546e+01
-1.058850930012187064e+01
-1.060005158369591882e+01
-1.058900638605973121e+01
-1.059382416123506943e+01
-1.059364523159848126e+01
-1.050240125220471832e+01
-1.049204531994594092e+01
-1.049447449067362470e+01
-1.049939056344421751e+01
-1.050998981129138166e+01
-1.045595222469012953e+01
-1.047588225449186261e+01
-1.045604653759349567e+01
-1.049545427939419540e+01
-1.050123238813196735e+01
-1.048829004904789208e+01
-1.041490503211543484e+01
-1.041693780410185788e+01
-1.042534692546749753e+01
-1.042380153856842995e+01
-1.041345917662829734e+01
-1.041588622389990881e+01
-1.039648361681047639e+01
-1.039550011643584426e+01
-1.038710008369732840e+01
-1.038766427991637187e+01
-1.036614316997689578e+01
-1.039119104604410637e+01
-1.035990677153692729e+01
-1.040262205606599188e+01
-1.040732156272576603e+01
-1.039910735108861140e+01
-1.039083248621852462e+01
-1.029191786991582269e+01
-1.030915333682064627e+01
-1.033179442309469209e+01
-1.033193024863804332e+01
-1.034104334978425399e+01
-1.041390770041202707e+01
-1.041212327565522600e+01
-1.046182264547990926e+01
-1.044320892113443300e+01
-1.046122636283561569e+01
-1.038981706319275489e+01
-1.036490994245355601e+01
-1.035383970421443323e+01
-1.037444727845248060e+01
-1.037930717490243637e+01
-1.036616811010029338e+01
-1.036184075396251281e+01
-1.037940077263554350e+01
-1.034594076750127201e+01
-1.038382173489689286e+01
-1.037873022123370248e+01
-1.038533522610571325e+01
-1.041277332926212651e+01
-1.040992511150473732e+01
-1.041469594773645824e+01
-1.042084767186939942e+01
-1.041019795187658659e+01
-1.041388111816282169e+01
-1.037286168058350277e+01
-1.038391437314005472e+01
-1.038333799658801659e+01
-1.037859812104795587e+01
-1.036349937285487677e+01
-1.036357134407028369e+01
-1.037607915034727490e+01
-1.038027076653772163e+01
-1.038742231296968832e+01
-1.037254609291004570e+01
-1.036469735149106519e+01
-1.037079424123028737e+01
-1.036860218920109666e+01
-1.037284721563786150e+01
-1.037116375649476829e+01
-1.036406730672502619e+01
-1.035393880101423214e+01
-1.030474324333321512e+01
-1.029927432848996993e+01
-1.031200422777824421e+01
-1.028323194351460224e+01
-1.027754377973585775e+01
-1.026974648808299584e+01
-1.026386598403540695e+01
-1.028268462468931332e+01
-1.029287807860826831e+01
-1.029084710696895932e+01
-1.030744192702833750e+01
-1.030286484068805208e+01
-1.030385004058317833e+01
-1.030482875994022329e+01
-1.030778799532135714e+01
-1.030701851161886928e+01
-1.024496395646964686e+01
-1.024148094075512994e+01
-1.024915191133870351e+01
-1.023819946485166099e+01
-1.023574231244057842e+01
-1.024231591488107718e+01
-1.028558169715251758e+01
-1.028877264565556615e+01
-1.028419236981750906e+01
-1.024061601959600409e+01
-1.025834356585180451e+01
-1.025724791467247243e+01
-1.026126897223625534e+01
-1.030310702878339590e+01
-1.031889641271326852e+01
-1.028554737479099401e+01
-1.031525049172475939e+01
-1.029000992198615450e+01
-1.028662639640059950e+01
-1.023724848251150199e+01
-1.027680327029498208e+01
-1.025442301727624006e+01
-1.021591516163278790e+01
-1.029979844568853231e+01
-1.031406147596654321e+01
-1.032173546785561591e+01
-1.032588484843351750e+01
-1.032553773303716049e+01
-1.039617360805310753e+01
-1.039477017475094911e+01
-1.038568098536534734e+01
-1.038806409418837440e+01
-1.031912962605688833e+01
-1.032460768008986740e+01
-1.026595126834360627e+01
-1.026435703514469644e+01
-1.029751462284731467e+01
-1.036612749542969780e+01
-1.036676111734770522e+01
-1.034429594268951469e+01
-1.036301642085764385e+01
-1.043192537390262942e+01
-1.044455701103101397e+01
-1.044135575411025130e+01
-1.046490793084203830e+01
-1.045006162331963040e+01
-1.044809300135158381e+01
-1.037736543660951227e+01
-1.039223723754376216e+01
-1.029047659704137452e+01
-1.027955201128440343e+01
-1.027461157203745401e+01
-1.020855145718411272e+01
-1.021368814075247933e+01
-1.022571864177993461e+01
-1.021566053158794496e+01
-1.019659127436593238e+01
-1.020756100859277993e+01
-1.008952686248104769e+01
-1.013539240313827605e+01
-1.019761718455629840e+01
-1.018551284112429478e+01
-1.019567409964623117e+01
-1.022185847276277926e+01
-1.022832900750817586e+01
-1.023330573695167622e+01
-1.022542697386916366e+01
-1.021774298089588306e+01
-1.022124914036523791e+01
-1.021577422443881389e+01
-1.021477500201971189e+01
-1.017322593981364065e+01
-1.017665628338202843e+01
-1.017265977430177770e+01
-1.017213552270871801e+01
-1.016843999422211020e+01
-1.011843034801572472e+01
-1.011289089820376752e+01
-1.013094978189456086e+01
-1.022782756036762208e+01
-1.023460865179490398e+01
-1.020490165515622927e+01
-1.010087925916390184e+01
-1.010640564042386913e+01
-1.011072383276469822e+01
-1.011388498835708738e+01
-1.011502582412007456e+01
-1.011125995618087359e+01
-1.005017854669354804e+01
-1.004823066874500448e+01
-1.003471509077265189e+01
-1.003528074938372150e+01
-1.005031171184946182e+01
-1.004506254686300437e+01
-1.004001674721938819e+01
-1.007185271039242735e+01
-1.007892755437861787e+01
-1.000834699194132149e+01
-1.001305623627141728e+01
-1.003479854223250811e+01
-1.011239357429008301e+01
-1.012962300631981449e+01
-1.012855283686063501e+01
-1.012321170803546977e+01
-1.011792744380436027e+01
-1.005886970117069268e+01
-1.005853637445483706e+01
-1.005462420391709522e+01
-1.005307501147075655e+01
-1.005208370120711336e+01
-1.005168752964175738e+01
-1.005633499198351188e+01
-1.010626790780704631e+01
-1.010623299713127388e+01
-1.010347919389003835e+01
-1.009986131357201877e+01
-1.011552215780921671e+01
-1.010793715320283148e+01
-1.011323294748636314e+01
-1.008069830293700520e+01
-1.007069357989991332e+01
-1.006277391676812805e+01
-1.005945501077008686e+01
-1.007404864828903257e+01
-1.008104885469424516e+01
-1.008121406403547482e+01
-1.008662562189080703e+01
-1.008608609944814916e+01
-1.009005007409210819e+01
-1.010836907674854501e+01
-1.009982621491167087e+01
-1.009464454445790693e+01
-1.009887118491677072e+01
-1.009694610298831208e+01
-1.009880492821969256e+01
-1.008672694307486317e+01
-1.008488597453274060e+01
-1.002495279243858839e+01
-9.997777871952838069e+00
-1.000856253571409304e+01
-1.000413047570775404e+01
-9.991644437631650888e+00
-1.004040034136445136e+01
-9.999584654890938396e+00
-9.996080442192960547e+00
-9.949683726792850180e+00
-9.943091944517727043e+00
-9.941274944841266503e+00
-9.926735755004965966e+00
-9.960376677090870601e+00
-9.846473290084482244e+00
-9.852398591494859303e+00
-9.808501979536986326e+00
-9.811954454667615622e+00
-9.805242746662456099e+00
-9.810960921015807301e+00
-9.809975970623222352e+00
-9.824385165696197575e+00
-9.834290665486824068e+00
-9.836733500790746376e+00
-9.808474255684519250e+00
-9.799505997980412886e+00
-9.810698795301911801e+00
-9.819091336613880117e+00
-9.828963350256788800e+00
-9.837479750395841549e+00
-9.811368937818391700e+00
-9.797468428008347274e+00
-9.804939914970074000e+00
-9.772883989514419056e+00
-9.777988489679682260e+00
-9.774084520971452861e+00
-9.779894917046872749e+00
-9.796359654378585802e+00
-9.807919118771673439e+00
-9.812699795911489886e+00
-9.815069463868255184e+00
-9.797384376374516535e+00
-9.760877750161995436e+00
-9.755514117909839911e+00
-9.764768289790394462e+00
-9.752666703434426765e+00
-9.751698133420859449e+00
-9.748165165640143570e+00
-9.780881389178414764e+00
-9.800495216591718517e+00
-9.743890092679485804e+00
-9.754907991903746023e+00
-9.764418425726384854e+00
-9.734046681353278885e+00
-9.589104094680863000e+00
-9.669209775326729428e+00
-9.748883615414708714e+00
-9.675163617595217147e+00
-9.675407783611985835e+00
-9.647542086491782243e+00
-9.628267748256462255e+00
-9.637413473482849824e+00
-9.633327577948756826e+00
-9.638686309941402186e+00
-9.647461863613489896e+00
-9.654053272087905313e+00
-9.655743366712277620e+00
-9.657013628878573286e+00
-9.658262859900327513e+00
-9.643391129149572194e+00
-9.637362415411885763e+00
-9.663527602814083295e+00
-9.638784950377086602e+00
-9.635205227324799893e+00
-9.634552969107836873e+00
-9.635780974059953152e+00
-9.652286438114987988e+00
-9.650716684339361251e+00
-9.664638465520972943e+00
-9.660172100612644641e+00
-9.667094391179819723e+00
-9.664208857828866073e+00
-9.718924778783325280e+00
-9.714294957329711266e+00
-9.652850109652231225e+00
-9.650268579602942154e+00
-9.643994516084028135e+00
-9.641646732009951037e+00
-9.642289890074868808e+00
-9.643203247890316021e+00
-9.671656620274950100e+00
-9.669604798733034912e+00
-9.658737872907490640e+00
-9.653628368622921840e+00
-9.650503720440724464e+00
-9.690261282133114662e+00
-9.686931903132650845e+00
-9.680414689316680921e+00
-9.682814647835483512e+00
-9.683980414240085821e+00
-9.695304037934359798e+00
-9.695167264238426341e+00
-9.706164454054221125e+00
-9.692896522108501500e+00
-9.698923562603505744e+00
-9.686175117435691817e+00
-9.639836184698303612e+00
-9.679777336483473604e+00
-9.695337417230447841e+00
-9.644007711672097471e+00
-9.625431348754787564e+00
-9.629107292211113389e+00
-9.645914963411295062e+00
-9.649160142560702980e+00
-9.615117154719852621e+00
-9.671797188227840181e+00
-9.671093296211637380e+00
-9.672849903213389666e+00
-9.686198832534444136e+00
-9.687723260459080166e+00
-9.690762402404432763e+00
-9.565530252615319640e+00
-9.557664673299338887e+00
-9.551870551219055372e+00
-9.552569368549388429e+00
-9.604281147793702900e+00
-9.555946426913219938e+00
-9.552172242814203074e+00
-9.551555996912099999e+00
-9.551826544161416521e+00
-9.607761786018246042e+00
-9.601923093542893639e+00
-9.607306173942111727e+00
-9.609666496210827802e+00
-9.622651902226420972e+00
-9.583760845805301187e+00
-9.597976130444481058e+00
-9.665405999578801755e+00
-9.683674712416099339e+00
-9.690430075665682708e+00
-9.693470443784589108e+00
-9.691644673535122934e+00
-9.608051190343370962e+00
-9.624671056678375081e+00
-9.567431015564640262e+00
-9.569509413503878292e+00
-9.569908068710931914e+00
-9.572605043005248504e+00
-9.584496406355128784e+00
-9.597392225652964015e+00
-9.600563495174721851e+00
-9.598979767979361810e+00
-9.601386736469281757e+00
-9.621940261450593113e+00
-9.524882026266295654e+00
-9.524605126700070201e+00
-9.528103278644532992e+00
-9.522805198754664247e+00
-9.526708706252142278e+00
-9.496108007330310130e+00
-9.487883531521676517e+00
-9.477902414540762877e+00
-9.479010698751576314e+00
-9.375290592440888915e+00
-9.390631257441157231e+00
-9.407244477697249252e+00
-9.406239507866777316e+00
-9.410320437059528587e+00
-9.411516925585322824e+00
-9.496857937221406587e+00
-9.421201318713347206e+00
-9.419101142406548277e+00
-9.423538254420400051e+00
-9.439807682434095071e+00
-9.441481475450487437e+00
-9.441480767593153800e+00
-9.449242193136937473e+00
-9.448600704907796910e+00
-9.449599663351667900e+00
-9.448147334520994534e+00
-9.431477259257736279e+00
-9.428745687390241770e+00
-9.418685521922334658e+00
-9.414342765810975067e+00
-9.415433127853633621e+00
-9.348958159259577627e+00
-9.335481186736762638e+00
-9.330571306692448275e+00
-9.321156330099990228e+00
-9.316662841805884554e+00
-9.311331279542434558e+00
-9.309160353026761925e+00
-9.427747806222376070e+00
-9.424531747132572690e+00
-9.424488953363853838e+00
-9.418046865324891215e+00
-9.421674968037478948e+00
-9.428407656919548074e+00
-9.430136388719647655e+00
-9.431635444838052607e+00
-9.423057630289470410e+00
-9.423183827718432326e+00
-9.422183351323992540e+00
-9.421460300257477272e+00
-9.378022311831015756e+00
-9.375228766040230255e+00
-9.378020325573526605e+00
-9.390991526304260262e+00
-9.394257804088205432e+00
-9.404884017456286216e+00
-9.406104598834660990e+00
-9.222833927469391568e+00
-9.222966247676046336e+00
-9.229424048981465845e+00
-9.230728644112170755e+00
-9.201801270877471239e+00
-9.292622271572707149e+00
-9.294130013352951636e+00
-9.293625329111028677e+00
-9.242197710903397478e+00
-9.252587026425572958e+00
-9.252579989563626484e+00
-9.429263361208189309e+00
-9.453473532273154234e+00
-9.449308195185563974e+00
-9.435812791091880314e+00
-9.431818124283834592e+00
-9.426862840783435615e+00
-9.432112408117081515e+00
-9.186775536130841857e+00
-9.158299090935758002e+00
-9.227464059732154666e+00
-9.240982578743702547e+00
-9.239975101385507372e+00
-9.239902949940999477e+00
-9.248188699370993859e+00
-9.241518211772659086e+00
-9.253200330428631659e+00
-9.255966786226970555e+00
-9.252950118169303906e+00
-9.257511973250762694e+00
-9.035582564311630094e+00
-9.030702779945821490e+00
-9.006319350061863460e+00
-9.005567863371526371e+00
-9.013232570199731342e+00
-9.015073265650903167e+00
-9.025852769852757973e+00
-9.025788520424240957e+00
-9.010421026842594827e+00
-9.015550478466373363e+00
-9.013686035791053541e+00
-8.971128192215433117e+00
-9.009896203294466943e+00
-9.018669087618585323e+00
-9.018064556061863968e+00
-9.020505848679029270e+00
-9.021222786287653506e+00
-9.015723953331557183e+00
-9.010631845858698696e+00
-8.937491877222477399e+00
-8.937961366788421458e+00
-8.901042130461688018e+00
-8.895082019363915293e+00
-8.905191217087651268e+00
-8.906815221658776593e+00
-8.917871448677949786e+00
-8.927869233402883964e+00
-8.926946654341881171e+00
-8.934401082299624264e+00
-8.937000614619016403e+00
-8.931961463509860977e+00
-8.935260199042431850e+00
-8.924467750255402620e+00
