# 2*np.log[MAD(r)] for 100 flights; 1000 steps per flight; run 31 of 50; mu: 2.00; seed: 30
-2.342433873887496887e+01
-2.125311351589260411e+01
-2.070047722827501957e+01
-2.022533721001749996e+01
-1.937094107073058069e+01
-1.913281249052984023e+01
-1.847562215943562336e+01
-1.814692108409388638e+01
-1.803428358835158107e+01
-1.779112519544457172e+01
-1.777204555743044168e+01
-1.780232461309624625e+01
-1.760949912591475908e+01
-1.734655477958558123e+01
-1.771470345483692910e+01
-1.765322597197357268e+01
-1.728460093445718471e+01
-1.720981287994441189e+01
-1.720971654249139249e+01
-1.689509105351799789e+01
-1.705189240224939340e+01
-1.693150939931684817e+01
-1.693510964783108363e+01
-1.686800578164309528e+01
-1.705559981178997475e+01
-1.702812431549891059e+01
-1.682970570672570432e+01
-1.663028048834670969e+01
-1.630602972478335033e+01
-1.632507580283607851e+01
-1.614310085102789571e+01
-1.583350184739912514e+01
-1.572386184827079880e+01
-1.572757308508433916e+01
-1.575196003563413605e+01
-1.575075374146723739e+01
-1.565230516996357224e+01
-1.560205120488994979e+01
-1.560704884088420030e+01
-1.563033981097695957e+01
-1.565588362392124111e+01
-1.550984784670944983e+01
-1.518791829651014780e+01
-1.519031038746668649e+01
-1.509031997293041627e+01
-1.515655665543297204e+01
-1.520768002304036237e+01
-1.523878523230559168e+01
-1.520840835629406307e+01
-1.516116434723610240e+01
-1.505516445827455918e+01
-1.505361030585571847e+01
-1.482206229753619375e+01
-1.487573052048687927e+01
-1.506294513600827223e+01
-1.495622306526754564e+01
-1.496223472966567769e+01
-1.485548898978523091e+01
-1.489032764852109203e+01
-1.491458985660758607e+01
-1.493269531213758938e+01
-1.487663613700816434e+01
-1.495804000551943069e+01
-1.487071243129889098e+01
-1.485070046151800227e+01
-1.478255935596391524e+01
-1.486599257687925224e+01
-1.489147999755666163e+01
-1.494491140484619152e+01
-1.489045840659711928e+01
-1.494958120047628469e+01
-1.493075331349661283e+01
-1.493518768806660724e+01
-1.491144264224418947e+01
-1.485409911884696044e+01
-1.486879644244383059e+01
-1.482967686358217030e+01
-1.476858285934846649e+01
-1.462306496998973060e+01
-1.451425048105871873e+01
-1.462456132209396031e+01
-1.454116259402332290e+01
-1.444673837698701568e+01
-1.445497805291126880e+01
-1.449820742579225019e+01
-1.439988590817423741e+01
-1.442212931123542852e+01
-1.439742588561557035e+01
-1.433176855301774566e+01
-1.430742480610152612e+01
-1.421796420940789574e+01
-1.406452905590940006e+01
-1.401900315547091758e+01
-1.383763625971392663e+01
-1.381736514955224493e+01
-1.381525145334479809e+01
-1.384240307367247347e+01
-1.383356032641858491e+01
-1.376024009642287993e+01
-1.373845407105140914e+01
-1.355190481371429279e+01
-1.354624104168098420e+01
-1.349970086302579908e+01
-1.350277977616893388e+01
-1.352651597357233548e+01
-1.346963105325480115e+01
-1.340395653645792606e+01
-1.336980599712455842e+01
-1.337678011805312295e+01
-1.340803795013344768e+01
-1.339117156472446624e+01
-1.339615674773010134e+01
-1.334304817592957804e+01
-1.349971467690360427e+01
-1.346014950105883656e+01
-1.348468407112084577e+01
-1.341074346501539338e+01
-1.338310208120984690e+01
-1.334692133784625412e+01
-1.333201777544598698e+01
-1.323891768783908596e+01
-1.320175353451077882e+01
-1.309792557768081878e+01
-1.308651340255129014e+01
-1.310102655054239840e+01
-1.302564177311120019e+01
-1.300764952230564653e+01
-1.287802206302760055e+01
-1.288311988195413171e+01
-1.288122180216561929e+01
-1.289946289388534417e+01
-1.288975968130119298e+01
-1.294837312595418055e+01
-1.292608898800652462e+01
-1.288669635693383952e+01
-1.284508247555304727e+01
-1.281519342216680712e+01
-1.281411399887242730e+01
-1.282381579436759544e+01
-1.281711394399168036e+01
-1.280071111731523814e+01
-1.279743813600536662e+01
-1.285107716907563358e+01
-1.280966749241788705e+01
-1.278896697667694049e+01
-1.278806125826184470e+01
-1.295144818080128424e+01
-1.303719205090423294e+01
-1.303631697680810397e+01
-1.303652955063484775e+01
-1.295630953913755157e+01
-1.289223097230639148e+01
-1.299866866340697058e+01
-1.294841986532377121e+01
-1.299654924533659006e+01
-1.292536650510682428e+01
-1.295142421750132655e+01
-1.283606257163201292e+01
-1.289888801484225667e+01
-1.287308598452919206e+01
-1.285799689675309665e+01
-1.291165851877422810e+01
-1.286547282830905559e+01
-1.291337953011942830e+01
-1.291722695212365224e+01
-1.277649761286468966e+01
-1.296246158141822491e+01
-1.292091876691386076e+01
-1.289976842214297292e+01
-1.277064996696962140e+01
-1.279472219466906324e+01
-1.267261172049877693e+01
-1.264973917915190071e+01
-1.264007849703786057e+01
-1.263950204672666899e+01
-1.262301905736336138e+01
-1.259354571268288403e+01
-1.259781898562839864e+01
-1.261777583354627552e+01
-1.263777975917443896e+01
-1.252128499165210762e+01
-1.253724362720227248e+01
-1.234505986114118414e+01
-1.234933539498033994e+01
-1.233542426785000501e+01
-1.234077924253566216e+01
-1.237582619075482881e+01
-1.225975238228379283e+01
-1.218353408466754395e+01
-1.215896984922073898e+01
-1.208656166094786855e+01
-1.206259585823170433e+01
-1.213035938071162612e+01
-1.213778059137678333e+01
-1.208533155099225453e+01
-1.205660366061993116e+01
-1.205730872065067238e+01
-1.207540063546154130e+01
-1.199404642571985669e+01
-1.206909495666458021e+01
-1.199282906453450437e+01
-1.199704817527522316e+01
-1.199164419586856845e+01
-1.195710523069999454e+01
-1.196098838438811818e+01
-1.193733770065068356e+01
-1.193902195419941670e+01
-1.194487215384173240e+01
-1.194047090468044026e+01
-1.194424078333481276e+01
-1.199556792913537073e+01
-1.193866170851908848e+01
-1.193091233451021438e+01
-1.197114722273812149e+01
-1.197199869062716715e+01
-1.196111206593091936e+01
-1.194999100129372316e+01
-1.193629507088665775e+01
-1.190555059309969543e+01
-1.184226412043225096e+01
-1.184120982294357027e+01
-1.183538374527318560e+01
-1.177659111079150378e+01
-1.175377368484817531e+01
-1.181266106975708041e+01
-1.185945553296355470e+01
-1.180188901786690003e+01
-1.182610512411662462e+01
-1.183032266721696502e+01
-1.185152887623525153e+01
-1.176949164215230148e+01
-1.181464907126338559e+01
-1.178222187988158787e+01
-1.177736528488051171e+01
-1.180841583482832036e+01
-1.180090974634993906e+01
-1.180222230513587789e+01
-1.180743559191564351e+01
-1.183457919882163445e+01
-1.176185610305918772e+01
-1.178610898705875698e+01
-1.174969785318749338e+01
-1.182571571014240064e+01
-1.170827891204392657e+01
-1.178521672884067506e+01
-1.176036087423380039e+01
-1.169522152283254712e+01
-1.170643824069892602e+01
-1.175070459031912229e+01
-1.159628638387443011e+01
-1.152653801618328444e+01
-1.150738455951210604e+01
-1.151037034367100986e+01
-1.149396111945539189e+01
-1.156562044020086688e+01
-1.143018198613815706e+01
-1.145065912242488793e+01
-1.142353703033676915e+01
-1.144668856916186783e+01
-1.135798664821293080e+01
-1.130745017261622465e+01
-1.131936185109159787e+01
-1.136146254155743129e+01
-1.134949631662987990e+01
-1.132773899970161580e+01
-1.129342073354998455e+01
-1.125478098366127888e+01
-1.123714595897549984e+01
-1.123612714707625315e+01
-1.124795830878244374e+01
-1.124322492085252456e+01
-1.126551791189628027e+01
-1.125222295781476944e+01
-1.125833665394661587e+01
-1.129192290118271735e+01
-1.127515431232015608e+01
-1.128214024225662904e+01
-1.128058151286393951e+01
-1.127529343344469481e+01
-1.127391810642657433e+01
-1.128278169162167721e+01
-1.131740525986489665e+01
-1.135142874188133000e+01
-1.135336958058466372e+01
-1.132354626074917903e+01
-1.137481024631773963e+01
-1.132453538496739220e+01
-1.130756817024227701e+01
-1.131445073372218957e+01
-1.130901077185528614e+01
-1.130331050731506615e+01
-1.124385394984218678e+01
-1.126052449217312734e+01
-1.128022524752619304e+01
-1.129953280732681620e+01
-1.129211278511424510e+01
-1.130042344064592541e+01
-1.129156064681628457e+01
-1.133336805037735751e+01
-1.143240191676174078e+01
-1.140325502049810069e+01
-1.141308111693463800e+01
-1.125623760159641407e+01
-1.126444564866976528e+01
-1.127146956159348790e+01
-1.127724547242206832e+01
-1.127949012741108348e+01
-1.127419171199665548e+01
-1.137513201408495789e+01
-1.142174766213315351e+01
-1.145066051365583526e+01
-1.139185771401582237e+01
-1.138166535272225310e+01
-1.138970214410854176e+01
-1.140103243838125735e+01
-1.129726915653556141e+01
-1.118308376962401951e+01
-1.114780651782130327e+01
-1.115022277672710338e+01
-1.116364073211314789e+01
-1.122449412922267697e+01
-1.121537496859067673e+01
-1.112646847146990403e+01
-1.121218065774833761e+01
-1.120631021002115979e+01
-1.105191376026876249e+01
-1.104406578205366607e+01
-1.104104082907488760e+01
-1.106959776674131035e+01
-1.113508461465869459e+01
-1.110822810659129090e+01
-1.111157592819285966e+01
-1.111471594135346486e+01
-1.111212931938489312e+01
-1.110255920175448630e+01
-1.109758110166091072e+01
-1.109024105827324824e+01
-1.107418111197667798e+01
-1.102426183415308891e+01
-1.097499329645047084e+01
-1.096997903354745496e+01
-1.097843911541237993e+01
-1.098514298730863814e+01
-1.104965508937865160e+01
-1.107070680969773591e+01
-1.103487919924373983e+01
-1.105559731959109904e+01
-1.101064440201981043e+01
-1.100719456481879099e+01
-1.100448813970522899e+01
-1.095833141882828343e+01
-1.098941888255416366e+01
-1.098385739124563187e+01
-1.099121965633947262e+01
-1.103155291666581306e+01
-1.103411491127570443e+01
-1.102165870143226023e+01
-1.100167210091770897e+01
-1.101079558549998971e+01
-1.101482188634813575e+01
-1.103234136214029171e+01
-1.104393758357405630e+01
-1.104447240230263283e+01
-1.105767808870201563e+01
-1.106280612759324811e+01
-1.104476957427528028e+01
-1.103543660552998773e+01
-1.108755376590876729e+01
-1.108794819402312726e+01
-1.109051932953315855e+01
-1.107798336420833074e+01
-1.105387134039889929e+01
-1.105343661459641957e+01
-1.103221651076101928e+01
-1.101900283580162565e+01
-1.104571624573160626e+01
-1.098945717622818385e+01
-1.102688237499371837e+01
-1.103408351633483875e+01
-1.104900710902425054e+01
-1.104175244784197751e+01
-1.103708040159001236e+01
-1.103647855329940697e+01
-1.102846210683601669e+01
-1.103026210509769811e+01
-1.102325494079960322e+01
-1.102474390799959991e+01
-1.094589140240513814e+01
-1.085335912782120538e+01
-1.085249566921152464e+01
-1.089268927457467306e+01
-1.086577455732464337e+01
-1.087931288676166730e+01
-1.093108305001367597e+01
-1.092324472341191210e+01
-1.091906414146777671e+01
-1.093753624868439722e+01
-1.093246990750954772e+01
-1.091448839384460889e+01
-1.091428282114302029e+01
-1.091219633144664769e+01
-1.091141353595758545e+01
-1.083359425182768199e+01
-1.075088685164740276e+01
-1.075876134802747863e+01
-1.077259317574314146e+01
-1.072502963687899324e+01
-1.065402855144262340e+01
-1.063790358278924053e+01
-1.064097919352755817e+01
-1.064970192448691222e+01
-1.062384010984655092e+01
-1.062966504430816173e+01
-1.063168953903919878e+01
-1.060820074131372692e+01
-1.067271963661285383e+01
-1.074593133189595839e+01
-1.072014124494698351e+01
-1.071616951791430594e+01
-1.071031747676408408e+01
-1.060169204102792229e+01
-1.059535301379148819e+01
-1.061010498718158601e+01
-1.058034364812673722e+01
-1.061785059653260532e+01
-1.062713826273380135e+01
-1.062547992298273059e+01
-1.060977051839100760e+01
-1.061890995479342159e+01
-1.061725650124291853e+01
-1.061297866602482820e+01
-1.058912052796139669e+01
-1.054327951618785519e+01
-1.052043866428199692e+01
-1.053153337158175340e+01
-1.052641668759232907e+01
-1.051556780279376824e+01
-1.049381851276369204e+01
-1.035598392876337392e+01
-1.041540229783915983e+01
-1.040815837204652539e+01
-1.036037006201525656e+01
-1.036065955096086100e+01
-1.036145739974164570e+01
-1.042125852285346177e+01
-1.042772154212945956e+01
-1.042290128245115710e+01
-1.043888796612776559e+01
-1.042509594021003849e+01
-1.042207510940062498e+01
-1.042905218339490148e+01
-1.042793236100659371e+01
-1.042022005433982024e+01
-1.041763010609783535e+01
-1.044248300079982172e+01
-1.044333840359980137e+01
-1.038841525189203630e+01
-1.044479693357836148e+01
-1.045631372200377029e+01
-1.046107956116643045e+01
-1.045213593777519456e+01
-1.044492935116895893e+01
-1.043789742480256777e+01
-1.039407951990333778e+01
-1.045215697988205861e+01
-1.046043027838584827e+01
-1.038555587919577761e+01
-1.037915561290299671e+01
-1.038667497016082031e+01
-1.043178371420312622e+01
-1.043092730199655271e+01
-1.043410256803174185e+01
-1.045183116395922163e+01
-1.043146688821537538e+01
-1.037601296863438982e+01
-1.029569219158232229e+01
-1.028497418428912447e+01
-1.030790014510072794e+01
-1.032600600098789911e+01
-1.031766041674167234e+01
-1.030889596660944107e+01
-1.032752815719390327e+01
-1.031293552961543725e+01
-1.031683825238710561e+01
-1.030672305545242118e+01
-1.033002889395227442e+01
-1.032940555158960549e+01
-1.034482778740569486e+01
-1.033473530543376384e+01
-1.030946566143386534e+01
-1.031229815548435624e+01
-1.032405457180860964e+01
-1.037964620544405570e+01
-1.039163216295989400e+01
-1.040502988541739882e+01
-1.040232604704414499e+01
-1.040786416485150667e+01
-1.041265841414412385e+01
-1.039198268729466612e+01
-1.039002305925535907e+01
-1.037637576225586677e+01
-1.037949118351662037e+01
-1.039566143393634867e+01
-1.040362643915861440e+01
-1.037051250267538904e+01
-1.037343145229078090e+01
-1.031534128695250452e+01
-1.031634573896699969e+01
-1.031600461225503906e+01
-1.027609448139202009e+01
-1.027412164401939521e+01
-1.026736350732519121e+01
-1.026414523381092003e+01
-1.026344790227021697e+01
-1.026348110353022669e+01
-1.026564307967950285e+01
-1.024433839243917532e+01
-1.022744319437438776e+01
-1.024823143003192527e+01
-1.023514612001856605e+01
-1.027771045203125233e+01
-1.024193517139202747e+01
-1.027718675648198499e+01
-1.027584094934425885e+01
-1.029860353893015912e+01
-1.030275443242193312e+01
-1.031412906733463331e+01
-1.032513113213993527e+01
-1.033468742248447825e+01
-1.037727330006430648e+01
-1.037855293931401057e+01
-1.037533073403875328e+01
-1.037866502466200735e+01
-1.036473005452012153e+01
-1.036217018456658323e+01
-1.036237070582550146e+01
-1.037779658859390963e+01
-1.037020387924798115e+01
-1.037378649873357794e+01
-1.037492461979688763e+01
-1.035454931269452139e+01
-1.036606348708011538e+01
-1.038001420197606706e+01
-1.043318840776652223e+01
-1.044758586881273210e+01
-1.044659123436629500e+01
-1.043869505237100448e+01
-1.043687937462729742e+01
-1.043428736116855404e+01
-1.043693378240966929e+01
-1.043486611565619882e+01
-1.046364560717511338e+01
-1.040430124941316059e+01
-1.041287246304968939e+01
-1.040543920511010967e+01
-1.039840275266695357e+01
-1.039993212708997561e+01
-1.036251035918710173e+01
-1.036546735481659809e+01
-1.034342569278321200e+01
-1.035745045093374905e+01
-1.035375974378110620e+01
-1.035453731769321450e+01
-1.036019807099738443e+01
-1.036468664511651383e+01
-1.027427098650548842e+01
-1.025679053751078662e+01
-1.025503136620256939e+01
-1.027080651657493249e+01
-1.029496744431866873e+01
-1.034178279049370097e+01
-1.034536357566917175e+01
-1.032014033442239942e+01
-1.023259076135871659e+01
-1.022746262208733192e+01
-1.022828430647918196e+01
-1.022685788602612611e+01
-1.021868956941730922e+01
-1.021411081728418324e+01
-1.020359161936712944e+01
-1.022712979812173550e+01
-1.023916225354890486e+01
-1.025707922132389882e+01
-1.030790225311766584e+01
-1.029204295801766200e+01
-1.029906614919906183e+01
-1.030114533049017034e+01
-1.030393104890266720e+01
-1.029333445007256564e+01
-1.029732433235489708e+01
-1.033765000137658241e+01
-1.033958431031845926e+01
-1.034033987880045302e+01
-1.034346650206143181e+01
-1.033900001487973341e+01
-1.033801409197210042e+01
-1.039039155919622281e+01
-1.039497035156513149e+01
-1.039243289008550697e+01
-1.039630923920956640e+01
-1.039262018050663094e+01
-1.037815173193309271e+01
-1.034400047894118835e+01
-1.033679181731540631e+01
-1.033302857114996165e+01
-1.033827755499059720e+01
-1.034196142737354052e+01
-1.029782880459317873e+01
-1.022488982002443691e+01
-1.023810444114264229e+01
-1.035288112777970149e+01
-1.034603153002506026e+01
-1.031130222591840528e+01
-1.024637260431348196e+01
-1.025311744204261188e+01
-1.025879288456992100e+01
-1.025758883328951221e+01
-1.027064625629579275e+01
-1.026043394839442868e+01
-1.011937412061137920e+01
-1.010258457763799456e+01
-1.010172819319255488e+01
-1.013345503816537807e+01
-1.013166069453831675e+01
-1.015821275298661064e+01
-1.020466082278270115e+01
-1.020759972986750341e+01
-1.020562635892532199e+01
-1.024983633502583835e+01
-1.023777507636938822e+01
-1.005073242782914100e+01
-9.993828428237119255e+00
-9.999385152259725018e+00
-1.003799372610211371e+01
-1.002562937731559778e+01
-1.002891421410814132e+01
-1.003655393756555725e+01
-1.003442286985657006e+01
-1.007981881573076599e+01
-1.007881153682813036e+01
-1.007232354344852787e+01
-1.007000624535455380e+01
-1.006108617599822175e+01
-1.006911032515701621e+01
-1.007193678429896799e+01
-1.008273517767706551e+01
-1.008204356137072288e+01
-1.008759029524578033e+01
-1.007609840294014703e+01
-1.007667133066800780e+01
-1.007190685367159766e+01
-9.976755506188569100e+00
-9.975191268969066272e+00
-9.973277637256092731e+00
-9.974089609696566328e+00
-9.982590294688032273e+00
-9.979740631053156008e+00
-9.990587709454027632e+00
-9.949356002750525008e+00
-9.888616216231444156e+00
-9.894203081318478255e+00
-9.898928051634680259e+00
-9.901834050299935797e+00
-9.926030631375800439e+00
-9.840428769090088679e+00
-9.847637322664697379e+00
-9.831586420650959113e+00
-9.844359174877610030e+00
-9.839369225213232539e+00
-9.836944345542104173e+00
-9.839182488196488663e+00
-9.837880926279641614e+00
-9.808205404919554837e+00
-9.817471442612603738e+00
-9.826323190124321982e+00
-9.825978499316304848e+00
-1.000193885011686845e+01
-1.000622719452091403e+01
-1.006157954386622144e+01
-1.007949658049241393e+01
-1.008564616790562596e+01
-1.005987911663437728e+01
-1.007238768072260626e+01
-1.006213873868944475e+01
-1.009021845849071752e+01
-1.009056982540537639e+01
-1.009728911379106542e+01
-9.959215086400885042e+00
-9.980208908279214697e+00
-9.947722581348360293e+00
-9.952225338356848638e+00
-9.944440988484277710e+00
-9.943692607733746414e+00
-9.882391990201515597e+00
-9.885496276282797368e+00
-9.887123693804538149e+00
-9.878574187907990023e+00
-9.899414851837551765e+00
-9.887917495862541983e+00
-9.930976728945964283e+00
-9.927336866487648237e+00
-9.925916009838889664e+00
-9.886547556446295459e+00
-9.894249632183159449e+00
-9.895661444536797191e+00
-9.884664431770691095e+00
-9.879365976740448474e+00
-9.879100035997492313e+00
-9.873787107414599973e+00
-9.880290232139685713e+00
-9.882278716901321758e+00
-9.882558783432896732e+00
-9.877781445982661168e+00
-9.876546717301824430e+00
-9.879923924213976250e+00
-9.883636490317808665e+00
-9.895354409357629777e+00
-9.892430303119766677e+00
-9.889636497906240109e+00
-9.765805189832324373e+00
-9.777575915300346310e+00
-9.768346945360770306e+00
-9.762464360267504304e+00
-9.756191429576000829e+00
-9.753205670291956508e+00
-9.753853659295277367e+00
-9.746102135940047262e+00
-9.737109284682011534e+00
-9.737914808063143468e+00
-9.740548778200937008e+00
-9.726815033765683793e+00
-9.730400943107834877e+00
-9.769668619840667034e+00
-9.790968378089541346e+00
-9.817093693019437239e+00
-9.805947117332781460e+00
-9.807076609749010743e+00
-9.809872369441720252e+00
-9.757341387282675527e+00
-9.783177711009617639e+00
-9.791391007251039724e+00
-9.739104277388648256e+00
-9.748555330299065957e+00
-9.742036735094654176e+00
-9.739921801733355977e+00
-9.727709796871183201e+00
-9.605756983611943411e+00
-9.633079470233871788e+00
-9.597458172800992671e+00
-9.598982913760480074e+00
-9.596237665380364490e+00
-9.609349139401738071e+00
-9.588840389202154313e+00
-9.586385015445534563e+00
-9.603103063793057004e+00
-9.606892206354229913e+00
-9.594805475552258045e+00
-9.594271314359314573e+00
-9.633146941077136205e+00
-9.642946933905230722e+00
-9.643016319487808019e+00
-9.639604738314137222e+00
-9.636840925847707240e+00
-9.638624050128802523e+00
-9.654970595235118580e+00
-9.665276982941344741e+00
-9.667838315811950523e+00
-9.662599396623718917e+00
-9.661231799093812356e+00
-9.660536544390353697e+00
-9.641132392501891246e+00
-9.642085091656609208e+00
-9.646159282028559545e+00
-9.649672330452098379e+00
-9.650809120741300262e+00
-9.634986481106158962e+00
-9.656933739347570267e+00
-9.646510352776346053e+00
-9.637721467419350319e+00
-9.665754077302192826e+00
-9.666405232016844096e+00
-9.633477642148923437e+00
-9.639102751318931794e+00
-9.642142471576352847e+00
-9.620243105024091079e+00
-9.598691666344565832e+00
-9.595470768915131288e+00
-9.589662488656152561e+00
-9.585618277240078200e+00
-9.582640462229637279e+00
-9.495128916410234154e+00
-9.492342516125347629e+00
-9.499913594575465581e+00
-9.496847960767286878e+00
-9.487938196144272140e+00
-9.512202608021507189e+00
-9.500978433424869252e+00
-9.496889879325166817e+00
-9.494675922741986795e+00
-9.582170770101328117e+00
-9.592363410999976026e+00
-9.639148608740041979e+00
-9.624436173879564294e+00
-9.624454778320707504e+00
-9.627767418222729745e+00
-9.639427004477385097e+00
-9.650071125104775049e+00
-9.653201400038357249e+00
-9.649497920888526536e+00
-9.648989629833735648e+00
-9.525010025296740679e+00
-9.548029152597992564e+00
-9.571552924430440257e+00
-9.529203956132207054e+00
-9.488390193114559779e+00
-9.489368664972388956e+00
-9.535082824868327478e+00
-9.532528444989299743e+00
-9.439278779763032645e+00
-9.440097991478602069e+00
-9.446565667051977755e+00
-9.453387947874299257e+00
-9.418268341639487673e+00
-9.413809907145008538e+00
-9.418129479655179992e+00
-9.411344185982962074e+00
-9.421023548702462946e+00
-9.413817588854803020e+00
-9.412604178589420556e+00
-9.380354238669722733e+00
-9.410444497066228209e+00
-9.403568923836711946e+00
-9.394596331407990775e+00
-9.360240924752188718e+00
-9.366440978106034265e+00
-9.367177580896987266e+00
-9.365595725789388482e+00
-9.359431965424851896e+00
-9.363783951669681471e+00
-9.409743680751470052e+00
-9.404505450062144334e+00
-9.412937023503888057e+00
-9.405750008070651091e+00
-9.417533858776263145e+00
-9.414660821836633886e+00
-9.420857015641221466e+00
-9.419966871418038679e+00
-9.498485841660459172e+00
-9.518348841801522298e+00
-9.517741437507261537e+00
-9.516075747777751559e+00
-9.563830933740668172e+00
-9.558804207532727304e+00
-9.562728243060565347e+00
-9.568484846036728442e+00
-9.564414842505897241e+00
-9.544258614128201756e+00
-9.537820011481455751e+00
-9.547695986977338123e+00
-9.544482849657301315e+00
-9.528382890924589788e+00
-9.519504708902106316e+00
-9.519310594060291564e+00
-9.524903868580700816e+00
-9.527554118797656457e+00
-9.531738320968093703e+00
-9.514207266426090825e+00
-9.514245773564431019e+00
-9.510191685945535767e+00
-9.506589658141145094e+00
-9.495907098578104666e+00
-9.481513029286565697e+00
-9.477527132427820078e+00
-9.488991368749635669e+00
-9.486528509955373778e+00
-9.487708633879780251e+00
-9.491353813061838451e+00
-9.503486048273256159e+00
-9.508665460021616056e+00
-9.504578534779806631e+00
-9.454892330136891232e+00
-9.455025298177845983e+00
-9.465255216878704303e+00
-9.462354698733635772e+00
-9.454619298829490148e+00
-9.455717949117676824e+00
-9.456513270528995818e+00
-9.458637083270549084e+00
-9.453418909342666154e+00
-9.450042673083533629e+00
-9.451826737722573313e+00
-9.441461527830025346e+00
-9.450708316462851144e+00
-9.466321557587821900e+00
-9.463427626173064766e+00
-9.463111291163027516e+00
-9.444802031334436521e+00
-9.449791330422398161e+00
-9.410380995131960802e+00
-9.412250531089810579e+00
-9.411973951278353567e+00
-9.406067869318613717e+00
-9.401977692220631511e+00
-9.407855957437471162e+00
-9.454081965812374477e+00
-9.456979815348248053e+00
-9.374499954262569545e+00
-9.375837656736290882e+00
-9.380529994863671561e+00
-9.377758857664689529e+00
-9.378326031498906090e+00
-9.377534800373410917e+00
-9.378211209496614131e+00
-9.381898669073667207e+00
-9.355783956901404963e+00
-9.354885387896006321e+00
-9.420335336275991622e+00
-9.414305199751673570e+00
-9.397512957368636677e+00
-9.393292869555917690e+00
-9.382385304307788942e+00
-9.337150415595509401e+00
-9.337452929274524749e+00
-9.368014621829381383e+00
-9.366207439819651981e+00
-9.367481603570340098e+00
-9.381573493320960466e+00
-9.383721024090100116e+00
-9.422946647595638936e+00
-9.414035688494958976e+00
-9.410193417047716835e+00
-9.412724345650021363e+00
-9.439959264202407496e+00
-9.467379106065552108e+00
-9.466914233256220612e+00
-9.480718185232065665e+00
-9.399617075169684810e+00
-9.399727727177257464e+00
-9.390219194496541633e+00
-9.389784602430125915e+00
-9.429679510523293118e+00
-9.431771233169182977e+00
-9.432013755472810956e+00
-9.431320066159326387e+00
-9.426460474694096092e+00
-9.370417615077821338e+00
-9.388013312101797680e+00
-9.392295576350356612e+00
-9.390855152833339048e+00
-9.407441561684064979e+00
-9.365541281014028385e+00
-9.369832236496264954e+00
-9.359875753815114052e+00
-9.362372463085316454e+00
-9.387895400060777717e+00
-9.392816366209213896e+00
-9.386619025387705761e+00
-9.404656848795406532e+00
-9.367991250225992772e+00
-9.369651392544392721e+00
-9.369629066661358863e+00
-9.371906460974596342e+00
-9.370971902517714724e+00
-9.369639410440134597e+00
-9.423557317790242749e+00
-9.425497721366925319e+00
-9.424917166661501255e+00
-9.419850476671610906e+00
-9.418040109508691415e+00
-9.360544670140011903e+00
-9.352076219914666311e+00
-9.350070168608038301e+00
-9.352530028357080027e+00
-9.341875219261760677e+00
-9.343168305793254191e+00
-9.384271148068114243e+00
-9.332420590427782159e+00
-9.335350306405521437e+00
-9.334694199180338714e+00
-9.434732681101683838e+00
-9.434742452923643441e+00
-9.328259803504455050e+00
-9.327039023972838905e+00
-9.329442419694530031e+00
-9.319629030123250502e+00
-9.302613673218791845e+00
-9.305453689913406379e+00
-9.309040796735247980e+00
-9.285734190351325523e+00
-9.281635426008232770e+00
-9.283713965697877768e+00
-9.359784275439984924e+00
-9.360408836862344373e+00
-9.368473262371308508e+00
-9.362988909125339987e+00
-9.381968316088602933e+00
-9.381524638448691888e+00
-9.319053207816116569e+00
-9.294075025760763609e+00
-9.296953939059655170e+00
