# 2*np.log[MAD(r)] for 100 flights; 1000 steps per flight; run 16 of 50; mu: 2.00; seed: 15
-2.417789659796233437e+01
-2.216949665058566410e+01
-2.125659793829402844e+01
-2.052024828792260180e+01
-1.975961894460336055e+01
-1.950160091190581468e+01
-1.910620895592092339e+01
-1.877999887584032379e+01
-1.879599857634506321e+01
-1.846170627981715384e+01
-1.796610485701200233e+01
-1.773968106612358397e+01
-1.765704284610074382e+01
-1.790153209017754321e+01
-1.783328703362155565e+01
-1.750650063190845174e+01
-1.732496530905255483e+01
-1.719076223844020035e+01
-1.659173593427621540e+01
-1.676242208221512442e+01
-1.663773280699966861e+01
-1.656623964675127425e+01
-1.660281732752856243e+01
-1.647689670025926389e+01
-1.636317522639426869e+01
-1.625375669869359996e+01
-1.581561212434163366e+01
-1.570985724166744113e+01
-1.565932718270775048e+01
-1.564287356554173947e+01
-1.557477346726592415e+01
-1.554195362687782733e+01
-1.544319689540508911e+01
-1.551163637446969368e+01
-1.551137512199635715e+01
-1.553359734398230962e+01
-1.540609513507841655e+01
-1.536136571091327063e+01
-1.530232721805100837e+01
-1.529411951142154891e+01
-1.521349124592084578e+01
-1.491653307428324560e+01
-1.454701699440276030e+01
-1.454568524058030832e+01
-1.455240870691796751e+01
-1.439241523910953191e+01
-1.443307489113974285e+01
-1.443371671656022315e+01
-1.434801958012028678e+01
-1.442589232062899640e+01
-1.430719970242029149e+01
-1.444875750255937952e+01
-1.439460371683935769e+01
-1.448279957840359522e+01
-1.446113438329673961e+01
-1.444925034311361500e+01
-1.418792711838761988e+01
-1.431145999795998947e+01
-1.396720145123608781e+01
-1.404283055657569079e+01
-1.402307286216620952e+01
-1.390747793073848726e+01
-1.395461094956023729e+01
-1.397632641270907072e+01
-1.394620081515367360e+01
-1.410243774091317270e+01
-1.396394542518274129e+01
-1.378119515347152380e+01
-1.374877883186859329e+01
-1.394095446753425094e+01
-1.385839355219528990e+01
-1.378297363619341098e+01
-1.364668974809015189e+01
-1.364371753753808036e+01
-1.361508968370468331e+01
-1.344187231028678653e+01
-1.341871209500300566e+01
-1.350083481592039725e+01
-1.358633738358427756e+01
-1.341990031955989515e+01
-1.360766612049383539e+01
-1.347722109450941197e+01
-1.317442419388389752e+01
-1.306913141757626740e+01
-1.307468457226407388e+01
-1.309063929988003849e+01
-1.315635811407584832e+01
-1.314796838111142918e+01
-1.314612248183126297e+01
-1.318141426072845768e+01
-1.313418005742350125e+01
-1.313340172372727999e+01
-1.307531957318744276e+01
-1.325449905327343991e+01
-1.320559342841592887e+01
-1.317434471325656631e+01
-1.314535739571756601e+01
-1.314737555433198324e+01
-1.314717536844323931e+01
-1.312544507184179032e+01
-1.315271792254829286e+01
-1.298092798805902781e+01
-1.305578143379681144e+01
-1.283721943368987084e+01
-1.291260002935127815e+01
-1.289120539407127985e+01
-1.284233672681645899e+01
-1.285091918267521649e+01
-1.272595170462122915e+01
-1.270784146520110980e+01
-1.269807318334615864e+01
-1.268364908140991254e+01
-1.270230913440329346e+01
-1.263124805900115888e+01
-1.265076617128420189e+01
-1.255446739975049475e+01
-1.255818087804714978e+01
-1.251325797237285542e+01
-1.246260062734541485e+01
-1.240990860133639906e+01
-1.245006255846610976e+01
-1.241136169316126470e+01
-1.239887247714083252e+01
-1.241009268819102473e+01
-1.237158629895820461e+01
-1.238417323222123656e+01
-1.241213544822889681e+01
-1.240559792602572742e+01
-1.237872408062476381e+01
-1.238653514610567363e+01
-1.239659917722514493e+01
-1.243724920463635364e+01
-1.243762613221625735e+01
-1.254205282960852585e+01
-1.255119566768022565e+01
-1.257891662108482933e+01
-1.255576935587327014e+01
-1.253306393455473078e+01
-1.257695814521948918e+01
-1.245808650931216377e+01
-1.238559769005575717e+01
-1.237570069903626191e+01
-1.236219996159497825e+01
-1.235728712203395752e+01
-1.236623429341668512e+01
-1.236529168382193333e+01
-1.243280879120306892e+01
-1.239171556028210475e+01
-1.239867129201243579e+01
-1.240262712706793735e+01
-1.243094387790374356e+01
-1.242755865876105048e+01
-1.246671317248779154e+01
-1.246313813135384230e+01
-1.243993360570767059e+01
-1.239977603001527662e+01
-1.227229391186989282e+01
-1.224130583061438671e+01
-1.218751930767649760e+01
-1.224336355763713513e+01
-1.225680448885584362e+01
-1.225542365103154907e+01
-1.222664410329266005e+01
-1.227473041649207985e+01
-1.230390360943730776e+01
-1.226906785946461120e+01
-1.226159540702685113e+01
-1.222414474155282882e+01
-1.219416648794129543e+01
-1.218220881679857115e+01
-1.212209028438767611e+01
-1.211930312167074675e+01
-1.211719112709755919e+01
-1.214448515657830363e+01
-1.208657588496849300e+01
-1.203873035134023795e+01
-1.202882927436732174e+01
-1.195030615778417094e+01
-1.198863151637867297e+01
-1.198793746695934992e+01
-1.188819267380629086e+01
-1.184158696527104127e+01
-1.183071105625374386e+01
-1.185832134679879069e+01
-1.184125447353408944e+01
-1.188314173469867896e+01
-1.192192926293126654e+01
-1.200668934949476530e+01
-1.197973580244734215e+01
-1.199577687731121323e+01
-1.198880108256808796e+01
-1.201120873600555505e+01
-1.200078656745815486e+01
-1.203466146326314323e+01
-1.191582008892311784e+01
-1.192760268526239642e+01
-1.193253392102541177e+01
-1.194066536918111154e+01
-1.193882829620249098e+01
-1.198029487607640675e+01
-1.200118098773427633e+01
-1.205523490608374715e+01
-1.211341484060891993e+01
-1.213559005126289492e+01
-1.199185919208840723e+01
-1.202074398571856939e+01
-1.204742213677488927e+01
-1.203463148080842338e+01
-1.204819656608933442e+01
-1.204422804480797993e+01
-1.203437854726698220e+01
-1.195768830269895844e+01
-1.199918704394737823e+01
-1.200554333184848765e+01
-1.193691721606555056e+01
-1.201231924985965627e+01
-1.202960740319276134e+01
-1.208450911095631319e+01
-1.209172636997759831e+01
-1.211169531941671274e+01
-1.214908530568943412e+01
-1.210274550118680459e+01
-1.212479607165436413e+01
-1.193749519775709267e+01
-1.192014923452690311e+01
-1.193288756340809442e+01
-1.194748159371868113e+01
-1.200586221167493939e+01
-1.198890861162456467e+01
-1.203319992996664389e+01
-1.199694839871669316e+01
-1.200741256025666814e+01
-1.199598175167608360e+01
-1.200878569169604049e+01
-1.209860229838609591e+01
-1.204367230209668094e+01
-1.203866827529900974e+01
-1.204587643990108248e+01
-1.216074118930509229e+01
-1.215037675529442751e+01
-1.211774580293206505e+01
-1.214099929359905339e+01
-1.217977962937026426e+01
-1.199018755676152992e+01
-1.210538948340578358e+01
-1.209509297198773048e+01
-1.196740356051876475e+01
-1.197529924836176463e+01
-1.198067655200765280e+01
-1.198624827714021990e+01
-1.188281053128468123e+01
-1.176365751716792474e+01
-1.173997018379384905e+01
-1.176517793786357835e+01
-1.176010561472385874e+01
-1.177962355864858068e+01
-1.178151829754753877e+01
-1.186215327280687681e+01
-1.185178585233793846e+01
-1.179894835099364414e+01
-1.178607883427826408e+01
-1.187682581849366059e+01
-1.185200554839545894e+01
-1.183336519144332399e+01
-1.189802345571642306e+01
-1.183852750065560144e+01
-1.181950117822651514e+01
-1.184782369731016338e+01
-1.185273590462739968e+01
-1.182698821065022088e+01
-1.187056693756256820e+01
-1.191583533119716698e+01
-1.192762406158455413e+01
-1.188853392143408172e+01
-1.189045322489024592e+01
-1.187392953772265436e+01
-1.185672550631703004e+01
-1.182240137508814826e+01
-1.199505639043664473e+01
-1.197900795043443090e+01
-1.189563354426867470e+01
-1.193443863472768918e+01
-1.189942872222119874e+01
-1.192284275659621429e+01
-1.180697222464936402e+01
-1.182378168222073889e+01
-1.181951685883520220e+01
-1.175154412562911332e+01
-1.171837072628176379e+01
-1.168498131363584314e+01
-1.167223729077144334e+01
-1.164480498300671840e+01
-1.165744139871445384e+01
-1.163216672805718410e+01
-1.167373924791339235e+01
-1.166154514818651045e+01
-1.166642890231140939e+01
-1.170521343545119919e+01
-1.171955001978736277e+01
-1.170301322329023463e+01
-1.171902733131898877e+01
-1.169625671989854965e+01
-1.166495114039394210e+01
-1.165804923554769168e+01
-1.163626152187222296e+01
-1.163770009703773312e+01
-1.165754565652602537e+01
-1.164922628103052205e+01
-1.164064049665478251e+01
-1.163725778060944727e+01
-1.159445501066378093e+01
-1.158706057794601918e+01
-1.159137779595620366e+01
-1.158855307003407198e+01
-1.156849576799374368e+01
-1.152328951829165682e+01
-1.152489566468868176e+01
-1.151822316405966085e+01
-1.147062001364743189e+01
-1.147191056930473074e+01
-1.149867913270876052e+01
-1.151443990196408862e+01
-1.151507536871905124e+01
-1.148881053606109859e+01
-1.149348294182202501e+01
-1.147255080868377064e+01
-1.146236620532063455e+01
-1.148056315658357107e+01
-1.146441593835288586e+01
-1.149731228063594024e+01
-1.150049134539863793e+01
-1.149081772474197649e+01
-1.151055073763162184e+01
-1.150621167114947241e+01
-1.151281455992591063e+01
-1.154177363623576369e+01
-1.149960918414344491e+01
-1.149922544706261895e+01
-1.151730201049508295e+01
-1.142511024668846353e+01
-1.145501937763604161e+01
-1.145941902999737394e+01
-1.139944162292993823e+01
-1.139014366214003537e+01
-1.137603175414376899e+01
-1.136465099551081614e+01
-1.137109381273705822e+01
-1.137218850496648059e+01
-1.136656445936180226e+01
-1.137417116360221847e+01
-1.133123920680669627e+01
-1.128227288343630619e+01
-1.128885782242731750e+01
-1.134770700993146697e+01
-1.143071452760494999e+01
-1.143607786004081461e+01
-1.136596450632109878e+01
-1.124478918204932576e+01
-1.123090713375612459e+01
-1.132356394526781251e+01
-1.141362749680146571e+01
-1.141704251077836929e+01
-1.140606003535525481e+01
-1.142636930459764955e+01
-1.146530898480788885e+01
-1.141924762422091533e+01
-1.138553078871021285e+01
-1.135405909534304669e+01
-1.135737701882395712e+01
-1.134147645580587671e+01
-1.132039554388406799e+01
-1.129734297214545968e+01
-1.124074685486558955e+01
-1.131264525955743672e+01
-1.131434121606096710e+01
-1.131164295574069989e+01
-1.126320144635177556e+01
-1.132634180281204195e+01
-1.139142250022949199e+01
-1.140735171570517359e+01
-1.142735417083823890e+01
-1.145214501913338090e+01
-1.145406565277822608e+01
-1.134060460100319823e+01
-1.130558153862222248e+01
-1.131462637086390011e+01
-1.129403568420064019e+01
-1.112192689724133920e+01
-1.112111764509839951e+01
-1.106383991019409763e+01
-1.104047841105376015e+01
-1.112600917582225613e+01
-1.113771983378928532e+01
-1.111437264167796890e+01
-1.107416054461079824e+01
-1.113448787613574886e+01
-1.113502516687601585e+01
-1.112703944010438484e+01
-1.112669890838861875e+01
-1.107994829560312233e+01
-1.109076275065806882e+01
-1.114432155327149765e+01
-1.105832411197973286e+01
-1.095449667323959630e+01
-1.094936434551964588e+01
-1.097183371684256770e+01
-1.095779355422153145e+01
-1.093986742791154576e+01
-1.087476005621141262e+01
-1.091593888953453195e+01
-1.094668063898870436e+01
-1.093986049594519372e+01
-1.094123763129295313e+01
-1.097931338560789172e+01
-1.091133778707478541e+01
-1.089133302670823866e+01
-1.089080983169914596e+01
-1.088630314491357254e+01
-1.088143823668274912e+01
-1.086799219664118787e+01
-1.090271349922361743e+01
-1.083284249899369911e+01
-1.085762584826654731e+01
-1.085617473357081764e+01
-1.078808152445088275e+01
-1.079207742758935495e+01
-1.077986939354014773e+01
-1.075469458120981159e+01
-1.074785123227247396e+01
-1.074633607109882405e+01
-1.075135628391382880e+01
-1.076224169172892609e+01
-1.075152331837083430e+01
-1.082561971619340291e+01
-1.083575598492128655e+01
-1.080720284718415591e+01
-1.084000816402982181e+01
-1.083224483508653435e+01
-1.083885897608840310e+01
-1.075522306704120723e+01
-1.076075508472431963e+01
-1.086049722331149248e+01
-1.089216463471166918e+01
-1.088124255766660653e+01
-1.088438302679019287e+01
-1.089437156022159137e+01
-1.089749172944925171e+01
-1.089094038747298754e+01
-1.088184225169463737e+01
-1.090219026093387455e+01
-1.089672942897201935e+01
-1.087405528091912110e+01
-1.087677830588352101e+01
-1.091039686823908994e+01
-1.089686035221505911e+01
-1.090406258141380391e+01
-1.090362793008844911e+01
-1.089394486778698479e+01
-1.083947737695721081e+01
-1.082878921997560440e+01
-1.083042347439487330e+01
-1.079785756412965725e+01
-1.080604451893917961e+01
-1.080130618034503343e+01
-1.087665236565242033e+01
-1.086442664386268397e+01
-1.082792410502498548e+01
-1.072808612182040733e+01
-1.072685914709841626e+01
-1.071200155866987203e+01
-1.073965115490540256e+01
-1.072546906404847711e+01
-1.072722228698946267e+01
-1.072946860047226103e+01
-1.072805088528937745e+01
-1.072791915497893811e+01
-1.072706715457745474e+01
-1.071956410714740926e+01
-1.072228062917856839e+01
-1.071430040152823615e+01
-1.071745412819149834e+01
-1.078101461446059162e+01
-1.078137676589694571e+01
-1.082719379962320083e+01
-1.080729838856327696e+01
-1.080930801044932466e+01
-1.082428988385842850e+01
-1.083679562328070212e+01
-1.083308690495699622e+01
-1.071691437361170074e+01
-1.055173742717503060e+01
-1.058063209250647851e+01
-1.058354017276569081e+01
-1.057006096689501717e+01
-1.053184825498409616e+01
-1.052750681681421163e+01
-1.052897259248520001e+01
-1.048041693695470045e+01
-1.048070638011581224e+01
-1.033610694764322702e+01
-1.032111332603617093e+01
-1.032738014666425563e+01
-1.033097152995344992e+01
-1.035610791105289508e+01
-1.018956290660884534e+01
-1.020093159371483793e+01
-1.013166803587066411e+01
-1.011602540401158024e+01
-1.011944890573236755e+01
-1.011724449331121178e+01
-1.010418019237150311e+01
-1.010381555066994608e+01
-1.010660417820955637e+01
-1.011989064240941616e+01
-1.009976567555063731e+01
-1.009856626256811651e+01
-1.012485464619552644e+01
-1.012506258114742508e+01
-1.012024688842471143e+01
-1.011547289561251262e+01
-1.011066470962621189e+01
-1.011214597737725462e+01
-1.013486512323200195e+01
-1.013219806335689555e+01
-1.013753956852059446e+01
-1.014121515533175177e+01
-1.012306290195930458e+01
-1.013018024561887387e+01
-1.024825945626997026e+01
-1.024891445328402995e+01
-1.030895564708465528e+01
-1.031377534779770144e+01
-1.032446903918655323e+01
-1.032810414901956442e+01
-1.032620145449010174e+01
-1.039270277011375043e+01
-1.039730279579060834e+01
-1.039427689073701444e+01
-1.039901326512068991e+01
-1.041945941630188877e+01
-1.043337196945052270e+01
-1.042699778521812704e+01
-1.044243269497992799e+01
-1.042449501374753673e+01
-1.029037004711086034e+01
-1.028492738237317106e+01
-1.026993560292186380e+01
-1.022835723398907604e+01
-1.021578518477340403e+01
-1.021059268325694802e+01
-1.021110057785464065e+01
-1.020884250645560876e+01
-1.021549848645473269e+01
-1.021712430822494788e+01
-1.020430810603315663e+01
-1.020698797928493562e+01
-1.020795944515173304e+01
-1.015229812409161703e+01
-1.015249975611421362e+01
-1.015149333081945215e+01
-1.008650714261206183e+01
-1.008177751430545754e+01
-1.007598696071304722e+01
-9.906987248798188261e+00
-9.894118548456324547e+00
-9.907303274080714317e+00
-9.902811684120946367e+00
-9.927630067342924747e+00
-9.934512508389916619e+00
-9.948024192277321376e+00
-9.947555016334755251e+00
-9.952220505284653740e+00
-9.946415964916901942e+00
-9.958425667746247711e+00
-9.983277894619405401e+00
-9.982762281642095559e+00
-9.990617798436446151e+00
-9.964502387608199285e+00
-9.980488246380303963e+00
-9.971886140450893166e+00
-9.971648631024141451e+00
-9.914884330824698111e+00
-9.877487135049799249e+00
-9.885426198976318801e+00
-9.910998390990439333e+00
-9.915035263232018892e+00
-9.906968070517125469e+00
-9.901975762715640172e+00
-9.907875320710834544e+00
-9.904231008125908176e+00
-9.910763491339466214e+00
-9.904816537503119633e+00
-9.904747347234300392e+00
-9.895413929349667015e+00
-9.866367920358454668e+00
-9.866520342358663598e+00
-9.867331510307925768e+00
-9.864270767677700391e+00
-9.870543227304539258e+00
-9.874510312614310337e+00
-9.895846379331809217e+00
-9.896138864549987701e+00
-9.898590928181903337e+00
-9.897668485064581745e+00
-9.892359458119122095e+00
-9.859199684380245188e+00
-9.839794620768332223e+00
-9.858190490766224556e+00
-9.853509837823217765e+00
-9.850351130599516836e+00
-9.877355797290492845e+00
-9.880506556108333172e+00
-9.876390871782067649e+00
-9.881818422091816601e+00
-9.871611615830152786e+00
-9.867625328532859896e+00
-9.867193279812735085e+00
-9.849659717802918379e+00
-9.778943711558966356e+00
-9.777502352497899452e+00
-9.774705617091434817e+00
-9.783986913606888436e+00
-9.788132990457942384e+00
-9.762566506745415040e+00
-9.757134250097580619e+00
-9.755961559678251405e+00
-9.761339750880154043e+00
-9.761562686736214189e+00
-9.731562583526807586e+00
-9.743863889385359300e+00
-9.743855691740016312e+00
-9.744272199192671735e+00
-9.744231247500700022e+00
-9.758419976847418909e+00
-9.759278695128601910e+00
-9.740522286698237053e+00
-9.747514488880915096e+00
-9.741403525299373811e+00
-9.754299197805975652e+00
-9.756970095043122626e+00
-9.806776731377848222e+00
-9.781438956513628824e+00
-9.803691538974311115e+00
-9.746499079126836662e+00
-9.686055744001325962e+00
-9.672324426767184846e+00
-9.673719728327780487e+00
-9.640901293770918201e+00
-9.640684547490723233e+00
-9.640454488175972614e+00
-9.641378085530934783e+00
-9.642592447868054251e+00
-9.636094267332934393e+00
-9.633242977539820728e+00
-9.617798830237418883e+00
-9.613081895896316453e+00
-9.612427547116652704e+00
-9.611234908777062103e+00
-9.590125486483403350e+00
-9.591314580600599271e+00
-9.587846676893875042e+00
-9.596230460889977110e+00
-9.612412317948749063e+00
-9.608878054527943746e+00
-9.613104113374289383e+00
-9.613850062346919856e+00
-9.594093766479780072e+00
-9.596638020654824075e+00
-9.577633571376971133e+00
-9.571376164444538759e+00
-9.557039193699228719e+00
-9.556232233923115160e+00
-9.443204117537350228e+00
-9.485836832087505499e+00
-9.482570954126046558e+00
-9.523500237638295118e+00
-9.576964753083437643e+00
-9.573719004779512431e+00
-9.570117258654319059e+00
-9.600428915054431300e+00
-9.615798128179534388e+00
-9.611582395354576036e+00
-9.524704210163104534e+00
-9.525314921693185610e+00
-9.525825635119348433e+00
-9.554111688103423816e+00
-9.549516692648001737e+00
-9.547912261925702637e+00
-9.515443055915628889e+00
-9.518940383526626192e+00
-9.475490412799695505e+00
-9.480738081034106202e+00
-9.498313181275946704e+00
-9.527798595976411988e+00
-9.531943864911388786e+00
-9.551180884697691553e+00
-9.550056718573516790e+00
-9.551566311466871184e+00
-9.495876264623648311e+00
-9.495244483759073262e+00
-9.496253422133646538e+00
-9.486601732187974534e+00
-9.486981628246011766e+00
-9.470959574797580771e+00
-9.380668506193735823e+00
-9.382541358131540221e+00
-9.385064143153286409e+00
-9.382552644067818193e+00
-9.375033275012809142e+00
-9.454300975213266511e+00
-9.450648732583751155e+00
-9.542166321423714237e+00
-9.534920063575460958e+00
-9.542048779956047611e+00
-9.539698302397635388e+00
-9.542706906134652556e+00
-9.436368906369551723e+00
-9.444678601876471902e+00
-9.423763343684136373e+00
-9.407626495121363064e+00
-9.322491208211205915e+00
-9.327959357665729812e+00
-9.411404909430896026e+00
-9.410445089872712998e+00
-9.401028388017630633e+00
-9.316598531481464107e+00
-9.322496829132836282e+00
-9.288407028293764967e+00
-9.289915732500636736e+00
-9.285621847525098005e+00
-9.287389337738563455e+00
-9.253416796502458297e+00
-9.254983605330629359e+00
-9.256263870750842671e+00
-9.259181072193559459e+00
-9.258878313827532125e+00
-9.238424730706107368e+00
-9.238308578257720782e+00
-9.236528734216339132e+00
-9.086806606009686149e+00
-9.114320222590995613e+00
-9.104011260972901809e+00
-9.099083064487480499e+00
-9.113193308606383880e+00
-9.107939793426391262e+00
-9.119027703739972068e+00
-9.121509779261273820e+00
-9.116472526158267087e+00
-9.114319830806135059e+00
-9.115495748992662683e+00
-9.120482888074027628e+00
-9.119217208930374241e+00
-9.118379719335390377e+00
-9.085786891436610446e+00
-9.080815558148891853e+00
-8.965381697374459335e+00
-8.942565016715123605e+00
-8.937694200979578341e+00
-8.924985188953355575e+00
-8.956937810400104283e+00
-8.943474290569051632e+00
-8.943530017757552741e+00
-8.960181614343404988e+00
-8.937963303922174418e+00
-8.925804296850380126e+00
-8.934885115387073640e+00
-8.934554736162599653e+00
-8.934374480069095625e+00
-8.936383390768479984e+00
-8.944740015177327308e+00
-8.926189334912871587e+00
-8.919629934069250865e+00
-8.919454561586350749e+00
-8.917544350632512717e+00
-8.929673452044720960e+00
-8.927281811634326658e+00
-8.927354564901435197e+00
-8.899212102498013977e+00
-8.893183973767120776e+00
-8.892690346622742936e+00
-8.888129413555560632e+00
-8.889286048585095301e+00
-8.893535204404726002e+00
-8.880277107933032710e+00
-8.850037516917110381e+00
-8.859794124039009233e+00
-8.861009675307945699e+00
-8.859873507686403471e+00
-8.894297025377118970e+00
-8.936639131049679108e+00
-8.931136457313129995e+00
-8.939635732790796041e+00
-8.943980408434844875e+00
-8.943411868034139900e+00
-8.937525950912482031e+00
-8.944891597662742555e+00
-9.031286022061665975e+00
-9.046148273391212413e+00
-8.981491700329144123e+00
-9.003910386677832278e+00
-8.996426525633278715e+00
-8.998302058896937794e+00
-9.003036868932865033e+00
-9.003252358744695982e+00
-9.028080405065368907e+00
-9.023792360165208137e+00
-9.033419661140662527e+00
-9.063928090397851633e+00
-9.063362131164224067e+00
-9.060593489293070846e+00
-9.063751075543189373e+00
-9.060738145350425654e+00
-8.970119216230148851e+00
-8.971168289410188734e+00
-8.975183979231081466e+00
-8.980536295165888916e+00
-8.982380521445596955e+00
-8.965199081051215657e+00
-8.970522129879663353e+00
-8.939953497519971037e+00
-8.938608046763256709e+00
-8.939166311808165233e+00
-8.940441056036258161e+00
-8.948604957316216968e+00
-8.941950965333504087e+00
-8.948797192840130421e+00
-8.957053646886405929e+00
-8.978065274913364036e+00
-8.983741067301874494e+00
-8.984112087063561347e+00
-8.971910068598960564e+00
-8.959625627622790134e+00
-8.965361893046488007e+00
-8.962294455444363095e+00
-8.963264189776383617e+00
-8.970151966198708138e+00
-8.961613185744674581e+00
-8.961092703395699743e+00
-8.970497086459033653e+00
-8.969315164878119973e+00
-8.969532516390069432e+00
-8.971710258965066132e+00
-8.978896327209437089e+00
-8.978805436878419144e+00
-9.006366761353721273e+00
-9.006511177328686557e+00
-9.009272459953120205e+00
-8.925467614908566105e+00
-8.931188845301710089e+00
-8.860488844050951940e+00
-8.868681311976443382e+00
-8.866470864637644667e+00
-8.868035059348123639e+00
-8.870112180950746605e+00
-8.870610985822318995e+00
-8.884093081449943696e+00
-8.884213595480654035e+00
-8.884209828310845936e+00
-8.882365461188065581e+00
-8.838654832505419279e+00
-8.835863453762575759e+00
-8.833876088016808126e+00
-8.900378654695227709e+00
-8.902994962237787746e+00
-8.905046356247940054e+00
-8.894792861171778142e+00
-8.900088990967828906e+00
-8.897206730772666106e+00
-8.903730344215281534e+00
-8.895050601455112727e+00
-8.893250242235469116e+00
-8.889671026206961812e+00
-8.813146337575403777e+00
-8.811356917231583097e+00
-8.799718251425394655e+00
-8.797283132203816081e+00
-8.829260245903618909e+00
-8.856880310769289721e+00
-8.863337737922600823e+00
-8.863438283060885325e+00
-8.866861014181418810e+00
-8.862155530692854555e+00
-8.863262277379911680e+00
-8.870321664963400465e+00
-8.882150459037621459e+00
-8.877279088054729428e+00
-8.874954207025529840e+00
-8.867095664286075873e+00
-8.874397517328455720e+00
-8.890622608984902087e+00
-8.894449642888877960e+00
-8.894770125278261830e+00
-8.896216230486734489e+00
-8.897636975930637959e+00
-8.895300798765022776e+00
-8.892484902423730020e+00
-8.907075836628020937e+00
-8.910952703607906145e+00
-8.849543007768167158e+00
-8.844895940211523921e+00
-8.839274866329670743e+00
-8.865306714805969435e+00
-8.866670332126913578e+00
-8.867810188780870462e+00
-8.872776641027574129e+00
-8.867009485446978090e+00
-8.871710471704092882e+00
-8.866284545648701609e+00
-8.857817135981701284e+00
-8.857315337650698339e+00
-8.856947619217047318e+00
-8.840872413548302333e+00
-8.840483553429260510e+00
-8.851782837411541038e+00
-8.865906532959400010e+00
-8.858942608848433764e+00
-8.862629199009683489e+00
-8.869922283493176351e+00
-8.870551502626565110e+00
-8.874344689666729735e+00
-8.889384160851314221e+00
-8.890277675735674734e+00
-8.884695067335325547e+00
-8.900758981849818952e+00
-8.904374129902521418e+00
-8.906594336273979451e+00
-8.925894082046427869e+00
-8.956678280729795105e+00
-8.963083001090325297e+00
-8.990187938061488637e+00
-8.986545640117990175e+00
-8.981813839514174447e+00
-8.914768984295172061e+00
-8.919051759196767293e+00
-8.930133661027658931e+00
-8.935035357595085159e+00
-8.937086700275143514e+00
-8.939537690252818081e+00
-8.936868030076643876e+00
-8.934399345181365248e+00
-9.018568075660862604e+00
-9.013832263175826753e+00
-9.012911633786195864e+00
-9.014116430597852059e+00
-9.017835600847297073e+00
-9.021656738500228201e+00
-9.020630885359302908e+00
-9.020286656474084452e+00
-9.017925080213320399e+00
-9.002457288506899857e+00
-9.006067905318285938e+00
-9.010909675831094034e+00
-9.011094175245775162e+00
-9.016391300275886422e+00
-9.086024352838796503e+00
-9.089852146017946666e+00
-9.060825478077997985e+00
-9.111704681225138103e+00
-9.130015090677225942e+00
-9.110389852391078236e+00
-9.106951287212131874e+00
-9.104475367516432271e+00
-9.110035470424124426e+00
-9.113839246328918620e+00
-9.115904762987860011e+00
-9.109305038592541592e+00
-9.111051017064001556e+00
-9.107566220787088440e+00
-9.099502447817688022e+00
-9.120876693119601697e+00
-9.114932960744980051e+00
-9.118548546991252834e+00
-9.077529751378706990e+00
-9.097678682343381951e+00
-9.101207234079959463e+00
-9.095509327135534505e+00
-9.041279328055347619e+00
-9.043042825368717175e+00
-9.102643082895903959e+00
-9.093160030810848227e+00
-9.089042783223847621e+00
-9.118223846922697717e+00
-9.116873528026735229e+00
-9.119103216600761286e+00
-9.130672988078446295e+00
-9.126252617923013233e+00
-9.122263299231619271e+00
-9.132636784396371610e+00
-9.142059254646037303e+00
-9.140132155249288459e+00
-9.154184732755867415e+00
-9.151747295370636692e+00
-9.166818854950726347e+00
-9.004254542998381794e+00
-9.007134559805050955e+00
-9.012135488008803819e+00
-9.012067874864692740e+00
-8.999500927861774358e+00
-9.010162355793188027e+00
-9.127165875985301824e+00
