# 2*np.log[MAD(r)] for 100 flights; 1000 steps per flight; run 31 of 50; mu: 2.20; seed: 30
-2.396196226735464307e+01
-2.178224024627824562e+01
-2.137034287734604376e+01
-2.103893112951228161e+01
-2.038196191725776174e+01
-1.999039525889818236e+01
-1.960814065649100257e+01
-1.917258098235985742e+01
-1.886109663589695273e+01
-1.872772754137606199e+01
-1.878961895918170200e+01
-1.877767438275049017e+01
-1.844679099161592362e+01
-1.843972640012146513e+01
-1.840872603710081634e+01
-1.861816463099080821e+01
-1.854141575790121976e+01
-1.860670937865831931e+01
-1.848451578334075407e+01
-1.827851014178423483e+01
-1.818518162567507801e+01
-1.815777827696848945e+01
-1.827692530746904964e+01
-1.829244603657632595e+01
-1.821273162702452808e+01
-1.826704472289790715e+01
-1.776997096895323835e+01
-1.775864766890049040e+01
-1.748757441477369312e+01
-1.729312319325023140e+01
-1.707560287954147071e+01
-1.706630755167682523e+01
-1.702805213441802579e+01
-1.711288876971524786e+01
-1.712279878869096095e+01
-1.713899834243908060e+01
-1.694473146785993123e+01
-1.691574057886055371e+01
-1.688634150926054289e+01
-1.698977466362402566e+01
-1.703430574055678193e+01
-1.688553300763577170e+01
-1.688178414952500006e+01
-1.683203692275125363e+01
-1.681498369953355976e+01
-1.683954177682081976e+01
-1.687602173406605743e+01
-1.690757154777447724e+01
-1.697685719319335362e+01
-1.687268056975200636e+01
-1.677275252194008459e+01
-1.668872383923265446e+01
-1.662144232240815711e+01
-1.659158400072756123e+01
-1.666423571441102069e+01
-1.657507354890309870e+01
-1.657637366072106389e+01
-1.671336279800399538e+01
-1.666468098198187064e+01
-1.663061258464987446e+01
-1.649941443219860915e+01
-1.649885789653580659e+01
-1.657056498490255336e+01
-1.657809137692836998e+01
-1.638040570907935489e+01
-1.630142403657170647e+01
-1.639601914191511156e+01
-1.650553533000391582e+01
-1.666934233080474215e+01
-1.660449020483044791e+01
-1.673007496339629796e+01
-1.670747550432988504e+01
-1.673749783009625958e+01
-1.664569617250316824e+01
-1.654614921905230673e+01
-1.639982489658841658e+01
-1.631237202993480295e+01
-1.637523473193726531e+01
-1.630385073114238992e+01
-1.620537739001525424e+01
-1.628633541517388394e+01
-1.607400829420554444e+01
-1.602025938120366888e+01
-1.612760920813078158e+01
-1.622238250525656511e+01
-1.590944701970724573e+01
-1.589411392771446963e+01
-1.591657598139374485e+01
-1.579036154587048735e+01
-1.587593242637627000e+01
-1.584250747128459835e+01
-1.556781417728469208e+01
-1.561463943939740240e+01
-1.553241291297156046e+01
-1.553946141567956296e+01
-1.553590836275895803e+01
-1.551660936007401226e+01
-1.545850914791021680e+01
-1.549594556167549619e+01
-1.551097362536031099e+01
-1.545198319175862167e+01
-1.538612401359844917e+01
-1.534045665457922780e+01
-1.536986949019124715e+01
-1.529317993757845962e+01
-1.520491108188347695e+01
-1.516732391929371815e+01
-1.523734942144762528e+01
-1.526166228930336111e+01
-1.515886418436425309e+01
-1.523714825369077808e+01
-1.530525586473527433e+01
-1.533515128525669802e+01
-1.534510725740373971e+01
-1.523902174981038726e+01
-1.516674929399809812e+01
-1.517160834871595476e+01
-1.522259954713175212e+01
-1.514463957006868533e+01
-1.509032619897892147e+01
-1.504926067531351208e+01
-1.501988998036502032e+01
-1.494758745732295857e+01
-1.488139928155319147e+01
-1.489352850030175368e+01
-1.476069595155269454e+01
-1.471555448595684901e+01
-1.473105210787909947e+01
-1.477159594919099206e+01
-1.476920128793354081e+01
-1.487546474995092183e+01
-1.488284051103742556e+01
-1.497404388877022008e+01
-1.492408542859427634e+01
-1.490040280005182183e+01
-1.484159060423884569e+01
-1.484815442893728488e+01
-1.483955919670733792e+01
-1.473923795900737588e+01
-1.478939442811324945e+01
-1.482548046984263479e+01
-1.477913062419239409e+01
-1.474675033820057024e+01
-1.476935423881182885e+01
-1.475269796637063635e+01
-1.474081682370030322e+01
-1.472018314490502533e+01
-1.476076238002418073e+01
-1.480408884973981110e+01
-1.479487381334683072e+01
-1.484829114389518523e+01
-1.488676359475321753e+01
-1.493803224462150503e+01
-1.493154414732567759e+01
-1.490528438252195542e+01
-1.482991688275556008e+01
-1.485263877485798467e+01
-1.484098192951309869e+01
-1.487660630503999748e+01
-1.488195153835435747e+01
-1.480644931783106344e+01
-1.487598991856402542e+01
-1.486469920847899573e+01
-1.486928469312718804e+01
-1.487993021886479461e+01
-1.470613954359521891e+01
-1.494317136262239920e+01
-1.475478976034814771e+01
-1.476067523983239660e+01
-1.463071004051814938e+01
-1.461918816556539547e+01
-1.458020610706001996e+01
-1.466789144932658751e+01
-1.462588231614556555e+01
-1.460154533378911346e+01
-1.449656992444465864e+01
-1.452888135756447774e+01
-1.452886802831105939e+01
-1.463040075574207144e+01
-1.460067720258360069e+01
-1.451396564540228340e+01
-1.449664931612026919e+01
-1.446616693148068578e+01
-1.448110203041140487e+01
-1.455986109568929621e+01
-1.459295814830645810e+01
-1.461621069654295013e+01
-1.447087913596537767e+01
-1.432068875299112420e+01
-1.437775996802569267e+01
-1.429058614550618600e+01
-1.429132292261265036e+01
-1.420147349346825472e+01
-1.415256401128868013e+01
-1.414859318641979691e+01
-1.411865369059959185e+01
-1.414728432427867233e+01
-1.412922221528439337e+01
-1.415362614448013900e+01
-1.433088107389277077e+01
-1.420921736904135813e+01
-1.428913225660708441e+01
-1.429511171037514750e+01
-1.423329312118196732e+01
-1.420213376292455010e+01
-1.414305619873218589e+01
-1.419578295241900534e+01
-1.417447827187953280e+01
-1.418772357550694352e+01
-1.419301326441273581e+01
-1.423561918271930438e+01
-1.398044664096989464e+01
-1.406166470067658558e+01
-1.403226816161286195e+01
-1.400204156336524974e+01
-1.406964869798497553e+01
-1.408309907138091255e+01
-1.411380977623681865e+01
-1.412354745175629311e+01
-1.395403443475756511e+01
-1.391166554869084848e+01
-1.384750199525805670e+01
-1.387887961786495339e+01
-1.385948189205704395e+01
-1.378329027803183138e+01
-1.380242467927698513e+01
-1.371700175728079252e+01
-1.369469826925991640e+01
-1.371841191961543949e+01
-1.377647871079889974e+01
-1.375085197039141605e+01
-1.374703589234174395e+01
-1.372678682029855857e+01
-1.366740932541578246e+01
-1.362722207154144272e+01
-1.364971366250713913e+01
-1.365091520481997733e+01
-1.367090516667149913e+01
-1.367536620559191896e+01
-1.371287309402320354e+01
-1.367656229688520853e+01
-1.367181865470087487e+01
-1.361131234747727525e+01
-1.361700964870245478e+01
-1.365862386389259342e+01
-1.368257120123113602e+01
-1.365469309414286769e+01
-1.366494439315908593e+01
-1.380606497620303053e+01
-1.358311385344461009e+01
-1.367327658937042401e+01
-1.371310486035677911e+01
-1.372409427333163201e+01
-1.374318089535928067e+01
-1.381043889951762260e+01
-1.378601553850583628e+01
-1.382129778686786103e+01
-1.381909318775796791e+01
-1.380531032486059928e+01
-1.391531373887352174e+01
-1.388357420657691854e+01
-1.379190493783852034e+01
-1.382663765766459285e+01
-1.372983535100583019e+01
-1.372586285033573361e+01
-1.361481157627894234e+01
-1.360520385239732022e+01
-1.355569007314164764e+01
-1.361816461341526363e+01
-1.368183887809209942e+01
-1.367309536836246764e+01
-1.368703856326947488e+01
-1.368371203105033551e+01
-1.362949489912213252e+01
-1.368371967067744066e+01
-1.364906442202466863e+01
-1.365175126895291591e+01
-1.364689591720259720e+01
-1.364275264993376169e+01
-1.355852439778663943e+01
-1.359807777545415242e+01
-1.358864776132286956e+01
-1.356212432145499314e+01
-1.358019737485032152e+01
-1.356016786066702551e+01
-1.358753456924665315e+01
-1.354312037959179271e+01
-1.352967274835727984e+01
-1.352424108160112937e+01
-1.352771191634036008e+01
-1.352189583071245593e+01
-1.357258335778206160e+01
-1.356878054002484291e+01
-1.361098415132733663e+01
-1.348771217958999635e+01
-1.348457180300865588e+01
-1.357612409102636875e+01
-1.368931232564752065e+01
-1.367708273457087209e+01
-1.361108942127754950e+01
-1.371491208840859777e+01
-1.366889675438771512e+01
-1.368184356088649523e+01
-1.367358518373580090e+01
-1.347200093925356335e+01
-1.354525137805927670e+01
-1.352720759678627793e+01
-1.349696076054000571e+01
-1.357797225393133189e+01
-1.364086817440859534e+01
-1.365300514536234466e+01
-1.358365614379334652e+01
-1.357406790070984925e+01
-1.363038014356562577e+01
-1.369133102848018524e+01
-1.360183950651957119e+01
-1.356946226648144282e+01
-1.357803742121324930e+01
-1.357657425001124807e+01
-1.372737476786171484e+01
-1.371989921515436706e+01
-1.365742429126563273e+01
-1.359793574990846565e+01
-1.359386838970536360e+01
-1.359317499055759981e+01
-1.350936802593020936e+01
-1.356022762571967100e+01
-1.355255850100739856e+01
-1.355899651602725164e+01
-1.360545696466264332e+01
-1.357063786140183659e+01
-1.361064021068202656e+01
-1.358955391309648419e+01
-1.358783105806792335e+01
-1.343547201428280147e+01
-1.334514672440486294e+01
-1.333849692095758321e+01
-1.336654749743435033e+01
-1.333717804497282344e+01
-1.334532127985211858e+01
-1.334222752488254926e+01
-1.332726589082268553e+01
-1.328075561704289420e+01
-1.334651017324873834e+01
-1.337077862754287239e+01
-1.336459205227695968e+01
-1.333573135386578379e+01
-1.333637926782500216e+01
-1.334311658851072835e+01
-1.334645493359493962e+01
-1.333331378149314439e+01
-1.332506937475593034e+01
-1.331482471518488531e+01
-1.333072899030475789e+01
-1.333927144348911042e+01
-1.336249270434225700e+01
-1.333576303051884970e+01
-1.337589910733583665e+01
-1.338504046641087797e+01
-1.338936660458003303e+01
-1.336770989987292424e+01
-1.339656151452140875e+01
-1.341725380373947196e+01
-1.337510282316308263e+01
-1.338561844269871060e+01
-1.334790759209483646e+01
-1.336630270611992977e+01
-1.337365589581708214e+01
-1.342550506129841992e+01
-1.345980601342412264e+01
-1.335507067969612471e+01
-1.336646042978783733e+01
-1.335452721373104801e+01
-1.339054660801042296e+01
-1.333644602957332026e+01
-1.333300288131777123e+01
-1.330600316352337131e+01
-1.326508942599848950e+01
-1.327393467036815267e+01
-1.335595100975204019e+01
-1.331254210917634850e+01
-1.340937055521340859e+01
-1.338954656585055503e+01
-1.336479279105912177e+01
-1.322012549285014948e+01
-1.323753166151568905e+01
-1.320242316751831524e+01
-1.322221822260763169e+01
-1.316430797500032135e+01
-1.329302533729634028e+01
-1.335655562615466252e+01
-1.329802601992124877e+01
-1.328929582262059306e+01
-1.330896225950090717e+01
-1.333544054090772768e+01
-1.333012683138314181e+01
-1.335453979745417286e+01
-1.330208430490209004e+01
-1.338385033968365256e+01
-1.337469115647863305e+01
-1.339799067996025173e+01
-1.342198987247173214e+01
-1.337457250242836082e+01
-1.333977233919409322e+01
-1.330831923447626863e+01
-1.333067529538537421e+01
-1.335964585787023573e+01
-1.330149548163501549e+01
-1.330455683881979745e+01
-1.330142040679472792e+01
-1.308207854903788991e+01
-1.309796581981254349e+01
-1.298190669318652013e+01
-1.314814147000085676e+01
-1.316871906928485814e+01
-1.316073594246750744e+01
-1.313162531934725052e+01
-1.317029599404751927e+01
-1.312392308141791730e+01
-1.312985341717121202e+01
-1.305984424618061013e+01
-1.303286673717958877e+01
-1.299043875532732173e+01
-1.305067580572218766e+01
-1.306266106716128128e+01
-1.305602788625151689e+01
-1.301709134632943510e+01
-1.294464394366760374e+01
-1.288809142404809194e+01
-1.289052438949538626e+01
-1.289377720088364754e+01
-1.288829945359733387e+01
-1.291775600362808873e+01
-1.283029723474302131e+01
-1.288883203496058094e+01
-1.285123801600188465e+01
-1.287975731624868203e+01
-1.286578625853334223e+01
-1.280444794963543664e+01
-1.285721372812540153e+01
-1.286376484283043098e+01
-1.284381458352854999e+01
-1.284643676932608791e+01
-1.284715553947375000e+01
-1.283667386789259268e+01
-1.283229631080737754e+01
-1.283091258287812408e+01
-1.285247514944880898e+01
-1.285309887772069359e+01
-1.286953391338894903e+01
-1.283213878937949382e+01
-1.283997952005593568e+01
-1.278886192152804036e+01
-1.276063314651702996e+01
-1.279225309608000494e+01
-1.277124269162117187e+01
-1.280151609667595380e+01
-1.283578807161257451e+01
-1.286444540354852606e+01
-1.283581544161741839e+01
-1.285841801267756779e+01
-1.282870918581023112e+01
-1.282025032083894445e+01
-1.283281937403080342e+01
-1.275836189414114941e+01
-1.277464286444202202e+01
-1.270157400132436720e+01
-1.273570527401070862e+01
-1.274753309136202084e+01
-1.275616884224805858e+01
-1.275544914000527363e+01
-1.272644210581499813e+01
-1.272359236984171638e+01
-1.267335576160327371e+01
-1.264688670764909695e+01
-1.257554498592470082e+01
-1.258974486425154993e+01
-1.258673453178185575e+01
-1.260329695422897167e+01
-1.265366662757268834e+01
-1.263509500635924887e+01
-1.261278790510715453e+01
-1.262883629919359407e+01
-1.263940201553195486e+01
-1.257660174277907217e+01
-1.259696400636302727e+01
-1.258481360971603813e+01
-1.260079919372851798e+01
-1.258839550974042076e+01
-1.255683224594333147e+01
-1.257002988859632531e+01
-1.259857709684744620e+01
-1.258239086288297237e+01
-1.255596713880185789e+01
-1.256864294640202395e+01
-1.254881119482308272e+01
-1.254139086799079905e+01
-1.251674355137724781e+01
-1.253009047733627490e+01
-1.251964679518938794e+01
-1.251592361689970900e+01
-1.243453300465576739e+01
-1.248008379546751456e+01
-1.247283970143741882e+01
-1.247187939892653041e+01
-1.250471352608519737e+01
-1.239701940136442104e+01
-1.238072452151919300e+01
-1.240183462918876245e+01
-1.238910375693327026e+01
-1.252862031867044124e+01
-1.244996293984349300e+01
-1.246494069425923712e+01
-1.242679899471217730e+01
-1.244290122492534323e+01
-1.242708012447601540e+01
-1.242853973577672022e+01
-1.241709091798424680e+01
-1.240102406342142594e+01
-1.238589864814012564e+01
-1.239673444161823568e+01
-1.238146437190530058e+01
-1.243208917101001454e+01
-1.241948546232383066e+01
-1.242251534623060927e+01
-1.247111234494659904e+01
-1.252940762238736916e+01
-1.252848939864361277e+01
-1.252854119901742713e+01
-1.249482205955008673e+01
-1.250852809617783024e+01
-1.249734664333003842e+01
-1.250381583156366538e+01
-1.248149960405267223e+01
-1.247507724626598424e+01
-1.244226215237748967e+01
-1.243120683083765243e+01
-1.245857733463371098e+01
-1.244929617198206628e+01
-1.244216403675822313e+01
-1.247020422737507062e+01
-1.245146105661214264e+01
-1.247352032471576777e+01
-1.251152511143248880e+01
-1.249639984835271456e+01
-1.263458173473215496e+01
-1.260156269020759012e+01
-1.260805639935521327e+01
-1.257392424546847032e+01
-1.255454802261716551e+01
-1.256954775800522484e+01
-1.254043833154261556e+01
-1.250773443209074998e+01
-1.253155930458259704e+01
-1.251804959006864415e+01
-1.254259493379691293e+01
-1.253305824542811209e+01
-1.255288758358047119e+01
-1.257247027153021612e+01
-1.242761505048372683e+01
-1.235224899053486602e+01
-1.234225401216208162e+01
-1.235091173371642981e+01
-1.232565271913629168e+01
-1.232913175039356446e+01
-1.232872005111416058e+01
-1.236479148963883290e+01
-1.235581550948386109e+01
-1.237772531099783002e+01
-1.227524014874816949e+01
-1.238779157191189917e+01
-1.240315518833793185e+01
-1.225660988105696170e+01
-1.219537347710650899e+01
-1.221271547368789534e+01
-1.218772424140028399e+01
-1.215968665717167951e+01
-1.217854721053761402e+01
-1.216727953823155239e+01
-1.221854374563568513e+01
-1.220841895006928368e+01
-1.219586203209982322e+01
-1.227740441649246428e+01
-1.228717174229985964e+01
-1.229756040357030145e+01
-1.229733573485304099e+01
-1.228753968377370143e+01
-1.226397319526988738e+01
-1.229861381801867282e+01
-1.228738941804318507e+01
-1.227525288948092985e+01
-1.230279982977140740e+01
-1.230994311928990825e+01
-1.226192591909557805e+01
-1.227590826933625401e+01
-1.227749680099599594e+01
-1.228452433934660171e+01
-1.227503795775685802e+01
-1.230729370536805334e+01
-1.230668824072693823e+01
-1.229366880354761271e+01
-1.228492902181197444e+01
-1.230667907008472461e+01
-1.233298161076845112e+01
-1.233083496070422669e+01
-1.234624141018920973e+01
-1.229610444371828315e+01
-1.240149028409026677e+01
-1.239162227371402558e+01
-1.240132825233035874e+01
-1.240816350775580013e+01
-1.234087327724377658e+01
-1.234961723225271335e+01
-1.236788267810086772e+01
-1.233985800141268108e+01
-1.232673172727371913e+01
-1.229753122019688227e+01
-1.235516229460403181e+01
-1.233405693693143768e+01
-1.223782211803047204e+01
-1.223618201275148465e+01
-1.223320808174996799e+01
-1.232891224662740726e+01
-1.231078891256053431e+01
-1.237318088024528073e+01
-1.236779192074916800e+01
-1.236066549223344602e+01
-1.236030392778881826e+01
-1.245767092858344505e+01
-1.248527773490936532e+01
-1.234043047787300829e+01
-1.234212108183306356e+01
-1.232796477504886035e+01
-1.236787349960936844e+01
-1.229894780689433276e+01
-1.233098180342721761e+01
-1.225701486711113120e+01
-1.229661892730514694e+01
-1.231829582628941644e+01
-1.232311938546673424e+01
-1.236965592886079612e+01
-1.251659783669726167e+01
-1.248493093239792273e+01
-1.248710708945095149e+01
-1.247850172015612635e+01
-1.250456095918954347e+01
-1.248292294870061880e+01
-1.248052666330136873e+01
-1.247528444767123368e+01
-1.250123205610162813e+01
-1.249616390521328846e+01
-1.229318724768975990e+01
-1.231330750632692705e+01
-1.231578294445417576e+01
-1.234604690536495752e+01
-1.235873872770015502e+01
-1.232588652584000499e+01
-1.232917091392816644e+01
-1.232232381317877490e+01
-1.224601479093690770e+01
-1.224374686852461558e+01
-1.225749360434018520e+01
-1.224451961059963701e+01
-1.224897595376815751e+01
-1.220722875620699277e+01
-1.224323144814210274e+01
-1.225677533298864397e+01
-1.227466150754315066e+01
-1.224665636559471693e+01
-1.228941684835588433e+01
-1.232145396509054791e+01
-1.231911779329883849e+01
-1.234253518308444342e+01
-1.237402657993957611e+01
-1.241160512167834540e+01
-1.239294627908910584e+01
-1.234107732636627119e+01
-1.233449363533932264e+01
-1.230053354083915629e+01
-1.227598138088075785e+01
-1.231647937582663488e+01
-1.231327155566196474e+01
-1.230635060434868677e+01
-1.229942839730234461e+01
-1.227778879979372917e+01
-1.227196317177275908e+01
-1.227277803634883391e+01
-1.227053976362590326e+01
-1.225285448280093625e+01
-1.227647445905550150e+01
-1.223012389740401318e+01
-1.220570396380211342e+01
-1.217545622117072490e+01
-1.219876280098709032e+01
-1.220593364205485010e+01
-1.214950528531170626e+01
-1.216774693660665463e+01
-1.223523153950640818e+01
-1.220301203549499292e+01
-1.219747688389971607e+01
-1.216127862613734933e+01
-1.210621074732712543e+01
-1.211572477156907546e+01
-1.211738931378808459e+01
-1.212690581638650400e+01
-1.215071007188390162e+01
-1.214675588160449671e+01
-1.208036074815849936e+01
-1.214611622348390085e+01
-1.212856729388839838e+01
-1.209125375735224495e+01
-1.208391552263725188e+01
-1.207788395393821723e+01
-1.209380767891174635e+01
-1.208003558295894742e+01
-1.209276778444221456e+01
-1.212240383756174644e+01
-1.210988015842656651e+01
-1.210196060867767898e+01
-1.206970639429258618e+01
-1.199213361154948210e+01
-1.200120242281032645e+01
-1.199649386961431397e+01
-1.201375074192968917e+01
-1.201296875234187489e+01
-1.205053117678625618e+01
-1.204215818495231360e+01
-1.207777767365849897e+01
-1.207609991000269112e+01
-1.208681278965853068e+01
-1.207266862505138150e+01
-1.208235094453339542e+01
-1.205265318153330156e+01
-1.205540918265802475e+01
-1.209024770962855477e+01
-1.209614582050582499e+01
-1.209039156478292476e+01
-1.214218645851047995e+01
-1.211823896128009892e+01
-1.213916343490409311e+01
-1.218457669405916377e+01
-1.220231401048658348e+01
-1.222838420461943265e+01
-1.222107743725674567e+01
-1.217011780921366260e+01
-1.216277306593611662e+01
-1.211662437329021991e+01
-1.221740408312286519e+01
-1.213419887946881559e+01
-1.211175327448666472e+01
-1.212217162000760950e+01
-1.211955046535952363e+01
-1.210867261878252066e+01
-1.208461200763218635e+01
-1.212916784959841543e+01
-1.214353126536200911e+01
-1.214910267548575185e+01
-1.205741523530464399e+01
-1.206484808256675478e+01
-1.208016140242939329e+01
-1.208602961259282438e+01
-1.209833831050647746e+01
-1.208864567536219425e+01
-1.208617116016424298e+01
-1.210582367149350524e+01
-1.209763665141022138e+01
-1.211132299153097058e+01
-1.211886481286682304e+01
-1.213474792887671683e+01
-1.213543120974678935e+01
-1.215625434947924965e+01
-1.214163884037600916e+01
-1.210646187435297527e+01
-1.213747055271128339e+01
-1.212820380579449520e+01
-1.213880119434512395e+01
-1.214200465933598316e+01
-1.214759381342284961e+01
-1.214258623197059173e+01
-1.214348818744463365e+01
-1.215141056775283168e+01
-1.213783266531657645e+01
-1.215128239014118172e+01
-1.216816317626599719e+01
-1.216745139863660619e+01
-1.214961996959016410e+01
-1.210334785582305095e+01
-1.206926101998395318e+01
-1.207729301859327542e+01
-1.211721749171483786e+01
-1.209604627735411420e+01
-1.208414724254039641e+01
-1.210154654278422903e+01
-1.211727924443659177e+01
-1.218444760194878818e+01
-1.218099394144848446e+01
-1.219118609696788447e+01
-1.219001456278344087e+01
-1.218641556933659764e+01
-1.213834340874947415e+01
-1.213305986761343647e+01
-1.211798480479390960e+01
-1.209368601821278943e+01
-1.211718339434714942e+01
-1.213462857568598352e+01
-1.215150713117853876e+01
-1.212861232634997144e+01
-1.214466272064854380e+01
-1.214852482108513776e+01
-1.214358791383829761e+01
-1.210614601144315827e+01
-1.208773272664503118e+01
-1.208408539542193338e+01
-1.205524927787648437e+01
-1.207017985675356897e+01
-1.203488798815578420e+01
-1.213826140676307830e+01
-1.211066711470205881e+01
-1.209205203104529680e+01
-1.213291101967757868e+01
-1.211420974247475790e+01
-1.212036208694287254e+01
-1.211343682139301237e+01
-1.210693206486465989e+01
-1.210586118348718188e+01
-1.210730382362147139e+01
-1.210773985632677707e+01
-1.211649772440879325e+01
-1.211184977567105392e+01
-1.210344211066163744e+01
-1.211665118429362487e+01
-1.210318299805019926e+01
-1.209927570585537815e+01
-1.209651290342009489e+01
-1.213285615150176433e+01
-1.211295551120877789e+01
-1.212280867455323907e+01
-1.212874664640324696e+01
-1.210485082604767904e+01
-1.206962502033643503e+01
-1.204489879396496299e+01
-1.202672319286429214e+01
-1.206522084597340871e+01
-1.209240742353840581e+01
-1.209649471291583822e+01
-1.205752579781184330e+01
-1.208056147373284261e+01
-1.204789424377616847e+01
-1.204593718579425321e+01
-1.205061829654356309e+01
-1.207050129364380453e+01
-1.206558422778042683e+01
-1.210086059284067339e+01
-1.208872172979704551e+01
-1.207663442129867271e+01
-1.203737054419608832e+01
-1.202966446104027831e+01
-1.201031100183163502e+01
-1.201308732323922612e+01
-1.201252600074052523e+01
-1.198336491875407894e+01
-1.206334390744252971e+01
-1.203240606570917137e+01
-1.202895420936741999e+01
-1.203110719560053354e+01
-1.201000677335517253e+01
-1.200701935297680834e+01
-1.198975338954169523e+01
-1.205994444149889588e+01
-1.204046085345009942e+01
-1.198938058134175932e+01
-1.200033327449104270e+01
-1.201690064009501313e+01
-1.200534795888684059e+01
-1.202599159682411134e+01
-1.203285254171954755e+01
-1.203945092635436431e+01
-1.206512631050968309e+01
-1.206332679945856512e+01
-1.205723766221316495e+01
-1.198373877841780555e+01
-1.199106767653298533e+01
-1.205251973529206744e+01
-1.203955944356580332e+01
-1.205039931061399372e+01
-1.206562132614685368e+01
-1.207307509884203611e+01
-1.206901606821038975e+01
-1.213218075809555607e+01
-1.207122107407416323e+01
-1.199227705088885365e+01
-1.199618839835067341e+01
-1.201065977718360145e+01
-1.199645974441066265e+01
-1.198948527205819126e+01
-1.199593896081399969e+01
-1.196857793891953392e+01
-1.195550283899784283e+01
-1.191013896259538285e+01
-1.189816928890157754e+01
-1.191909987445268193e+01
-1.192813136821177800e+01
-1.191554464758191578e+01
-1.190900184538580753e+01
-1.196282879165578272e+01
-1.196492741737479903e+01
-1.190771661890209465e+01
-1.191650355774590686e+01
-1.192296096804168393e+01
-1.191931091228152972e+01
-1.191107685827080509e+01
-1.191389469794365397e+01
-1.191973333818851266e+01
-1.193047104019353455e+01
-1.188882466677692307e+01
-1.188922601985814431e+01
-1.192073080513559802e+01
-1.192946494698208149e+01
-1.192395686907732255e+01
-1.192175621969115618e+01
-1.192507550625666646e+01
-1.193395644206080419e+01
-1.194566532120416902e+01
-1.196848169307108378e+01
-1.198228061961011193e+01
-1.201817989994307467e+01
-1.197428200121383846e+01
-1.197287869473391275e+01
-1.199005420878857464e+01
-1.194508690190961175e+01
-1.195499768489970016e+01
-1.196715359176223892e+01
-1.194904927092276914e+01
-1.198547749363279991e+01
-1.200051843378878225e+01
-1.199687721924820494e+01
-1.197527107711405669e+01
-1.197540334874180701e+01
-1.195901893809536176e+01
-1.194521140614093646e+01
-1.192807120628521389e+01
-1.194268701701119184e+01
-1.194308938669658815e+01
-1.191471962353941372e+01
-1.191673787322543632e+01
-1.187555887337824956e+01
-1.189887462949025121e+01
-1.187688211554927697e+01
-1.185360538216998449e+01
-1.185261642376702440e+01
-1.182406616826009937e+01
-1.181890662519012380e+01
-1.183769054874242599e+01
-1.181312836278746481e+01
-1.181360133101058985e+01
-1.189705434391131433e+01
-1.187609035046781969e+01
-1.186318758055580957e+01
-1.183390021472277809e+01
-1.180914790804864012e+01
-1.186682890775433385e+01
-1.188090003124419525e+01
-1.187297848038396353e+01
-1.187299007257845140e+01
-1.187734797896552230e+01
-1.184339869011319024e+01
-1.183666561320340449e+01
-1.181719019468095055e+01
-1.183332877883575662e+01
-1.181520179992555519e+01
-1.181935016579374675e+01
-1.182683417024363948e+01
-1.184200129432647586e+01
-1.184661519777685434e+01
-1.181399133418158520e+01
-1.184461800057268555e+01
-1.184631886614800145e+01
-1.186042122445288705e+01
-1.181778978776727840e+01
-1.181467824121630095e+01
-1.183476312439324474e+01
-1.181770153875032037e+01
-1.181683278303086126e+01
-1.179020510513069731e+01
-1.178025053051332272e+01
-1.178866746244369423e+01
-1.179425011803121670e+01
-1.178035767752055030e+01
-1.174933907390297883e+01
-1.175835108207847490e+01
-1.176641837533592216e+01
-1.180659365604860156e+01
-1.181038179227303608e+01
-1.181696377963319655e+01
-1.179407741174619062e+01
-1.180297839286073902e+01
-1.180127488715450212e+01
-1.175046419937763176e+01
-1.173283080058509498e+01
-1.171742556466127105e+01
