# 2*np.log[MAD(r)] for 100 flights; 1000 steps per flight; run 13 of 50; mu: 2.20; seed: 12
-2.393298129853944189e+01
-2.199190056736345866e+01
-2.130689366789537331e+01
-2.076269011439349299e+01
-2.057046209701176664e+01
-2.041928552042677936e+01
-1.997984515542846395e+01
-1.955286569089105697e+01
-1.878831437992133147e+01
-1.900359851735539252e+01
-1.887961977617749554e+01
-1.893027215290175391e+01
-1.868998966361858649e+01
-1.833911685565618299e+01
-1.838823003423947000e+01
-1.832207403060833784e+01
-1.840155414997411754e+01
-1.831031936429544515e+01
-1.817678787271194096e+01
-1.803299729786322558e+01
-1.780689672584411198e+01
-1.773516641653424486e+01
-1.795525811178027098e+01
-1.778317621202868892e+01
-1.768424996025670737e+01
-1.809762692668475026e+01
-1.762955876097509744e+01
-1.746998551041532366e+01
-1.763316826118851210e+01
-1.766763841658108447e+01
-1.772716317761824456e+01
-1.770300511272392185e+01
-1.771851094508344460e+01
-1.762421255404591847e+01
-1.760377119040955662e+01
-1.752321110930533976e+01
-1.744567653482233283e+01
-1.737523665772028991e+01
-1.761100613413758964e+01
-1.751046761813513797e+01
-1.733918164898657110e+01
-1.718125513068837762e+01
-1.714405340266886668e+01
-1.702191088466257796e+01
-1.703208836696530071e+01
-1.693633954023252031e+01
-1.693619386101504887e+01
-1.703156442250714164e+01
-1.707555533810399595e+01
-1.705264288993969402e+01
-1.714842281438563631e+01
-1.690581273081240710e+01
-1.677934307232707667e+01
-1.674724456411174245e+01
-1.682189651792335638e+01
-1.665429317011273724e+01
-1.656632514430077663e+01
-1.662439959972993009e+01
-1.659048190986617044e+01
-1.661878416451612850e+01
-1.671281630143572272e+01
-1.648354339098813881e+01
-1.641446578678299417e+01
-1.626553481207744767e+01
-1.607812266116029676e+01
-1.610961130465309665e+01
-1.606172819735693480e+01
-1.605338397881161683e+01
-1.621658584625391697e+01
-1.617885108300854924e+01
-1.612923040990164836e+01
-1.621018362994303530e+01
-1.605604361828408955e+01
-1.611972248313256628e+01
-1.610008810086572240e+01
-1.619804953707571826e+01
-1.620231077068201841e+01
-1.605737853888165745e+01
-1.597990348688676399e+01
-1.604392195003406840e+01
-1.598803597964208834e+01
-1.597857202742737392e+01
-1.612480857470919204e+01
-1.606607348383414902e+01
-1.598690415297275180e+01
-1.606487681638951415e+01
-1.603184753693939513e+01
-1.587649236409792408e+01
-1.597647575550777965e+01
-1.603699272311538238e+01
-1.609634133821357338e+01
-1.604127031497987588e+01
-1.614838375562470318e+01
-1.589857211835016670e+01
-1.605021292872928740e+01
-1.610126254525266276e+01
-1.601513528790075824e+01
-1.584143583994195836e+01
-1.570003927658427578e+01
-1.564378024140953904e+01
-1.587905018301750459e+01
-1.584446526647321107e+01
-1.593552490228280405e+01
-1.598291879356676937e+01
-1.591795426120259194e+01
-1.592437145855840264e+01
-1.581836116662133307e+01
-1.579778806892678844e+01
-1.579089685875437610e+01
-1.592647722221683004e+01
-1.581466129778349483e+01
-1.583294299758082957e+01
-1.582337905714519621e+01
-1.582673006005446759e+01
-1.588768830998636261e+01
-1.584045883495739382e+01
-1.584450862461687137e+01
-1.577256191824291243e+01
-1.573941758234428079e+01
-1.562037651736303623e+01
-1.559877446700229875e+01
-1.558037251076755680e+01
-1.550142028371633707e+01
-1.542520975737804534e+01
-1.553348181518862070e+01
-1.558517408801119686e+01
-1.560600741581163042e+01
-1.553408303831884218e+01
-1.549180320287795354e+01
-1.553302094438319436e+01
-1.550182237824768094e+01
-1.541649548879982135e+01
-1.543321164116263056e+01
-1.536682904381226855e+01
-1.536616721417551545e+01
-1.537308951516023825e+01
-1.528696693170201293e+01
-1.513373083817522513e+01
-1.517886288276183393e+01
-1.524876518956970806e+01
-1.510591730823142242e+01
-1.518685740042693411e+01
-1.521722115354110016e+01
-1.524119792438525955e+01
-1.516671468076645901e+01
-1.505028631084597635e+01
-1.494951065474970164e+01
-1.479176659187614895e+01
-1.472749842462611802e+01
-1.482571815420027050e+01
-1.476500259584721242e+01
-1.483328618606462790e+01
-1.481858146925270603e+01
-1.479739316991718212e+01
-1.475349717665839577e+01
-1.470369906830894990e+01
-1.484770832619243386e+01
-1.480954823013186150e+01
-1.496745362217051856e+01
-1.493700476658705334e+01
-1.499206723190828860e+01
-1.494983304513570843e+01
-1.507805859001526194e+01
-1.484008806829567462e+01
-1.470638571387657478e+01
-1.477569324230832670e+01
-1.477259444438032254e+01
-1.475133515793782557e+01
-1.469201922620478307e+01
-1.483600181564314013e+01
-1.482476788778469157e+01
-1.487895123490903337e+01
-1.486407095446901749e+01
-1.483055553040131969e+01
-1.472548119769039232e+01
-1.466955296529344288e+01
-1.475685612402764235e+01
-1.473370750196571599e+01
-1.480887977585087967e+01
-1.480299094727515730e+01
-1.478178770479003212e+01
-1.483768923943398654e+01
-1.481982384113777762e+01
-1.494289342198544546e+01
-1.488980136536773458e+01
-1.485870342139592282e+01
-1.482987574729695623e+01
-1.490515956585013058e+01
-1.474284280943413705e+01
-1.472938060101564872e+01
-1.480880011979592759e+01
-1.478315957350359255e+01
-1.467806169985689024e+01
-1.466855183112710570e+01
-1.456906399690270426e+01
-1.459648154752869154e+01
-1.451874848530572315e+01
-1.442911930156425981e+01
-1.443722019419656988e+01
-1.447165121772190766e+01
-1.451433036947760158e+01
-1.444943263281418666e+01
-1.447897608843787687e+01
-1.446109354049048612e+01
-1.454198614993509509e+01
-1.455363820922869600e+01
-1.452506503590992892e+01
-1.450174529117766475e+01
-1.456242675123291974e+01
-1.454023304255135507e+01
-1.455671649569531745e+01
-1.443837042857719943e+01
-1.437795539246753407e+01
-1.436119607198182635e+01
-1.434866183036888998e+01
-1.431115177177378683e+01
-1.430762416480803800e+01
-1.428943312357517037e+01
-1.422080250303923599e+01
-1.426012940624184111e+01
-1.419036218070585420e+01
-1.419081042251897706e+01
-1.426977922167208668e+01
-1.425364832370429902e+01
-1.427154550014153678e+01
-1.429454429370381874e+01
-1.428690490983210459e+01
-1.430924606459028681e+01
-1.433392115509711928e+01
-1.433739658614886281e+01
-1.434556495877398419e+01
-1.432950023918822069e+01
-1.428788517790796497e+01
-1.429425626716861863e+01
-1.428004021548783520e+01
-1.428094945493598722e+01
-1.430140803759189616e+01
-1.420210392328936422e+01
-1.397265610394281765e+01
-1.393908168272670522e+01
-1.405042312994376985e+01
-1.398454758267737397e+01
-1.396609919551431211e+01
-1.398758803370078319e+01
-1.394197006112648296e+01
-1.393702203558848929e+01
-1.390940172427192856e+01
-1.386591530508679249e+01
-1.386819505651732598e+01
-1.391391043494964386e+01
-1.389609659592752600e+01
-1.390699611089803689e+01
-1.389186339887551647e+01
-1.390340783565150318e+01
-1.376412457850291204e+01
-1.382216751650271291e+01
-1.378181746296402110e+01
-1.373513220456123207e+01
-1.378305049424951356e+01
-1.380713079958993106e+01
-1.382670768253123050e+01
-1.380932152479167563e+01
-1.383726354696743144e+01
-1.378723683890273044e+01
-1.378079774184981865e+01
-1.380773706416769109e+01
-1.375287990395826121e+01
-1.378594637002727907e+01
-1.383167893774060353e+01
-1.378105953978219311e+01
-1.376758843066092730e+01
-1.378669460190801388e+01
-1.372275750316757659e+01
-1.369703757121239107e+01
-1.378073426850142624e+01
-1.375187163638231524e+01
-1.374992838323142408e+01
-1.371433445541359397e+01
-1.368654047988673916e+01
-1.367708880125564974e+01
-1.371252827062145840e+01
-1.374278374050830998e+01
-1.372969265671098960e+01
-1.375659652017609424e+01
-1.377083412454853040e+01
-1.378054313250614094e+01
-1.375276448358520476e+01
-1.357799496319998411e+01
-1.352358443830160972e+01
-1.354424040461831957e+01
-1.353931097694040986e+01
-1.356787236804025376e+01
-1.354670513207451776e+01
-1.354986431111264800e+01
-1.357614226535477542e+01
-1.361539460660924128e+01
-1.358731466648585773e+01
-1.357339901896634338e+01
-1.361067102794510575e+01
-1.362835859079474865e+01
-1.362733467709550617e+01
-1.369017238383146129e+01
-1.369610875224707058e+01
-1.363440249641463886e+01
-1.347082792367464421e+01
-1.347363592901141693e+01
-1.346116009486365783e+01
-1.347272380155075489e+01
-1.347809358112654188e+01
-1.347274688350354843e+01
-1.342387411982582535e+01
-1.346112363334933626e+01
-1.340451219099894864e+01
-1.343919773475665558e+01
-1.339705013102231135e+01
-1.337894023040915847e+01
-1.337385608449662300e+01
-1.337283186801501422e+01
-1.337312820125574397e+01
-1.338265021092299811e+01
-1.339130967938280570e+01
-1.335332362986218513e+01
-1.342986863516745899e+01
-1.338147009457784975e+01
-1.341859254899447329e+01
-1.342641446262769200e+01
-1.339419236254839518e+01
-1.340050301841192670e+01
-1.342541090969625373e+01
-1.340378641788129066e+01
-1.337991008394035042e+01
-1.341083238235708741e+01
-1.337960303289242070e+01
-1.339034753485864648e+01
-1.341825101091729522e+01
-1.338914259966314901e+01
-1.326896131215054453e+01
-1.326035345508057262e+01
-1.331177901896893978e+01
-1.327167863482442023e+01
-1.327447177620528862e+01
-1.325893899162787548e+01
-1.332719645367710726e+01
-1.323259796095420526e+01
-1.324733827806027620e+01
-1.327180759755538375e+01
-1.323834356489277653e+01
-1.320564628667972507e+01
-1.314668375715581661e+01
-1.309970460653844881e+01
-1.313974097622430826e+01
-1.318283856730027459e+01
-1.313780595610881541e+01
-1.315559255128883720e+01
-1.316069694747127983e+01
-1.313270637265923213e+01
-1.311417606096604693e+01
-1.309902302255757434e+01
-1.305287350164793558e+01
-1.305622193179997836e+01
-1.304489461345156798e+01
-1.308028149309228461e+01
-1.305892688232524179e+01
-1.303879541667278197e+01
-1.302723400389343489e+01
-1.301031178711826009e+01
-1.301597380893091582e+01
-1.293194089755409415e+01
-1.290086516862300137e+01
-1.288367894579448603e+01
-1.288811854385845201e+01
-1.286924986060546772e+01
-1.286324432158713371e+01
-1.286505514620001200e+01
-1.284834845024868066e+01
-1.286095372887605670e+01
-1.284801305679483718e+01
-1.285048237829623652e+01
-1.289337393936795273e+01
-1.290223497468466363e+01
-1.294131920084845078e+01
-1.297465388238702921e+01
-1.299682044490175770e+01
-1.299622775969133670e+01
-1.290381503381442840e+01
-1.292681451142668614e+01
-1.295626471767404730e+01
-1.287574024512350945e+01
-1.287531028406142930e+01
-1.287164570596257107e+01
-1.286469100651875941e+01
-1.286383842097736974e+01
-1.286935944491083994e+01
-1.286113578319631046e+01
-1.282864814252789998e+01
-1.273648722565395452e+01
-1.281013706774100314e+01
-1.298878331274900333e+01
-1.297370570772794274e+01
-1.287598546853889658e+01
-1.288027774630516120e+01
-1.289545961850935285e+01
-1.291939891812712915e+01
-1.290022260089065220e+01
-1.294363286965918469e+01
-1.294083162943096710e+01
-1.292839422935260352e+01
-1.291892585608994892e+01
-1.294571981492664392e+01
-1.304054969605374836e+01
-1.305259707755261367e+01
-1.302904494395227353e+01
-1.303243728773466081e+01
-1.301800357358673210e+01
-1.307128392267715356e+01
-1.305064094298533739e+01
-1.318535021461202206e+01
-1.322336051485656228e+01
-1.323523621685300178e+01
-1.323816996305978044e+01
-1.322129708715031882e+01
-1.313209719726905966e+01
-1.314961941435998050e+01
-1.318340885094746007e+01
-1.327145368046078566e+01
-1.326531667084101862e+01
-1.332576346806193079e+01
-1.337517107538371519e+01
-1.329144685865173869e+01
-1.327686407438844363e+01
-1.328248357831741444e+01
-1.331289237973606632e+01
-1.314849895610252517e+01
-1.316204942836094105e+01
-1.315211640000529414e+01
-1.312275849966195018e+01
-1.311822575389495427e+01
-1.312687337946352173e+01
-1.310855120596763790e+01
-1.315322411188771490e+01
-1.311318386735725738e+01
-1.314031626267189168e+01
-1.313518453172642708e+01
-1.313545823335473450e+01
-1.314570022643434477e+01
-1.320411005246721103e+01
-1.321292974005011622e+01
-1.322629336122552779e+01
-1.314374980514995706e+01
-1.305227192802713354e+01
-1.305261207735573592e+01
-1.306323998227466987e+01
-1.307501086172659477e+01
-1.303614914268788638e+01
-1.303895490997139639e+01
-1.302214861604577045e+01
-1.299914735271474875e+01
-1.287898710594353169e+01
-1.290085524043031917e+01
-1.291208837983519508e+01
-1.290004282644772715e+01
-1.289069073577332070e+01
-1.289438300703510798e+01
-1.293221566295968117e+01
-1.294776291475021957e+01
-1.293791580802567687e+01
-1.293488697322392156e+01
-1.289201144417902967e+01
-1.288409390561475121e+01
-1.287145939972508302e+01
-1.286442200542582448e+01
-1.287090568674418023e+01
-1.283910933608074423e+01
-1.285439457175647071e+01
-1.278801614979145640e+01
-1.275187985446786954e+01
-1.279568837861536501e+01
-1.281981390306582291e+01
-1.280604533738325479e+01
-1.276143731869617604e+01
-1.278906129426316696e+01
-1.276913855545978649e+01
-1.276068420355787936e+01
-1.276631776534429363e+01
-1.279475258029166085e+01
-1.277636761650117769e+01
-1.276939264509029570e+01
-1.282463178443743956e+01
-1.280643228553078039e+01
-1.275608081177621145e+01
-1.276614469061748913e+01
-1.277834141544070690e+01
-1.281688934713168138e+01
-1.284291670098668625e+01
-1.278356853345947286e+01
-1.277747117173376701e+01
-1.281226608176571702e+01
-1.278748555780340013e+01
-1.280439436070145476e+01
-1.280033921187837720e+01
-1.280307089313043711e+01
-1.280048530943307306e+01
-1.284315616026997731e+01
-1.279522787200254719e+01
-1.280527984793618046e+01
-1.281139390339268225e+01
-1.278789472684288064e+01
-1.282734154696749052e+01
-1.282300056930420418e+01
-1.276910641990827777e+01
-1.275815642286805840e+01
-1.276964555376057930e+01
-1.273795807455934437e+01
-1.285558403003635775e+01
-1.286388444010024124e+01
-1.281311420657325328e+01
-1.287274658898819091e+01
-1.292014107355554664e+01
-1.289283025138016470e+01
-1.289064787158177339e+01
-1.289069398782505083e+01
-1.286948970262485226e+01
-1.285236035887479922e+01
-1.286236795291784318e+01
-1.285897504458092122e+01
-1.286722909275513693e+01
-1.283467850601500437e+01
-1.280183026663767976e+01
-1.283830544580948363e+01
-1.284182766144643928e+01
-1.280087091968517576e+01
-1.281154248868948642e+01
-1.280808675421430287e+01
-1.280622542201642489e+01
-1.284874176428577464e+01
-1.284305187511958302e+01
-1.285515722102114289e+01
-1.283797284199446764e+01
-1.283307684533056836e+01
-1.284745217420790908e+01
-1.283239470312070907e+01
-1.280042114626159666e+01
-1.263188453125683175e+01
-1.273883075917064822e+01
-1.277034848033924952e+01
-1.278047123592382306e+01
-1.280608131097227442e+01
-1.274672187536118173e+01
-1.273422609323271359e+01
-1.261436527548535658e+01
-1.256745419437759104e+01
-1.256758878118908740e+01
-1.256500751411140726e+01
-1.250602733998111482e+01
-1.252428668694625458e+01
-1.252345611145280380e+01
-1.254087238217057987e+01
-1.254634441033860348e+01
-1.256015773589999185e+01
-1.253754810714829482e+01
-1.254336842548058506e+01
-1.254269665204536288e+01
-1.250448242070286753e+01
-1.262133726670622558e+01
-1.261103608489089467e+01
-1.259191120065073832e+01
-1.249226272051928710e+01
-1.247909629734935422e+01
-1.248903046728875843e+01
-1.249564467171281201e+01
-1.247644934392909022e+01
-1.249139304984137411e+01
-1.248122780003109256e+01
-1.243847710706125476e+01
-1.243548241932472997e+01
-1.243686792650813011e+01
-1.243783926082569913e+01
-1.243801388429559829e+01
-1.242419313254889879e+01
-1.252269561469106485e+01
-1.253157499465476477e+01
-1.250397019468625714e+01
-1.249323027240703432e+01
-1.243941805103275478e+01
-1.244641655128113733e+01
-1.243284290355501120e+01
-1.247024035035421186e+01
-1.245887029279525038e+01
-1.246188762052404719e+01
-1.243556458126847986e+01
-1.238796444392070839e+01
-1.245490850967703622e+01
-1.249531495349107679e+01
-1.250602082445355734e+01
-1.248810178165476970e+01
-1.249557358919503613e+01
-1.257654845682530720e+01
-1.256912460396799069e+01
-1.248309332183977105e+01
-1.244742628169252008e+01
-1.243717004276586380e+01
-1.243923736417474046e+01
-1.240090131913227367e+01
-1.240160647537899763e+01
-1.237148681596459454e+01
-1.232620823274128696e+01
-1.236316952244419021e+01
-1.240782733154371087e+01
-1.239259043084069489e+01
-1.238317660996774805e+01
-1.237065938464144921e+01
-1.243255168633327301e+01
-1.240931548230592441e+01
-1.246078746403789772e+01
-1.242191993239802805e+01
-1.244334553805050092e+01
-1.242971240940263833e+01
-1.246040005855016197e+01
-1.254495548068749855e+01
-1.256453426128028994e+01
-1.255318345504632127e+01
-1.260741715230893156e+01
-1.260838283267042748e+01
-1.259285534826509156e+01
-1.267919616269065841e+01
-1.276128465269620627e+01
-1.281779453700547933e+01
-1.278305976926247922e+01
-1.279269383044705499e+01
-1.281060798900052866e+01
-1.281690442642490879e+01
-1.284512043932666003e+01
-1.272340303134152784e+01
-1.270590380941256115e+01
-1.267505459681890301e+01
-1.270423500022512364e+01
-1.268042073172525974e+01
-1.271415724842483996e+01
-1.269160965296962651e+01
-1.268622146538299411e+01
-1.265396450637138770e+01
-1.251441819792022869e+01
-1.251733017021618899e+01
-1.252908889290540628e+01
-1.250890914894842432e+01
-1.254124316609362388e+01
-1.250186830605997201e+01
-1.255925222350569825e+01
-1.242275769507815930e+01
-1.241695991267825860e+01
-1.241288593962158693e+01
-1.243839197835666788e+01
-1.231520736951721062e+01
-1.231038939009071242e+01
-1.225661066552097367e+01
-1.224790815887471140e+01
-1.221256543092624369e+01
-1.221453704278578378e+01
-1.221801687410484227e+01
-1.219693006491022658e+01
-1.224487433699050776e+01
-1.223134798422878688e+01
-1.224339454940117911e+01
-1.228989803898737776e+01
-1.226477297379672216e+01
-1.225365398078100476e+01
-1.225585429137415083e+01
-1.226623906828117327e+01
-1.225649813402572086e+01
-1.221842500487960237e+01
-1.217489514445115084e+01
-1.215927158726047885e+01
-1.213246668683078688e+01
-1.213223664576136684e+01
-1.216748859920220127e+01
-1.213735496557431226e+01
-1.215625825827093287e+01
-1.217379782552929512e+01
-1.230134335249205968e+01
-1.226953210785788251e+01
-1.222285229412406515e+01
-1.212522944350452114e+01
-1.212859131870827767e+01
-1.213325073730410786e+01
-1.215601978549648443e+01
-1.214039604193293087e+01
-1.210273391330381543e+01
-1.208810909065680939e+01
-1.214503832306708375e+01
-1.214453292688699371e+01
-1.209928766792520882e+01
-1.208898681051729440e+01
-1.207928265257238643e+01
-1.205711439216417702e+01
-1.207863319364811971e+01
-1.200879025116785215e+01
-1.199740101422191429e+01
-1.200232013905662498e+01
-1.207158056547784142e+01
-1.206780365501793106e+01
-1.208465700106312291e+01
-1.208654164157858268e+01
-1.209972230866124399e+01
-1.209647517540096473e+01
-1.205999671596473632e+01
-1.207111159714449933e+01
-1.209335516597059801e+01
-1.204750598926506733e+01
-1.207866567954302539e+01
-1.205873354274774201e+01
-1.206758539932256369e+01
-1.208470753255097563e+01
-1.207271725337202817e+01
-1.203315662435175959e+01
-1.205092730120134092e+01
-1.201872788898310418e+01
-1.200957834767749688e+01
-1.205133724342425516e+01
-1.203443407669808707e+01
-1.203333288876841856e+01
-1.205479147603481493e+01
-1.202938851742654336e+01
-1.204165956456417241e+01
-1.205071680492363484e+01
-1.203707484943196526e+01
-1.195676923497707023e+01
-1.192497853678633568e+01
-1.191371429893096767e+01
-1.191332606750170875e+01
-1.202668893471837563e+01
-1.197765209567301703e+01
-1.197704232104910993e+01
-1.197150929598460145e+01
-1.197026416911417890e+01
-1.196089011097966903e+01
-1.195790635650232936e+01
-1.191025067130476600e+01
-1.192125743567098617e+01
-1.192620766696237489e+01
-1.193632136248969289e+01
-1.193422448494750654e+01
-1.193170302649845027e+01
-1.189152812440222995e+01
-1.182065540461077191e+01
-1.188619911801510121e+01
-1.189279135304525958e+01
-1.189914559756689094e+01
-1.189438301565016332e+01
-1.188342567248057868e+01
-1.185807007669017388e+01
-1.186537509200668161e+01
-1.186928455979636077e+01
-1.183647425179029788e+01
-1.189474353441229582e+01
-1.186372211848342495e+01
-1.187247732573957748e+01
-1.185738711300353998e+01
-1.185793177119894892e+01
-1.185098494486931742e+01
-1.186503704534103321e+01
-1.185868637417120297e+01
-1.185068351951580645e+01
-1.183705429186721680e+01
-1.184537537873353052e+01
-1.184256262372676360e+01
-1.184625314071678481e+01
-1.185551758514218257e+01
-1.186586450631681444e+01
-1.187043326031349899e+01
-1.186233573887636794e+01
-1.187382021215917050e+01
-1.187098784218902203e+01
-1.186999632378469727e+01
-1.188543483247760335e+01
-1.186937648370848386e+01
-1.187166401222509649e+01
-1.187744681334208074e+01
-1.186316979689295081e+01
-1.188032450224660863e+01
-1.186617215040831574e+01
-1.186697665109570643e+01
-1.191173918661159803e+01
-1.185954833667093311e+01
-1.186900411891306284e+01
-1.185560022787659662e+01
-1.177213713865435096e+01
-1.178832604508225401e+01
-1.181625365803257033e+01
-1.183726161744481686e+01
-1.183953783148677097e+01
-1.183507999112357645e+01
-1.182345991577911981e+01
-1.183260128301005842e+01
-1.180788475332485632e+01
-1.183478323344271210e+01
-1.183213272096678814e+01
-1.183467073427500971e+01
-1.184374035147079418e+01
-1.189539160280568453e+01
-1.190955695154189442e+01
-1.188652529546827807e+01
-1.186821047633303650e+01
-1.186669612917859418e+01
-1.187823392171378423e+01
-1.186749692538113798e+01
-1.192236501738361731e+01
-1.191251417525849199e+01
-1.192312520764700423e+01
-1.200874267944384499e+01
-1.200826864616600886e+01
-1.204209319841042714e+01
-1.204264981530715417e+01
-1.203104527028582460e+01
-1.204318412723450571e+01
-1.197279651131056433e+01
-1.194283307871535449e+01
-1.195881995925358154e+01
-1.196487982074083156e+01
-1.208208606350284775e+01
-1.209923469049155642e+01
-1.209220496054731342e+01
-1.208637144700468369e+01
-1.207342573434556954e+01
-1.203967407931661171e+01
-1.208246605704276533e+01
-1.200538142893735483e+01
-1.201235716504763751e+01
-1.209934026000768981e+01
-1.206167937406281077e+01
-1.207060553390051894e+01
-1.207741958346465161e+01
-1.202524771652107560e+01
-1.205287744052151844e+01
-1.202533095017150622e+01
-1.202706961185314327e+01
-1.200346829156176298e+01
-1.197683130006735119e+01
-1.196016909564689534e+01
-1.194866877351729073e+01
-1.193138795300763633e+01
-1.192773651851430472e+01
-1.189717229636191753e+01
-1.194428257728655574e+01
-1.190191933428169868e+01
-1.189781993942211002e+01
-1.190803636894052175e+01
-1.190824863980170711e+01
-1.198660646892587955e+01
-1.198800882313015137e+01
-1.195697994593799685e+01
-1.191643165577359298e+01
-1.192633291968745723e+01
-1.192186639547153071e+01
-1.193031180325313834e+01
-1.200448999447471898e+01
-1.200297118673080554e+01
-1.199341247600284710e+01
-1.199935590974067168e+01
-1.196192064777914688e+01
-1.196788336654833707e+01
-1.197052568474416923e+01
-1.196237870125891511e+01
-1.197973863472578415e+01
-1.198039251909515990e+01
-1.196628634284402715e+01
-1.194929043335877239e+01
-1.193543031266762888e+01
-1.192476152355136421e+01
-1.191526929763884546e+01
-1.183222340537773931e+01
-1.177363049612212187e+01
-1.177982055774825909e+01
-1.177512417396871847e+01
-1.176807676583588069e+01
-1.175252854434458349e+01
-1.175717538361801395e+01
-1.171216451576692741e+01
-1.180283197116345661e+01
-1.176476296436240609e+01
-1.176681360358886863e+01
-1.179712266265509335e+01
-1.178377573105041876e+01
-1.178623281101465992e+01
-1.178567371232341010e+01
-1.178305454915694916e+01
-1.179247311910522455e+01
-1.177363799046040072e+01
-1.174436558350830140e+01
-1.171755468479077322e+01
-1.174181628728488569e+01
-1.172792549915166482e+01
-1.173063148516670218e+01
-1.171558152290485211e+01
-1.171935408351496477e+01
-1.170864169362663354e+01
-1.163203785109053889e+01
-1.164467590726918012e+01
-1.165170879899938683e+01
-1.162669995141301271e+01
-1.162514242259244313e+01
-1.157042411409517513e+01
-1.155290342311195850e+01
-1.156963813038428590e+01
-1.157266064840407616e+01
-1.154039450041141990e+01
-1.155241553402277788e+01
-1.157539522085297712e+01
-1.159228328796309704e+01
-1.158045672940339088e+01
-1.157603510287081860e+01
-1.156774140839156040e+01
-1.160772975256305450e+01
-1.160035603663102322e+01
-1.160320145764160138e+01
-1.160983935822575752e+01
-1.161704379064342163e+01
-1.161743365043867726e+01
-1.160535776819898501e+01
-1.159617171390543788e+01
-1.156701264198528278e+01
-1.155057097677503286e+01
-1.155676546173923569e+01
-1.154903528084633280e+01
-1.155316921386081397e+01
-1.155863769279232933e+01
-1.154356349571108353e+01
-1.153278483670690768e+01
-1.145653466796710696e+01
-1.143163165741266596e+01
-1.140752275024516749e+01
-1.132112697254468792e+01
-1.132762089268074490e+01
-1.132802949181672147e+01
-1.136597114733832825e+01
-1.137460527063988636e+01
-1.135384048628506193e+01
-1.137064372447653504e+01
-1.135662326602187733e+01
-1.136479799241127431e+01
-1.140243963916338643e+01
-1.140938003399287304e+01
-1.140522257739391954e+01
-1.141136965642756707e+01
-1.140478055456066997e+01
-1.140383684469357561e+01
-1.139733232410940822e+01
-1.139999442248032580e+01
-1.139599105393880052e+01
-1.138663782766592192e+01
-1.139728959105068817e+01
-1.140118398274180755e+01
-1.144105667626984690e+01
-1.143355868593489255e+01
-1.145921711159079237e+01
-1.148050096106270246e+01
-1.149472697409855648e+01
-1.150062383488435458e+01
-1.149307211607862556e+01
-1.148911331474542408e+01
-1.148198644168692262e+01
-1.147363500287088911e+01
-1.147150753025509573e+01
-1.145507233166651240e+01
-1.146698947675892732e+01
-1.146682229028374600e+01
-1.146624881341377034e+01
-1.146915943121798165e+01
-1.147847819679703285e+01
-1.147856652033670777e+01
-1.147634301676687940e+01
-1.146128218157045886e+01
-1.143990197941328013e+01
-1.148396910061148546e+01
-1.149946443147249120e+01
-1.150315172036003375e+01
-1.150954149188833142e+01
-1.151875023717700230e+01
-1.147339477475176217e+01
-1.146609777254294293e+01
-1.148935853774277938e+01
-1.147166115529618935e+01
-1.147192861071739856e+01
-1.146780726199216183e+01
-1.147203771638795544e+01
-1.147607659007910286e+01
-1.146086711513078882e+01
-1.145093641907283022e+01
-1.144170383684943282e+01
-1.144212789022395071e+01
-1.138481124244817444e+01
-1.138913768877313615e+01
-1.144853032436392937e+01
-1.137702027823020146e+01
-1.137254551759264132e+01
-1.136963438380405833e+01
-1.137721778640909243e+01
-1.137318370530036660e+01
-1.135869439261641389e+01
-1.136210174797860439e+01
-1.136611961919726355e+01
