# 2*np.log[MAD(r)] for 100 flights; 1000 steps per flight; run 29 of 50; mu: 2.20; seed: 28
-2.425616367430062326e+01
-2.205810540445216006e+01
-2.146908873248067806e+01
-2.110185837447107104e+01
-2.073080891160529760e+01
-2.027559934518819063e+01
-2.001919066712468265e+01
-1.951426415656164082e+01
-1.963614906250757031e+01
-1.953750245115655915e+01
-1.917335216955782329e+01
-1.874047277632848463e+01
-1.831464095811000803e+01
-1.820633436827550256e+01
-1.791080750430118584e+01
-1.795683903446714424e+01
-1.776695374649087356e+01
-1.784312941896724780e+01
-1.804733827332129081e+01
-1.809721743763805790e+01
-1.795049866851353570e+01
-1.798238052846950907e+01
-1.773335335727409046e+01
-1.771771601062146217e+01
-1.764081891566903693e+01
-1.759009361647635927e+01
-1.741668854279165402e+01
-1.728619650729836366e+01
-1.742325305442193084e+01
-1.718156796025521871e+01
-1.684176476769978237e+01
-1.700795663731359397e+01
-1.684013196891108777e+01
-1.656924626761481179e+01
-1.655707432332253859e+01
-1.649949547602618338e+01
-1.651441582399674601e+01
-1.638314873530716298e+01
-1.641906371985123059e+01
-1.645297996514513983e+01
-1.631568879668744998e+01
-1.606531227594388156e+01
-1.598638077395550106e+01
-1.604270452844964368e+01
-1.605700412446785208e+01
-1.611370648490373725e+01
-1.600852397903193491e+01
-1.602895482745846678e+01
-1.605737151575525701e+01
-1.598322794043444084e+01
-1.607048256603606973e+01
-1.603530867688505523e+01
-1.598101552438438766e+01
-1.592102237611689297e+01
-1.590153543250229617e+01
-1.603035984116960222e+01
-1.595858400054483184e+01
-1.583267830885977112e+01
-1.587865758650849557e+01
-1.593897602269455227e+01
-1.591504296016470477e+01
-1.585831755663920006e+01
-1.602074616556257070e+01
-1.596680384101009409e+01
-1.599030046560350193e+01
-1.591602890797426006e+01
-1.587805378247117183e+01
-1.580427538102337515e+01
-1.581105895483175239e+01
-1.578239980375970752e+01
-1.567068431664086603e+01
-1.565116261674448062e+01
-1.574078625003792986e+01
-1.569260881852100731e+01
-1.564836213428358391e+01
-1.573425734931438136e+01
-1.560569304490180365e+01
-1.564810723854795071e+01
-1.560813992256486138e+01
-1.561875812081070869e+01
-1.557410236487685573e+01
-1.549102173009676342e+01
-1.551962001852313477e+01
-1.553899736222480854e+01
-1.545485799605099508e+01
-1.536932346886586842e+01
-1.533411565307198821e+01
-1.527379871445115889e+01
-1.527731616576328300e+01
-1.521712051282486300e+01
-1.526438511509547524e+01
-1.517637529834037302e+01
-1.509657246369894779e+01
-1.501663220722465475e+01
-1.503965243233778004e+01
-1.505802587817985128e+01
-1.500421601087846923e+01
-1.496301870088542962e+01
-1.498116478361058945e+01
-1.503118768010933692e+01
-1.497501366771235887e+01
-1.496952517442870523e+01
-1.496247510760601251e+01
-1.496436471171983129e+01
-1.497593936175403684e+01
-1.485549169398948699e+01
-1.496318563742071284e+01
-1.489126316626041202e+01
-1.494492353290165454e+01
-1.491309466681496154e+01
-1.495351221822303422e+01
-1.478179823812440219e+01
-1.481025302585340064e+01
-1.481696845569506493e+01
-1.484101589235798357e+01
-1.487492421419247179e+01
-1.470522859356623613e+01
-1.469274552209213702e+01
-1.462119773623877528e+01
-1.479174534360292448e+01
-1.473359569011700110e+01
-1.461273202477332589e+01
-1.444123440256164415e+01
-1.458172041656292706e+01
-1.454816585018934738e+01
-1.454354310301389042e+01
-1.456380973632362341e+01
-1.447749123744780064e+01
-1.447040953946261155e+01
-1.443993857467999753e+01
-1.458524251475619238e+01
-1.459380790363114855e+01
-1.449969683330937009e+01
-1.447728105618796945e+01
-1.439192330925372154e+01
-1.431511049551171766e+01
-1.436327321339153862e+01
-1.440797377504881105e+01
-1.437797482285550288e+01
-1.432197930406083408e+01
-1.430246090483534438e+01
-1.425744211426538577e+01
-1.419799269837352718e+01
-1.417702159798738570e+01
-1.419073857261754590e+01
-1.413946490434677372e+01
-1.414048492324511486e+01
-1.419822789000131635e+01
-1.413866909947039296e+01
-1.422580490774411643e+01
-1.421659210431944409e+01
-1.428474896929497895e+01
-1.432471031624834445e+01
-1.430742947816525579e+01
-1.432565270003544455e+01
-1.425485320154687052e+01
-1.423686679095109042e+01
-1.419517004353761891e+01
-1.424784789986235545e+01
-1.425589972996594845e+01
-1.425709150688811278e+01
-1.428786430100841010e+01
-1.433184011686920911e+01
-1.427099457419393680e+01
-1.433305334031847522e+01
-1.433674183336693986e+01
-1.428449969273209774e+01
-1.440211060363783169e+01
-1.445289243135171375e+01
-1.444287957217364315e+01
-1.444959399637230391e+01
-1.450816884170761689e+01
-1.448287759299188693e+01
-1.446474634885462507e+01
-1.451609858916865470e+01
-1.443844535767747317e+01
-1.426830403334251862e+01
-1.423556896680749695e+01
-1.422451621039236613e+01
-1.423271292732350624e+01
-1.422848689120524313e+01
-1.426508397741262968e+01
-1.430313151368839719e+01
-1.430493926497833712e+01
-1.426000064613667817e+01
-1.427787583159083340e+01
-1.427096872377553538e+01
-1.423882251173010971e+01
-1.426072196732996211e+01
-1.431050703168313554e+01
-1.436759112949389916e+01
-1.433333319154811392e+01
-1.431724775606006617e+01
-1.429162532499878857e+01
-1.432251601184267997e+01
-1.429611613573314521e+01
-1.440135262895085511e+01
-1.436204019189806935e+01
-1.444482515417177737e+01
-1.442167531803395697e+01
-1.429202522883803006e+01
-1.424377784826217663e+01
-1.431797050547855754e+01
-1.432463532806017525e+01
-1.427169078766597465e+01
-1.422049484681325637e+01
-1.428876432329465729e+01
-1.449121240521819054e+01
-1.454029580849979020e+01
-1.448668054670636884e+01
-1.426319130760513332e+01
-1.420363367911219932e+01
-1.419704352111552303e+01
-1.420993066167356567e+01
-1.420447738147057315e+01
-1.427370575786321361e+01
-1.417243246442374804e+01
-1.415453189920088128e+01
-1.414472196034945739e+01
-1.418768122994222480e+01
-1.421021953600647336e+01
-1.424278893705663585e+01
-1.420438198867257640e+01
-1.426408887524925717e+01
-1.431673390621110720e+01
-1.420417482881761195e+01
-1.416321849931208732e+01
-1.411574481010204707e+01
-1.418628438884865872e+01
-1.420715986135573594e+01
-1.415199771973616727e+01
-1.419357484055477059e+01
-1.416209965869346910e+01
-1.412451097534895084e+01
-1.412694240186852035e+01
-1.418525883054234704e+01
-1.403416270980699565e+01
-1.398411133622681568e+01
-1.399948022481657794e+01
-1.406548533295432968e+01
-1.405305949026564249e+01
-1.426976206370811617e+01
-1.428011177160953338e+01
-1.426637939162588431e+01
-1.419437396098761894e+01
-1.415894932142461649e+01
-1.410761872273614159e+01
-1.410882846681683844e+01
-1.409445632989094932e+01
-1.398410094627181088e+01
-1.406770835859418334e+01
-1.402882842868515212e+01
-1.410487421269167996e+01
-1.413290552790715360e+01
-1.396830418608637103e+01
-1.402303778568276194e+01
-1.399526695074152016e+01
-1.402147841331390765e+01
-1.398384578407158152e+01
-1.396579394741452695e+01
-1.393358849322719450e+01
-1.390972354394471111e+01
-1.384469684817760893e+01
-1.384377355237848484e+01
-1.402473018271946970e+01
-1.402473163207822004e+01
-1.387512618377216178e+01
-1.395692332470298069e+01
-1.391042322564345390e+01
-1.381047445113550687e+01
-1.372496068154302584e+01
-1.374398039376055891e+01
-1.376829372231530968e+01
-1.380502500556293022e+01
-1.383256894442704699e+01
-1.389973905157776812e+01
-1.381532614311192653e+01
-1.383788332228649587e+01
-1.384001673710416824e+01
-1.384303842290230335e+01
-1.379684650830106385e+01
-1.371642900096002293e+01
-1.371906671035036318e+01
-1.375107221844911010e+01
-1.374537204767624843e+01
-1.376144243945798884e+01
-1.375016843422679713e+01
-1.380901235603590038e+01
-1.381918874964448740e+01
-1.380748378107872298e+01
-1.372232448447219966e+01
-1.368134904497780013e+01
-1.365988120397484273e+01
-1.365867331925811179e+01
-1.356053450432222540e+01
-1.367899544009475576e+01
-1.369111845545327455e+01
-1.369063600267120506e+01
-1.356109493168126789e+01
-1.361482314615938272e+01
-1.358549907332778339e+01
-1.356677960211142597e+01
-1.356418948816759773e+01
-1.361021759181000057e+01
-1.353727336348249999e+01
-1.351611385943392030e+01
-1.352301240095535739e+01
-1.352719999233981163e+01
-1.354487979912484086e+01
-1.347077173974709652e+01
-1.357036420650189967e+01
-1.355336389961738242e+01
-1.363379335077565457e+01
-1.328955227009783790e+01
-1.322825140153677026e+01
-1.322012973989589923e+01
-1.327443230829047316e+01
-1.323402470039682122e+01
-1.329402457643629099e+01
-1.335875817971725077e+01
-1.333673004385404326e+01
-1.330427318383254054e+01
-1.323896484092792036e+01
-1.324189718215873057e+01
-1.331106197922901302e+01
-1.332390293169948414e+01
-1.319427665286050555e+01
-1.329139451618327605e+01
-1.341287193103416264e+01
-1.340291261083347685e+01
-1.341657881720969314e+01
-1.348195378828557622e+01
-1.341567356010748746e+01
-1.344150102987057416e+01
-1.340342936625261316e+01
-1.336507187730866164e+01
-1.332807988536118771e+01
-1.341302329483970013e+01
-1.337539185750615367e+01
-1.332472663890820108e+01
-1.333056290311975012e+01
-1.332861453980463295e+01
-1.345554240127274603e+01
-1.350013693321854724e+01
-1.352329878142432840e+01
-1.350517120531342208e+01
-1.352821771091083924e+01
-1.346883215997099015e+01
-1.346622052829022742e+01
-1.336999814471498027e+01
-1.339695258308050363e+01
-1.343165147694343275e+01
-1.345078103198217967e+01
-1.339019400535546644e+01
-1.339968921273484170e+01
-1.337933525500139531e+01
-1.334465785901847923e+01
-1.350045752158923307e+01
-1.346709183215570427e+01
-1.337518416320293113e+01
-1.340840890256902185e+01
-1.346591432132067467e+01
-1.346640515261296400e+01
-1.332848191702492890e+01
-1.326489319456973881e+01
-1.326796372520291634e+01
-1.324934382439092495e+01
-1.325485880470509770e+01
-1.322998531069686656e+01
-1.321240384008222968e+01
-1.320793414467926041e+01
-1.322123259119944905e+01
-1.316102545342683428e+01
-1.318222363615960901e+01
-1.318222766709961569e+01
-1.305484385488716725e+01
-1.307450328121268868e+01
-1.305543121262840423e+01
-1.301072300982268004e+01
-1.301417794919468207e+01
-1.302763579136862759e+01
-1.301394165357531385e+01
-1.305798840838803976e+01
-1.299819040675955506e+01
-1.311910722242424754e+01
-1.309865683825511873e+01
-1.307032680473884234e+01
-1.300385622481891978e+01
-1.307255616496277995e+01
-1.300416929148997625e+01
-1.302172500099455554e+01
-1.299896668575889258e+01
-1.299105662156232732e+01
-1.296809496173113097e+01
-1.293459209004730681e+01
-1.293891518629411941e+01
-1.302750832608538545e+01
-1.298786098598887584e+01
-1.295388634200485178e+01
-1.293919182232301601e+01
-1.296211643116890144e+01
-1.292865242906609602e+01
-1.302594215991759619e+01
-1.299452593015131185e+01
-1.303126995201975902e+01
-1.297784555021621955e+01
-1.299232389386095221e+01
-1.300726420670288341e+01
-1.289903603954623890e+01
-1.285508636871677801e+01
-1.282770925891290403e+01
-1.281354488429381711e+01
-1.278818946713354698e+01
-1.276124870916322607e+01
-1.277241929149911925e+01
-1.277024276796118407e+01
-1.276999612436373255e+01
-1.273866125196590282e+01
-1.265279386310895582e+01
-1.269790573345515838e+01
-1.271577166093651456e+01
-1.269720486761142553e+01
-1.269561165351635523e+01
-1.267975752265686218e+01
-1.271100061754785315e+01
-1.271666347330438462e+01
-1.273779645090016821e+01
-1.272904447549596618e+01
-1.274038569559499834e+01
-1.274370014622646963e+01
-1.276561167626615578e+01
-1.274606048380631051e+01
-1.273310174455338029e+01
-1.272659359951941838e+01
-1.274985472823805033e+01
-1.273536091155859218e+01
-1.270345529068491430e+01
-1.270371085454850935e+01
-1.272330446761997180e+01
-1.274615886726355818e+01
-1.275823209119526069e+01
-1.274502357267247099e+01
-1.271957446049471052e+01
-1.269128755186876134e+01
-1.273497956496797023e+01
-1.274001169706516023e+01
-1.270758155592888450e+01
-1.274088274623421668e+01
-1.271180369384421383e+01
-1.269511776337014908e+01
-1.268277712407050295e+01
-1.266116848911278758e+01
-1.257576350521213548e+01
-1.259141994390239638e+01
-1.254870477120567074e+01
-1.255246771856384669e+01
-1.252517009084797017e+01
-1.250984426671041305e+01
-1.249188898834285411e+01
-1.257965118072496402e+01
-1.257377815368079510e+01
-1.256613689885674034e+01
-1.257201552143126122e+01
-1.258913563534816049e+01
-1.260214485597298406e+01
-1.255210189068738380e+01
-1.255561940386424524e+01
-1.256783812563726599e+01
-1.258538910472895900e+01
-1.257250614967409241e+01
-1.256771779969719027e+01
-1.257994883828725641e+01
-1.255725918764277260e+01
-1.254269424564162705e+01
-1.257749043135793166e+01
-1.257622303311150702e+01
-1.254368427837422928e+01
-1.255085277975615021e+01
-1.253665105222305343e+01
-1.256482706250176307e+01
-1.257935867804485497e+01
-1.259152272092525138e+01
-1.260160763881242652e+01
-1.260000829567231584e+01
-1.253117634374740597e+01
-1.257763533019667079e+01
-1.260926160856000067e+01
-1.260901739743904493e+01
-1.261894480812956942e+01
-1.259702647137799758e+01
-1.260607407446156358e+01
-1.264765200347678764e+01
-1.264887480473957915e+01
-1.263864776853353433e+01
-1.260384435128089109e+01
-1.248106611893256712e+01
-1.254200706564817125e+01
-1.255452638526406695e+01
-1.253918855190884862e+01
-1.253167178244688529e+01
-1.250440434279319390e+01
-1.253581834944107243e+01
-1.253309542433391499e+01
-1.257111786905205086e+01
-1.258636801692569129e+01
-1.257679891894291657e+01
-1.258350254750063790e+01
-1.258204883869629143e+01
-1.257219295108303392e+01
-1.252831508947505057e+01
-1.257390748993065621e+01
-1.256798617477157798e+01
-1.256027760487053513e+01
-1.256409355620706059e+01
-1.255150463093603186e+01
-1.256740977070735177e+01
-1.257563698821807385e+01
-1.247848159419045366e+01
-1.249082387701508701e+01
-1.249264272144341703e+01
-1.251828761420786584e+01
-1.257085344796170290e+01
-1.257349941262395809e+01
-1.248947774120251175e+01
-1.252922627093686536e+01
-1.254363258379773605e+01
-1.254292613973868953e+01
-1.253848700613803580e+01
-1.253445717755907829e+01
-1.247656864063426951e+01
-1.237389948893824787e+01
-1.235371430111982960e+01
-1.236343093026762219e+01
-1.236784532657489422e+01
-1.238986227863320799e+01
-1.235891243658994831e+01
-1.237010174770457560e+01
-1.237183195884923848e+01
-1.237586673795241232e+01
-1.239730459193156342e+01
-1.238024844190035623e+01
-1.239994608480743743e+01
-1.241819550767400138e+01
-1.237421994094062505e+01
-1.237542959629054984e+01
-1.238848007801586704e+01
-1.222804925137590537e+01
-1.227061982174701704e+01
-1.231981354690142005e+01
-1.234876289077133116e+01
-1.233317944860303150e+01
-1.230422823267420185e+01
-1.234311096957162057e+01
-1.239164959134052246e+01
-1.243773697085386054e+01
-1.244415694801389094e+01
-1.242103314727890506e+01
-1.244135897037511995e+01
-1.245088947877171570e+01
-1.246034386840307917e+01
-1.229930348738812462e+01
-1.230246678988044984e+01
-1.229809019707770901e+01
-1.228471314257843083e+01
-1.230165386817796502e+01
-1.227895902721531840e+01
-1.230229516379605492e+01
-1.233856230026968070e+01
-1.233433681494570777e+01
-1.234580174917379836e+01
-1.234800061989260023e+01
-1.234455745430720519e+01
-1.231374788303759438e+01
-1.231839169121902877e+01
-1.232118948059562413e+01
-1.228424678880948306e+01
-1.227476637412696192e+01
-1.226814294187415300e+01
-1.226920851076941155e+01
-1.226118963452299049e+01
-1.223428378766394076e+01
-1.222378774287808412e+01
-1.221190192838304966e+01
-1.220382017433568222e+01
-1.220883508763763103e+01
-1.221272782209259411e+01
-1.221789112227646257e+01
-1.218099432486667055e+01
-1.214856273783959750e+01
-1.215972051177102564e+01
-1.215809013193615762e+01
-1.213769560048707596e+01
-1.212262125189787731e+01
-1.213772635164820990e+01
-1.214810029257334278e+01
-1.216761295059050774e+01
-1.208126922074128018e+01
-1.205428434091797918e+01
-1.202494080011402389e+01
-1.189371844271611778e+01
-1.187786368318239738e+01
-1.188644640397861529e+01
-1.206120719431464750e+01
-1.207193798715993616e+01
-1.206781196779678922e+01
-1.206839124885365067e+01
-1.207073826687668472e+01
-1.190386534194685275e+01
-1.190645665017241761e+01
-1.189285648921523020e+01
-1.185878387962807068e+01
-1.185047640294872195e+01
-1.186473829658126178e+01
-1.186007830077133463e+01
-1.185165682778337093e+01
-1.182883223884095791e+01
-1.184930999591108680e+01
-1.185076111466391247e+01
-1.183723523377952880e+01
-1.182448723507553368e+01
-1.179457829721892459e+01
-1.181088987199538565e+01
-1.181123720884028572e+01
-1.191523953634885657e+01
-1.192707551741157701e+01
-1.193898450748701912e+01
-1.191980871617441906e+01
-1.172541072242121807e+01
-1.173845997997070789e+01
-1.173546316364266850e+01
-1.176572881613820343e+01
-1.175150828597557329e+01
-1.175179744959841699e+01
-1.172482617415876760e+01
-1.170807821015195316e+01
-1.169846870428757946e+01
-1.169693916744501294e+01
-1.165160536039294037e+01
-1.164915789122225576e+01
-1.167577626719502959e+01
-1.167791615923521675e+01
-1.167558582897805231e+01
-1.166981392622461300e+01
-1.170075269572684995e+01
-1.170419340130282926e+01
-1.177508951225889433e+01
-1.180845981577317971e+01
-1.183091995596763013e+01
-1.183639284195953501e+01
-1.188139158505285309e+01
-1.188574128002991159e+01
-1.187160156037357872e+01
-1.188699842282131058e+01
-1.187494439209310393e+01
-1.154234573798408192e+01
-1.155206089512349976e+01
-1.155156841271782930e+01
-1.154490069166435795e+01
-1.161926308949910869e+01
-1.156948985404149077e+01
-1.155900439852103823e+01
-1.156994813033385405e+01
-1.154965510957089592e+01
-1.148406025029581379e+01
-1.150408277742774921e+01
-1.154753861272034321e+01
-1.157331926380874165e+01
-1.149596313121391944e+01
-1.147173288464018448e+01
-1.145619505396147098e+01
-1.145135104665357240e+01
-1.145229447363217723e+01
-1.147124318361946571e+01
-1.145157962126436679e+01
-1.144310786061199003e+01
-1.145555565741384818e+01
-1.147099362348432550e+01
-1.146671824636173120e+01
-1.147966849396976308e+01
-1.146860888863927030e+01
-1.144709120776569478e+01
-1.149886582357988729e+01
-1.150373897508189991e+01
-1.150733780986256960e+01
-1.147156687272604358e+01
-1.142807280056349306e+01
-1.139181658561461497e+01
-1.141180892414358894e+01
-1.141002549534999311e+01
-1.139803641853760396e+01
-1.139107013232355925e+01
-1.142044450792091226e+01
-1.137015279941530110e+01
-1.135006764372761623e+01
-1.138499613299576296e+01
-1.139936239389096961e+01
-1.141384613919452917e+01
-1.137696463566810579e+01
-1.136670258815655288e+01
-1.135216135522555270e+01
-1.135559420950011322e+01
-1.136192299262587113e+01
-1.136255430623262974e+01
-1.136566160704691164e+01
-1.136961829377700894e+01
-1.133654945314993867e+01
-1.135817080582577532e+01
-1.137601656583146337e+01
-1.137174031749022696e+01
-1.136760832948536226e+01
-1.136720521021585917e+01
-1.136973624330584265e+01
-1.136880184058036747e+01
-1.143956178452571315e+01
-1.139155336014625597e+01
-1.137531094916116814e+01
-1.138077805584295454e+01
-1.136556717051885812e+01
-1.136691047508055163e+01
-1.143927479156905491e+01
-1.141708269591951996e+01
-1.142060653582310437e+01
-1.142154913204224087e+01
-1.142081393525365129e+01
-1.139819902859981049e+01
-1.139585289012649127e+01
-1.133633161250392263e+01
-1.130639276240095725e+01
-1.127036039717047444e+01
-1.132003865919269003e+01
-1.136107308568503704e+01
-1.136067940747351557e+01
-1.137280903632207085e+01
-1.136438495212895994e+01
-1.134334821139770533e+01
-1.128797371098368529e+01
-1.131927166363658799e+01
-1.129407435176401364e+01
-1.142648807088627549e+01
-1.145884282455872771e+01
-1.145628249516841635e+01
-1.150862621409866016e+01
-1.152035257597810158e+01
-1.151576754929349633e+01
-1.150023467635212704e+01
-1.152773059576515102e+01
-1.152974262944741213e+01
-1.152338436216918538e+01
-1.151103855109157337e+01
-1.146068775938051409e+01
-1.151808290041246430e+01
-1.144178750209852247e+01
-1.144848074377878611e+01
-1.145768756988222314e+01
-1.145546333137705908e+01
-1.147953670980269791e+01
-1.148000700327771995e+01
-1.147230530448435815e+01
-1.145913355763569363e+01
-1.146666000192843349e+01
-1.147490500140308178e+01
-1.147423630838701492e+01
-1.147374762237375911e+01
-1.147660828288357848e+01
-1.148670662175584667e+01
-1.149412312339675246e+01
-1.148901258637846468e+01
-1.154916294434240953e+01
-1.152347430817616747e+01
-1.150322948239675824e+01
-1.151124909864713430e+01
-1.149556102470055841e+01
-1.149579596992260377e+01
-1.149192441738489201e+01
-1.153726396529939890e+01
-1.148275940646137094e+01
-1.146868688812186043e+01
-1.148995699802398995e+01
-1.144138701106714961e+01
-1.144689735138433306e+01
-1.131427019884342045e+01
-1.137052199941918218e+01
-1.139533153630250695e+01
-1.142950392513469460e+01
-1.127673939716343376e+01
-1.126140650564006762e+01
-1.125438250796402961e+01
-1.128564896734107492e+01
-1.118073602869179339e+01
-1.118511938984861409e+01
-1.118338260530431150e+01
-1.117096989663229145e+01
-1.116982644935506208e+01
-1.118187435069099500e+01
-1.116866954759247754e+01
-1.117030350922676440e+01
-1.118774696666244139e+01
-1.117046439063053676e+01
-1.120185182549599823e+01
-1.118926868108415107e+01
-1.123625124525375440e+01
-1.125683985284060284e+01
-1.122878709568607647e+01
-1.121405004315686327e+01
-1.119495224278163192e+01
-1.119971791287666640e+01
-1.122884417666725376e+01
-1.121125077186927221e+01
-1.120933805341416090e+01
-1.121767374090901548e+01
-1.122284863181335091e+01
-1.122784259205804247e+01
-1.123287482085494737e+01
-1.126119966633086555e+01
-1.125349114702974340e+01
-1.124725954717891696e+01
-1.125304023316617830e+01
-1.126507973181384337e+01
-1.126756078600915778e+01
-1.134577759719965151e+01
-1.140099980415829783e+01
-1.139354014489334332e+01
-1.138557962582585148e+01
-1.142167701700614657e+01
-1.143824540335589290e+01
-1.144831210702492896e+01
-1.144689305597995421e+01
-1.145733928058905526e+01
-1.143754211977847390e+01
-1.146866159454889278e+01
-1.146765164876385334e+01
-1.146855727653916013e+01
-1.146852715972399217e+01
-1.146651422138247689e+01
-1.142974700313605041e+01
-1.139859442839055603e+01
-1.140127471897821998e+01
-1.140680330674401688e+01
-1.140072292745664306e+01
-1.142179145319644817e+01
-1.143336709893343084e+01
-1.142171417211709006e+01
-1.145652449513786131e+01
-1.149769068551445450e+01
-1.148682205769477171e+01
-1.147084436951187669e+01
-1.146396648137239005e+01
-1.147745802527971826e+01
-1.147280811142255885e+01
-1.149784932155363215e+01
-1.152826669265243353e+01
-1.152172201699973719e+01
-1.152649855815439572e+01
-1.149657556708783623e+01
-1.145398892570272231e+01
-1.146687578589391343e+01
-1.145992170740168170e+01
-1.146605038047270142e+01
-1.145258030087910583e+01
-1.143556345727956725e+01
-1.142076971508753047e+01
-1.142106165923629391e+01
-1.142683155332160716e+01
-1.140634910557802684e+01
-1.139673019341316618e+01
-1.140377612063975121e+01
-1.139364921292433230e+01
-1.136409320663311995e+01
-1.136632960205133891e+01
-1.132200287498821467e+01
-1.132037618591762218e+01
-1.131940290645101399e+01
-1.129950802789803888e+01
-1.127255249883009647e+01
-1.128223481404798001e+01
-1.127676201103892240e+01
-1.127034801456825441e+01
-1.128920843091186299e+01
-1.129598315986520518e+01
-1.130043575345654894e+01
-1.131959464131286630e+01
-1.130850194872995651e+01
-1.134730898034969115e+01
-1.137907762607605910e+01
-1.140390465588577129e+01
-1.140175449706896593e+01
-1.146599457975443492e+01
-1.147405970947245990e+01
-1.144239851430842414e+01
-1.135311686492264727e+01
-1.130765389128463738e+01
-1.128440391580082469e+01
-1.128882465581962435e+01
-1.129024009910017057e+01
-1.133021954646139307e+01
-1.136202110463923098e+01
-1.132169829214384471e+01
-1.133064334037653964e+01
-1.135687518890664371e+01
-1.136716482709567266e+01
-1.138187633872824023e+01
-1.138842451060950722e+01
-1.136611224311511847e+01
-1.128369165455814915e+01
-1.125995958003190189e+01
-1.125648334171331655e+01
-1.125738030880194884e+01
-1.124825539506547400e+01
-1.127497686638266394e+01
-1.128220982058603283e+01
-1.128114602917754716e+01
-1.127813392119329805e+01
-1.122390452605702471e+01
-1.122400359666985636e+01
-1.122655789326782738e+01
-1.120786331454429430e+01
-1.118597440657670816e+01
-1.118747188379770030e+01
-1.113592427159587217e+01
-1.114304616536118608e+01
-1.117287703524661602e+01
-1.115211102529197085e+01
-1.116407718088754741e+01
-1.112543077096292521e+01
-1.112812901409007083e+01
-1.114396887326438268e+01
-1.114858175606926238e+01
-1.113292705109725489e+01
-1.113148163709200844e+01
-1.113253586788131244e+01
-1.117309413224682935e+01
-1.117089085613559796e+01
-1.117151971539681021e+01
-1.118450360021083334e+01
-1.114602806829040205e+01
-1.114805724329642977e+01
-1.116197588959650844e+01
-1.116291958445716581e+01
-1.116153973464012950e+01
-1.116148582652733268e+01
-1.116039693928712850e+01
-1.115808860615942066e+01
-1.119526766300217169e+01
-1.117308159572026760e+01
-1.114376546519226352e+01
-1.116432936354746985e+01
-1.117131103740344500e+01
-1.117756695422327340e+01
-1.118119502999341108e+01
-1.120189453801851975e+01
-1.120668766932157467e+01
-1.120875814775210699e+01
-1.115591922751362475e+01
-1.115023493415322697e+01
-1.115457211279770888e+01
-1.116638659932462474e+01
-1.115762407146429780e+01
-1.112086352922812793e+01
-1.103033072425588479e+01
-1.102369348142861760e+01
-1.105690135031310639e+01
-1.105936424303081722e+01
-1.106114694091986195e+01
-1.105006048800783880e+01
-1.103938333763669810e+01
-1.105051945642576250e+01
-1.104810236923279732e+01
-1.094959063001103949e+01
-1.095035530414115676e+01
-1.095139332587463699e+01
-1.094555276501584196e+01
-1.094981794903284644e+01
-1.095496270744032863e+01
-1.095734797755194201e+01
-1.095477791600764839e+01
-1.095822221451462575e+01
-1.097103069212581872e+01
-1.098589028716481764e+01
-1.096086667368117062e+01
-1.097237715869588648e+01
-1.096975136054499522e+01
-1.095343373046425484e+01
-1.099167166831889730e+01
-1.098857873578301003e+01
-1.102444985359771401e+01
-1.101861555399773529e+01
-1.101674235652862421e+01
-1.101523838418115275e+01
-1.101342313495335823e+01
-1.101278544661952274e+01
-1.102353328572075952e+01
-1.102598094007444907e+01
-1.104249331179386573e+01
-1.104120131146654060e+01
-1.104476422900836674e+01
-1.103226696434312792e+01
-1.102357382462393076e+01
-1.102246280652562405e+01
-1.102151206873849176e+01
-1.098523186202226221e+01
