# 2*np.log[MAD(r)] for 100 flights; 1000 steps per flight; run 43 of 50; mu: 2.20; seed: 42
-2.362806382020657026e+01
-2.217196685283403568e+01
-2.174320839790229343e+01
-2.142930716869771501e+01
-2.086888878344457865e+01
-2.058543845523722027e+01
-2.046176588229372584e+01
-2.033008239038198184e+01
-1.962453815387577194e+01
-1.956512151275987677e+01
-1.924523208725182855e+01
-1.893254199330297993e+01
-1.897951036007839321e+01
-1.889073369438500904e+01
-1.870911026735810978e+01
-1.873515370345590370e+01
-1.842986360415119407e+01
-1.835479582602241067e+01
-1.823410487307756611e+01
-1.801448415596793851e+01
-1.797133972765390197e+01
-1.799960800418472218e+01
-1.767993574897147724e+01
-1.773223837642081335e+01
-1.760037390076571029e+01
-1.755655084910595320e+01
-1.757322133991571533e+01
-1.745857125839624047e+01
-1.735020052774456545e+01
-1.740520499015890721e+01
-1.718207165012590920e+01
-1.715048827543694543e+01
-1.706383449912112837e+01
-1.712373713131986364e+01
-1.704853307980815558e+01
-1.685912435660951658e+01
-1.684099735767404127e+01
-1.682135930787138278e+01
-1.670489084461213025e+01
-1.667228287730640091e+01
-1.683023604322799827e+01
-1.688693017354144388e+01
-1.672868743406360537e+01
-1.666419080683404275e+01
-1.677615355920540807e+01
-1.676486977848146509e+01
-1.684843017697397372e+01
-1.674888246337892994e+01
-1.669730298607208852e+01
-1.682546845452158024e+01
-1.681518953874354594e+01
-1.685881130066668732e+01
-1.661629312138391512e+01
-1.661431349449802397e+01
-1.662317972936060428e+01
-1.673150634032373674e+01
-1.686159198135266379e+01
-1.688878530843866699e+01
-1.673049685888519278e+01
-1.684678013740719038e+01
-1.694641195848241466e+01
-1.661294814547976628e+01
-1.665229601330888443e+01
-1.665140268338301155e+01
-1.653060436608299000e+01
-1.649345413058675192e+01
-1.639161539321244376e+01
-1.647715702476136101e+01
-1.652954040352954479e+01
-1.657832440474210500e+01
-1.659614833267444567e+01
-1.654533615461609841e+01
-1.645268331770845194e+01
-1.640413650069151785e+01
-1.640330518425435358e+01
-1.628094817851161480e+01
-1.621076277797845222e+01
-1.639375346718913207e+01
-1.612922806990386704e+01
-1.592232612148309023e+01
-1.591381846531685262e+01
-1.586639779170725539e+01
-1.586123236298322325e+01
-1.588461010086421510e+01
-1.588120375219117442e+01
-1.590422755032845714e+01
-1.595507651167750396e+01
-1.605977750409432048e+01
-1.588440063452421036e+01
-1.588061603579061298e+01
-1.582524215137433998e+01
-1.582992951181766195e+01
-1.580111365845935900e+01
-1.575241946826324124e+01
-1.579213853695044634e+01
-1.568612066891052059e+01
-1.556814096963325333e+01
-1.555315303330702115e+01
-1.562072783441949575e+01
-1.563872654252690886e+01
-1.557732355413635794e+01
-1.555900284461113081e+01
-1.550800562176134534e+01
-1.555022577628657210e+01
-1.556067316241756160e+01
-1.554911164793045231e+01
-1.557740020326040842e+01
-1.561574222779956855e+01
-1.563516201497006719e+01
-1.551687163592975338e+01
-1.539705474943318642e+01
-1.533271162803154120e+01
-1.535872756732169542e+01
-1.532059462536428462e+01
-1.519350919053954740e+01
-1.517198744240933905e+01
-1.518996296013381553e+01
-1.518000363566651423e+01
-1.517787935810823008e+01
-1.510502770295074626e+01
-1.518919718946878561e+01
-1.527604608658525720e+01
-1.516138967131488968e+01
-1.524506717401883549e+01
-1.515332356607552988e+01
-1.511560287621254695e+01
-1.516674146744406926e+01
-1.528449680400513166e+01
-1.507438922853592089e+01
-1.506835596557332124e+01
-1.506798003683765508e+01
-1.506872682654114826e+01
-1.510161203674797292e+01
-1.529116851257907683e+01
-1.526613722511902260e+01
-1.519602107035995253e+01
-1.520676215630058259e+01
-1.522251289514543870e+01
-1.530839896322858351e+01
-1.536830808548146976e+01
-1.540817678758250331e+01
-1.538048011037175478e+01
-1.535392699804364547e+01
-1.527910933001599858e+01
-1.537543154507186749e+01
-1.544822025442032931e+01
-1.537677832343075401e+01
-1.530581546640129531e+01
-1.532791845964143818e+01
-1.533609216752369875e+01
-1.533315897153788221e+01
-1.524190788979922573e+01
-1.521564566031061538e+01
-1.517213982338587286e+01
-1.513275689618379438e+01
-1.519707515397191955e+01
-1.511591648249959086e+01
-1.504962129925936587e+01
-1.502455775179912223e+01
-1.499736990771396705e+01
-1.507947302279881185e+01
-1.503533491829652036e+01
-1.504671159579707762e+01
-1.497018475965312767e+01
-1.502370366010156033e+01
-1.498745128595266074e+01
-1.496326333576859824e+01
-1.480406230049282890e+01
-1.490633434125198065e+01
-1.496665540919403625e+01
-1.497850337170111601e+01
-1.490366366837344003e+01
-1.488306976320706809e+01
-1.489612157791559888e+01
-1.490752383851564922e+01
-1.493027267773452138e+01
-1.491733149278061887e+01
-1.488719812905102557e+01
-1.485502495394067068e+01
-1.484858811855386485e+01
-1.489266745477896059e+01
-1.489504985106703217e+01
-1.489219830051955995e+01
-1.491640604122886771e+01
-1.458553605335210968e+01
-1.469102764402329164e+01
-1.466700651381893827e+01
-1.467517662721921745e+01
-1.463828410384915735e+01
-1.460842087798743094e+01
-1.460816072933387488e+01
-1.458902013341637627e+01
-1.460081503132089864e+01
-1.454960376803684419e+01
-1.455560538121916814e+01
-1.457504025851591933e+01
-1.460883926224073015e+01
-1.462158605434986569e+01
-1.446659970647801430e+01
-1.443166451773079650e+01
-1.435764527240728583e+01
-1.438348426542610881e+01
-1.449016610087707235e+01
-1.441556648295124710e+01
-1.444704186156671355e+01
-1.442362228962092985e+01
-1.443930782657893985e+01
-1.455369638756220851e+01
-1.455369439772766782e+01
-1.459717435446061806e+01
-1.453953190701287213e+01
-1.449418150880417500e+01
-1.450860175140759267e+01
-1.443256110414865212e+01
-1.434850597671637473e+01
-1.436862973306622138e+01
-1.438928648512561814e+01
-1.438314818030261044e+01
-1.437750942146190170e+01
-1.438374897131527774e+01
-1.441402923507071421e+01
-1.439018330333570894e+01
-1.444868044227486870e+01
-1.436157837897254019e+01
-1.438412682182576852e+01
-1.432834229218910771e+01
-1.442450946745746343e+01
-1.436786761368531984e+01
-1.437059326250697389e+01
-1.438057111803016497e+01
-1.439386531549545367e+01
-1.434118253744969174e+01
-1.432340552849883686e+01
-1.417192906750574188e+01
-1.417495041495247499e+01
-1.416360759657040624e+01
-1.416029262722637228e+01
-1.414924477932046898e+01
-1.414706622751537957e+01
-1.410600874130231652e+01
-1.411677109942941399e+01
-1.402475674880642131e+01
-1.420601886815112813e+01
-1.421981157019027009e+01
-1.419313892308871061e+01
-1.423591503354625054e+01
-1.425626541825013227e+01
-1.424726420035182706e+01
-1.421629450026636832e+01
-1.423600136162268903e+01
-1.425567817461325149e+01
-1.419086142680354179e+01
-1.423194914312307091e+01
-1.428812400570909702e+01
-1.429239953848464673e+01
-1.428190586871568435e+01
-1.429410827576684007e+01
-1.429339853313870279e+01
-1.424038885319928482e+01
-1.425912798214290156e+01
-1.413656960757698577e+01
-1.418914054286865323e+01
-1.421134136416227811e+01
-1.421260993484809809e+01
-1.415284402715678880e+01
-1.408840545139572775e+01
-1.407976530102328283e+01
-1.407959594974380479e+01
-1.401113210892465766e+01
-1.399864090596977739e+01
-1.409854756782914009e+01
-1.399156269015472454e+01
-1.408178948097427430e+01
-1.417579796318142549e+01
-1.424182129872664504e+01
-1.417574257659856585e+01
-1.419249268020881694e+01
-1.416964263322455508e+01
-1.421297192431997836e+01
-1.401258604861069301e+01
-1.403582420246276641e+01
-1.405492452436242878e+01
-1.405301681176735684e+01
-1.416746015246825863e+01
-1.418430391177304806e+01
-1.399399434109996143e+01
-1.394588111984514711e+01
-1.405295854818506207e+01
-1.389845722334921341e+01
-1.396109489327282560e+01
-1.394460629998354051e+01
-1.393568716616768022e+01
-1.398968167304058952e+01
-1.400180462154087557e+01
-1.397862591340443572e+01
-1.397088563054459343e+01
-1.393606285861679517e+01
-1.400667605433252660e+01
-1.397321334816625971e+01
-1.398384924430634868e+01
-1.402923272422523304e+01
-1.403829434635924400e+01
-1.401728830161933281e+01
-1.398306729891743316e+01
-1.393281774395007844e+01
-1.394484070604436177e+01
-1.385976952618895375e+01
-1.383584904204888844e+01
-1.387689165068617214e+01
-1.384719274321593119e+01
-1.379810775199280570e+01
-1.377211979036353107e+01
-1.376992052174882808e+01
-1.370997967175927101e+01
-1.368353180377450506e+01
-1.369090411834348053e+01
-1.366436370785694265e+01
-1.365560122950545896e+01
-1.363787684704408321e+01
-1.361885107929064809e+01
-1.360016282675821309e+01
-1.361383664833031304e+01
-1.354744901258344569e+01
-1.352929027893189762e+01
-1.349549362526502350e+01
-1.348486224409347400e+01
-1.348512808646411898e+01
-1.346379644965517564e+01
-1.338325704601120769e+01
-1.351274267127302409e+01
-1.354813811709051308e+01
-1.355435450120586971e+01
-1.355779261226448362e+01
-1.361139861206443591e+01
-1.366970886644523908e+01
-1.366824960561948288e+01
-1.368135673149212650e+01
-1.377453216462345509e+01
-1.380621416922149614e+01
-1.376224759415928922e+01
-1.374015221970189060e+01
-1.363865237024928234e+01
-1.362144044647965480e+01
-1.372125250178351408e+01
-1.372079915352013657e+01
-1.365614080488892590e+01
-1.363731077461037700e+01
-1.363856858580984976e+01
-1.355621761330803743e+01
-1.364554399404330454e+01
-1.362984167653223366e+01
-1.376489238924901315e+01
-1.376201465721272754e+01
-1.369274919964957959e+01
-1.368957712185442688e+01
-1.369932095946795947e+01
-1.366424062044058019e+01
-1.360704784516499188e+01
-1.361662688476380190e+01
-1.358575814168318630e+01
-1.367536864615840031e+01
-1.368563286448981486e+01
-1.369109449458658467e+01
-1.363343754920570738e+01
-1.375775748292324430e+01
-1.375230350403131752e+01
-1.377568474490748685e+01
-1.378448052549117797e+01
-1.377090310279156959e+01
-1.375504980001994859e+01
-1.370659818918270645e+01
-1.366778863539100897e+01
-1.367379433444652115e+01
-1.368741627221612411e+01
-1.371682271332741720e+01
-1.363521286390088072e+01
-1.364539607322406489e+01
-1.360583760565100242e+01
-1.363379804168982545e+01
-1.362119430745978832e+01
-1.368167523161763022e+01
-1.369669819491080709e+01
-1.368652010652908224e+01
-1.368025303701684869e+01
-1.357049713240647293e+01
-1.365643130414396111e+01
-1.366631469419418643e+01
-1.356619297003389413e+01
-1.336244854716969677e+01
-1.339234332530429405e+01
-1.341527617681881956e+01
-1.340556567072854222e+01
-1.337288335192082656e+01
-1.338079089470419270e+01
-1.321079543282885638e+01
-1.320271620765814902e+01
-1.319579798060485309e+01
-1.315399245220489632e+01
-1.311223243589832599e+01
-1.311739853330349348e+01
-1.314149289403546916e+01
-1.317074243825751800e+01
-1.321739365494013541e+01
-1.319561205163868323e+01
-1.322397288028458640e+01
-1.326628923888336331e+01
-1.316367893838097025e+01
-1.311483699915409673e+01
-1.312043332939069629e+01
-1.316158104006512097e+01
-1.309176557887743897e+01
-1.314803993732104992e+01
-1.318440373569075419e+01
-1.334229275540817916e+01
-1.329021121303647490e+01
-1.322745527602018001e+01
-1.319462416651345116e+01
-1.325507767244383217e+01
-1.325418243404706864e+01
-1.320791687563776762e+01
-1.324335765595864522e+01
-1.325389161153621309e+01
-1.328151490509460331e+01
-1.328071869086010359e+01
-1.322116895216677079e+01
-1.319865236228249117e+01
-1.333193708892498286e+01
-1.333253949505484393e+01
-1.335807920350818279e+01
-1.335329905869234857e+01
-1.316725140448430409e+01
-1.309495995997059481e+01
-1.313532395025453248e+01
-1.313138471690358244e+01
-1.318093748453675751e+01
-1.318779129559853303e+01
-1.318480325665361086e+01
-1.318457793893546004e+01
-1.316230121280650600e+01
-1.315022286690510178e+01
-1.314762729099258465e+01
-1.318048674434411183e+01
-1.315942874655885930e+01
-1.316426576209614652e+01
-1.320302661354512352e+01
-1.317957212084995078e+01
-1.315737899582685344e+01
-1.311782707463726894e+01
-1.323823630703302179e+01
-1.321913295470587890e+01
-1.327044643365488419e+01
-1.326822722365525742e+01
-1.325315475444987179e+01
-1.315656292856808207e+01
-1.323753192068084417e+01
-1.311028578127631050e+01
-1.307150192758275153e+01
-1.309766733900778668e+01
-1.307798872365292375e+01
-1.304941218040357320e+01
-1.302847515920909949e+01
-1.303924106510057968e+01
-1.302029938895788774e+01
-1.305777105078973221e+01
-1.307096340150540037e+01
-1.302851978440408054e+01
-1.302783235051286681e+01
-1.305525771257352297e+01
-1.306620592506572365e+01
-1.304170318000054962e+01
-1.308320504968559383e+01
-1.307281039026069180e+01
-1.308768839396472394e+01
-1.307291522968280439e+01
-1.301254703515882838e+01
-1.299955025769316741e+01
-1.300809189920940412e+01
-1.300995357511882489e+01
-1.301152452164835971e+01
-1.277757019512267256e+01
-1.274524126764162979e+01
-1.274191405335564120e+01
-1.267962306648340132e+01
-1.270599044493544127e+01
-1.268858079347802281e+01
-1.268794677157159434e+01
-1.267374896038044341e+01
-1.260883214174841882e+01
-1.266052810967021003e+01
-1.263005134844567934e+01
-1.264930607641366045e+01
-1.262635801119750845e+01
-1.260401031699262475e+01
-1.261491004578163633e+01
-1.264816571353236085e+01
-1.262316135775871828e+01
-1.257171525020226888e+01
-1.256439651011336345e+01
-1.254967620602156764e+01
-1.255194597479669483e+01
-1.254340377342717261e+01
-1.254280854481172547e+01
-1.254050196129228212e+01
-1.254030162845944041e+01
-1.251342715507638914e+01
-1.250563492117121100e+01
-1.253505032970451261e+01
-1.254744750699326516e+01
-1.255639333336615948e+01
-1.245965464764056740e+01
-1.239718955290601876e+01
-1.238887932143737558e+01
-1.242262574499319427e+01
-1.238411409979244659e+01
-1.238828314160210908e+01
-1.237210493922203725e+01
-1.236179305705858944e+01
-1.235858302824056842e+01
-1.236601010738619699e+01
-1.237847311047298327e+01
-1.240050400465177916e+01
-1.231345722990358382e+01
-1.232764146863317123e+01
-1.229825236064976224e+01
-1.230584945831727950e+01
-1.231545401751512436e+01
-1.231201771655457300e+01
-1.232664736361203239e+01
-1.233343533877953746e+01
-1.233174687474403086e+01
-1.232298378824711449e+01
-1.228159166803878222e+01
-1.222898535356727123e+01
-1.219453815352602533e+01
-1.220754721605461413e+01
-1.223553862213887378e+01
-1.220026022948162847e+01
-1.222107085884894495e+01
-1.218379476825888474e+01
-1.221515397507602252e+01
-1.219473128398303530e+01
-1.217539883574156789e+01
-1.220371160310611636e+01
-1.219628463196004553e+01
-1.219921065943589333e+01
-1.219078272766331850e+01
-1.218599390675630723e+01
-1.220830409586868903e+01
-1.222680383369975310e+01
-1.219593146385528470e+01
-1.222551777595267630e+01
-1.223005226005844648e+01
-1.223438947650261355e+01
-1.221460633937596185e+01
-1.218128514129534246e+01
-1.216857598615714053e+01
-1.217556333008448100e+01
-1.219559646815420706e+01
-1.219724662637677959e+01
-1.218486706835486366e+01
-1.218837122925845939e+01
-1.218260345632052122e+01
-1.232414213978747419e+01
-1.231978534384428059e+01
-1.224527171487213373e+01
-1.224887980210271188e+01
-1.221018748806700849e+01
-1.220797727758697704e+01
-1.218223273897471870e+01
-1.217995874957259339e+01
-1.216055384834058550e+01
-1.216278605626695430e+01
-1.214147036051531359e+01
-1.213773190973725491e+01
-1.218498518051994139e+01
-1.219427352266530917e+01
-1.219448156368612857e+01
-1.221498774271371701e+01
-1.226162316833246457e+01
-1.225117901547477750e+01
-1.220636706600850196e+01
-1.221071287642485359e+01
-1.222220471076502335e+01
-1.221583625505281923e+01
-1.221121296734269457e+01
-1.221311541366405429e+01
-1.220142019039837500e+01
-1.219183097662602044e+01
-1.220345090138141764e+01
-1.211078614537803944e+01
-1.211168553875597631e+01
-1.212527231677292860e+01
-1.212017899878319405e+01
-1.212056680440612055e+01
-1.212013429967332989e+01
-1.212659202389582092e+01
-1.217777188221064577e+01
-1.217306367616316187e+01
-1.217297546641360206e+01
-1.212355956676868729e+01
-1.210214326504552673e+01
-1.213252054770886801e+01
-1.207013975159375363e+01
-1.206829322171469521e+01
-1.205169850922629315e+01
-1.205946319107559894e+01
-1.206257223061992079e+01
-1.205953370588803253e+01
-1.204376545825473066e+01
-1.203955296872713809e+01
-1.216319506484155610e+01
-1.208433292354190769e+01
-1.204671562759625303e+01
-1.205102728703272064e+01
-1.206400712199222269e+01
-1.204916206702808168e+01
-1.204767841318376398e+01
-1.203974933603071484e+01
-1.203038899586957200e+01
-1.209185323116752464e+01
-1.206010741356518245e+01
-1.204062583493664995e+01
-1.201539333106671315e+01
-1.195575868976615297e+01
-1.196970700882734384e+01
-1.199952892069129895e+01
-1.199366761563608108e+01
-1.200240819241369650e+01
-1.200361784355193251e+01
-1.200437783067993003e+01
-1.206868860552524225e+01
-1.207762445174871679e+01
-1.228521883600520681e+01
-1.221338170693586456e+01
-1.218814194933819728e+01
-1.216433020528463338e+01
-1.219095569790107092e+01
-1.220516804959281032e+01
-1.222213953176493106e+01
-1.221750239796525506e+01
-1.222203683771180494e+01
-1.222289546259519355e+01
-1.222464140194925797e+01
-1.222341165241578764e+01
-1.215761934859322224e+01
-1.216548850813282101e+01
-1.214215649646767936e+01
-1.215038995075008366e+01
-1.210734560993391185e+01
-1.211610701824892899e+01
-1.209262942514200390e+01
-1.212460767288149199e+01
-1.212161675837276320e+01
-1.213590101642038377e+01
-1.219768237321766868e+01
-1.219776167655794197e+01
-1.224766395155030274e+01
-1.226642525931584871e+01
-1.217039343155136066e+01
-1.213327467063281873e+01
-1.213663546179837915e+01
-1.207817336427055110e+01
-1.211341614848311465e+01
-1.211438088963534199e+01
-1.209142027223641591e+01
-1.209368609716018916e+01
-1.207530900460679746e+01
-1.212098344961811058e+01
-1.208727652126640528e+01
-1.217034148405998906e+01
-1.216441100700570743e+01
-1.215385997518577454e+01
-1.214310162197521770e+01
-1.214189429608676640e+01
-1.213707920322693212e+01
-1.214317833967202098e+01
-1.214067106810639096e+01
-1.213237665168845858e+01
-1.215339331840781156e+01
-1.214833950605629198e+01
-1.217141728978936044e+01
-1.217571424068025543e+01
-1.214867887141285685e+01
-1.213159113064090100e+01
-1.214004456109446117e+01
-1.215737071269120229e+01
-1.217339505048362724e+01
-1.218796776682546046e+01
-1.217557948746001628e+01
-1.217178126470283495e+01
-1.216922788102145958e+01
-1.212134196272661590e+01
-1.208555265889198616e+01
-1.213506095182416367e+01
-1.210053618411367005e+01
-1.214271668503832302e+01
-1.210840660850682760e+01
-1.210952353253775193e+01
-1.210694181817626536e+01
-1.214584390313045859e+01
-1.213611692283468457e+01
-1.213944294954696446e+01
-1.214340941427338549e+01
-1.219975736117592291e+01
-1.209055024928674094e+01
-1.210125113579501743e+01
-1.207699256719241809e+01
-1.208360193890565881e+01
-1.206162891694752837e+01
-1.210733829245531190e+01
-1.212809527234275286e+01
-1.214267550388148287e+01
-1.212598904770642960e+01
-1.210615771308485122e+01
-1.210583748761040113e+01
-1.215038786977019747e+01
-1.215625210008731649e+01
-1.211775006847825686e+01
-1.216280030389366829e+01
-1.216620735552979582e+01
-1.218333678882244264e+01
-1.216283322826786595e+01
-1.214740486541629672e+01
-1.214706456547505908e+01
-1.221413913199187462e+01
-1.219543344898246851e+01
-1.222137683911078199e+01
-1.221905823096316546e+01
-1.210713591461273708e+01
-1.218944058073655690e+01
-1.220465219312192495e+01
-1.218498167137475896e+01
-1.220424676322920199e+01
-1.220725938483664308e+01
-1.217733398330282668e+01
-1.218914947648999636e+01
-1.222076265166317022e+01
-1.222879373791248092e+01
-1.223352222634641429e+01
-1.221683125956418969e+01
-1.223637295731705876e+01
-1.221980611033350250e+01
-1.221254425147533418e+01
-1.222204242294894350e+01
-1.223237420757968152e+01
-1.217706833574793279e+01
-1.219084164015430538e+01
-1.216203213129879401e+01
-1.215597015614636156e+01
-1.205122006582955585e+01
-1.205221398078299799e+01
-1.207514964871811891e+01
-1.201851452013069199e+01
-1.201167573061420768e+01
-1.200922557080149389e+01
-1.201389437836417251e+01
-1.201843989936349644e+01
-1.200640183546712869e+01
-1.201882254143451689e+01
-1.204071559192214735e+01
-1.207208340577172301e+01
-1.207661786193123277e+01
-1.206657299686943574e+01
-1.205827333538067947e+01
-1.197675885055240386e+01
-1.197057299170946010e+01
-1.196779030120323206e+01
-1.195574323428560248e+01
-1.196832480860267012e+01
-1.199022617917054667e+01
-1.198357107988456782e+01
-1.199994170310509922e+01
-1.196866244725832296e+01
-1.194652774844340826e+01
-1.197069938568867009e+01
-1.195951424317893519e+01
-1.193743958455867649e+01
-1.193518701379620950e+01
-1.192292475728402401e+01
-1.187088622099044954e+01
-1.190089392340036589e+01
-1.188449558821292307e+01
-1.187904178915526465e+01
-1.188427378572603033e+01
-1.189126368303217873e+01
-1.188579447280888246e+01
-1.190871915927513491e+01
-1.191997064873366696e+01
-1.190981249797865793e+01
-1.183045384624904628e+01
-1.184105875433970390e+01
-1.183379856402839714e+01
-1.183058346716775944e+01
-1.185676662703452244e+01
-1.186421276419554971e+01
-1.182072365470039976e+01
-1.179311123804600037e+01
-1.177242985414049947e+01
-1.176500383499267066e+01
-1.177337922506455214e+01
-1.186422242909116243e+01
-1.193099165188860056e+01
-1.191519628900241479e+01
-1.190591084703949143e+01
-1.189808173888080489e+01
-1.183203204741732861e+01
-1.185500774913347577e+01
-1.186980017419470279e+01
-1.188911643438039789e+01
-1.185485060338698204e+01
-1.188015092579633247e+01
-1.188342960936920356e+01
-1.187204362126608537e+01
-1.180299522051373629e+01
-1.178596033355593953e+01
-1.179248240443743079e+01
-1.179402613676423073e+01
-1.179779375650637085e+01
-1.180039205276063541e+01
-1.180281878477936530e+01
-1.180005945708005477e+01
-1.181178888226506807e+01
-1.181291083515153062e+01
-1.181503741984044886e+01
-1.172711347943276117e+01
-1.172235973378260887e+01
-1.172491097160541784e+01
-1.172868260034589660e+01
-1.172763872623420944e+01
-1.173688419357096357e+01
-1.172271131006303868e+01
-1.172988645072374503e+01
-1.174665449787271498e+01
-1.173624208761951770e+01
-1.175255255147467182e+01
-1.174085841682451914e+01
-1.173554322480736545e+01
-1.172795042243049402e+01
-1.171413797601132245e+01
-1.171756523188207488e+01
-1.171495207954659890e+01
-1.171423901175047355e+01
-1.170607378459272674e+01
-1.168968743451430470e+01
-1.169087409883870166e+01
-1.172727453600923120e+01
-1.172288401566494898e+01
-1.173429435903234896e+01
-1.173886391480506930e+01
-1.172076281549474963e+01
-1.172012253531542925e+01
-1.171178414488293562e+01
-1.170175064177047375e+01
-1.170135538536982445e+01
-1.169912807564416646e+01
-1.169904403905747614e+01
-1.170209650843220928e+01
-1.171784514733850990e+01
-1.171112279051374649e+01
-1.171261001264320178e+01
-1.170664124234306058e+01
-1.171385028748705537e+01
-1.173355191361874361e+01
-1.175266982510501279e+01
-1.175488072976240161e+01
-1.175683104904838316e+01
-1.175831341162377797e+01
-1.173209332003807859e+01
-1.174615795476858260e+01
-1.174088137127867526e+01
-1.171705016682674838e+01
-1.170911119559862534e+01
-1.172738126139929271e+01
-1.174622127165301855e+01
-1.176615523168841015e+01
-1.177311503404748017e+01
-1.177103755090917048e+01
-1.175612939533538714e+01
-1.175561085781177439e+01
-1.176681677666310932e+01
-1.179755153281633895e+01
-1.177210299970328222e+01
-1.179146287603360221e+01
-1.180295188190368094e+01
-1.179142188092483501e+01
-1.182495723649081931e+01
-1.182360391806068911e+01
-1.173192067459413046e+01
-1.174981524954978340e+01
-1.174244417009894903e+01
-1.173820208811666355e+01
-1.174275848871545413e+01
-1.177087592750737066e+01
-1.175099431389045357e+01
-1.175818175892765360e+01
-1.176386744314756783e+01
-1.175334740617361362e+01
-1.175702468268199574e+01
-1.175822192766540475e+01
-1.179328590114381470e+01
-1.182877414211258937e+01
-1.183544302825273498e+01
-1.183800136254525981e+01
-1.183377950206443252e+01
-1.185221415913807697e+01
-1.186948961950263559e+01
-1.184943592034134952e+01
-1.179404616146569929e+01
-1.181806755580156043e+01
-1.181488235194489889e+01
-1.187461758804755796e+01
-1.184481818532911390e+01
-1.184817423841069228e+01
-1.183248670475248510e+01
-1.183331426072934534e+01
-1.187999004964389016e+01
-1.186448654835904115e+01
-1.185877927913380958e+01
-1.194996929967926569e+01
-1.196036858784638390e+01
-1.191469022544128720e+01
-1.183640683024431972e+01
-1.192729715551858405e+01
-1.191464015975472179e+01
-1.191918199264622125e+01
-1.190928100108246745e+01
-1.191726098913735221e+01
-1.182340313633280182e+01
-1.182100832610219143e+01
-1.190937564792259096e+01
-1.189223306444992545e+01
-1.192157699519313319e+01
-1.185007373911853712e+01
-1.186202572440888581e+01
-1.185804182108457283e+01
-1.185057398331122158e+01
-1.184803295388906719e+01
-1.184432794722621551e+01
-1.184642063464465522e+01
-1.190340063689601635e+01
-1.175961323063882347e+01
-1.177601895880898475e+01
-1.165318760042533341e+01
-1.165808715481950664e+01
-1.162530391113662098e+01
-1.166885929285956713e+01
-1.168181801981163481e+01
-1.165512044030976924e+01
-1.167429512779952105e+01
-1.165823458005676017e+01
-1.165354661033411787e+01
-1.163914162877021496e+01
-1.164485970602495790e+01
-1.165123621038786972e+01
-1.161434936014713237e+01
-1.168992616936916562e+01
-1.164816485272591429e+01
-1.164832268159573836e+01
-1.169276764215268472e+01
-1.171742918126057909e+01
-1.167550121530032747e+01
-1.165945167653059400e+01
-1.166969554836832579e+01
-1.166468774933341024e+01
-1.167954369773259771e+01
-1.167857876207516199e+01
-1.170085101025373042e+01
-1.169822380368267289e+01
-1.169626646164941874e+01
-1.168878930408352446e+01
-1.164339088654161181e+01
-1.164869195044926897e+01
-1.164686979364764241e+01
-1.167542831819020677e+01
-1.168582150507910633e+01
-1.170573241214368743e+01
-1.172499533842178998e+01
-1.166269844009318568e+01
-1.166540032583194986e+01
-1.170302372173255989e+01
-1.169338123630012127e+01
-1.169262985060798776e+01
-1.169503570177707630e+01
-1.170265717018395435e+01
-1.171150183636806119e+01
-1.171430553810590425e+01
-1.171706854857360014e+01
-1.173133920631330263e+01
-1.174595342474459159e+01
-1.171728084660278491e+01
-1.178165096680401724e+01
-1.178187153600439885e+01
-1.175744701462102704e+01
-1.175463254166355043e+01
-1.176332422097373787e+01
-1.176609098961679223e+01
-1.177660624669928247e+01
-1.177152667578687151e+01
-1.177552565444883470e+01
-1.177861072544104282e+01
