# 2*np.log[MAD(r)] for 100 flights; 1000 steps per flight; run 49 of 50; mu: 2.20; seed: 48
-2.412655719120935416e+01
-2.248097799803088748e+01
-2.160533101385787091e+01
-2.078549878271377693e+01
-2.057520227533198565e+01
-2.011913124873992231e+01
-1.972473037184687783e+01
-1.953681157576834693e+01
-1.937599042142709393e+01
-1.949022598676756246e+01
-1.919416456519116565e+01
-1.894771539864638399e+01
-1.867123900669414382e+01
-1.872754047724192006e+01
-1.849501961134719252e+01
-1.803543679361034080e+01
-1.798223813213703437e+01
-1.783075716339387284e+01
-1.776388673833074705e+01
-1.776542933784728362e+01
-1.764532636988205283e+01
-1.705954255611560200e+01
-1.706533217121490509e+01
-1.692447862402083913e+01
-1.671564353360993493e+01
-1.677065933444444568e+01
-1.673833351309222550e+01
-1.652320535967503190e+01
-1.645458694720566939e+01
-1.645819484676008315e+01
-1.648864284737629760e+01
-1.651543565852972506e+01
-1.644453551205954511e+01
-1.655583284570066027e+01
-1.660490596737956892e+01
-1.656911950371423004e+01
-1.647077261417746286e+01
-1.638152885543794568e+01
-1.632489092816628329e+01
-1.604001643542038025e+01
-1.600866720641260699e+01
-1.603094430407744753e+01
-1.599839297354055034e+01
-1.589492023823824418e+01
-1.593988082339351386e+01
-1.594350880928706893e+01
-1.599225159381373551e+01
-1.582681399961369451e+01
-1.577350189440985950e+01
-1.573052975578212731e+01
-1.569278433850976739e+01
-1.586979563109896851e+01
-1.585494078754104663e+01
-1.580541943606560551e+01
-1.570652470564906089e+01
-1.551381229900292169e+01
-1.541105251162882261e+01
-1.537150270297736654e+01
-1.542499638883436575e+01
-1.529506851439557025e+01
-1.525338920906755469e+01
-1.525337575260844858e+01
-1.522483421811081961e+01
-1.527074786459509070e+01
-1.522667698539812342e+01
-1.525630987942188987e+01
-1.527225698885866656e+01
-1.525167016441457868e+01
-1.522153222898770508e+01
-1.545583997693010581e+01
-1.538999297652512865e+01
-1.544255868431630496e+01
-1.547321224116266336e+01
-1.555254063803758946e+01
-1.538496771278022379e+01
-1.523549532037778320e+01
-1.523027921226254122e+01
-1.527314881817867231e+01
-1.527927097802234790e+01
-1.521570508067710392e+01
-1.529970307969462517e+01
-1.521178547259368230e+01
-1.521622393324739519e+01
-1.532251831543320897e+01
-1.538490068914060593e+01
-1.540722839809469491e+01
-1.536570131425797747e+01
-1.526181986674640179e+01
-1.531411893170110083e+01
-1.536123980932304711e+01
-1.526916218125650815e+01
-1.527504513710604606e+01
-1.522592982916208371e+01
-1.532661898115540566e+01
-1.522049244252604794e+01
-1.524221080782664473e+01
-1.522119725570003013e+01
-1.522524113179565397e+01
-1.522771365382199527e+01
-1.517736320192611288e+01
-1.514386021135304539e+01
-1.513782396085687587e+01
-1.509218538014356703e+01
-1.508413125019673728e+01
-1.516316224568684845e+01
-1.509359789523804096e+01
-1.503510500159507934e+01
-1.504460509140365687e+01
-1.512612643443368121e+01
-1.509686359517946563e+01
-1.506011565294811305e+01
-1.502872559147334286e+01
-1.501308423756563393e+01
-1.510839985532465413e+01
-1.503964134289745402e+01
-1.490169870407340191e+01
-1.495477309609883676e+01
-1.513441872242660580e+01
-1.505652482295819183e+01
-1.508893892107696999e+01
-1.499188195823700021e+01
-1.500556527894813996e+01
-1.515385144661165739e+01
-1.502563569494126128e+01
-1.499517098682764171e+01
-1.501523851835865742e+01
-1.495199689831779466e+01
-1.494712021018051296e+01
-1.492558832537154778e+01
-1.486996763542040334e+01
-1.491978947519592502e+01
-1.487266306450210251e+01
-1.487492710813845775e+01
-1.485318260694464598e+01
-1.475957081072218102e+01
-1.478187600917829236e+01
-1.473453151340506473e+01
-1.479815678822965630e+01
-1.470763826529399942e+01
-1.475988911586027896e+01
-1.490582679506577080e+01
-1.487385674234033672e+01
-1.484961976548996709e+01
-1.483568913285957080e+01
-1.467459294684863558e+01
-1.466248919818201202e+01
-1.469571651925470057e+01
-1.466752971348056889e+01
-1.470610951158634094e+01
-1.465102571450432833e+01
-1.458415459193323827e+01
-1.461641272348783538e+01
-1.462000385392617652e+01
-1.471021327477128793e+01
-1.458124564581181559e+01
-1.454603087012968743e+01
-1.462556950966012792e+01
-1.462530820946451371e+01
-1.472134435651755346e+01
-1.475643454248392139e+01
-1.462724732152374330e+01
-1.449413106039460253e+01
-1.440038125592522711e+01
-1.439117684612670445e+01
-1.441902229911320354e+01
-1.428488741725110600e+01
-1.431901851231589085e+01
-1.429959693482597238e+01
-1.425266119157380196e+01
-1.445765635746264977e+01
-1.443241045670255573e+01
-1.436192879095417929e+01
-1.437060032761127459e+01
-1.447416096664385421e+01
-1.435500450198666655e+01
-1.431601587081528315e+01
-1.426450877370734638e+01
-1.423217362694426669e+01
-1.419413166599792575e+01
-1.390568803601606263e+01
-1.388068444097682530e+01
-1.396528767990446340e+01
-1.403161567473437366e+01
-1.398976149604424002e+01
-1.390618155386343524e+01
-1.384624659703968419e+01
-1.384261404932628636e+01
-1.383298598570658733e+01
-1.391050189925839575e+01
-1.386852898420612767e+01
-1.378615245919904986e+01
-1.382355881685998966e+01
-1.380503627827435942e+01
-1.385136629444374812e+01
-1.389792388896567132e+01
-1.386807035439663238e+01
-1.379168526593305799e+01
-1.385968151005770999e+01
-1.377167904702853818e+01
-1.361730569919292755e+01
-1.358228597834618334e+01
-1.358552872301312853e+01
-1.356974476731679857e+01
-1.358494244337424384e+01
-1.359464297413433087e+01
-1.361630508485338531e+01
-1.363719487080269310e+01
-1.362935712001945099e+01
-1.361034796748033315e+01
-1.360221792808568075e+01
-1.363051291856036507e+01
-1.366352457782753405e+01
-1.361816344833069792e+01
-1.360041360988878978e+01
-1.357894705039732308e+01
-1.359620033030965836e+01
-1.356930540551790010e+01
-1.358172760096869602e+01
-1.358015886897656088e+01
-1.354110078132930539e+01
-1.347794528166603278e+01
-1.347374268650382234e+01
-1.344163285703273303e+01
-1.345771244094794206e+01
-1.343991761856418954e+01
-1.340820136407332619e+01
-1.340278113801695525e+01
-1.341014744684726878e+01
-1.352160711731070997e+01
-1.354673931350489902e+01
-1.354481726689141929e+01
-1.355103964729091182e+01
-1.348283317849536544e+01
-1.341344180278104581e+01
-1.349204002821069182e+01
-1.348200576306520304e+01
-1.351227717730059652e+01
-1.353514037439948225e+01
-1.350691213250100908e+01
-1.354737109004663687e+01
-1.354484279469794394e+01
-1.356156877760209589e+01
-1.356607987183908826e+01
-1.353807199711762443e+01
-1.356239011969863739e+01
-1.356187889927501544e+01
-1.360085951108863433e+01
-1.354878011353773282e+01
-1.350120885381867630e+01
-1.352618450690746066e+01
-1.352732080674653936e+01
-1.355064106195214713e+01
-1.355745378301391391e+01
-1.361883145271567130e+01
-1.361938622626075990e+01
-1.360977719757134174e+01
-1.367258989305780581e+01
-1.365989160322380513e+01
-1.363190880457281118e+01
-1.362689959531473960e+01
-1.363742640827714681e+01
-1.358813659741452895e+01
-1.358860199417627079e+01
-1.355206782342372129e+01
-1.357631720082076576e+01
-1.359403404391620285e+01
-1.355356689064998399e+01
-1.350788434792310966e+01
-1.355996516992264489e+01
-1.356795952083809098e+01
-1.354534709975539819e+01
-1.344232342791379686e+01
-1.345923042560369609e+01
-1.336863834442287491e+01
-1.340231009025025344e+01
-1.334640875038098606e+01
-1.346112845830814386e+01
-1.345333223304823100e+01
-1.344737214316160845e+01
-1.344010895473983247e+01
-1.340405741033671383e+01
-1.346747521797426295e+01
-1.348764032632134224e+01
-1.356964270158903396e+01
-1.361373287457374381e+01
-1.358218412125919627e+01
-1.355045453040532522e+01
-1.352461429727501496e+01
-1.352418499531263940e+01
-1.355180100921958974e+01
-1.354049887905476623e+01
-1.353279945868151479e+01
-1.352635472298481822e+01
-1.356989002353182627e+01
-1.357583566106579376e+01
-1.353167111695371361e+01
-1.357964017495085329e+01
-1.359913234769755341e+01
-1.359337197199090674e+01
-1.363124661821328587e+01
-1.358875538213744782e+01
-1.345396789802687820e+01
-1.341638967251513215e+01
-1.328475845485637485e+01
-1.333504198464613744e+01
-1.336257362621690703e+01
-1.338006674391138340e+01
-1.340827719073284641e+01
-1.335700242101201596e+01
-1.345732770410329238e+01
-1.337755609485361319e+01
-1.348499678927830381e+01
-1.344769632169941964e+01
-1.344753393089538562e+01
-1.344002595729185856e+01
-1.345637351348731059e+01
-1.328825993533509475e+01
-1.334280327105024710e+01
-1.323443329978231198e+01
-1.320609904407089630e+01
-1.310948708027428644e+01
-1.316420943419102407e+01
-1.322495174715663602e+01
-1.326377956743524855e+01
-1.325565341686701970e+01
-1.323662784801422099e+01
-1.317464372172163323e+01
-1.317749815375137779e+01
-1.311983153542509051e+01
-1.317607923058862696e+01
-1.317129703381080930e+01
-1.315171443058021694e+01
-1.314892411700984631e+01
-1.316384603852299762e+01
-1.317615208921636416e+01
-1.316788193518431882e+01
-1.318691485268394814e+01
-1.314629802986237728e+01
-1.310872688462348279e+01
-1.312518116677122926e+01
-1.311977944627347981e+01
-1.313710959150110824e+01
-1.307059093792422289e+01
-1.309592948180497629e+01
-1.310454889796684874e+01
-1.312297240069372783e+01
-1.313111066610941968e+01
-1.310503581911801874e+01
-1.313849633254373472e+01
-1.306884416182827735e+01
-1.301113334826948176e+01
-1.309271040219908144e+01
-1.310116067704950105e+01
-1.307281057664700441e+01
-1.308283036675656241e+01
-1.308409710244317381e+01
-1.307375554357039782e+01
-1.305482992696759936e+01
-1.304805472893534990e+01
-1.307439044382571502e+01
-1.306307774716896120e+01
-1.306749100291777133e+01
-1.310475977594832742e+01
-1.310873795720881851e+01
-1.308418898851489942e+01
-1.307498446472865083e+01
-1.301349070367094463e+01
-1.297139865078595911e+01
-1.289342310792079083e+01
-1.287545087925342990e+01
-1.288784738251260542e+01
-1.289601265577597289e+01
-1.290868051746558365e+01
-1.292236379557385106e+01
-1.291124323174069133e+01
-1.291761133449891652e+01
-1.294871597797214768e+01
-1.294836746082772905e+01
-1.290158177420880214e+01
-1.287381247153760988e+01
-1.298828204417953636e+01
-1.302748613846489967e+01
-1.300413729364618654e+01
-1.297710359076209485e+01
-1.299331179643929168e+01
-1.298846481776721973e+01
-1.298952964239312990e+01
-1.298689694407704565e+01
-1.308342557891845459e+01
-1.300000908303804970e+01
-1.300827939612900508e+01
-1.299638116689412115e+01
-1.293166933833363963e+01
-1.298524323867389718e+01
-1.302724305403353000e+01
-1.303972687026863753e+01
-1.298426304601992065e+01
-1.294774824606535724e+01
-1.290330084735856886e+01
-1.285689635923256802e+01
-1.285283580282385252e+01
-1.282522820479478121e+01
-1.279218402035964708e+01
-1.280705382763794731e+01
-1.274514062427728156e+01
-1.277479018504099884e+01
-1.276103967144667628e+01
-1.271073598394077564e+01
-1.275158896536610875e+01
-1.270161531138092847e+01
-1.268317953580354640e+01
-1.269373185035354901e+01
-1.268927445276496613e+01
-1.270468291676030503e+01
-1.267926903180803144e+01
-1.267134630381912075e+01
-1.276781729640878815e+01
-1.275423869866349058e+01
-1.279499223039808697e+01
-1.271439082702864809e+01
-1.273014721215530898e+01
-1.272511693196894456e+01
-1.275001371786711246e+01
-1.245272073504449573e+01
-1.244738432237664405e+01
-1.244547511450399391e+01
-1.246116761403225404e+01
-1.246337996789882929e+01
-1.247071266073706397e+01
-1.261204229795872322e+01
-1.268944651308450844e+01
-1.271015092949137149e+01
-1.273087664017347009e+01
-1.249292964428208208e+01
-1.251449345978195460e+01
-1.252322001774969351e+01
-1.251840782650724471e+01
-1.253582813470217694e+01
-1.255467145876267487e+01
-1.264541452669747201e+01
-1.264936488476318388e+01
-1.266632767097675050e+01
-1.265375151094863426e+01
-1.258273808084611645e+01
-1.258372283476948894e+01
-1.257466139211458866e+01
-1.254683180435944401e+01
-1.254412913550691755e+01
-1.264005323302935224e+01
-1.255241965496784751e+01
-1.246674411907658886e+01
-1.253867161579694134e+01
-1.253451031794253900e+01
-1.255243491223944297e+01
-1.255667210533447786e+01
-1.256636130741908630e+01
-1.261778636459047220e+01
-1.271286418704454668e+01
-1.266759069067444443e+01
-1.271898332961337630e+01
-1.267246967036516914e+01
-1.263270198568544878e+01
-1.263481066510308004e+01
-1.262385184310438646e+01
-1.254514104174697309e+01
-1.250970811462971533e+01
-1.251554093355286668e+01
-1.252782097917908821e+01
-1.252067765319765158e+01
-1.255357022772734332e+01
-1.250745641549498366e+01
-1.245121676500920671e+01
-1.247047910335341570e+01
-1.246190907083604849e+01
-1.240908443774830694e+01
-1.236709183783754895e+01
-1.237541858222765612e+01
-1.237710650631358433e+01
-1.238457928020364029e+01
-1.233649183515003322e+01
-1.237725246819144509e+01
-1.243325692838180707e+01
-1.243674372743391388e+01
-1.242629909490978335e+01
-1.233045516601114677e+01
-1.233884620280871580e+01
-1.228831194760686785e+01
-1.225641596418074464e+01
-1.229807217637426753e+01
-1.230354604107797556e+01
-1.230118749665486888e+01
-1.230166419860986160e+01
-1.230006263950741108e+01
-1.230995824887007295e+01
-1.230163852310054651e+01
-1.227558838779275696e+01
-1.223795559367988695e+01
-1.225485348975866273e+01
-1.227921974410119788e+01
-1.222846256888385241e+01
-1.223180970281999969e+01
-1.222952204057857273e+01
-1.223183987700264908e+01
-1.227819262442557680e+01
-1.227057945175031506e+01
-1.219901987017103018e+01
-1.220208541168761407e+01
-1.218473662078975295e+01
-1.216954388743406845e+01
-1.208229428276044359e+01
-1.211919934959954404e+01
-1.209480222866915966e+01
-1.206153453697180922e+01
-1.206606567990633572e+01
-1.213350784204012811e+01
-1.217691901590035464e+01
-1.215848447792450315e+01
-1.210994526516131664e+01
-1.211402480031127560e+01
-1.211193294291838640e+01
-1.212326452632754581e+01
-1.213129629788008934e+01
-1.213762070951352179e+01
-1.214283154886954996e+01
-1.205394211292753681e+01
-1.210055766097784868e+01
-1.208515553949671961e+01
-1.203009090685905491e+01
-1.204554814291292963e+01
-1.206915932611318176e+01
-1.207247463907738450e+01
-1.207078091733321479e+01
-1.205953597414138656e+01
-1.206268125156768711e+01
-1.202992099911956103e+01
-1.202606010041124307e+01
-1.202059410995901345e+01
-1.198198798740317095e+01
-1.197958739309210863e+01
-1.197336884714323624e+01
-1.192831341168477444e+01
-1.191151574760287168e+01
-1.191879061808681151e+01
-1.189471333209483994e+01
-1.188560759173778614e+01
-1.189508275521001224e+01
-1.190983628110965853e+01
-1.192672341181420137e+01
-1.191731589379830680e+01
-1.192032847334500190e+01
-1.191874181517360753e+01
-1.203227369972524308e+01
-1.202118075515100415e+01
-1.200116456995617398e+01
-1.198604283670962189e+01
-1.191885131255540919e+01
-1.189360186978394651e+01
-1.192660063346824906e+01
-1.189243852298381654e+01
-1.197115709201355926e+01
-1.197391555886737891e+01
-1.196156658324122546e+01
-1.194536161691609166e+01
-1.199684234646493941e+01
-1.200174712494393781e+01
-1.204329319415660748e+01
-1.205636300008036343e+01
-1.205604924052967775e+01
-1.206114501355226842e+01
-1.219364692693244123e+01
-1.220445865817345243e+01
-1.220262071360801492e+01
-1.220178253092867138e+01
-1.221370270340283959e+01
-1.212939351736057958e+01
-1.213526642693132729e+01
-1.213391898303269656e+01
-1.211686108943065499e+01
-1.213705743896185574e+01
-1.213525060949058876e+01
-1.211337545240708735e+01
-1.211286040725130242e+01
-1.209536262105647175e+01
-1.209204024386452936e+01
-1.209514883074994707e+01
-1.213309780971724550e+01
-1.209870314688765625e+01
-1.208527639130569398e+01
-1.210493039248647129e+01
-1.216342236956093537e+01
-1.215519242110713449e+01
-1.218377772410175552e+01
-1.210808186711215662e+01
-1.211639643681783518e+01
-1.211406810012345758e+01
-1.211267462794921101e+01
-1.211886301420454615e+01
-1.208993103369385480e+01
-1.209746921247809759e+01
-1.208750132873607441e+01
-1.209963189127929262e+01
-1.210029038313870053e+01
-1.207997833870126136e+01
-1.210891504443068456e+01
-1.208689908356287646e+01
-1.201870685144126938e+01
-1.196949784563261510e+01
-1.199697422935483360e+01
-1.198483686745668031e+01
-1.198517285463810822e+01
-1.198720227911567804e+01
-1.198618452152527958e+01
-1.198512636434034917e+01
-1.198045761241483831e+01
-1.190255846113912952e+01
-1.189793450761116667e+01
-1.189275645015283978e+01
-1.190088385644433977e+01
-1.188451588982903040e+01
-1.188398551257820124e+01
-1.181858622147136195e+01
-1.180592235529470990e+01
-1.172841275459137478e+01
-1.172741083936412032e+01
-1.174618897099930592e+01
-1.155651736928707152e+01
-1.159258375790874496e+01
-1.159071779017401127e+01
-1.159838222486150805e+01
-1.160185534702669941e+01
-1.160187107757782066e+01
-1.159383923540456607e+01
-1.160625231329248663e+01
-1.159611639966879082e+01
-1.167347191922972449e+01
-1.157153019405106598e+01
-1.156856843817514324e+01
-1.154634882217802527e+01
-1.155519502041458857e+01
-1.155712968462913182e+01
-1.156663503320789310e+01
-1.156963673924452607e+01
-1.144000385216008198e+01
-1.144080494386489022e+01
-1.147289266570568067e+01
-1.147337944964188416e+01
-1.145934425097259002e+01
-1.146561867223040210e+01
-1.156966794477610527e+01
-1.155336027166987378e+01
-1.157950882373850909e+01
-1.149889737445341531e+01
-1.149130639350409311e+01
-1.146833360339238439e+01
-1.146497948245125187e+01
-1.143445536786795813e+01
-1.140164793697284118e+01
-1.140015817817607413e+01
-1.140229315431835921e+01
-1.140359593630769197e+01
-1.136629786844392420e+01
-1.138103323156013325e+01
-1.137797660371971631e+01
-1.137737401959020112e+01
-1.140857192478891236e+01
-1.140578945706823788e+01
-1.139653190271143046e+01
-1.139389241233728889e+01
-1.141943935956054723e+01
-1.138633456991783710e+01
-1.134337115951228903e+01
-1.137152219693332711e+01
-1.137977185933084989e+01
-1.140110415006599531e+01
-1.140907069076515334e+01
-1.141862606768973976e+01
-1.139732620360953774e+01
-1.139020206720560324e+01
-1.139413943279079255e+01
-1.138679341752626328e+01
-1.138209269417209057e+01
-1.137849719589149622e+01
-1.132322265215974788e+01
-1.127430090220141778e+01
-1.129605577214380396e+01
-1.130275428647615321e+01
-1.129563356251274442e+01
-1.130191239758636890e+01
-1.126927555192246366e+01
-1.127476606058205100e+01
-1.128353501632914302e+01
-1.125837250350403806e+01
-1.131727601726374033e+01
-1.132471984270762810e+01
-1.132976327409887318e+01
-1.133056847990715177e+01
-1.131130763527139216e+01
-1.133392197378259603e+01
-1.133169590407075411e+01
-1.129319530682229455e+01
-1.123171495439342671e+01
-1.123866891495695874e+01
-1.123897344717598834e+01
-1.123936252191162666e+01
-1.124760574463030416e+01
-1.111439652706470049e+01
-1.110707276751732131e+01
-1.110936109172991770e+01
-1.114852688777154555e+01
-1.115445363082306862e+01
-1.115610455108717147e+01
-1.117180184622641193e+01
-1.119172368406600171e+01
-1.119681783235791706e+01
-1.120098742252336343e+01
-1.119407829535692755e+01
-1.119715791257371507e+01
-1.120498481352838915e+01
-1.121343366270673414e+01
-1.119721415702787581e+01
-1.119612852550126192e+01
-1.118370485806711301e+01
-1.119469322586568083e+01
-1.119838251293091602e+01
-1.119647809828556184e+01
-1.119774489843246990e+01
-1.120291896334366832e+01
-1.119157766769284379e+01
-1.120374289528923839e+01
-1.120319777525854832e+01
-1.119168495683297415e+01
-1.118316441509775672e+01
-1.117367775249613970e+01
-1.117206451974747061e+01
-1.115737773620370810e+01
-1.114338903289225335e+01
-1.116742849681484806e+01
-1.116680366761550935e+01
-1.119496539798045553e+01
-1.121161483668922365e+01
-1.121875083347867275e+01
-1.117033977814305601e+01
-1.116542810351943871e+01
-1.122353984815996952e+01
-1.117885580126393386e+01
-1.118489546271253943e+01
-1.118652415341046691e+01
-1.119564246970461951e+01
-1.114935498928356949e+01
-1.114432317996029553e+01
-1.113818814232880960e+01
-1.119917038406792642e+01
-1.119156565775860379e+01
-1.118778959937311512e+01
-1.119062784753012885e+01
-1.117757428565221289e+01
-1.117098868518906585e+01
-1.122424670466025098e+01
-1.121483429807334886e+01
-1.121191860384950445e+01
-1.121164184091096949e+01
-1.122637004162439744e+01
-1.126374376817037870e+01
-1.126189830275169079e+01
-1.130318149032549968e+01
-1.130271644012396948e+01
-1.131191588080079846e+01
-1.125722816778854352e+01
-1.126303088202151592e+01
-1.124341467756799240e+01
-1.122821930113006239e+01
-1.125472594427707840e+01
-1.125139458462417430e+01
-1.124607158709408949e+01
-1.123783603941655151e+01
-1.124095683843009752e+01
-1.123521005276651330e+01
-1.123294323484723201e+01
-1.123655820784475168e+01
-1.125741633325864122e+01
-1.125915774767287481e+01
-1.129070665612040791e+01
-1.129026546192358360e+01
-1.128295811424983697e+01
-1.128766291424202528e+01
-1.125511383650087893e+01
-1.124153302719925129e+01
-1.124356165112282468e+01
-1.126435282465964072e+01
-1.127377240524969082e+01
-1.128118815874642777e+01
-1.128525618024305111e+01
-1.129500838912628069e+01
-1.127996871446293348e+01
-1.130135640183098289e+01
-1.126357627614326518e+01
-1.126885252418547267e+01
-1.125247825724401629e+01
-1.125897204377989702e+01
-1.125972076439782477e+01
-1.124447511906341290e+01
-1.124196783477176886e+01
-1.123447933659470266e+01
-1.123940750732565874e+01
-1.124225693131458925e+01
-1.124283875631584273e+01
-1.124868978055622826e+01
-1.123158100260461190e+01
-1.121618928698399564e+01
-1.120429913004732647e+01
-1.121366288686954782e+01
-1.123502448958993405e+01
-1.124424735933624753e+01
-1.122892169217421632e+01
-1.124416173365547067e+01
-1.125457000185257783e+01
-1.126246658649136911e+01
-1.126023295095209420e+01
-1.125461444484868601e+01
-1.123356347638986819e+01
-1.124526995694112408e+01
-1.124197545588480018e+01
-1.124117643255391030e+01
-1.125839455272227774e+01
-1.123187453894532339e+01
-1.123221160070577440e+01
-1.122720473471019709e+01
-1.120904173993644548e+01
-1.119881005131767715e+01
-1.120088953374803253e+01
-1.112542042195696190e+01
-1.113765041316586135e+01
-1.115426694637161731e+01
-1.120122515115252426e+01
-1.120162363285957419e+01
-1.120995914239376745e+01
-1.122246594421797639e+01
-1.119852180021493737e+01
-1.118609890579875987e+01
-1.117082069834301805e+01
-1.116189365940318723e+01
-1.118710573945640796e+01
-1.111895207350038639e+01
-1.115162655043681106e+01
-1.116152980252065952e+01
-1.117945527475701439e+01
-1.116304930062621636e+01
-1.114922870251155196e+01
-1.115890855701022311e+01
-1.115261984053767108e+01
-1.114071377273659991e+01
-1.115324893415284180e+01
-1.115955034791423550e+01
-1.115799692224635287e+01
-1.115908938709106657e+01
-1.115993523778585406e+01
-1.115760312397640952e+01
-1.115645561802545416e+01
-1.116245386732052225e+01
-1.115902413564746176e+01
-1.115797570281019269e+01
-1.116002022070634325e+01
-1.117054059312645364e+01
-1.117503204148575868e+01
-1.118943571124369285e+01
-1.115629854041832836e+01
-1.119288632431443098e+01
-1.122603093084042669e+01
-1.122739815453253875e+01
-1.121976554839305606e+01
-1.122888312515120823e+01
-1.122789452928278209e+01
-1.115350007341381122e+01
-1.116434218003950640e+01
-1.115855791937947039e+01
-1.116588020996210417e+01
-1.115270260459299045e+01
-1.113431957607292233e+01
-1.113347569570197670e+01
-1.112848943365268362e+01
-1.119976922865861013e+01
-1.119325213024342780e+01
-1.116393221702895033e+01
-1.117653470963468365e+01
-1.114387929265165056e+01
-1.113534796775764946e+01
-1.113782721475927673e+01
-1.114528406635565894e+01
-1.114449645393876942e+01
-1.114395506240538936e+01
-1.114197215279623343e+01
-1.110895391159970202e+01
-1.111428040867080114e+01
-1.111769856761026531e+01
-1.110277768689756783e+01
-1.113988234354086693e+01
-1.113855809910305794e+01
-1.113355551968432167e+01
-1.116086944091336441e+01
-1.117256930166792905e+01
-1.117377376909046482e+01
-1.116844939982770413e+01
-1.117272269630684356e+01
-1.119448286472593423e+01
-1.118118732873893251e+01
-1.114189992825203213e+01
-1.114744603281624613e+01
-1.118830694460647734e+01
-1.117450438071051977e+01
-1.119126778088859631e+01
-1.122445623059416064e+01
-1.117305306258901432e+01
-1.118103073208939335e+01
-1.118604883186563903e+01
-1.115189487189303641e+01
-1.116387734649461549e+01
-1.117967365806850033e+01
-1.117188408972495317e+01
-1.118313223721509075e+01
-1.117873937937321038e+01
-1.118110999612525980e+01
-1.116877309129638540e+01
-1.116823815367216355e+01
-1.117596265272603162e+01
-1.116365239290870903e+01
-1.116796784687113409e+01
-1.118213130364983776e+01
-1.118742981293221561e+01
-1.119282477788503449e+01
-1.121289902045015019e+01
-1.121310279612007754e+01
-1.119347785463549272e+01
-1.118367753803086906e+01
-1.117663880384567676e+01
-1.116885312484205883e+01
-1.114817083667750985e+01
-1.114139763052457965e+01
-1.113330798177318393e+01
-1.112564455020005916e+01
-1.112901594260812033e+01
-1.110785682097471039e+01
-1.111874828017895389e+01
-1.112501727261981799e+01
-1.111173991155678209e+01
-1.114212869906024395e+01
-1.115419524882744895e+01
-1.115463432741463379e+01
-1.115191379355720613e+01
-1.114070134552818558e+01
-1.112765471372394899e+01
-1.113287292956317565e+01
-1.112879359457723893e+01
-1.113282620977590831e+01
-1.113952591835544226e+01
-1.114467945116972203e+01
-1.114401239666146992e+01
-1.114738501091863654e+01
-1.115297952982745677e+01
-1.120734638803394745e+01
-1.125718812244039846e+01
-1.132554259860095947e+01
-1.132713046129301127e+01
-1.138204563734145935e+01
-1.137180919263128231e+01
-1.132412688263630152e+01
-1.130309973316729355e+01
-1.130750951169318697e+01
-1.129798167538875120e+01
-1.140415269936898568e+01
-1.139197297793224806e+01
-1.140662962498215194e+01
-1.140991814099856150e+01
-1.140743880798482834e+01
-1.140657078343181396e+01
-1.140453932216252575e+01
-1.139770768597967887e+01
-1.139165481033317029e+01
-1.138769333454515831e+01
-1.139069594703501309e+01
-1.139965536202410945e+01
-1.138346451533310955e+01
-1.140686445207342459e+01
-1.140295748453497993e+01
-1.141403152940991106e+01
-1.140824330182479507e+01
-1.139114362159555505e+01
-1.139176777880890334e+01
-1.137659926016762491e+01
-1.138089777425509119e+01
-1.136207333483770832e+01
-1.137258847579215271e+01
-1.137117894266203955e+01
-1.139939499386766819e+01
-1.140445668432814941e+01
-1.141221067758585406e+01
-1.140087451894612514e+01
-1.140625830557381981e+01
-1.137646021772057026e+01
-1.135123077406264791e+01
-1.135552253238745379e+01
