# 2*np.log[MAD(r)] for 100 flights; 1000 steps per flight; run 24 of 50; mu: 2.20; seed: 23
-2.391369926571583804e+01
-2.189081134659402039e+01
-2.126005967234660332e+01
-2.057020195374466809e+01
-2.051664098505967004e+01
-1.979901328893943102e+01
-2.012949225503907513e+01
-1.966707361925803355e+01
-1.936126816612309298e+01
-1.920254686958548263e+01
-1.908638588271356795e+01
-1.910501307133464977e+01
-1.900405568109708199e+01
-1.869716340120372422e+01
-1.853772323544508538e+01
-1.855569614106740417e+01
-1.837609056439401911e+01
-1.859895593272023007e+01
-1.841971290961362229e+01
-1.827179396621248841e+01
-1.782240514635759965e+01
-1.762576626522812973e+01
-1.784344197480613303e+01
-1.749600088806855780e+01
-1.749591348676230851e+01
-1.742902586408105137e+01
-1.726123316896127946e+01
-1.711419064866423057e+01
-1.711190302656542173e+01
-1.688442919459545166e+01
-1.692055804771291960e+01
-1.682157982527295204e+01
-1.685723077068042031e+01
-1.684503070813741488e+01
-1.694602183063800993e+01
-1.694402508264328588e+01
-1.702337112746939241e+01
-1.697117387699256952e+01
-1.685780089954013761e+01
-1.695367376410575488e+01
-1.692426976850693521e+01
-1.709127054754847208e+01
-1.712295684267675000e+01
-1.688256407199038378e+01
-1.678915264469596380e+01
-1.674906524539743202e+01
-1.672327592048210931e+01
-1.663537002009964283e+01
-1.672178555569340475e+01
-1.671547567360372710e+01
-1.684491278840084405e+01
-1.683645308817544972e+01
-1.671029247357294523e+01
-1.647923667420852922e+01
-1.649928645378029657e+01
-1.655037409753435895e+01
-1.646558752638344103e+01
-1.631524539119337902e+01
-1.636766005283291392e+01
-1.643642444073707054e+01
-1.644590184380716380e+01
-1.632357742309202564e+01
-1.626779443019129445e+01
-1.620129955354046558e+01
-1.620666899295449781e+01
-1.626503604255445623e+01
-1.630831545403932026e+01
-1.615448457959173467e+01
-1.611668626228167511e+01
-1.610286175246252682e+01
-1.611583938281935602e+01
-1.612732106878612726e+01
-1.608319078304833383e+01
-1.604272559916894636e+01
-1.611481487481712094e+01
-1.605562153833272987e+01
-1.599175322366725993e+01
-1.594510003876480475e+01
-1.583374397441974857e+01
-1.579140694212901685e+01
-1.579875669012589867e+01
-1.580522396494496462e+01
-1.570236786953364572e+01
-1.573718615464046522e+01
-1.574507552902675833e+01
-1.567480075923122129e+01
-1.570843927220634306e+01
-1.561930129820598623e+01
-1.557373537828712351e+01
-1.564008784267468499e+01
-1.563929004364372588e+01
-1.557049214317136077e+01
-1.557990841052599329e+01
-1.554823183524511343e+01
-1.554742251230397798e+01
-1.548050891697909037e+01
-1.549240148457436561e+01
-1.547035990542350525e+01
-1.545490291836165397e+01
-1.544938110055778324e+01
-1.541920330082633406e+01
-1.523036583348296524e+01
-1.541029389472603306e+01
-1.546885876520648928e+01
-1.517737899011749647e+01
-1.502644409272937587e+01
-1.491263467409070742e+01
-1.490711337369063116e+01
-1.496096101772988973e+01
-1.488126599943667827e+01
-1.482287157134366495e+01
-1.483171413691469986e+01
-1.491849323977805497e+01
-1.478974302899836424e+01
-1.471880334273277668e+01
-1.472008622454082705e+01
-1.485600775377790583e+01
-1.471521233165017151e+01
-1.469573095983491662e+01
-1.471561487102556853e+01
-1.481336295394711122e+01
-1.484493189878056718e+01
-1.480581377492409167e+01
-1.486098394626184493e+01
-1.474798628268611189e+01
-1.473919289001343813e+01
-1.474566113796747402e+01
-1.476500380561696524e+01
-1.478408592757519457e+01
-1.475627068776800854e+01
-1.475730491937512490e+01
-1.472749146410609278e+01
-1.480760771290023037e+01
-1.484374541965629746e+01
-1.491683877901441058e+01
-1.497367895401457183e+01
-1.482472165765522831e+01
-1.487363398034186623e+01
-1.487021758981124542e+01
-1.506274512449332015e+01
-1.494582256217588423e+01
-1.497850257756088510e+01
-1.500363396907263258e+01
-1.502606013724208722e+01
-1.508016257377840752e+01
-1.500943626738756898e+01
-1.495820793381517788e+01
-1.491452463489298808e+01
-1.485100839761418534e+01
-1.482692222293366591e+01
-1.485047896808455903e+01
-1.476588092955504194e+01
-1.480056816574254697e+01
-1.474556226944634751e+01
-1.470128194982787306e+01
-1.461705825782616053e+01
-1.468220384328992800e+01
-1.463100668226158696e+01
-1.464679243458436453e+01
-1.459744959455076874e+01
-1.464568103073546190e+01
-1.475297064569470429e+01
-1.478291181262313891e+01
-1.468518852088129911e+01
-1.465483060979625130e+01
-1.466359234238637832e+01
-1.468222692027542386e+01
-1.471459835006871764e+01
-1.471044588154901334e+01
-1.470291994210741926e+01
-1.470148164294212023e+01
-1.469841125789156777e+01
-1.467754048270263567e+01
-1.466825862285152482e+01
-1.472646308962445794e+01
-1.467817061598484862e+01
-1.467435659879954457e+01
-1.461002179767794829e+01
-1.467598188430360295e+01
-1.468649873139496442e+01
-1.472221138163022758e+01
-1.470510661895334081e+01
-1.483652708651845842e+01
-1.482746187036887697e+01
-1.479287214868746680e+01
-1.475803265716294810e+01
-1.478885667547633354e+01
-1.483176067258619391e+01
-1.483848652416075531e+01
-1.475529125694829169e+01
-1.477441570225860090e+01
-1.484553706578445720e+01
-1.481614798281421663e+01
-1.482028454265137185e+01
-1.480476171016947795e+01
-1.476740729026508170e+01
-1.479748205323380006e+01
-1.483322532245125025e+01
-1.485623411775818781e+01
-1.464394130138379957e+01
-1.462735101142896710e+01
-1.469593533666470897e+01
-1.467476785315894894e+01
-1.472232164479550498e+01
-1.470869756659487138e+01
-1.474172704322240968e+01
-1.468918724741027937e+01
-1.464566478603273403e+01
-1.472429558566449614e+01
-1.476682159355621948e+01
-1.473932165829694618e+01
-1.473304889780952109e+01
-1.469097648768145881e+01
-1.472170934489429506e+01
-1.466158565025128624e+01
-1.472077700232138397e+01
-1.461141351477809991e+01
-1.462223724441510164e+01
-1.459362369965020712e+01
-1.486939317251099091e+01
-1.487091382330824096e+01
-1.486562439830763260e+01
-1.488076924998953210e+01
-1.487251960969584275e+01
-1.481672894561555509e+01
-1.482374092925784659e+01
-1.475944168577287563e+01
-1.477934514916783293e+01
-1.468191397438141799e+01
-1.475960602832782342e+01
-1.478692778275608077e+01
-1.475370924512484905e+01
-1.478235829748996899e+01
-1.479320375108455465e+01
-1.478562476085796895e+01
-1.478421359650759470e+01
-1.474988029823755831e+01
-1.473090697631249490e+01
-1.458499146564744109e+01
-1.471646218472310963e+01
-1.476334867243979154e+01
-1.475245144830254596e+01
-1.463832049722128659e+01
-1.464051691246584852e+01
-1.465035197179297910e+01
-1.471867615363892767e+01
-1.454428118000710057e+01
-1.451421927431840331e+01
-1.452553539673597882e+01
-1.456954633046818159e+01
-1.451474803986574535e+01
-1.450216922986089330e+01
-1.448149891381186904e+01
-1.435645178926769105e+01
-1.432711802248931754e+01
-1.423877676723669339e+01
-1.425205824324791237e+01
-1.414954833800953793e+01
-1.422562321027885623e+01
-1.419001541304364977e+01
-1.418004266897058407e+01
-1.418505328689144385e+01
-1.426229207533710586e+01
-1.424672125457239069e+01
-1.424094739031443879e+01
-1.419376600749063044e+01
-1.419304265186239178e+01
-1.406786290645101900e+01
-1.404019172437088514e+01
-1.406501984996306120e+01
-1.410621969393143971e+01
-1.410317414170203776e+01
-1.411536090401650689e+01
-1.408128132239006014e+01
-1.409977465321468237e+01
-1.409353758462422768e+01
-1.414223520748242002e+01
-1.412939954890954120e+01
-1.403132644271808616e+01
-1.404619341465039639e+01
-1.403162038442998139e+01
-1.403596241870339512e+01
-1.409439872532207083e+01
-1.410448078973739250e+01
-1.409979602208224314e+01
-1.412357516368396126e+01
-1.413799548283453689e+01
-1.399410512128622841e+01
-1.394740583213210883e+01
-1.395276996103189937e+01
-1.388765109859647673e+01
-1.381548196798516059e+01
-1.388228820730498114e+01
-1.391630202598205202e+01
-1.396197797447047684e+01
-1.396982599940537817e+01
-1.382264926544510431e+01
-1.382784280972762581e+01
-1.376894618543691706e+01
-1.383083658996470966e+01
-1.379107534126416290e+01
-1.374763182669637018e+01
-1.377156222820695142e+01
-1.379369370769595804e+01
-1.379857520606794097e+01
-1.380055324920454929e+01
-1.379467726295307273e+01
-1.384366642965852456e+01
-1.382081322577531068e+01
-1.383963498901078282e+01
-1.370992226906831135e+01
-1.365260505642988598e+01
-1.360889068782370437e+01
-1.364566193702241037e+01
-1.358508189277069711e+01
-1.364431433765692958e+01
-1.373462771702968510e+01
-1.370220433949241645e+01
-1.386001838987989920e+01
-1.383728492041515601e+01
-1.383854272414082942e+01
-1.368408357649163420e+01
-1.359303948412390106e+01
-1.360956141493243976e+01
-1.359537481707727480e+01
-1.358434150694814591e+01
-1.360546718583963610e+01
-1.366820448516484809e+01
-1.372221576406659871e+01
-1.378091773383066432e+01
-1.365801044981202494e+01
-1.361167718286836781e+01
-1.356229194581330333e+01
-1.357627804006190253e+01
-1.357014910060244617e+01
-1.368618591264942275e+01
-1.372760016473528033e+01
-1.369292679551383429e+01
-1.368420468709372528e+01
-1.368133649460136958e+01
-1.361685154190976554e+01
-1.377942880096711775e+01
-1.376852592538881304e+01
-1.377684892733193855e+01
-1.382579874755033877e+01
-1.378218142205220964e+01
-1.383705320437887032e+01
-1.380154128137204417e+01
-1.388709060932806238e+01
-1.388461756530425539e+01
-1.394969413178037776e+01
-1.385634485939073635e+01
-1.382472464885680097e+01
-1.382204141174058343e+01
-1.387801600206577390e+01
-1.377129837174066651e+01
-1.381078231560711345e+01
-1.385332191316310180e+01
-1.383429873413298417e+01
-1.386686652859227031e+01
-1.391219737367728904e+01
-1.389609221920404458e+01
-1.387932608795460077e+01
-1.390180232225411316e+01
-1.388990239140297156e+01
-1.387018810266768831e+01
-1.387926857965667082e+01
-1.384864485996316574e+01
-1.381872156271499108e+01
-1.380479568148798108e+01
-1.383599106674279611e+01
-1.383558525343568313e+01
-1.380432228058674227e+01
-1.381264071496557833e+01
-1.376092862627703717e+01
-1.382596225776385879e+01
-1.372434731509331485e+01
-1.370512057230205549e+01
-1.373086314591006740e+01
-1.369320536582482184e+01
-1.360131508828799340e+01
-1.347767346261274213e+01
-1.347906482175346454e+01
-1.347196607120954681e+01
-1.346226288937747029e+01
-1.344115226253464357e+01
-1.344852119058434603e+01
-1.344315268918192530e+01
-1.345793704262220913e+01
-1.357192082399334865e+01
-1.359071959777863725e+01
-1.344174358423729743e+01
-1.332825791594710019e+01
-1.333642823270544397e+01
-1.333043236037479673e+01
-1.333619819998603084e+01
-1.332255698645529129e+01
-1.332830916203816152e+01
-1.330001142733745390e+01
-1.334224468015835185e+01
-1.335318758931511418e+01
-1.339144615441302477e+01
-1.338724893827292739e+01
-1.338679986034514613e+01
-1.340284629193159027e+01
-1.340899370527490042e+01
-1.342600056123756858e+01
-1.333426180659801297e+01
-1.329712805010082377e+01
-1.333081119110013724e+01
-1.328087470076549259e+01
-1.327759356082230191e+01
-1.326719267206441977e+01
-1.331058762999054679e+01
-1.332513285849407048e+01
-1.325651978150962407e+01
-1.327833769834040112e+01
-1.327982671542976334e+01
-1.336061651461825761e+01
-1.333183831887311044e+01
-1.333027249061850839e+01
-1.335156183997508350e+01
-1.331414372078483410e+01
-1.331621476556380301e+01
-1.328297978353625197e+01
-1.334592749171714310e+01
-1.331129896183687578e+01
-1.334771270707510737e+01
-1.331065542568610205e+01
-1.326506987851047192e+01
-1.323124043051798893e+01
-1.324830522594692717e+01
-1.337805207962149368e+01
-1.338140008881253884e+01
-1.343088389850026410e+01
-1.330114893619497707e+01
-1.307476353206733499e+01
-1.303668974422228644e+01
-1.303154512036707047e+01
-1.303321294699951594e+01
-1.310888818473456752e+01
-1.311660190452650632e+01
-1.309403381954319379e+01
-1.309506945154777569e+01
-1.309079440530282668e+01
-1.306016379932192528e+01
-1.306952650925297732e+01
-1.307072283712906113e+01
-1.307072548130266476e+01
-1.308196181756215815e+01
-1.301337469890464504e+01
-1.305735823856893596e+01
-1.302212346617722716e+01
-1.301631991615010442e+01
-1.303700389912044422e+01
-1.306395572763392465e+01
-1.305674294071291186e+01
-1.310976574697307839e+01
-1.312231681833115182e+01
-1.296065861329172009e+01
-1.299257652344559766e+01
-1.305315850041679404e+01
-1.310025010320360472e+01
-1.311154266848471650e+01
-1.310912388645735227e+01
-1.307379556743589966e+01
-1.304900251906603081e+01
-1.307312154801494763e+01
-1.304439749647684899e+01
-1.306126266530533719e+01
-1.306290864659962025e+01
-1.307931338828766421e+01
-1.304144209618016426e+01
-1.305015466290926263e+01
-1.303639032097720296e+01
-1.302915209083873727e+01
-1.299692491353954793e+01
-1.297863680881995307e+01
-1.302468853659796544e+01
-1.304823718061023463e+01
-1.305672961084372297e+01
-1.295849835811099560e+01
-1.297315454379850763e+01
-1.299251110187862679e+01
-1.295215891100061256e+01
-1.289520738195164284e+01
-1.296657489952309206e+01
-1.295858418217499697e+01
-1.289675416070237901e+01
-1.293921717270744765e+01
-1.297151552989924106e+01
-1.291909436236541708e+01
-1.288374347618368176e+01
-1.289644255379449689e+01
-1.289597276462437314e+01
-1.290883059301133251e+01
-1.281067346782109340e+01
-1.273036852871690350e+01
-1.273584095771141911e+01
-1.278741440430294851e+01
-1.277907505379847386e+01
-1.283583992392358830e+01
-1.284978573268298874e+01
-1.284559499395762927e+01
-1.277861755039465486e+01
-1.263930580222690203e+01
-1.265842988983801654e+01
-1.267774464266520695e+01
-1.273715080995733651e+01
-1.275337703956769708e+01
-1.276293207910734928e+01
-1.259123596026099356e+01
-1.256232547013157408e+01
-1.261815050181644615e+01
-1.264138429985369072e+01
-1.263932495676290202e+01
-1.264385072065481097e+01
-1.264106336656750784e+01
-1.264176776842875505e+01
-1.263963516344523796e+01
-1.271293106336700696e+01
-1.274375125815099175e+01
-1.266623842111025233e+01
-1.255981991453107760e+01
-1.266098303683750181e+01
-1.264436254326285081e+01
-1.263520487930972536e+01
-1.258065187178040212e+01
-1.256769786444149695e+01
-1.253866125449933477e+01
-1.250800158041129073e+01
-1.252482197872919834e+01
-1.252474273220135181e+01
-1.262672717565868297e+01
-1.265267175176976444e+01
-1.265499895627174176e+01
-1.266392029285137610e+01
-1.267645098264418202e+01
-1.267395432724624271e+01
-1.261952203555412311e+01
-1.256178133880579573e+01
-1.257466804030137730e+01
-1.255684470180306178e+01
-1.257090011049115930e+01
-1.256571147042400405e+01
-1.256458469837746783e+01
-1.258934678134151319e+01
-1.259065479655773068e+01
-1.258286430595084937e+01
-1.252071575244474211e+01
-1.250513924726044124e+01
-1.253861203750326858e+01
-1.253250953111275479e+01
-1.253519987268808578e+01
-1.258307243952556220e+01
-1.257769820518068826e+01
-1.259440110245633093e+01
-1.261835556334239072e+01
-1.262080089641251490e+01
-1.260006879210680175e+01
-1.259394797997696713e+01
-1.255226880505623654e+01
-1.250237006040357279e+01
-1.248216891404896600e+01
-1.248062261562611575e+01
-1.249699689516857859e+01
-1.256758053979517697e+01
-1.256524956708486940e+01
-1.253912995075390135e+01
-1.255062661902113241e+01
-1.257799829523856161e+01
-1.255788971869734993e+01
-1.258141610577729530e+01
-1.257141402662598750e+01
-1.256884753528398235e+01
-1.257786442530750115e+01
-1.253979010271535799e+01
-1.260266000816065635e+01
-1.261504006803160749e+01
-1.265204796665719122e+01
-1.265153658367420064e+01
-1.267724278047790776e+01
-1.270213413896100896e+01
-1.272107846075866178e+01
-1.264606517610270942e+01
-1.273292063274162622e+01
-1.277046374911787296e+01
-1.275607138739744784e+01
-1.265051917356726285e+01
-1.267426916312003371e+01
-1.264556916116255891e+01
-1.264903657212250643e+01
-1.274600409148099978e+01
-1.280568776044049706e+01
-1.274424355979532564e+01
-1.271964929086290930e+01
-1.269376432855635706e+01
-1.265465746143009262e+01
-1.265449525760338467e+01
-1.257416500454460007e+01
-1.257064313992162319e+01
-1.259019675077374778e+01
-1.265619724787012501e+01
-1.265480592174704633e+01
-1.267928610921532240e+01
-1.273400174376296690e+01
-1.269224689808329742e+01
-1.275564433010069365e+01
-1.274765884076136047e+01
-1.276772346247492074e+01
-1.277391878754404964e+01
-1.279020985775842334e+01
-1.279545489517687074e+01
-1.274619420671303693e+01
-1.277285293225960494e+01
-1.277273114870798487e+01
-1.275408630191143189e+01
-1.274786121889872881e+01
-1.268893903759935426e+01
-1.268915170388416414e+01
-1.270473577300300327e+01
-1.269850632809037627e+01
-1.269903601967466855e+01
-1.274356627950119503e+01
-1.267079660726488122e+01
-1.264211232992908052e+01
-1.261354809881876626e+01
-1.259091678515568269e+01
-1.259458097678511557e+01
-1.261265663816826432e+01
-1.261218554352826082e+01
-1.261219996278730804e+01
-1.250414601667563375e+01
-1.253483452498404205e+01
-1.261501900985196301e+01
-1.258407865325099095e+01
-1.268806744753817384e+01
-1.251067354617372551e+01
-1.249230415713901010e+01
-1.246547035231847111e+01
-1.249560719764587624e+01
-1.251413268005803126e+01
-1.250964677974758743e+01
-1.252701233309923978e+01
-1.252078625999947548e+01
-1.250211878658471853e+01
-1.252719408082462849e+01
-1.255290305093028991e+01
-1.257019055331355162e+01
-1.256226389575724944e+01
-1.255106394767241795e+01
-1.256966891998224689e+01
-1.243959013472682074e+01
-1.243468035344155531e+01
-1.239840584604973905e+01
-1.247035855403830240e+01
-1.250907049468851895e+01
-1.242873358530896688e+01
-1.241848090102564761e+01
-1.244414198418308892e+01
-1.238730947096094859e+01
-1.242487880647714071e+01
-1.241474612460118188e+01
-1.241605274863658082e+01
-1.229812021108596554e+01
-1.228194565714511022e+01
-1.228284020813634747e+01
-1.228952861353210757e+01
-1.232696559510481293e+01
-1.233758860607066055e+01
-1.234198835004764661e+01
-1.233230750861771874e+01
-1.235102312847129014e+01
-1.234214872225101089e+01
-1.235267967080014095e+01
-1.237005292139030921e+01
-1.237505256476966764e+01
-1.236601152907111967e+01
-1.233916478722596466e+01
-1.236896014364959839e+01
-1.234694734670352112e+01
-1.231251699260168309e+01
-1.226707734988588960e+01
-1.229925745136571358e+01
-1.228284048850592924e+01
-1.226652886797990227e+01
-1.226782809980977618e+01
-1.227322697056577105e+01
-1.226846047710341914e+01
-1.224359388296350559e+01
-1.226252079608085666e+01
-1.221816430106750495e+01
-1.219031848115183614e+01
-1.222397496453898569e+01
-1.223724786014835253e+01
-1.222418984975091227e+01
-1.222593148962315368e+01
-1.226317174428715440e+01
-1.222263237670066260e+01
-1.215008870704823174e+01
-1.214530244930091563e+01
-1.219961059061000519e+01
-1.219611152014077327e+01
-1.223525236441259523e+01
-1.224222050750170787e+01
-1.227450890202481482e+01
-1.233192025315791795e+01
-1.215412680265691847e+01
-1.213530171581562023e+01
-1.213468662966684697e+01
-1.209862979178070574e+01
-1.209880976019923438e+01
-1.216363910332789899e+01
-1.216414651355711740e+01
-1.211022908240303764e+01
-1.209548235362117374e+01
-1.211527507755407562e+01
-1.214559648926467617e+01
-1.214016383363646590e+01
-1.214288872255250240e+01
-1.214041530019358817e+01
-1.211942736242743379e+01
-1.205415402725800078e+01
-1.204792995313430382e+01
-1.203351536327344640e+01
-1.200581790974655405e+01
-1.201103174844235788e+01
-1.201704359218953044e+01
-1.201734637334092248e+01
-1.201276761133062720e+01
-1.200888102391382439e+01
-1.202968136266182242e+01
-1.204304433108975125e+01
-1.196754331248936154e+01
-1.197399856998167422e+01
-1.195674164875059020e+01
-1.196741368098967762e+01
-1.195467319849748478e+01
-1.192404076206610064e+01
-1.184102724514471561e+01
-1.183575177812159041e+01
-1.182481827377564088e+01
-1.182406738938795421e+01
-1.179649775841614812e+01
-1.180226383399565293e+01
-1.180667472322592637e+01
-1.181326374930846690e+01
-1.179470712918454467e+01
-1.178665952307544984e+01
-1.179302946814826747e+01
-1.180072588251053212e+01
-1.177478880174267317e+01
-1.178847869132070691e+01
-1.178331274530454209e+01
-1.183011955956546934e+01
-1.182246226540797984e+01
-1.179182938232676037e+01
-1.181132666808266762e+01
-1.181184438062135911e+01
-1.186269783464389072e+01
-1.181408256274771418e+01
-1.181751490820517603e+01
-1.181405663934320671e+01
-1.178322166167208351e+01
-1.178393893804590320e+01
-1.177874248636768684e+01
-1.178829739727435211e+01
-1.178707355439125948e+01
-1.181964402735833453e+01
-1.182430751989206996e+01
-1.183472079713517289e+01
-1.184069928835169527e+01
-1.178612760802245063e+01
-1.178738932369876302e+01
-1.181218552443869996e+01
-1.182184793420477753e+01
-1.185243728280962650e+01
-1.186640612441177822e+01
-1.187303994959607500e+01
-1.190161732621358759e+01
-1.191379267060439417e+01
-1.190929569922422715e+01
-1.187000620322944044e+01
-1.189342456460770947e+01
-1.190903739567081487e+01
-1.187344210316966731e+01
-1.187078924955095260e+01
-1.185784975061949531e+01
-1.184546246679893677e+01
-1.185889050491810615e+01
-1.189344473025006366e+01
-1.190652748608244949e+01
-1.192993702435846615e+01
-1.192121252421030420e+01
-1.192119240409404135e+01
-1.194818199476640075e+01
-1.195954024653059200e+01
-1.196200097910001325e+01
-1.198400734454101269e+01
-1.197790276587389258e+01
-1.197368604823550875e+01
-1.197128329648210254e+01
-1.189183224543730333e+01
-1.191294191909057076e+01
-1.191689885332467469e+01
-1.192594429777183684e+01
-1.188903436250091161e+01
-1.187961991869927303e+01
-1.185373881824752296e+01
-1.186059965292672658e+01
-1.186962210621337555e+01
-1.188338353279832482e+01
-1.188986275181794028e+01
-1.187903464716490376e+01
-1.190924003140912113e+01
-1.189514921607975140e+01
-1.192932426200711227e+01
-1.193094461472553469e+01
-1.194649857737270970e+01
-1.195479222265178265e+01
-1.192555596968847276e+01
-1.184765943859242476e+01
-1.184766074219175636e+01
-1.186680824642562015e+01
-1.191915871883720257e+01
-1.186205406517473726e+01
-1.185982250063467447e+01
-1.187679851829367550e+01
-1.188427496282080043e+01
-1.187148731717276107e+01
-1.186359441447555696e+01
-1.185340460055879674e+01
-1.182802018942145850e+01
-1.183566612362521120e+01
-1.182745735996036807e+01
-1.182742431487686652e+01
-1.182672031055720474e+01
-1.181713294290925909e+01
-1.181615920496200012e+01
-1.182648616002799535e+01
-1.180867623415727152e+01
-1.182384100627620782e+01
-1.179244443624633476e+01
-1.178994537788108943e+01
-1.180953164282583323e+01
-1.179624713868797770e+01
-1.176790937498908995e+01
-1.176244124728067142e+01
-1.176745733921892345e+01
-1.176600732792263848e+01
-1.175097610833638306e+01
-1.174651511936682802e+01
-1.180540848331117942e+01
-1.175838609257820266e+01
-1.176888450477870407e+01
-1.176613254120752927e+01
-1.179095455738294262e+01
-1.180404893626661433e+01
-1.180668924042192280e+01
-1.179115848050620841e+01
-1.183656721909621901e+01
-1.184080371894170902e+01
-1.183865449132121306e+01
-1.181381734133325523e+01
-1.182127486564892749e+01
-1.181740698871234763e+01
-1.182880977956354940e+01
-1.185089390068385029e+01
-1.180027207986565330e+01
-1.178907057307719519e+01
-1.177588302741095916e+01
-1.174330152534182048e+01
-1.171744828526681381e+01
-1.173695439843316635e+01
-1.173609929164518739e+01
-1.173128918763051054e+01
-1.166510713855885939e+01
-1.167128934300661669e+01
-1.165839296946505144e+01
-1.144335210160117278e+01
-1.144892874702574659e+01
-1.151135552350528890e+01
-1.150187765258790229e+01
-1.150623821095344823e+01
-1.152076888797106236e+01
-1.152529515629050749e+01
-1.153815963924366805e+01
-1.153390131635062055e+01
-1.154975731900430880e+01
-1.157681276463555520e+01
-1.157191328875588887e+01
-1.158657751500934197e+01
-1.160448093494376387e+01
-1.161992120879645185e+01
-1.162897724537706523e+01
-1.162890307859640515e+01
-1.163320178846803188e+01
-1.162481889529352763e+01
-1.162751669275468736e+01
-1.163032727952323242e+01
-1.162268290151633998e+01
-1.162489131878196424e+01
-1.164074169070613607e+01
-1.168314635059721596e+01
-1.176451242371630634e+01
-1.177823687682910858e+01
-1.173215923892646906e+01
-1.174140488147166117e+01
-1.173743029476800537e+01
-1.173964811097603445e+01
-1.171650616932424604e+01
-1.173605964370163690e+01
-1.175013931348141760e+01
-1.168919086396764406e+01
-1.170895619468596038e+01
-1.169668103731578412e+01
-1.169784941108403764e+01
-1.175152652651520313e+01
-1.174180227158728940e+01
-1.173959400945459564e+01
-1.173773335979168486e+01
-1.171828288491891357e+01
-1.170656681340200400e+01
-1.170446947258507642e+01
-1.169160561916688579e+01
-1.168805552215611776e+01
-1.169187085622998978e+01
-1.169550893289370208e+01
-1.164175878873176906e+01
-1.165715594833451085e+01
-1.164811416409551903e+01
-1.163665674279487838e+01
-1.163829306139992958e+01
-1.160455287800257729e+01
-1.160026984703383768e+01
-1.161116195475153035e+01
-1.159503397966973637e+01
-1.155293279293483089e+01
-1.158971064235500315e+01
-1.164087224464569559e+01
-1.160277787071173350e+01
-1.161619568725792995e+01
-1.161399954658564049e+01
-1.163084799115664936e+01
-1.163452750776402311e+01
-1.165459795359193329e+01
-1.164372597962913503e+01
-1.165734812826532973e+01
-1.165327650650803371e+01
-1.160340418038908084e+01
-1.158729972161147082e+01
-1.161552061615709164e+01
-1.161868116094724357e+01
-1.163322515752211039e+01
-1.161612174862263025e+01
-1.169426077513730178e+01
-1.176829673432476220e+01
-1.176928722398145588e+01
-1.177036028575529159e+01
-1.181295100781836815e+01
-1.180911227851502332e+01
-1.180860576068629797e+01
-1.181677241979661019e+01
-1.178728466220667315e+01
-1.178790468522696244e+01
-1.181647609999004622e+01
-1.180435136792246986e+01
-1.179148132706046681e+01
-1.180089095780801145e+01
-1.178219957239172544e+01
-1.168348093431187884e+01
-1.171170454449541865e+01
-1.171298011777585124e+01
-1.173422633529314574e+01
-1.173891526123647822e+01
-1.174126391864539620e+01
-1.172427745872525584e+01
-1.172000963507728599e+01
-1.165103770499741742e+01
-1.164758529869422077e+01
-1.164991198489287072e+01
-1.155453048405924932e+01
-1.162905096591889809e+01
-1.165966133266265992e+01
-1.165753894800947776e+01
-1.165030863702413200e+01
-1.170387401898970303e+01
-1.170917722164037222e+01
-1.160672536807225441e+01
-1.159791137496576496e+01
-1.163131726519702092e+01
-1.163521924143369723e+01
-1.164240100164382774e+01
-1.163904706511622855e+01
-1.163315422514879849e+01
-1.163567363976845925e+01
-1.165065023256953047e+01
-1.166065109424819290e+01
-1.165775858879956317e+01
-1.164511164024751189e+01
