# 2*np.log[MAD(r)] for 100 flights; 1000 steps per flight; run 38 of 50; mu: 2.20; seed: 37
-2.412043188178848396e+01
-2.231107314170326816e+01
-2.121037773140701788e+01
-2.086416844019150574e+01
-2.054975272740806957e+01
-2.033521445902248104e+01
-2.006146756887215332e+01
-1.978242146982549698e+01
-1.986207262368232662e+01
-1.946182784901688478e+01
-1.957367724304199186e+01
-1.903941935111558692e+01
-1.888704039948900615e+01
-1.900857769719110379e+01
-1.898430369709114274e+01
-1.875050244118811094e+01
-1.869039181813661799e+01
-1.836576816378232024e+01
-1.824926317814325927e+01
-1.820055768564761678e+01
-1.805432281176916121e+01
-1.803337270393356562e+01
-1.806472962641173652e+01
-1.789086407216316132e+01
-1.784116345552747163e+01
-1.774397565413576316e+01
-1.795594234994431204e+01
-1.802201450956277284e+01
-1.773456726516334214e+01
-1.775537433301619217e+01
-1.775537297973638573e+01
-1.788542224924069401e+01
-1.720238197506393618e+01
-1.698396262451795380e+01
-1.702914023131134158e+01
-1.692543359839018535e+01
-1.686476055039720734e+01
-1.677854003743431832e+01
-1.680146616573208362e+01
-1.711279532704928030e+01
-1.707811153540972171e+01
-1.701499590396823436e+01
-1.685824430286285391e+01
-1.684463118957722472e+01
-1.667653353224513069e+01
-1.650162838509981356e+01
-1.678646125850293203e+01
-1.667180071932672192e+01
-1.653728934759860891e+01
-1.658709278957590882e+01
-1.641518124483404506e+01
-1.647499557919985946e+01
-1.641914978182622420e+01
-1.639928479870611611e+01
-1.640450982929559487e+01
-1.628206298027556898e+01
-1.628763166198298507e+01
-1.621834227164181996e+01
-1.625122070158324306e+01
-1.623588140732807616e+01
-1.626682477861824339e+01
-1.627998381419912732e+01
-1.619830111275952689e+01
-1.627184641761146722e+01
-1.633331790698041175e+01
-1.632792188626473617e+01
-1.616053845994926164e+01
-1.604488413820817527e+01
-1.611435907029548531e+01
-1.591228912560474562e+01
-1.588052174422144880e+01
-1.595256827593070881e+01
-1.588571048025329269e+01
-1.595037690589517609e+01
-1.593690551994866134e+01
-1.585971899784818184e+01
-1.588722046175676361e+01
-1.587854347198800831e+01
-1.589207929548421205e+01
-1.597765913970691010e+01
-1.587635828112209069e+01
-1.581149103414307433e+01
-1.577230542860358931e+01
-1.579884090530848262e+01
-1.574756915907018673e+01
-1.574656151586489727e+01
-1.579656606030340704e+01
-1.580002699792547993e+01
-1.572995854536113747e+01
-1.578252052404029548e+01
-1.576962404328038936e+01
-1.581741698231346938e+01
-1.583607208745702977e+01
-1.573938156517761122e+01
-1.572772846732253704e+01
-1.574328947124188360e+01
-1.567460860912123799e+01
-1.565777490510388859e+01
-1.564920376113017397e+01
-1.568593494829031876e+01
-1.565502569788661624e+01
-1.555593418318369281e+01
-1.562172146842227249e+01
-1.539494198240273803e+01
-1.536381868832640585e+01
-1.530040358575916493e+01
-1.532976686669539923e+01
-1.517825329198375606e+01
-1.509590680352048864e+01
-1.510722730770167033e+01
-1.509610837292438035e+01
-1.510923086864693232e+01
-1.526374858964068970e+01
-1.512790331768385244e+01
-1.518782257874482156e+01
-1.526236595677677066e+01
-1.533263658822880871e+01
-1.535985688974168717e+01
-1.530002348779470367e+01
-1.532748658535975572e+01
-1.512611187910646393e+01
-1.508286058591708390e+01
-1.505812130672019045e+01
-1.512343943191674533e+01
-1.496185941899271832e+01
-1.493066752775042083e+01
-1.495125059975545945e+01
-1.493302418386349473e+01
-1.496400922786998144e+01
-1.494824787098165864e+01
-1.494713177511289004e+01
-1.490656346335994620e+01
-1.494677879457550773e+01
-1.475165695745913830e+01
-1.471204520611450128e+01
-1.462018394774979946e+01
-1.461988999277568801e+01
-1.461947635264365530e+01
-1.460697904091070320e+01
-1.454631906100262739e+01
-1.457820017892995779e+01
-1.452655021102425792e+01
-1.441693387544145821e+01
-1.443087730471473762e+01
-1.452883088986889604e+01
-1.456020127616506876e+01
-1.455219489990504300e+01
-1.457287471091981779e+01
-1.455317694030866527e+01
-1.453652851083636932e+01
-1.449774957109480766e+01
-1.456963998044501096e+01
-1.454969801798038098e+01
-1.454668919209991707e+01
-1.455736621843671230e+01
-1.455917443536061029e+01
-1.448646355125170793e+01
-1.451575413131105918e+01
-1.452219608648323224e+01
-1.456931362631828719e+01
-1.454414936726279883e+01
-1.447634877415805299e+01
-1.451196030249627356e+01
-1.446942805288906975e+01
-1.459334111432882963e+01
-1.452567594608583157e+01
-1.458797830292728470e+01
-1.464534576830055457e+01
-1.463658533404268880e+01
-1.460536324918463791e+01
-1.456615639227819337e+01
-1.461643419732421556e+01
-1.463567080312864377e+01
-1.459406327544723503e+01
-1.464871456013887574e+01
-1.473459006504108615e+01
-1.476868165790177478e+01
-1.479361710901639526e+01
-1.464276264843358533e+01
-1.459480778120184041e+01
-1.454268541468003662e+01
-1.454200036004774788e+01
-1.445902373487781389e+01
-1.452013303354187101e+01
-1.455127528276175575e+01
-1.449626652917723391e+01
-1.446446475196330894e+01
-1.447637264211135388e+01
-1.447747862916649808e+01
-1.447346467928374203e+01
-1.440033200428892002e+01
-1.444596548927525426e+01
-1.444468421000807545e+01
-1.448331409611574117e+01
-1.428417915465801968e+01
-1.426662729968414922e+01
-1.436241081452298651e+01
-1.438825304658984372e+01
-1.439114305829916240e+01
-1.419012670211343519e+01
-1.419790384820431051e+01
-1.420524106251221674e+01
-1.413496290387456611e+01
-1.407490399863621278e+01
-1.407706155985208341e+01
-1.413737380434129776e+01
-1.415338331215389900e+01
-1.419279651751149096e+01
-1.419471773159844474e+01
-1.419223401436793708e+01
-1.414783163259621013e+01
-1.418870354243693299e+01
-1.415205912156780954e+01
-1.418878983678359518e+01
-1.417243179042816337e+01
-1.413941924049298038e+01
-1.411557428753094712e+01
-1.406973094579974948e+01
-1.397040600211795613e+01
-1.400644492835925981e+01
-1.404272174729671008e+01
-1.404660930627907156e+01
-1.399323778001454599e+01
-1.400964313401482286e+01
-1.403751395807551106e+01
-1.404810272733559273e+01
-1.405772328315797637e+01
-1.403638633389954116e+01
-1.408521456858908749e+01
-1.399495265708846148e+01
-1.402605235905029168e+01
-1.405860317080224675e+01
-1.403501859073156410e+01
-1.402444520748233003e+01
-1.410243954186306148e+01
-1.413608028981805020e+01
-1.403762780797348597e+01
-1.406991615589852529e+01
-1.415394406509334679e+01
-1.418351234603634659e+01
-1.415308082842036441e+01
-1.416986088081986495e+01
-1.423887494827646449e+01
-1.419108292649823433e+01
-1.418763449311962788e+01
-1.423094437050032290e+01
-1.421754393702072505e+01
-1.427527223049951210e+01
-1.422964350556589253e+01
-1.420182140727977504e+01
-1.420664519528490821e+01
-1.415638458305917879e+01
-1.414297410295454505e+01
-1.411673600100508175e+01
-1.414714202329125037e+01
-1.411636721883279222e+01
-1.409290142710123916e+01
-1.414897734160549270e+01
-1.416262767484540852e+01
-1.406071678648360468e+01
-1.414739061403384213e+01
-1.410323487173615398e+01
-1.410945225741938458e+01
-1.401029151081676716e+01
-1.390958837677072424e+01
-1.395284985242418152e+01
-1.390952700211254545e+01
-1.409001499034582494e+01
-1.396114469056358587e+01
-1.391369969924063277e+01
-1.389947413248439290e+01
-1.387468369323031503e+01
-1.388960866055792387e+01
-1.389136096832458378e+01
-1.389689356970765211e+01
-1.389213791869318726e+01
-1.390044853545212256e+01
-1.375595789453260842e+01
-1.374248225246678423e+01
-1.374312189334614054e+01
-1.370282618219949100e+01
-1.377489361160207793e+01
-1.381182000807621968e+01
-1.377479674407883969e+01
-1.390542880812619941e+01
-1.385428498839545597e+01
-1.384081950639121850e+01
-1.390019372095021488e+01
-1.389478748105172201e+01
-1.398242310324065407e+01
-1.403148256589705412e+01
-1.403093944291774875e+01
-1.410041531026686101e+01
-1.400676639191557094e+01
-1.399878593478483602e+01
-1.388388970874924055e+01
-1.388939175421604055e+01
-1.388472974565909901e+01
-1.378969346932824003e+01
-1.386083646703881023e+01
-1.382959590925392135e+01
-1.378244267156970437e+01
-1.377794656371707660e+01
-1.375986300764665948e+01
-1.375326773836138550e+01
-1.380493082866907528e+01
-1.381874753139758205e+01
-1.381291417390770526e+01
-1.383677878626503066e+01
-1.389341765211669077e+01
-1.390621779799204916e+01
-1.392806345707042404e+01
-1.387040467093027729e+01
-1.388222484875373297e+01
-1.387776338359152106e+01
-1.389731944433964195e+01
-1.387864883720443210e+01
-1.385535822324169075e+01
-1.386305270184853100e+01
-1.381625523386991183e+01
-1.382310675170483449e+01
-1.379314048842848095e+01
-1.387578442197714779e+01
-1.385400360993449276e+01
-1.385039576716140530e+01
-1.385379231258149524e+01
-1.390523907577551554e+01
-1.389552466586082069e+01
-1.389589934542026306e+01
-1.388283447864736608e+01
-1.395914784023153921e+01
-1.396454487880895279e+01
-1.396931883119309603e+01
-1.398180214932395415e+01
-1.397801232827211493e+01
-1.396993579055503432e+01
-1.397354452005537162e+01
-1.393210831767017055e+01
-1.395152666949056730e+01
-1.396373476225139854e+01
-1.402288935270682479e+01
-1.406293143414780999e+01
-1.405381034413729679e+01
-1.404931264312926054e+01
-1.400302879065903383e+01
-1.379954108584340489e+01
-1.374951598524954477e+01
-1.376083751069231731e+01
-1.369669792611360393e+01
-1.364907907401929066e+01
-1.359510337232971899e+01
-1.353987094910930367e+01
-1.352783201730727214e+01
-1.351037334249157418e+01
-1.349756938133526063e+01
-1.350758190871553843e+01
-1.350792860003883789e+01
-1.353583786281553536e+01
-1.351353811097479429e+01
-1.349649772610181309e+01
-1.352565165947427062e+01
-1.355085311984712604e+01
-1.370846153249362054e+01
-1.358446566904783737e+01
-1.357116048098653494e+01
-1.357359087899780903e+01
-1.362631896567715550e+01
-1.368695239424638110e+01
-1.370583003910046038e+01
-1.371444243558979714e+01
-1.368640361454100862e+01
-1.364824594285084203e+01
-1.356372998452988554e+01
-1.359839849010306700e+01
-1.358861909563880310e+01
-1.358004304348933999e+01
-1.369928935271976655e+01
-1.365637320173910751e+01
-1.356736934246028170e+01
-1.359288991609111186e+01
-1.358636346139392970e+01
-1.357089246478145483e+01
-1.357422786232056389e+01
-1.354692443218931253e+01
-1.353738689195561662e+01
-1.362924604624048541e+01
-1.365034042545437565e+01
-1.372232490105550973e+01
-1.381446131246302755e+01
-1.366933604477160813e+01
-1.378538048525155979e+01
-1.368289860319733364e+01
-1.368521394870075447e+01
-1.377403315220499813e+01
-1.378632243475321673e+01
-1.377517897616172426e+01
-1.369962405655570770e+01
-1.371651209050010856e+01
-1.373202950561465485e+01
-1.360301929791190645e+01
-1.368827220527392186e+01
-1.369760614283839750e+01
-1.363296787191919357e+01
-1.353808738119418642e+01
-1.354322859183983141e+01
-1.356108868575256565e+01
-1.354937782361727017e+01
-1.351769211060113385e+01
-1.354383889324488166e+01
-1.354997182141396728e+01
-1.354573579412356032e+01
-1.353123149405379699e+01
-1.354674977204230046e+01
-1.352584990320192837e+01
-1.354021341483288765e+01
-1.356413728909898531e+01
-1.354198746610107840e+01
-1.344432395349756248e+01
-1.342217074729119553e+01
-1.340887475811141805e+01
-1.340691482028856285e+01
-1.343566853859809029e+01
-1.347491192860486109e+01
-1.343567848840739565e+01
-1.344003544023312635e+01
-1.340227280662605125e+01
-1.339946926238480529e+01
-1.337408301581674230e+01
-1.337982217557020803e+01
-1.335240257160511490e+01
-1.337287619459871024e+01
-1.336561639344096797e+01
-1.331981972024965621e+01
-1.331215480611431623e+01
-1.331649069040701150e+01
-1.326652015554019393e+01
-1.322816096541493103e+01
-1.325543616594919705e+01
-1.321703631434774806e+01
-1.325620382688090793e+01
-1.326734503409876886e+01
-1.324135198933996271e+01
-1.326026142867499935e+01
-1.324643873054988319e+01
-1.326698048759198123e+01
-1.313631779798390475e+01
-1.317066840734624478e+01
-1.317445511952149850e+01
-1.326095444258372069e+01
-1.325156029697817850e+01
-1.319210411284052498e+01
-1.319214188337502769e+01
-1.317904996950338514e+01
-1.309758612853272552e+01
-1.314428501820587769e+01
-1.304872113270906908e+01
-1.302815393098835628e+01
-1.304002935895616844e+01
-1.301401192463272949e+01
-1.300222636001698717e+01
-1.299377527802520227e+01
-1.298186877714511311e+01
-1.301809400831209729e+01
-1.298684219694186837e+01
-1.299421058969683784e+01
-1.303785251639946985e+01
-1.296432097040624321e+01
-1.301220803329770703e+01
-1.302013257800617119e+01
-1.303462611729831622e+01
-1.302308283814080347e+01
-1.300801127491811116e+01
-1.293981895179609864e+01
-1.294486888574516037e+01
-1.298879101637152900e+01
-1.298144915625716500e+01
-1.297253806139290333e+01
-1.298090938139382367e+01
-1.294549642545514345e+01
-1.292956219596312906e+01
-1.302999262536042480e+01
-1.301375887851714275e+01
-1.295589397571836088e+01
-1.294930192851846762e+01
-1.292731767293169298e+01
-1.292687611590776875e+01
-1.292660123374266767e+01
-1.293338716366210228e+01
-1.293572834674236383e+01
-1.293492922595067540e+01
-1.291613381307782937e+01
-1.292105923137557433e+01
-1.291447887383859161e+01
-1.284006546513445102e+01
-1.282761446209785738e+01
-1.274500662339031365e+01
-1.275853397311625237e+01
-1.285048093370796884e+01
-1.286295845111138725e+01
-1.287118896034916560e+01
-1.288090799637610928e+01
-1.294189083901928861e+01
-1.295241719064275898e+01
-1.298520988360185591e+01
-1.302891930110635421e+01
-1.302975211132697630e+01
-1.305922113130605844e+01
-1.315900191304638511e+01
-1.311510596566983899e+01
-1.312970734250551885e+01
-1.306252967094409989e+01
-1.306695264891306429e+01
-1.306859712367619508e+01
-1.309024803429902306e+01
-1.312981257064028817e+01
-1.314159624794520020e+01
-1.314509956781887645e+01
-1.312791001321747508e+01
-1.314084135062584302e+01
-1.314663654642271595e+01
-1.319624195746170692e+01
-1.319486021047964641e+01
-1.319890381531082646e+01
-1.320668175193483762e+01
-1.320430792723196767e+01
-1.321917687744354275e+01
-1.321050102443998497e+01
-1.315952816646179357e+01
-1.316720521481728845e+01
-1.316512289942659031e+01
-1.315621044927010708e+01
-1.313362299634581198e+01
-1.313944416033668894e+01
-1.323017088815174169e+01
-1.323557562489344264e+01
-1.322247118385674192e+01
-1.324414587469126836e+01
-1.317552506774541321e+01
-1.320408245227876165e+01
-1.317781348611706171e+01
-1.323042116831447501e+01
-1.324278804340926285e+01
-1.321351455284866283e+01
-1.317237334509876767e+01
-1.318098554116463283e+01
-1.317198877999251394e+01
-1.309646210913763476e+01
-1.316020771789683685e+01
-1.318785471408641463e+01
-1.320426623698882196e+01
-1.317016050573119834e+01
-1.317224589418849412e+01
-1.319773648141393707e+01
-1.329491381390540106e+01
-1.328741889092384554e+01
-1.325789555829933519e+01
-1.327010079407083154e+01
-1.324025278225474445e+01
-1.321830927533933853e+01
-1.324772180310068670e+01
-1.321965390998526324e+01
-1.324042342902763281e+01
-1.324284856953644685e+01
-1.324837115753823724e+01
-1.322745056561980803e+01
-1.329336434509582787e+01
-1.328317247041186633e+01
-1.334902371798333576e+01
-1.331928875807247614e+01
-1.339372058425721157e+01
-1.333347494468299033e+01
-1.331671315000386535e+01
-1.320291963304309490e+01
-1.322032576949989569e+01
-1.319037053172498908e+01
-1.316662426165372146e+01
-1.314344603102089337e+01
-1.311324375436449152e+01
-1.306052082766068878e+01
-1.310297365824005134e+01
-1.310775606466380161e+01
-1.314030621002035737e+01
-1.314680552008000802e+01
-1.314854155718398054e+01
-1.314534451191314979e+01
-1.307459543408373470e+01
-1.308591367014447115e+01
-1.300180913489280421e+01
-1.305465319526095413e+01
-1.308672984368253012e+01
-1.306076022086229038e+01
-1.299397771276788305e+01
-1.296978880634136111e+01
-1.297488687731829238e+01
-1.295525772800265862e+01
-1.294408925524570719e+01
-1.296168131725334582e+01
-1.294389286838705999e+01
-1.300926319569636114e+01
-1.298335855441128395e+01
-1.298507429623239240e+01
-1.297921647869193684e+01
-1.298908483003580017e+01
-1.301871820222214993e+01
-1.303225548879118811e+01
-1.302529570237228818e+01
-1.301045213305246229e+01
-1.298947559958889642e+01
-1.305281707025238802e+01
-1.299230570183112121e+01
-1.305918792665062433e+01
-1.301197611190564096e+01
-1.301361671459052261e+01
-1.303266024228823561e+01
-1.313123035373658354e+01
-1.308089211684837849e+01
-1.308081003869620140e+01
-1.305715476578975576e+01
-1.300231918966019684e+01
-1.296130297382829255e+01
-1.297932426328154953e+01
-1.298896170291424212e+01
-1.289464844323589610e+01
-1.288048071504098502e+01
-1.290199387212523163e+01
-1.289466230904725919e+01
-1.289453630296688758e+01
-1.288929608852552988e+01
-1.287142164381200082e+01
-1.293769935619573808e+01
-1.289518207780565540e+01
-1.290369569443606679e+01
-1.288649758584413796e+01
-1.287346395956121015e+01
-1.286623083690748537e+01
-1.289387097442402563e+01
-1.285256945933825712e+01
-1.279807639422288545e+01
-1.285435816252127950e+01
-1.283187496018008567e+01
-1.279945151541330794e+01
-1.279341608201015745e+01
-1.270261937893483584e+01
-1.273798281599175652e+01
-1.275862404698610497e+01
-1.274395353031209766e+01
-1.278689696275198884e+01
-1.276123164634291030e+01
-1.273059645935572881e+01
-1.271399300550576861e+01
-1.267550226634250166e+01
-1.267396452661512463e+01
-1.268643135866300220e+01
-1.262841330798016592e+01
-1.261410263164601275e+01
-1.261919953158983887e+01
-1.262288887769444123e+01
-1.267245857310199675e+01
-1.265684388635568247e+01
-1.265049232770786602e+01
-1.270824435599361202e+01
-1.270481077089573319e+01
-1.267893611078560134e+01
-1.269985332693547164e+01
-1.265438477670563877e+01
-1.275663638734155825e+01
-1.272947782564638786e+01
-1.275374100225191931e+01
-1.277343237954800870e+01
-1.270066676855946852e+01
-1.268073923705352435e+01
-1.267143293427933948e+01
-1.263790062318781082e+01
-1.263715363964032967e+01
-1.266861286265496922e+01
-1.267284983069342630e+01
-1.266280096455660420e+01
-1.264629970071676190e+01
-1.262460559413366212e+01
-1.262932940183628361e+01
-1.264558014898167748e+01
-1.264205300082745609e+01
-1.263336083180305103e+01
-1.262995906046454309e+01
-1.266612776437552412e+01
-1.265527978347619431e+01
-1.264820504604459295e+01
-1.259302287375996343e+01
-1.256640615171876973e+01
-1.257811294671877711e+01
-1.256447849857942778e+01
-1.255956611195211359e+01
-1.254673250868897405e+01
-1.254674777486281378e+01
-1.260887306231884608e+01
-1.261027627163799814e+01
-1.262988462292209313e+01
-1.259395525912282388e+01
-1.259557278466735930e+01
-1.261146098264682891e+01
-1.261583347334499372e+01
-1.263016660331651231e+01
-1.264559061137238949e+01
-1.266722248870865464e+01
-1.265998645344953921e+01
-1.268370437024523589e+01
-1.268598160700986988e+01
-1.274092938625705784e+01
-1.274877236828361404e+01
-1.269880315206860999e+01
-1.270369545168510683e+01
-1.274658057403841482e+01
-1.275591173728955319e+01
-1.266280834936424071e+01
-1.269590445973753035e+01
-1.270407647914898597e+01
-1.269928005471228794e+01
-1.270885982987462803e+01
-1.274365690447624822e+01
-1.275148278089592502e+01
-1.272946278472986137e+01
-1.276400271348223825e+01
-1.277207325501557023e+01
-1.277023643917117290e+01
-1.275353835651278800e+01
-1.275796800591275471e+01
-1.268116049368016185e+01
-1.273383736746026784e+01
-1.272208638762556454e+01
-1.273832913943156697e+01
-1.272273184925568223e+01
-1.274929956843824286e+01
-1.279140489299637728e+01
-1.279296751166872603e+01
-1.279592619084612437e+01
-1.280279937428183601e+01
-1.280638943456467516e+01
-1.283882506832500070e+01
-1.284003682215143627e+01
-1.284068480303194271e+01
-1.281692404737909818e+01
-1.284487274139698343e+01
-1.292568040354276526e+01
-1.279788762533252111e+01
-1.271749217986379499e+01
-1.273914266745609325e+01
-1.275755385605403269e+01
-1.275655108150157346e+01
-1.279429933962112642e+01
-1.264608941536080167e+01
-1.260876343846881120e+01
-1.258716662407067233e+01
-1.261313673305333083e+01
-1.256202351731255007e+01
-1.276943233212628570e+01
-1.272590653863037069e+01
-1.272247426105883861e+01
-1.253994796804092715e+01
-1.254230168790009792e+01
-1.250535657410262402e+01
-1.247606779479135675e+01
-1.250130652193356795e+01
-1.253930493878856467e+01
-1.253345372355218679e+01
-1.255170530351889191e+01
-1.254274586728708307e+01
-1.255194792643941426e+01
-1.261193807689526203e+01
-1.262930342994164690e+01
-1.264264561234420192e+01
-1.261447985597446042e+01
-1.265734045134641583e+01
-1.254381640637228834e+01
-1.250014926754655242e+01
-1.249468218879488823e+01
-1.251842979166501202e+01
-1.251217447412608941e+01
-1.250754504833163949e+01
-1.245353263144474454e+01
-1.246499767623444299e+01
-1.248855021558302170e+01
-1.247802626695781747e+01
-1.246559551245204922e+01
-1.246353554565257049e+01
-1.245750713398151177e+01
-1.244514097679565978e+01
-1.255469608433500994e+01
-1.254498849291105067e+01
-1.254262399285343754e+01
-1.253355428273484939e+01
-1.243306262114370853e+01
-1.246911264846015222e+01
-1.244957838784585213e+01
-1.246300115563526312e+01
-1.246737244710910630e+01
-1.245999571104138148e+01
-1.249992046182208227e+01
-1.248517901695957732e+01
-1.247979327325447763e+01
-1.250935871443370040e+01
-1.251132636759811056e+01
-1.253313232070296834e+01
-1.257006544713682850e+01
-1.257968379427910399e+01
-1.258027820267958141e+01
-1.256991130817977442e+01
-1.255792966919996623e+01
-1.255391161316431159e+01
-1.250890087490821045e+01
-1.255690588985573797e+01
-1.252621740760530322e+01
-1.250781013601263680e+01
-1.250186368282940563e+01
-1.251008509042559780e+01
-1.249518374119844388e+01
-1.249187969899565154e+01
-1.250038084444124209e+01
-1.251998338008301026e+01
-1.251761041676573072e+01
-1.255252940005920159e+01
-1.260190163627861892e+01
-1.267623732241618129e+01
-1.269727292734694934e+01
-1.265797830757499476e+01
-1.267602273495492327e+01
-1.267432715112138730e+01
-1.266251794014161725e+01
-1.269584833362526588e+01
-1.267869611398626262e+01
-1.267657242580442833e+01
-1.266428309921453099e+01
-1.264379186962334423e+01
-1.262761720989856506e+01
-1.262185108475791040e+01
-1.263989995152498835e+01
-1.265874102021377823e+01
-1.263107574461992755e+01
-1.264140011492326998e+01
-1.275259615575182082e+01
-1.275511128795002591e+01
-1.281208307208481578e+01
-1.281037537346957755e+01
-1.281397782397771756e+01
-1.282883802393070738e+01
-1.283249086364527081e+01
-1.283059912581016171e+01
-1.280468012822156609e+01
-1.280011660532324314e+01
-1.278647853870747930e+01
-1.272015377621474030e+01
-1.276388826802342358e+01
-1.274540514532236024e+01
-1.273777519219905052e+01
-1.277358016406598296e+01
-1.276880122663832218e+01
-1.266049151618031310e+01
-1.267479449916034184e+01
-1.263084157066946212e+01
-1.263612863865622415e+01
-1.265705128792892431e+01
-1.267520163483572304e+01
-1.266301091592523065e+01
-1.267708408575940027e+01
-1.271305066512870852e+01
-1.267128349047153080e+01
-1.273118920814586019e+01
-1.267820319443867483e+01
-1.270479868773725407e+01
-1.273118975150008936e+01
-1.258943529372009351e+01
-1.259727376423749767e+01
-1.260818361155183887e+01
-1.258891826390410529e+01
-1.258709545702876120e+01
-1.259842950260452277e+01
-1.252445583966096088e+01
-1.265220147461822364e+01
-1.263681129153850691e+01
-1.260026541773817321e+01
-1.263502965380150833e+01
-1.262022171764321676e+01
-1.263970722968570470e+01
-1.262621886635555413e+01
-1.261887931658648654e+01
-1.259958382644600228e+01
-1.258202439140392137e+01
-1.256236979160190970e+01
-1.255472564426586857e+01
-1.255207251334010010e+01
-1.255475743818384160e+01
-1.256481393833787408e+01
-1.257325185813302859e+01
-1.257456128689878483e+01
-1.261483721861545959e+01
-1.261932793295261135e+01
-1.253539045732000723e+01
-1.251248029879203649e+01
-1.248084266236581463e+01
-1.246777691878389938e+01
-1.245172265146359791e+01
-1.247420300479983979e+01
-1.241607468916827273e+01
-1.243260757265622019e+01
-1.243482572944970954e+01
-1.241259816621945156e+01
-1.242986575539503491e+01
-1.234672570569694905e+01
-1.233902916748394674e+01
-1.234237013360647417e+01
-1.238761650691241201e+01
-1.238530568326994796e+01
-1.237461737279565099e+01
-1.240077576286357264e+01
-1.238190866618438868e+01
-1.233867929638926419e+01
-1.234328017075693218e+01
-1.252518456988336837e+01
-1.241710817495204999e+01
-1.241019296510844150e+01
-1.238484101102953261e+01
-1.238892247269950708e+01
-1.243136688749212659e+01
-1.243054529398490438e+01
-1.241154346672275288e+01
-1.243156793703341556e+01
-1.244145474202948343e+01
-1.244007438580905145e+01
-1.243553702235717395e+01
-1.244874657777406846e+01
-1.247231811193712225e+01
-1.245677610562368365e+01
-1.256177440271510370e+01
-1.257571425287538602e+01
-1.253911553334158846e+01
-1.253814891861562764e+01
-1.251989274518107642e+01
-1.248170041698495503e+01
-1.246930464896909818e+01
-1.247386355801094027e+01
-1.245377231383098682e+01
-1.248165406565213154e+01
-1.247905659869280015e+01
-1.240030491861149464e+01
-1.239811292269468446e+01
-1.242997187127813064e+01
-1.246245844523280510e+01
-1.248176406033845609e+01
-1.247599046905173559e+01
-1.248879849025283661e+01
-1.244357559477382225e+01
-1.243953231860674791e+01
-1.242650116884619749e+01
-1.248239200968718521e+01
-1.248635563606249654e+01
-1.247443263298966620e+01
-1.255353176170149965e+01
-1.254950602256221615e+01
-1.253983527679522325e+01
-1.266159871657608527e+01
-1.267187966723345127e+01
-1.266229542863925950e+01
-1.266365626021940827e+01
-1.264896419196822741e+01
-1.263648627085109766e+01
-1.242593251341611094e+01
-1.236315168769355211e+01
-1.236215593009604596e+01
-1.232583091127563968e+01
-1.232497672551177281e+01
-1.228592803466473882e+01
-1.226589438483914485e+01
-1.231080976741100663e+01
-1.231574693804683562e+01
-1.237621283752848456e+01
-1.243906584314341401e+01
-1.242043201092107907e+01
-1.242687486892602600e+01
-1.224708746464489550e+01
-1.219942844292456208e+01
-1.231782620664342254e+01
-1.230763160576249504e+01
-1.237468283515860179e+01
-1.235718813583959985e+01
-1.233053990730776306e+01
-1.232127238038180472e+01
-1.229205594790366618e+01
-1.229026465452520434e+01
-1.229364093988661288e+01
-1.229257956027791110e+01
-1.229623559356747542e+01
-1.231306224006913475e+01
-1.233018672255383841e+01
-1.227945443432511041e+01
-1.228977744456760846e+01
-1.226212077244190368e+01
-1.225973016525776416e+01
-1.224531343681121243e+01
-1.223535369299853492e+01
-1.222682719200911272e+01
-1.223483375794816830e+01
