# 2*np.log[MAD(r)] for 100 flights; 1000 steps per flight; run 8 of 50; mu: 2.20; seed: 7
-2.392873547945158208e+01
-2.197995864203856087e+01
-2.152837022787474908e+01
-2.090414481709079553e+01
-2.072055896852657142e+01
-2.002560230094324822e+01
-1.983591264214683392e+01
-1.927112687284946801e+01
-1.912172650848124533e+01
-1.892249286476429404e+01
-1.872961449317736538e+01
-1.854866309834552141e+01
-1.846396392667287500e+01
-1.815102927437784430e+01
-1.789493473319118522e+01
-1.797241021534277294e+01
-1.790270592252753801e+01
-1.789768414749691416e+01
-1.768366429338607659e+01
-1.761650990568055519e+01
-1.738962364728173071e+01
-1.737380643851289008e+01
-1.741882302706704522e+01
-1.755259242859360214e+01
-1.758579709562571836e+01
-1.739976323681348092e+01
-1.745764205319172291e+01
-1.738103077301527222e+01
-1.748220893890827909e+01
-1.738574521766357250e+01
-1.727432410176215072e+01
-1.726906696521331597e+01
-1.726203243797220921e+01
-1.708940803825122856e+01
-1.712194102081116398e+01
-1.720213525345842598e+01
-1.701784769472552483e+01
-1.688408905048091313e+01
-1.659849485129146629e+01
-1.665214883345651486e+01
-1.647776762512732063e+01
-1.635303097842209041e+01
-1.639900844982656380e+01
-1.627890749245878865e+01
-1.628714777537392422e+01
-1.620300953445214276e+01
-1.612228988373908223e+01
-1.603849559534313229e+01
-1.610323568785186410e+01
-1.611027058686442004e+01
-1.611601885142685120e+01
-1.614115505298142494e+01
-1.611774875970372634e+01
-1.599293193431656057e+01
-1.601248512187690665e+01
-1.598262281492477221e+01
-1.599892974052107952e+01
-1.594488547641255494e+01
-1.596523196796244726e+01
-1.586924363976428332e+01
-1.586909153121881566e+01
-1.574693700934771456e+01
-1.561832809088138418e+01
-1.561812266296067442e+01
-1.551893012584401710e+01
-1.556202546243265949e+01
-1.556563426969649733e+01
-1.557444582136197475e+01
-1.560526077816679980e+01
-1.557412400382069251e+01
-1.552998522404206838e+01
-1.564207626120736094e+01
-1.558657717717104063e+01
-1.559061629405487359e+01
-1.551486268269294655e+01
-1.550619620842257618e+01
-1.544835388691617339e+01
-1.544752654080768295e+01
-1.554875453304361521e+01
-1.553090089887499659e+01
-1.552582916368468702e+01
-1.552128358184179113e+01
-1.546937163407292637e+01
-1.535983488494836280e+01
-1.528103408138114006e+01
-1.524081023001914659e+01
-1.520207168232148653e+01
-1.503031561100498159e+01
-1.497304098502246639e+01
-1.493504135517328812e+01
-1.498904952004522606e+01
-1.494338175901158294e+01
-1.470081088815452652e+01
-1.472793866595449508e+01
-1.484616366495390416e+01
-1.476593757565373188e+01
-1.480312556736643259e+01
-1.484496912274889802e+01
-1.489670949166228731e+01
-1.487751708743695289e+01
-1.485099630478677923e+01
-1.490965271506305356e+01
-1.496836763903251644e+01
-1.496018895440940710e+01
-1.499043479346135044e+01
-1.492386986727120401e+01
-1.498247510304702601e+01
-1.494472282803989316e+01
-1.494295479161676177e+01
-1.484597622971806707e+01
-1.474876321930651990e+01
-1.479236904349242820e+01
-1.475576867296529926e+01
-1.473576276040440725e+01
-1.476557433356237148e+01
-1.477127676996599170e+01
-1.491809954732282684e+01
-1.495163404779188987e+01
-1.495391160098280459e+01
-1.498546093060935291e+01
-1.504215452290735477e+01
-1.497958894606038349e+01
-1.499858819751076666e+01
-1.496770248309520035e+01
-1.498081382539874262e+01
-1.503018119014962473e+01
-1.504031033636474568e+01
-1.515559981319073124e+01
-1.517208891150495020e+01
-1.515911204554828906e+01
-1.513031498407711695e+01
-1.516446567799318679e+01
-1.515929605415781189e+01
-1.517147627832886059e+01
-1.515824256925522917e+01
-1.519319669959280006e+01
-1.507160820852171490e+01
-1.494858413304042877e+01
-1.499066197922857135e+01
-1.487867059403484760e+01
-1.490189788620667244e+01
-1.489696890162081999e+01
-1.487365877632730182e+01
-1.486730819162023209e+01
-1.484259532485756061e+01
-1.480293355841890701e+01
-1.476619343594783196e+01
-1.480887214377018957e+01
-1.478480455597643406e+01
-1.470372793124343147e+01
-1.468211389571533942e+01
-1.468442849612570633e+01
-1.468492675564994165e+01
-1.451661343163799245e+01
-1.454212077449078322e+01
-1.452435382012500042e+01
-1.455500040064724487e+01
-1.449781047282266577e+01
-1.443809793256893848e+01
-1.449584256388031811e+01
-1.445141153434938985e+01
-1.440398497581119308e+01
-1.444280079441888454e+01
-1.442881893202595656e+01
-1.437450727854387900e+01
-1.438125295325317055e+01
-1.429613966765900557e+01
-1.432248409726725669e+01
-1.428850881536152961e+01
-1.433123765613506784e+01
-1.440562512858885036e+01
-1.458384008258333608e+01
-1.455459681393197613e+01
-1.453406307871787995e+01
-1.454611731022222187e+01
-1.450732855577459368e+01
-1.449905596058647284e+01
-1.449226048229036579e+01
-1.439422813268702228e+01
-1.440872797430129104e+01
-1.430881358441910223e+01
-1.442791581123632483e+01
-1.439363773698726234e+01
-1.438032334794636036e+01
-1.436932176447960607e+01
-1.435205928150877597e+01
-1.436385897596689887e+01
-1.431559257850371480e+01
-1.429105114009160538e+01
-1.424004087229493187e+01
-1.426357319447199323e+01
-1.424076230296024193e+01
-1.422991942552054923e+01
-1.423700650477666940e+01
-1.443381660926528731e+01
-1.433643592283275581e+01
-1.423145338598367182e+01
-1.417271113433491436e+01
-1.420583718474279600e+01
-1.417943652374416708e+01
-1.415581109784807978e+01
-1.414325107451957741e+01
-1.407204072355640712e+01
-1.401162842928770225e+01
-1.402214132316211881e+01
-1.401189338083581859e+01
-1.395588899719619214e+01
-1.395149751686475881e+01
-1.394469789189025732e+01
-1.395962395181469162e+01
-1.382398397792915112e+01
-1.379492155453756297e+01
-1.372757504726303601e+01
-1.376192456106796769e+01
-1.380755321581774631e+01
-1.364470932803659231e+01
-1.362214816068517109e+01
-1.364402611017814948e+01
-1.372434016126025824e+01
-1.370898279732667113e+01
-1.365174914853694510e+01
-1.365833255866825802e+01
-1.363826220925959376e+01
-1.362972584709856072e+01
-1.363425968467721994e+01
-1.356897290354366525e+01
-1.357841393859014900e+01
-1.351722702674070220e+01
-1.357030442448761320e+01
-1.360133586091378710e+01
-1.344347515233917179e+01
-1.346623997259812100e+01
-1.351078198904276917e+01
-1.350632280623407411e+01
-1.348025181151957064e+01
-1.344802238033362762e+01
-1.347946125184012089e+01
-1.343560730389447855e+01
-1.344693230003346329e+01
-1.345778401383023493e+01
-1.345356676357225290e+01
-1.342695686213361128e+01
-1.339145940031230175e+01
-1.334785154433261667e+01
-1.340156083192725056e+01
-1.335463923809109588e+01
-1.337295378277615576e+01
-1.329319988125302920e+01
-1.324879002363089775e+01
-1.325123771361353420e+01
-1.323802909536527217e+01
-1.330190922517432739e+01
-1.321929493750373830e+01
-1.323938960308344726e+01
-1.322096638207560559e+01
-1.319905831623829506e+01
-1.320362503353777939e+01
-1.316421524017771993e+01
-1.308109395689960053e+01
-1.302315803986718024e+01
-1.298558725901258626e+01
-1.298196423181909331e+01
-1.302571344439677681e+01
-1.300302183978585902e+01
-1.304348240213188070e+01
-1.299904203578008044e+01
-1.298514585424591772e+01
-1.297093591316724392e+01
-1.297768955992877693e+01
-1.296927159270476082e+01
-1.294652257832519204e+01
-1.296182729319710880e+01
-1.296570584761670908e+01
-1.305671820205425249e+01
-1.292564644193475409e+01
-1.300923668104804598e+01
-1.306386979713526841e+01
-1.304682394105566345e+01
-1.312391159679526353e+01
-1.311835689877626443e+01
-1.307359950228289591e+01
-1.302521547721582351e+01
-1.295104376308366056e+01
-1.298708942450704384e+01
-1.297595453836314938e+01
-1.298261237175293914e+01
-1.301064384186889278e+01
-1.305156793844106211e+01
-1.290076107221933199e+01
-1.297286694350610148e+01
-1.295785623487349447e+01
-1.294355112975431510e+01
-1.289143538269211398e+01
-1.288663811717501062e+01
-1.288309766666157330e+01
-1.288562431120120344e+01
-1.290119078160312149e+01
-1.294194429623847498e+01
-1.292519870567775264e+01
-1.296685076941260739e+01
-1.296006784496033504e+01
-1.286123773907302059e+01
-1.278856302110674470e+01
-1.279403320612160222e+01
-1.281354577654336069e+01
-1.282544266191016824e+01
-1.280217289051009644e+01
-1.281410314623524549e+01
-1.282388836115850062e+01
-1.280079946946212210e+01
-1.280998273383857544e+01
-1.270473388876463616e+01
-1.272565532884665984e+01
-1.268392429016802936e+01
-1.273990299566526652e+01
-1.270181099502135602e+01
-1.261459749651011641e+01
-1.263548878824671995e+01
-1.259823365940333417e+01
-1.276072183879518640e+01
-1.275802748710385792e+01
-1.280644474038781233e+01
-1.278232528393613876e+01
-1.284717683993991955e+01
-1.284534140281439996e+01
-1.284513948281519724e+01
-1.281628568059115736e+01
-1.282482481080193715e+01
-1.282609893646855248e+01
-1.283300081429005068e+01
-1.280595468932298253e+01
-1.276505939282657742e+01
-1.272792711060569104e+01
-1.271953014639645652e+01
-1.277226802251754023e+01
-1.275984932661381244e+01
-1.276514614910860423e+01
-1.277212743674493112e+01
-1.281396103770610040e+01
-1.280897060114197750e+01
-1.282128432261310991e+01
-1.283634314369653495e+01
-1.284534725363569940e+01
-1.284509155564136051e+01
-1.281802786671751804e+01
-1.277114482212068580e+01
-1.276676164578133665e+01
-1.275233791030121999e+01
-1.275304513316157973e+01
-1.274919255301051990e+01
-1.275092261318745024e+01
-1.268926718122845720e+01
-1.258030010730050918e+01
-1.257020857642217138e+01
-1.256091089425117424e+01
-1.254445023979087814e+01
-1.255866160423847333e+01
-1.255430731183034965e+01
-1.255838780825191492e+01
-1.261481080291747503e+01
-1.260713018986936618e+01
-1.260726695192131608e+01
-1.265153469536993924e+01
-1.265363623947681582e+01
-1.264778359158003518e+01
-1.260552280731811514e+01
-1.259935164893209070e+01
-1.263391592641948513e+01
-1.262449156331688727e+01
-1.261706491362377491e+01
-1.260687537745154607e+01
-1.261259538075219488e+01
-1.254010736480353216e+01
-1.252021667673674621e+01
-1.252795288475557989e+01
-1.252969936082778979e+01
-1.249398383450359518e+01
-1.253721377017721572e+01
-1.251701868945710494e+01
-1.250442667574120392e+01
-1.230030328188182942e+01
-1.229609310757519403e+01
-1.228209629699414940e+01
-1.228511579891504901e+01
-1.225560826406620585e+01
-1.231250928302731040e+01
-1.230773859130345294e+01
-1.229100675528553843e+01
-1.227246614200343622e+01
-1.231495150847450226e+01
-1.229329367683945762e+01
-1.229091212103444519e+01
-1.233273542829767067e+01
-1.235109833344865393e+01
-1.229313509799461812e+01
-1.230412424719935416e+01
-1.231068414010630541e+01
-1.226333967885603826e+01
-1.223620190173945232e+01
-1.227119654618011069e+01
-1.230397757445489226e+01
-1.228953062309618893e+01
-1.228416338821962484e+01
-1.228453156768035015e+01
-1.231481690156567588e+01
-1.237992298119350032e+01
-1.236978221609261119e+01
-1.234200471033615720e+01
-1.234109080582561546e+01
-1.236378814165172102e+01
-1.235279950204525790e+01
-1.240681160466460042e+01
-1.240859643207558172e+01
-1.242335632066090589e+01
-1.237809214972001293e+01
-1.237857553992992443e+01
-1.237294986371132488e+01
-1.238212553865106003e+01
-1.230501756263523916e+01
-1.226684640929665804e+01
-1.225610535177086824e+01
-1.230924449991777081e+01
-1.229010800008780535e+01
-1.231768880314247383e+01
-1.228901544323656481e+01
-1.227766483938075659e+01
-1.231990960907242361e+01
-1.232673590623495841e+01
-1.232272447158065276e+01
-1.229088597759464463e+01
-1.226393103109479377e+01
-1.228828244547402626e+01
-1.226904031713855936e+01
-1.233523184462164046e+01
-1.236303186655764996e+01
-1.236161379786299719e+01
-1.235275908977590476e+01
-1.234296644630972928e+01
-1.236337440124464315e+01
-1.226086602016975924e+01
-1.224150137535698413e+01
-1.222666253309065709e+01
-1.227813481535511286e+01
-1.222717536490073442e+01
-1.232699033259591381e+01
-1.232781795195933050e+01
-1.234665789572800776e+01
-1.227228076474528073e+01
-1.234087004471212090e+01
-1.235156850929304362e+01
-1.235455067485799852e+01
-1.239926168696186437e+01
-1.241001167916364345e+01
-1.238094765701391609e+01
-1.239314465384757291e+01
-1.241999743573018478e+01
-1.244537148031962737e+01
-1.244490805239367326e+01
-1.245076208983399368e+01
-1.240674646236624845e+01
-1.240715526110705014e+01
-1.242320666114545524e+01
-1.238385653598171032e+01
-1.239685328756499239e+01
-1.239060567762398968e+01
-1.237960871157311971e+01
-1.239189187056208397e+01
-1.248246580360441627e+01
-1.247198885492764298e+01
-1.248379528667027216e+01
-1.242694640404892503e+01
-1.241565504427029154e+01
-1.238621725591602996e+01
-1.237136019250217345e+01
-1.235858141141120470e+01
-1.236897713768079221e+01
-1.237293718712333579e+01
-1.234950370398867570e+01
-1.236722364899527449e+01
-1.236574451232285021e+01
-1.235039179897671247e+01
-1.234728043602895831e+01
-1.234208927275447998e+01
-1.232522252438979748e+01
-1.233899381838807052e+01
-1.233091802785257052e+01
-1.238208076276771585e+01
-1.236965241318583963e+01
-1.236111453268723004e+01
-1.235878854748279920e+01
-1.234616666484910219e+01
-1.236684319172394808e+01
-1.236562595831880706e+01
-1.233914659016961757e+01
-1.234266916752707388e+01
-1.231670097351362081e+01
-1.208233879478533623e+01
-1.206862513120533720e+01
-1.211152462220633907e+01
-1.210617964039106376e+01
-1.210166547765689060e+01
-1.210798217676997801e+01
-1.211721733590962025e+01
-1.210332986025162150e+01
-1.210450255608133752e+01
-1.208619706609501243e+01
-1.208483435461987199e+01
-1.208646096916247537e+01
-1.210276766736367904e+01
-1.210429991639123593e+01
-1.210022771449268220e+01
-1.208044107322717053e+01
-1.207162069423279682e+01
-1.206941471636911345e+01
-1.206871053084967649e+01
-1.221826753371712293e+01
-1.221370828476674752e+01
-1.219808683188600718e+01
-1.221513982886630423e+01
-1.220601621970576289e+01
-1.217275461044724771e+01
-1.210861783369349354e+01
-1.209183442375667283e+01
-1.206585014664061184e+01
-1.207528877722351091e+01
-1.207180064236623451e+01
-1.207259572612742993e+01
-1.207861337935075774e+01
-1.208886670669394015e+01
-1.207129983695443620e+01
-1.206446815066400546e+01
-1.207346904083764194e+01
-1.210153431493713860e+01
-1.210815509626082509e+01
-1.211559741530031964e+01
-1.211379046020013384e+01
-1.207234799390258928e+01
-1.206578112243374434e+01
-1.205906220127394235e+01
-1.204456750111869745e+01
-1.206499371689638345e+01
-1.205673835780839553e+01
-1.205921761745005938e+01
-1.206542712589152799e+01
-1.206885466420609987e+01
-1.203468310315695078e+01
-1.205131442580158030e+01
-1.206617964753269234e+01
-1.198343074079346593e+01
-1.199870773065504892e+01
-1.201504733423441529e+01
-1.200051567138664410e+01
-1.202109666966964241e+01
-1.202316242228741139e+01
-1.203949406399383193e+01
-1.203162631656152115e+01
-1.202219759954585143e+01
-1.205532136035916935e+01
-1.203374743493355048e+01
-1.202530299922879031e+01
-1.201834075081178455e+01
-1.203779465981930663e+01
-1.207409925949936280e+01
-1.206642875217862354e+01
-1.207800375020305417e+01
-1.208900105506315548e+01
-1.211266468809898100e+01
-1.214472740625756941e+01
-1.214103061411733542e+01
-1.208873203301091870e+01
-1.211749340980548695e+01
-1.208956682644041436e+01
-1.210324311460388280e+01
-1.214350028465686648e+01
-1.215159641156566117e+01
-1.214849431825023096e+01
-1.211341617269190429e+01
-1.203985800904345105e+01
-1.202501722401844475e+01
-1.202175739755054984e+01
-1.197573060229391650e+01
-1.200213382460438716e+01
-1.198493237539153711e+01
-1.197634602848573948e+01
-1.195956921600382294e+01
-1.196379198860404358e+01
-1.200783632769804044e+01
-1.199616268143567588e+01
-1.198287616496807573e+01
-1.199051544281001114e+01
-1.195987829550501758e+01
-1.195947703180653932e+01
-1.198822785012718839e+01
-1.201103508905832307e+01
-1.197494534096919416e+01
-1.197668554722538481e+01
-1.193371909362230632e+01
-1.192078945936881595e+01
-1.192470404024311925e+01
-1.193957461980207135e+01
-1.193119388123402125e+01
-1.193228211769405256e+01
-1.191679870279676834e+01
-1.191922896036031609e+01
-1.190252551018824079e+01
-1.189754229539811092e+01
-1.192105559571147566e+01
-1.192935953031282459e+01
-1.194037800761747015e+01
-1.192748157244570884e+01
-1.201742960679984762e+01
-1.204180091118856843e+01
-1.202522480064775579e+01
-1.203182254034756760e+01
-1.204278997982730104e+01
-1.204170303994791702e+01
-1.213517295078151292e+01
-1.212013236549067585e+01
-1.204061965757571784e+01
-1.207244405474578741e+01
-1.206714126831291800e+01
-1.206620624701405831e+01
-1.207505618130385727e+01
-1.206193742471535124e+01
-1.206569866174181271e+01
-1.206273757714660810e+01
-1.205188904330519328e+01
-1.208384171638773985e+01
-1.198172754648088656e+01
-1.194619570779790863e+01
-1.191178711319018113e+01
-1.188019148122973512e+01
-1.182412879126550109e+01
-1.180046041363629605e+01
-1.179542496242311245e+01
-1.178475752611968552e+01
-1.183430015217410336e+01
-1.184047099681688131e+01
-1.179546313656944356e+01
-1.184689145539760524e+01
-1.183667687845972694e+01
-1.187030463810671499e+01
-1.188521084892197521e+01
-1.189695308358350800e+01
-1.189439494911137807e+01
-1.191437864061636098e+01
-1.192139117090812661e+01
-1.192400525204471506e+01
-1.189793494980852984e+01
-1.191483501226804798e+01
-1.190419651812390711e+01
-1.190608396993344087e+01
-1.192758567150010762e+01
-1.192701729045943360e+01
-1.193583335876512486e+01
-1.196228838286929097e+01
-1.195178818952699018e+01
-1.183660423172019449e+01
-1.191924543185370844e+01
-1.193694358666585131e+01
-1.194456357494313536e+01
-1.193460865557087125e+01
-1.193322530020123828e+01
-1.190560079706933116e+01
-1.188739311753177219e+01
-1.189197798485012569e+01
-1.188964986069163388e+01
-1.188657444240809369e+01
-1.183051455563448862e+01
-1.183384642138634213e+01
-1.179983256001651171e+01
-1.176557292433426660e+01
-1.173021126705473982e+01
-1.173573416860598506e+01
-1.173766975410495661e+01
-1.172880338023069413e+01
-1.166426855836460597e+01
-1.170973494898686162e+01
-1.169917567802148461e+01
-1.169718558060894331e+01
-1.170464808579660598e+01
-1.168719399583084240e+01
-1.168369680377411157e+01
-1.165703655750079548e+01
-1.168250516972181430e+01
-1.162854649760664927e+01
-1.164136806327863560e+01
-1.163495808579067159e+01
-1.163439995499632218e+01
-1.163612014853595511e+01
-1.166488442378369150e+01
-1.163921345344956038e+01
-1.163454816767908007e+01
-1.162241689397747635e+01
-1.162184122712731771e+01
-1.165938791035766720e+01
-1.164373824890838094e+01
-1.164405943958374223e+01
-1.167199609875117083e+01
-1.167825848395494681e+01
-1.164355457259151194e+01
-1.162950357830961678e+01
-1.167169681420083016e+01
-1.168123562820486683e+01
-1.162746691354768380e+01
-1.143599006439175447e+01
-1.142551931557879286e+01
-1.138667551797775346e+01
-1.138825510583461487e+01
-1.137640682710095064e+01
-1.136940551863403392e+01
-1.137874473653445584e+01
-1.137884198339233244e+01
-1.156619576945905337e+01
-1.146771305677754427e+01
-1.145728749532283430e+01
-1.145936022281841105e+01
-1.145773597150817125e+01
-1.145818744068675699e+01
-1.146475875894636687e+01
-1.145889905033464373e+01
-1.147281064289433239e+01
-1.145522892181058872e+01
-1.147899233445505551e+01
-1.146199579700791027e+01
-1.143577557598228189e+01
-1.136279124320966538e+01
-1.137190338718079552e+01
-1.138192277355373072e+01
-1.140838493284521071e+01
-1.146767632605575038e+01
-1.141336715964753523e+01
-1.141591566389116785e+01
-1.141055004894190539e+01
-1.143991507784968853e+01
-1.143610403617820381e+01
-1.143639820272959717e+01
-1.145257274633133804e+01
-1.144710434876485650e+01
-1.144626097838689560e+01
-1.146237593425724732e+01
-1.145594490787829756e+01
-1.143300685771251857e+01
-1.143423181744341655e+01
-1.146512754825988267e+01
-1.142533116505180679e+01
-1.141391437030012490e+01
-1.143457926310104256e+01
-1.143363210755807202e+01
-1.143534313961404614e+01
-1.146772934822935497e+01
-1.146373288622918984e+01
-1.143527105540081301e+01
-1.143773228363588146e+01
-1.143611221068756478e+01
-1.140377303001862863e+01
-1.140404469787877240e+01
-1.141219617786840423e+01
-1.143591545713149138e+01
-1.144786274117329583e+01
-1.142806850910893779e+01
-1.142635178534330009e+01
-1.142897084439310973e+01
-1.144451023106797471e+01
-1.144211185191214142e+01
-1.143891975882697665e+01
-1.144388443286700152e+01
-1.143155337677426608e+01
-1.142370016872324179e+01
-1.140511853565323186e+01
-1.140794574289804153e+01
-1.140880819579571082e+01
-1.136405234534579911e+01
-1.136114598782255491e+01
-1.135771063532801683e+01
-1.132099291730770041e+01
-1.132676615215093285e+01
-1.133207261746583328e+01
-1.130836908432590171e+01
-1.135047763126566345e+01
-1.136537905150937533e+01
-1.137218118257669630e+01
-1.138013394140046941e+01
-1.138050160810814226e+01
-1.138334601799823353e+01
-1.137588349484736838e+01
-1.141812518081532346e+01
-1.142677088093566695e+01
-1.143347521397131672e+01
-1.142921327082000360e+01
-1.136044039158121244e+01
-1.137565225658214985e+01
-1.136234707320106629e+01
-1.136328799645210275e+01
-1.137968878726529454e+01
-1.137848648753062442e+01
-1.136135144836241295e+01
-1.135528271513551779e+01
-1.135620820914884455e+01
-1.139131480844807065e+01
-1.138627062474657947e+01
-1.138002303547517080e+01
-1.149532034985881701e+01
-1.150911986002241072e+01
-1.148360077243162714e+01
-1.157011201556625046e+01
-1.158254557731013357e+01
-1.158438285580626470e+01
-1.157940910093686071e+01
-1.157754649649572087e+01
-1.158232729178581621e+01
-1.157286218444081172e+01
-1.148045683907067271e+01
-1.147985675303489650e+01
-1.146844145075960064e+01
-1.145648210660822564e+01
-1.146252068750901110e+01
-1.144501667808039613e+01
-1.140499192628482206e+01
-1.138654783413697302e+01
-1.137672135705439835e+01
-1.136591752804135780e+01
-1.141230303757570219e+01
-1.143344215617606530e+01
-1.141473029374825110e+01
-1.141119315103568077e+01
-1.141781200356711423e+01
-1.142120691905641294e+01
-1.142154513763757251e+01
-1.140347821358431446e+01
-1.138937877813101274e+01
-1.139168078919385607e+01
-1.139084728601594598e+01
-1.140382634978045395e+01
-1.139205349168057069e+01
-1.134581995999579185e+01
-1.134435496283966138e+01
-1.129351145165236936e+01
-1.129079997211650621e+01
-1.132319142086115171e+01
-1.132553437740944347e+01
-1.136650156743799656e+01
-1.134787844374755039e+01
-1.132622992795219474e+01
-1.131301455888336172e+01
-1.131550830979849032e+01
-1.131415553963552334e+01
-1.130367343669794700e+01
-1.130037696781942635e+01
-1.131668700586452658e+01
-1.131550202648768000e+01
-1.130566851123000838e+01
-1.129346267198796561e+01
-1.129856143315886463e+01
-1.126574706961564054e+01
-1.126466619206611419e+01
-1.126707679710743371e+01
-1.125977306358048224e+01
-1.126513414214358377e+01
-1.125492860854864574e+01
-1.125302080783390934e+01
-1.128248370936866252e+01
-1.127589015407849793e+01
-1.128946793232648460e+01
-1.130102478880902339e+01
-1.130414898248515065e+01
-1.130733055294546574e+01
-1.131138076344176469e+01
-1.132510101539852521e+01
-1.133937603571397723e+01
-1.134236432981037090e+01
-1.133321099426198941e+01
-1.134605466558127418e+01
-1.126393268459604613e+01
-1.125760745305236910e+01
-1.124400596727278412e+01
-1.127816039005366910e+01
-1.126045914501829870e+01
-1.126503774803519597e+01
-1.124954166827587798e+01
-1.124649177988438886e+01
-1.123615881212358047e+01
-1.120939283307949808e+01
-1.120311867067101197e+01
-1.118484806293551514e+01
-1.123845862934188133e+01
-1.123417277579163809e+01
-1.124219967187021574e+01
-1.126155315250251121e+01
-1.125732632115729182e+01
-1.124689646952542788e+01
-1.123134116368225932e+01
-1.123485079247786977e+01
-1.123731899607208184e+01
-1.124085713657293084e+01
-1.133619661457427163e+01
-1.134696452590673488e+01
-1.135105516555846172e+01
-1.131234115471803037e+01
-1.132788790231608722e+01
-1.131659423969527367e+01
-1.134302468544291820e+01
-1.134777783285905706e+01
-1.135886802094591985e+01
-1.135307706752023726e+01
-1.133827104806831620e+01
-1.134353658286422117e+01
-1.132055561544067324e+01
-1.132374069088286106e+01
-1.132403307772491630e+01
-1.131515797859526984e+01
-1.131616750505529900e+01
-1.131153759101882983e+01
-1.131928115609210472e+01
-1.132004466423937572e+01
-1.132739162797431121e+01
-1.133501994418521974e+01
-1.129575056669956368e+01
-1.124778110714775714e+01
-1.124228658964242200e+01
-1.125258675767373440e+01
-1.124457164537563081e+01
-1.120539854515532063e+01
-1.122367070358527208e+01
-1.125769762509652772e+01
-1.125455419203788487e+01
-1.125741416277948304e+01
-1.124134325916801380e+01
-1.124923630731361435e+01
-1.123402772979745379e+01
-1.122979031556820928e+01
-1.122025371679916361e+01
-1.121855339603992263e+01
-1.122670309295429192e+01
-1.122490278064382707e+01
-1.121727430149423377e+01
-1.125059947950934713e+01
-1.118311552244962392e+01
-1.122016139102052712e+01
-1.121672906973700101e+01
-1.121861825077558095e+01
-1.119547117297085492e+01
-1.123005990389496489e+01
-1.123601904799013695e+01
-1.123968463019976127e+01
-1.126996923080154467e+01
-1.125503537945496824e+01
-1.124846068084649353e+01
-1.125836449549510476e+01
-1.125941399041368918e+01
-1.127895168657568981e+01
-1.127200090593040649e+01
-1.126941895580490716e+01
-1.127317590666208424e+01
-1.125590413187714134e+01
-1.124715485155675054e+01
-1.123725316027968901e+01
-1.124844857808302478e+01
-1.124568139851643700e+01
-1.125821087193373238e+01
-1.129962374492785671e+01
-1.130628504663750533e+01
-1.132977271486183213e+01
-1.126095812144023078e+01
-1.126247008283873008e+01
-1.126177127832760050e+01
-1.126227782345218742e+01
-1.128504026226039514e+01
-1.128065927234261068e+01
-1.130907712651053387e+01
-1.130858140034558978e+01
-1.132892305975944858e+01
-1.131482829761305098e+01
-1.133658260810708818e+01
-1.133901342892987074e+01
-1.132132429142646046e+01
-1.132259072221931362e+01
-1.133207059643368275e+01
-1.133134993376748412e+01
-1.132410681399842822e+01
-1.131626721674781777e+01
-1.132840721324975597e+01
-1.132859894447904914e+01
-1.133470793213570360e+01
-1.132885405362203812e+01
-1.128901983265905606e+01
-1.135190173439893435e+01
-1.137220476371383526e+01
-1.134967429592822263e+01
-1.131879622971478661e+01
-1.133223642862466107e+01
-1.134902356851112870e+01
-1.134859203012265638e+01
-1.136911704135850165e+01
-1.135669801199136764e+01
-1.136187292869996313e+01
-1.134639717100140288e+01
-1.122555487848427447e+01
-1.123289440219537383e+01
-1.125296756276014065e+01
