# 2*np.log[MAD(r)] for 100 flights; 1000 steps per flight; run 36 of 50; mu: 2.20; seed: 35
-2.444024524668776266e+01
-2.270906596043904102e+01
-2.149244571923673064e+01
-2.141540371251939590e+01
-2.099547747216507076e+01
-2.064377236811908745e+01
-2.016999802928073393e+01
-2.008799964100063207e+01
-1.958639740953593034e+01
-1.931894859096586003e+01
-1.934989583370107979e+01
-1.930061703480721391e+01
-1.919911163870236592e+01
-1.906725893616013678e+01
-1.851281660917698346e+01
-1.854002290858368696e+01
-1.823498590613997550e+01
-1.829120681874986332e+01
-1.806019786821998707e+01
-1.833532034983889858e+01
-1.829677748240220581e+01
-1.826849754938344361e+01
-1.807104405835246297e+01
-1.795269663465155929e+01
-1.792514955253185960e+01
-1.793755161893303196e+01
-1.798770775885628836e+01
-1.792182281989398618e+01
-1.773267986883132252e+01
-1.756947715647427799e+01
-1.748432359365683197e+01
-1.735199522471749134e+01
-1.761068688619620559e+01
-1.741466189626450500e+01
-1.780049504640480507e+01
-1.766617513531536687e+01
-1.731660888988997016e+01
-1.738036572587204631e+01
-1.734408830978729910e+01
-1.722553589322326317e+01
-1.733805638893114320e+01
-1.727764932399466957e+01
-1.711753302713212221e+01
-1.699178688969750795e+01
-1.678509629054774166e+01
-1.691026461796055358e+01
-1.692185889929897513e+01
-1.689849105882015934e+01
-1.687523000291065856e+01
-1.689158328579583923e+01
-1.689464196769759852e+01
-1.691554077541135470e+01
-1.686455817233603938e+01
-1.692160010700678541e+01
-1.679271002872728502e+01
-1.683379842051225950e+01
-1.698411900940505959e+01
-1.645958521393200513e+01
-1.643235608275894322e+01
-1.641655310909365184e+01
-1.646669047444451905e+01
-1.646949235489777408e+01
-1.643692549757382082e+01
-1.612161324630639925e+01
-1.646493200811257296e+01
-1.650483965769035422e+01
-1.662630648057413296e+01
-1.652249747478457209e+01
-1.639828690811658873e+01
-1.647822835702933375e+01
-1.644958781235350287e+01
-1.628866803864982060e+01
-1.635052646520373187e+01
-1.639293690121536784e+01
-1.639590756987849218e+01
-1.650806506580259381e+01
-1.648788960022141836e+01
-1.636880815167483760e+01
-1.629430637091553180e+01
-1.630513888624869878e+01
-1.636449866815605603e+01
-1.632678118723293181e+01
-1.620959430872326124e+01
-1.618397989483581512e+01
-1.620649871405098352e+01
-1.614003031643958863e+01
-1.603537722077037486e+01
-1.609482426798788524e+01
-1.609250717153933508e+01
-1.601964960227890344e+01
-1.597003082240697225e+01
-1.594459206795475126e+01
-1.596201577297955509e+01
-1.591915089220316837e+01
-1.585374275218011419e+01
-1.583910083256121482e+01
-1.586610469956247726e+01
-1.596452613563219103e+01
-1.596973996780614335e+01
-1.596415780145416186e+01
-1.592518616276339216e+01
-1.587308822442000356e+01
-1.586052542802712573e+01
-1.581492055992448087e+01
-1.582166591710458725e+01
-1.578709009468723679e+01
-1.582663590953342414e+01
-1.581624810150247207e+01
-1.588583211801237560e+01
-1.585644440408723987e+01
-1.583385011509226636e+01
-1.568936518285210546e+01
-1.568922269058522012e+01
-1.564935073302622293e+01
-1.572377029646568758e+01
-1.558406571967841714e+01
-1.569693230420451080e+01
-1.568853313091247514e+01
-1.563583318189421512e+01
-1.558736420576268067e+01
-1.564723659326019245e+01
-1.563627430046003930e+01
-1.551587542168729250e+01
-1.563233713643226785e+01
-1.558391748525357556e+01
-1.552370533411519382e+01
-1.537894027678727404e+01
-1.550925450143182971e+01
-1.547591783871804516e+01
-1.547506896086573391e+01
-1.560776916895786925e+01
-1.559234365681458101e+01
-1.548957536938466895e+01
-1.541760353764436431e+01
-1.534407057862633295e+01
-1.516816962554982418e+01
-1.522637280739213317e+01
-1.513034562003724304e+01
-1.513455074333980832e+01
-1.514321650809927178e+01
-1.514264595082793008e+01
-1.517085126932451367e+01
-1.515018065296781735e+01
-1.515857813113722941e+01
-1.516265421175017458e+01
-1.518882665995790759e+01
-1.511002925215221460e+01
-1.511825120446602888e+01
-1.502018429666040511e+01
-1.504123522997475604e+01
-1.509093085059806150e+01
-1.505237451746258337e+01
-1.503565115135990027e+01
-1.502373946282109074e+01
-1.489517448701907654e+01
-1.487096619760770899e+01
-1.493398195796939376e+01
-1.491682065759011522e+01
-1.487288810645167558e+01
-1.476404073597233335e+01
-1.467309459912050684e+01
-1.469404853633714225e+01
-1.470882581254035237e+01
-1.464330648158518855e+01
-1.474921770195297732e+01
-1.475288482832849368e+01
-1.472310827290429636e+01
-1.460579502140291375e+01
-1.463202876242619865e+01
-1.466034691489769592e+01
-1.462176118312906503e+01
-1.456645988481716358e+01
-1.459351476395566216e+01
-1.460117460313304605e+01
-1.464756658613905493e+01
-1.463170157023737694e+01
-1.457176623414807892e+01
-1.463743477202773136e+01
-1.463326811882406986e+01
-1.470906518085537051e+01
-1.461475461508115004e+01
-1.471620449651006446e+01
-1.470024853286185618e+01
-1.471633287614523411e+01
-1.479162777833735554e+01
-1.483574696860022613e+01
-1.477697911519069507e+01
-1.477078482970511608e+01
-1.477531065665420940e+01
-1.479483494321184445e+01
-1.483716407235162293e+01
-1.492030006298473666e+01
-1.489718507862524177e+01
-1.483675099541511244e+01
-1.491777968689103417e+01
-1.492316303922230603e+01
-1.479456798845036936e+01
-1.489910711868359705e+01
-1.483435605569888871e+01
-1.475724011839478322e+01
-1.464686034290863503e+01
-1.464799178974258886e+01
-1.464937486077704776e+01
-1.464218147992576036e+01
-1.466633529548701631e+01
-1.478001060751115325e+01
-1.480254370942311404e+01
-1.468261375958190307e+01
-1.479211368156551387e+01
-1.481961982694590496e+01
-1.485504737573176293e+01
-1.477766246751611057e+01
-1.474403156660829595e+01
-1.474064563460166966e+01
-1.478093783661434379e+01
-1.478817554644423460e+01
-1.470840735469486127e+01
-1.453268893252536209e+01
-1.455890123863799346e+01
-1.456450554737583047e+01
-1.462960474661791643e+01
-1.460363748972080877e+01
-1.461811961493091694e+01
-1.461075809369916279e+01
-1.462759910584652978e+01
-1.462339290060029917e+01
-1.473064543948137306e+01
-1.478597230970539833e+01
-1.471965028567755773e+01
-1.469254886622182354e+01
-1.464972829372543828e+01
-1.468102168658509044e+01
-1.464134380465384666e+01
-1.463025568688510702e+01
-1.466170397304748363e+01
-1.465529793737931463e+01
-1.456826250691075764e+01
-1.461439983413190369e+01
-1.467221802781190476e+01
-1.470890036523167943e+01
-1.460081325009142006e+01
-1.462247664533402691e+01
-1.467389433865376169e+01
-1.458556766268491067e+01
-1.450851127486105874e+01
-1.455202988091273930e+01
-1.456245678592119397e+01
-1.453217471825792728e+01
-1.454102561512111436e+01
-1.456460653926552418e+01
-1.447497565643419648e+01
-1.438189227755718314e+01
-1.435837673116104085e+01
-1.434827551129650125e+01
-1.430492402063622137e+01
-1.424246589336824265e+01
-1.416945104101449360e+01
-1.417497160170009884e+01
-1.405488685240467106e+01
-1.404841941806025218e+01
-1.406383514321967176e+01
-1.403290732419103470e+01
-1.403982580463058838e+01
-1.401204242359323970e+01
-1.401246732761875080e+01
-1.403668845418363631e+01
-1.403140359322384079e+01
-1.404737413914294386e+01
-1.401056792045796584e+01
-1.401697560430085687e+01
-1.398656156176554788e+01
-1.397328547428988266e+01
-1.404688582348843262e+01
-1.403795336228418300e+01
-1.404447966237186840e+01
-1.404068209613167184e+01
-1.396889912546551926e+01
-1.391997133782270524e+01
-1.397865794409363538e+01
-1.399254238274751927e+01
-1.394405552410376359e+01
-1.387390132360881090e+01
-1.379001594236834016e+01
-1.380519587995658881e+01
-1.391459723203855248e+01
-1.392153495658344120e+01
-1.402872277818113389e+01
-1.405476841402020938e+01
-1.398937055957177833e+01
-1.398392674338314023e+01
-1.402494347383682438e+01
-1.403503258624682637e+01
-1.403202788881695007e+01
-1.403245752544744462e+01
-1.396389685549221227e+01
-1.395844312278450339e+01
-1.405317758284824414e+01
-1.392058651385497470e+01
-1.382648870053656864e+01
-1.378009898344211415e+01
-1.391944295934421483e+01
-1.405994359643511160e+01
-1.405704982424260407e+01
-1.400058903456790915e+01
-1.396869293517570298e+01
-1.395535293888261741e+01
-1.392941363795489096e+01
-1.383772845235107241e+01
-1.398599706872415460e+01
-1.381718823833763921e+01
-1.389310503947532460e+01
-1.387396695705255389e+01
-1.388013083316907981e+01
-1.395045951462834566e+01
-1.394340371911213516e+01
-1.393839340830401419e+01
-1.388239485918538030e+01
-1.393041776691230460e+01
-1.385638946127600413e+01
-1.387678954112893770e+01
-1.393959038061777100e+01
-1.399313950016784958e+01
-1.393698171402033203e+01
-1.395676321174338952e+01
-1.396288012707492499e+01
-1.394937328959332667e+01
-1.385131085958655284e+01
-1.385710980377646706e+01
-1.380680492613261734e+01
-1.380812489881662763e+01
-1.383282734427021410e+01
-1.386870885287909339e+01
-1.372371628533832499e+01
-1.372228378086658473e+01
-1.379636528081586633e+01
-1.373709901918292964e+01
-1.378477983863216849e+01
-1.375520075015629118e+01
-1.366861353037261750e+01
-1.369819348333020592e+01
-1.373977285487572964e+01
-1.374912269931358466e+01
-1.373095797197724011e+01
-1.373306035107121659e+01
-1.368570173094996889e+01
-1.369828902254674041e+01
-1.361129847536371784e+01
-1.362772456923137909e+01
-1.363530553065849915e+01
-1.365850791892976979e+01
-1.358271853527805462e+01
-1.364844720950112311e+01
-1.363620448200728852e+01
-1.365912180014175625e+01
-1.360109766950199450e+01
-1.359537078217086048e+01
-1.353018491053578920e+01
-1.352779207507929549e+01
-1.355047558130877228e+01
-1.354351726702211955e+01
-1.361740773866710619e+01
-1.363348595643183714e+01
-1.350538525478204654e+01
-1.351324914424794166e+01
-1.350839983410747713e+01
-1.356608453971500339e+01
-1.352932511569759910e+01
-1.352189454399528223e+01
-1.353611428934678784e+01
-1.360440587975050697e+01
-1.361086033243754123e+01
-1.364792272881234680e+01
-1.354600053283395766e+01
-1.352259168551650959e+01
-1.352227977268020354e+01
-1.357320567628181784e+01
-1.356469688443376498e+01
-1.366769015587208003e+01
-1.369014854478080245e+01
-1.370432480316445734e+01
-1.371334457208782887e+01
-1.373247646383292064e+01
-1.371665956854242019e+01
-1.369006669398464027e+01
-1.356758130636346316e+01
-1.351638161399788451e+01
-1.348076562174994208e+01
-1.330859279999534550e+01
-1.330929501460634334e+01
-1.330933179781678888e+01
-1.328828962171946415e+01
-1.329382261472013660e+01
-1.329945270820301495e+01
-1.333092704715866361e+01
-1.337019892941056654e+01
-1.340307342528817180e+01
-1.333642973846372826e+01
-1.333208772116023333e+01
-1.331890061559403193e+01
-1.335974644149624524e+01
-1.336524507879084211e+01
-1.340590649500402165e+01
-1.335500721192406104e+01
-1.331916427994070951e+01
-1.331733642234465442e+01
-1.326248832024050905e+01
-1.327811453437472267e+01
-1.325995603625327490e+01
-1.329613875941283219e+01
-1.332740281255875914e+01
-1.329106094219622314e+01
-1.327977297218554220e+01
-1.327261530013820590e+01
-1.325836771659182389e+01
-1.317465858309413029e+01
-1.321099378598576912e+01
-1.329973765006327291e+01
-1.329527536455420744e+01
-1.322824924561074411e+01
-1.329782331461770895e+01
-1.331507227639179192e+01
-1.333263231548224326e+01
-1.322902672956367809e+01
-1.324269496041738137e+01
-1.329126117881856040e+01
-1.327948378625143810e+01
-1.329962641814375779e+01
-1.326147783100333122e+01
-1.326380732425982423e+01
-1.328307246836679134e+01
-1.328936807967347811e+01
-1.324561451035872928e+01
-1.325591998153682205e+01
-1.324524646612159273e+01
-1.323621263978063567e+01
-1.322238293934560893e+01
-1.323571928959036903e+01
-1.326913000754810845e+01
-1.323254729318273171e+01
-1.316246297904071483e+01
-1.314059692968336002e+01
-1.312468057127655108e+01
-1.302976882575927497e+01
-1.300249323687627623e+01
-1.302074961297623723e+01
-1.302038594842597163e+01
-1.302865434962986413e+01
-1.305246051507406868e+01
-1.306783120825629574e+01
-1.294634359962308956e+01
-1.298470871054630038e+01
-1.303350495332829517e+01
-1.293709031516700669e+01
-1.304898987770173235e+01
-1.304591456481259648e+01
-1.301307125293345202e+01
-1.302881303019436743e+01
-1.301997367083771806e+01
-1.302737865828582287e+01
-1.302453843088485641e+01
-1.304080704527199863e+01
-1.307130881426078339e+01
-1.306622680911983636e+01
-1.302806784491043679e+01
-1.302823038082686047e+01
-1.309129819567882791e+01
-1.310317852588324250e+01
-1.309475824849765502e+01
-1.310666038994273563e+01
-1.307696786850623383e+01
-1.308289386118250519e+01
-1.305815990933966653e+01
-1.302580413196618814e+01
-1.302932207997405989e+01
-1.296000407734055848e+01
-1.297260670439106711e+01
-1.298015285635255722e+01
-1.305964520830360520e+01
-1.307893484384311122e+01
-1.311241048304863632e+01
-1.312175847681169927e+01
-1.309845433528856873e+01
-1.309993101393376413e+01
-1.308350339365358828e+01
-1.306807350555558678e+01
-1.308403400837326380e+01
-1.312706014670228427e+01
-1.313318822947703879e+01
-1.309317819490112456e+01
-1.310590979165451309e+01
-1.302952620617088009e+01
-1.303674823211821021e+01
-1.310610563443962917e+01
-1.316170303210219394e+01
-1.316150033790298579e+01
-1.311218653338138296e+01
-1.310959699050488680e+01
-1.313753049733948508e+01
-1.314324341942534957e+01
-1.327930511062057128e+01
-1.329666613790049290e+01
-1.329267992392510145e+01
-1.326899921604300658e+01
-1.324156385992382035e+01
-1.316507048247268941e+01
-1.313261249848113010e+01
-1.311665874606686266e+01
-1.311488280575050247e+01
-1.312281198960689466e+01
-1.311156629806430907e+01
-1.313156475277617652e+01
-1.306915143734250684e+01
-1.306169319166048659e+01
-1.299421381761666616e+01
-1.297100974543937468e+01
-1.296182158658089634e+01
-1.303432371211919616e+01
-1.300494213216373751e+01
-1.299256818344439068e+01
-1.297176494506654798e+01
-1.302138232476965207e+01
-1.300056883479119207e+01
-1.300036221504179856e+01
-1.299179539345626289e+01
-1.298146896566020736e+01
-1.293655283609053264e+01
-1.282845822571316141e+01
-1.280519074746518093e+01
-1.281862395150887046e+01
-1.279943299052247774e+01
-1.290027506543934877e+01
-1.288079080473586124e+01
-1.287101613197616601e+01
-1.283294773995993587e+01
-1.284140443581625668e+01
-1.280126150196133494e+01
-1.283381569975105485e+01
-1.272936775742273063e+01
-1.265894197905284813e+01
-1.263512156370061845e+01
-1.269282861899861992e+01
-1.268835779091968341e+01
-1.263877461104456401e+01
-1.264669912174361066e+01
-1.266876722497613983e+01
-1.264894803903210629e+01
-1.273630078408338129e+01
-1.273374927609240714e+01
-1.280473668779172591e+01
-1.283702040416503287e+01
-1.278819396177539147e+01
-1.274349365478892970e+01
-1.278026146421618670e+01
-1.274099544189025757e+01
-1.278056420209598087e+01
-1.276782963424919259e+01
-1.279356363841170108e+01
-1.277777546387624419e+01
-1.277985059144084268e+01
-1.275796348730384899e+01
-1.274167901709327744e+01
-1.275496850173884944e+01
-1.273718304877083263e+01
-1.280855856254608405e+01
-1.271573945889986312e+01
-1.265840725623228558e+01
-1.272052786775896216e+01
-1.275265689122267254e+01
-1.274970180287582266e+01
-1.282526087491210731e+01
-1.279717423116010444e+01
-1.281648552765368088e+01
-1.279092447939311228e+01
-1.278705800433902340e+01
-1.280269451140919479e+01
-1.276554147227386871e+01
-1.275278021529754824e+01
-1.273301683589257571e+01
-1.277010288729812970e+01
-1.276167632407972796e+01
-1.282395429781932350e+01
-1.282855058331284859e+01
-1.279049466843973093e+01
-1.280610527705010426e+01
-1.282004355822009600e+01
-1.280056676226303480e+01
-1.280596794711212283e+01
-1.282011723429756600e+01
-1.282684948100354205e+01
-1.281241099745519030e+01
-1.280836039736590770e+01
-1.283295246588754424e+01
-1.282266550192172083e+01
-1.280262224851461461e+01
-1.284923998370535436e+01
-1.285992493873648179e+01
-1.286223719878323557e+01
-1.287298012639364408e+01
-1.282955195371658874e+01
-1.280038963645755778e+01
-1.279494114279967221e+01
-1.276835349258754704e+01
-1.276692511205392044e+01
-1.276057760858046741e+01
-1.281355726472927437e+01
-1.288058565079399465e+01
-1.289707329197243979e+01
-1.288477382140564487e+01
-1.270127849862303648e+01
-1.268257600860283674e+01
-1.271656561919835049e+01
-1.273554831503311213e+01
-1.274056929259285909e+01
-1.272365733385841224e+01
-1.276756998577089242e+01
-1.281022511164699473e+01
-1.281790027862564685e+01
-1.278597557337556445e+01
-1.278468807247354988e+01
-1.274679450867847308e+01
-1.275687063528287091e+01
-1.277673299168328036e+01
-1.280916009968277081e+01
-1.280488157610748878e+01
-1.281930108367385834e+01
-1.279208492706687927e+01
-1.279511175291835023e+01
-1.278675412754301099e+01
-1.276181835135329656e+01
-1.276282019124164435e+01
-1.280723679720798280e+01
-1.274900952572478019e+01
-1.271530377573811599e+01
-1.269488841026062076e+01
-1.265040955411407353e+01
-1.264878400449755880e+01
-1.265037935657888291e+01
-1.265991648406979309e+01
-1.265004887800796496e+01
-1.267421440720763215e+01
-1.265016971948081270e+01
-1.265364331122176544e+01
-1.270207172543946683e+01
-1.264867269763519708e+01
-1.269241576220509238e+01
-1.267140381898066259e+01
-1.270744201424403208e+01
-1.265388281713047469e+01
-1.268816421640837611e+01
-1.269022414362921225e+01
-1.272557033086766509e+01
-1.264450244571848891e+01
-1.265245523322096410e+01
-1.268845162068212318e+01
-1.269717314679619591e+01
-1.271232595450490344e+01
-1.269539443757673247e+01
-1.268331206727992111e+01
-1.263040396249619768e+01
-1.262020317347865550e+01
-1.264515678714919567e+01
-1.260146472420025177e+01
-1.265492414818680977e+01
-1.255582468486881176e+01
-1.249691154297236650e+01
-1.253867686533974712e+01
-1.252099615902666052e+01
-1.251825355950812124e+01
-1.243721918381440794e+01
-1.242178349525208958e+01
-1.242439800397263383e+01
-1.243549913542563345e+01
-1.247473553762397103e+01
-1.243866566701465004e+01
-1.231159309493546417e+01
-1.231148160118763357e+01
-1.232047681624583824e+01
-1.224590964610855082e+01
-1.225552034254402933e+01
-1.227198998760542281e+01
-1.228136992601904254e+01
-1.224097285962743165e+01
-1.232282209743398127e+01
-1.233225540503591589e+01
-1.235431029134647751e+01
-1.235448300995455284e+01
-1.236770370516728335e+01
-1.233994970857587781e+01
-1.234705672645139707e+01
-1.236112738790533960e+01
-1.226190950587417916e+01
-1.226245793945955675e+01
-1.226475172749045939e+01
-1.223988913249574217e+01
-1.217989705131826561e+01
-1.216276088531975041e+01
-1.215072098808420620e+01
-1.216222427073423518e+01
-1.215566111946140992e+01
-1.215276885839448617e+01
-1.216122981129739067e+01
-1.213492740638029410e+01
-1.198826697244174788e+01
-1.199426840297253705e+01
-1.200546303710812168e+01
-1.200679061915113977e+01
-1.202748086842581010e+01
-1.217481198198637671e+01
-1.218112083003858714e+01
-1.217280875335385737e+01
-1.214430665309250301e+01
-1.211855894380220633e+01
-1.213272955097481720e+01
-1.215598394694755058e+01
-1.218594228093678744e+01
-1.218523278077899263e+01
-1.219153364129939021e+01
-1.217050340761424643e+01
-1.202247888176183643e+01
-1.201253122722773448e+01
-1.199559939108429774e+01
-1.198559127698437443e+01
-1.196985405598828578e+01
-1.200365187218109675e+01
-1.199420282868166332e+01
-1.200840515837539790e+01
-1.199590460874125952e+01
-1.195462814027720455e+01
-1.192890510001771354e+01
-1.192162635616734789e+01
-1.190202583434981420e+01
-1.190592696062194200e+01
-1.191698826051684357e+01
-1.191895431029213448e+01
-1.188069308517269640e+01
-1.190234544074601075e+01
-1.188836871494196323e+01
-1.186074969222767805e+01
-1.185949465065158392e+01
-1.185776072276780724e+01
-1.190435977730306938e+01
-1.187192017884319739e+01
-1.185954166596763315e+01
-1.186309952983797267e+01
-1.191872232613837923e+01
-1.194248206910439336e+01
-1.189851428768796104e+01
-1.184993606384991160e+01
-1.180371308829651866e+01
-1.180026828501864955e+01
-1.178801597585788841e+01
-1.179924817532789127e+01
-1.169555032179247434e+01
-1.172501368477019490e+01
-1.174094907787432440e+01
-1.177746924913625470e+01
-1.180269969243807182e+01
-1.176586988297813008e+01
-1.175762994666146000e+01
-1.174127116864907627e+01
-1.170804029075904573e+01
-1.171595200702821238e+01
-1.175254528484255268e+01
-1.170305280200959075e+01
-1.169974928107778567e+01
-1.178481045364630653e+01
-1.178579177374444598e+01
-1.178970872755574284e+01
-1.174713305166805988e+01
-1.173250313214705365e+01
-1.171658382188895864e+01
-1.170934778586962999e+01
-1.171330373384050638e+01
-1.175600896914433591e+01
-1.178789984211427111e+01
-1.179517837876733033e+01
-1.175538914329447593e+01
-1.175708462044190661e+01
-1.170773051290867350e+01
-1.171895292776548558e+01
-1.169904255937164628e+01
-1.169167888200514049e+01
-1.170189224712064480e+01
-1.174335332438025148e+01
-1.173927136249308845e+01
-1.171414414771538759e+01
-1.167020582052317046e+01
-1.166770079598817667e+01
-1.169246658891640678e+01
-1.170588100261696063e+01
-1.172096510289432203e+01
-1.173688104476848615e+01
-1.175618327649925732e+01
-1.175727222333170552e+01
-1.176315788619669256e+01
-1.176933189115339573e+01
-1.177195614770988996e+01
-1.178742644130806916e+01
-1.176859332566102090e+01
-1.175965066076388155e+01
-1.176173470903047757e+01
-1.177774586095477005e+01
-1.177794542400306987e+01
-1.175927353324271429e+01
-1.176296561632227444e+01
-1.175930489701891624e+01
-1.176805175019371674e+01
-1.176747384762047055e+01
-1.176167851145865484e+01
-1.177783096838200727e+01
-1.177546559409110927e+01
-1.179982386056891741e+01
-1.182032990781481452e+01
-1.181500264131059552e+01
-1.178882474971940830e+01
-1.170017831497558092e+01
-1.170444115056388235e+01
-1.169206146000283653e+01
-1.169143761154520789e+01
-1.164173898893268166e+01
-1.169082991943762195e+01
-1.170938747055104123e+01
-1.171413781153739286e+01
-1.171795651713678232e+01
-1.171655080519097325e+01
-1.175976336820385448e+01
-1.176826087635775409e+01
-1.176381310695205684e+01
-1.177283801981461586e+01
-1.179571419419750100e+01
-1.180003947723460556e+01
-1.181192211842157391e+01
-1.181964538929302044e+01
-1.180223822464402339e+01
-1.181613644443153710e+01
-1.179538925221099355e+01
-1.182336962228573540e+01
-1.178747608309155481e+01
-1.177806641934967580e+01
-1.178623331661693818e+01
-1.170051432237710110e+01
-1.168707078568533220e+01
-1.166645926823312607e+01
-1.165999729259023354e+01
-1.163584654617377723e+01
-1.160713389183651323e+01
-1.160292535107558720e+01
-1.162967016230608586e+01
-1.162036799619250793e+01
-1.161857832667298318e+01
-1.159872335145135835e+01
-1.160987276626795150e+01
-1.161041700517600717e+01
-1.160676737292406813e+01
-1.159125361289647671e+01
-1.158134443070528619e+01
-1.158895176198905475e+01
-1.159683016874871697e+01
-1.160488076197290042e+01
-1.161569601656128903e+01
-1.160948304351360605e+01
-1.160782088054874173e+01
-1.167967084456211779e+01
-1.168421292356248209e+01
-1.165996898433002116e+01
-1.166029976199885532e+01
-1.167673656316889819e+01
-1.168449472211372964e+01
-1.170791476706748568e+01
-1.172368119655160612e+01
-1.172927564822419555e+01
-1.172376063513585365e+01
-1.172610379419713666e+01
-1.165404304632170529e+01
-1.165419778479348700e+01
-1.174241636878178241e+01
-1.174643753333221596e+01
-1.174423978364896826e+01
-1.174273186371815036e+01
-1.173601096428314960e+01
-1.170829416658979305e+01
-1.170555648264381610e+01
-1.170932036617372241e+01
-1.168505079372607725e+01
-1.168044357217130447e+01
-1.167724940588255933e+01
-1.169069286784602291e+01
-1.170552737806022847e+01
-1.169373151558950319e+01
-1.169895350519627364e+01
-1.170773005365443886e+01
-1.168673005387271502e+01
-1.168324788279963400e+01
-1.158787510908296881e+01
-1.159977320934626022e+01
-1.161345345906732263e+01
-1.161808933426381785e+01
-1.163887395980377448e+01
-1.161922086364603679e+01
-1.161339620895869018e+01
-1.150899547375721532e+01
-1.150466999179184668e+01
-1.150027121923124085e+01
-1.151132379751739343e+01
-1.151415779421955854e+01
-1.158295897770192795e+01
-1.159291550125443671e+01
-1.155005909945704801e+01
-1.152463800057104137e+01
-1.153382302807320769e+01
-1.151822407801759951e+01
-1.153719614408921501e+01
-1.151715745069350483e+01
-1.150400521139863486e+01
-1.149251630166014770e+01
-1.150174362811295481e+01
-1.150486021603924414e+01
-1.150947461189408472e+01
-1.150192807492980585e+01
-1.149543566094322777e+01
-1.147978489193277163e+01
-1.146932500986115500e+01
-1.143546194957989393e+01
-1.143067651776327232e+01
-1.146146709538798802e+01
-1.143367949408424167e+01
-1.145687123318113265e+01
-1.145638252174961913e+01
-1.140943684368752109e+01
-1.141810835998129825e+01
-1.140916168004079445e+01
-1.140543416004352117e+01
-1.140163771646702351e+01
-1.142064770420118514e+01
-1.148527158022637984e+01
-1.148986413187942190e+01
-1.147146058581213346e+01
-1.146993421812635816e+01
-1.149818755693575767e+01
-1.149383871032358684e+01
-1.151111012569516490e+01
-1.151274351252662420e+01
-1.150500067598306053e+01
-1.150843463473352202e+01
-1.138905889984171971e+01
-1.141779984657155467e+01
-1.142247399949274644e+01
-1.143970508795808350e+01
-1.142896546839172167e+01
-1.142200491032807719e+01
-1.143130304587207569e+01
-1.145209534598096468e+01
-1.141772169865346065e+01
-1.137409793503353050e+01
-1.135970896120562834e+01
-1.136601654679459017e+01
-1.135187339460994416e+01
-1.132681191386172337e+01
-1.131473583832088181e+01
-1.131980528048610779e+01
-1.135225735790943347e+01
-1.130262047371813594e+01
-1.127646820702655361e+01
-1.127494242638542232e+01
-1.129685105806668233e+01
-1.131857408760364159e+01
-1.130791227240725405e+01
-1.130624784528175297e+01
-1.130098969879760951e+01
-1.131402517455532752e+01
-1.130856090451333529e+01
-1.128736519991957721e+01
-1.129391349594972915e+01
-1.128876543710612523e+01
-1.134719056993309039e+01
-1.134974027339687552e+01
-1.126759692666907853e+01
-1.126394622133340562e+01
-1.122922972922680174e+01
-1.122981357905150901e+01
-1.124019431125327628e+01
-1.126711873719240309e+01
-1.125223470917729962e+01
-1.123173030962136210e+01
-1.123750496143609112e+01
-1.123437163947151340e+01
-1.124248744510575904e+01
-1.125726046762672716e+01
-1.126370437663081425e+01
-1.126787252777956461e+01
-1.129452365561379779e+01
-1.123430748875240681e+01
-1.122213174416603287e+01
-1.124096024575738717e+01
-1.121351703526358534e+01
-1.127864633605176969e+01
-1.126663195531249428e+01
-1.130739276928419734e+01
-1.137843219992138089e+01
-1.135451728519908698e+01
