# 2*np.log[MAD(r)] for 100 flights; 1000 steps per flight; run 40 of 50; mu: 2.20; seed: 39
-2.373284873111255777e+01
-2.235657513549837816e+01
-2.148340637474100134e+01
-2.095042246524981522e+01
-2.056584649741728654e+01
-2.017179571946205385e+01
-2.003635870128197638e+01
-2.007522211082165242e+01
-1.975009110046792316e+01
-1.946761031818428478e+01
-1.925218233717148664e+01
-1.909518379637250973e+01
-1.885583613119231217e+01
-1.877501569253539415e+01
-1.857715424520709746e+01
-1.835945639216043546e+01
-1.820850958933738895e+01
-1.825178538458033017e+01
-1.809700301127323741e+01
-1.813337976748772817e+01
-1.799887006889692032e+01
-1.781710709262284809e+01
-1.792302804650162074e+01
-1.782388674637211778e+01
-1.756738239662077206e+01
-1.738220788303612352e+01
-1.739543308379507636e+01
-1.720114416796489110e+01
-1.715266055286453906e+01
-1.712772644949612300e+01
-1.711695874783130122e+01
-1.700367281014806409e+01
-1.707630736521000614e+01
-1.711078805705194128e+01
-1.708586253954949186e+01
-1.695682726707364196e+01
-1.688745097149173446e+01
-1.673780476052543875e+01
-1.670656233924004752e+01
-1.669031561734396263e+01
-1.660795664207442002e+01
-1.656872730190227472e+01
-1.659749662923945834e+01
-1.653967314805120736e+01
-1.645828899435205983e+01
-1.645621678279510647e+01
-1.649689616456768348e+01
-1.648358546871492436e+01
-1.651648392307533797e+01
-1.648347214184005338e+01
-1.643901124262504254e+01
-1.636258205449639647e+01
-1.634257253798680409e+01
-1.633709322879533232e+01
-1.619699115139984258e+01
-1.598724577648478196e+01
-1.605590324946888003e+01
-1.604355598387476789e+01
-1.610508063834456394e+01
-1.594023274894205322e+01
-1.588486346370189040e+01
-1.597111738123004443e+01
-1.593548651448271514e+01
-1.592877722333001600e+01
-1.572950634234831035e+01
-1.588439364024760891e+01
-1.573600086148373123e+01
-1.548880738288195502e+01
-1.548925644042135019e+01
-1.536668859851398672e+01
-1.535972769743662525e+01
-1.534052546246397775e+01
-1.539315162073791576e+01
-1.542752200881943203e+01
-1.536902944527882653e+01
-1.536046169439892495e+01
-1.536874226843970526e+01
-1.515756215477536628e+01
-1.520447358517190395e+01
-1.524304659701733122e+01
-1.523713374565323875e+01
-1.523519769236233223e+01
-1.519171418942207552e+01
-1.514785072383651965e+01
-1.514611051441367273e+01
-1.515866618555058842e+01
-1.517813913800302572e+01
-1.514973798839889518e+01
-1.505546842357864179e+01
-1.496031773413910493e+01
-1.501118508623920889e+01
-1.492551090169441075e+01
-1.497463599681355539e+01
-1.502084478677063295e+01
-1.496953970895024888e+01
-1.496096465271902076e+01
-1.496584942549425534e+01
-1.481025972425199022e+01
-1.492459895236025957e+01
-1.492806014061870101e+01
-1.487767752308616309e+01
-1.485210981944390518e+01
-1.472281901655587966e+01
-1.464175254696861828e+01
-1.460361185074028967e+01
-1.447182420852560014e+01
-1.438907801061653302e+01
-1.448577076014061760e+01
-1.447670927944169250e+01
-1.450748819538516621e+01
-1.453118273509890379e+01
-1.450470958078994776e+01
-1.452070033774085189e+01
-1.452543290597252934e+01
-1.448668463525961059e+01
-1.449472323136938812e+01
-1.453626621901381100e+01
-1.442616460630386221e+01
-1.438751632590839691e+01
-1.442070262080102161e+01
-1.435404456136501850e+01
-1.445816571901640124e+01
-1.443899753264409291e+01
-1.423959399284247240e+01
-1.431617126831446996e+01
-1.428942370748181467e+01
-1.418914563416204011e+01
-1.425875526651463510e+01
-1.433562769192198694e+01
-1.431548399868793453e+01
-1.425531118240722428e+01
-1.422511285589241936e+01
-1.418653374434084213e+01
-1.420883472300325145e+01
-1.423317827515821321e+01
-1.422213378182758525e+01
-1.421291790697483748e+01
-1.424882388074640005e+01
-1.425168003836582997e+01
-1.416170622395789280e+01
-1.417506021293618801e+01
-1.411832667202647684e+01
-1.415853756227279270e+01
-1.419373561431295805e+01
-1.418300683844259602e+01
-1.418662810471229463e+01
-1.424754181680722809e+01
-1.424748822784754232e+01
-1.425350900994146031e+01
-1.427480062279071404e+01
-1.425072584622199479e+01
-1.424295578194433887e+01
-1.411610853013141309e+01
-1.403559661147357929e+01
-1.407214509442918704e+01
-1.398628441408645529e+01
-1.407720519597220132e+01
-1.406923295940333318e+01
-1.406105507092573070e+01
-1.403819968818750397e+01
-1.402890642609901661e+01
-1.405762917467080619e+01
-1.410658322913030283e+01
-1.418382924099400810e+01
-1.418814572917402650e+01
-1.397805648766847320e+01
-1.405010070077742590e+01
-1.403620595810853189e+01
-1.399782935206711976e+01
-1.394655685000500966e+01
-1.397953437314959224e+01
-1.404530449844168416e+01
-1.398727853959254119e+01
-1.399827906589284154e+01
-1.397817700394937468e+01
-1.399810636306806622e+01
-1.397492709333908856e+01
-1.395930117227478284e+01
-1.394831511116054479e+01
-1.395257712922317239e+01
-1.386051467508406354e+01
-1.385654971715737283e+01
-1.381000335327543738e+01
-1.377333601887035996e+01
-1.379340254378064401e+01
-1.382289346886317105e+01
-1.388793823775044167e+01
-1.385991078354731343e+01
-1.382957879439813809e+01
-1.392996764811114119e+01
-1.391314036765206907e+01
-1.396648087310118314e+01
-1.390703015197293091e+01
-1.364120969327502308e+01
-1.367041543450827312e+01
-1.373427455177950307e+01
-1.366894601032578294e+01
-1.365933020812668452e+01
-1.368617864222021829e+01
-1.367474414867797350e+01
-1.362975191015056708e+01
-1.361087033872078855e+01
-1.365939733702127512e+01
-1.364056502015399630e+01
-1.367241302275041370e+01
-1.374046333840808920e+01
-1.373790687778781106e+01
-1.376510877570522950e+01
-1.366643565919488168e+01
-1.365784548890570704e+01
-1.362986335243189018e+01
-1.367560567244087544e+01
-1.368417689809495918e+01
-1.359636378625451414e+01
-1.355866670355944237e+01
-1.334916471873688693e+01
-1.334902189848128984e+01
-1.335110798374374674e+01
-1.335653490870674709e+01
-1.334487032230181391e+01
-1.339006453422742737e+01
-1.334244600022577210e+01
-1.334675529737493349e+01
-1.333401201086780397e+01
-1.331260479152896892e+01
-1.330926773625846948e+01
-1.331373494907412791e+01
-1.327390125042360935e+01
-1.327944079589500959e+01
-1.330228940481462807e+01
-1.334790989969407526e+01
-1.334825717749980534e+01
-1.335300931103593314e+01
-1.335566276938140184e+01
-1.338613614630991400e+01
-1.335807607547816467e+01
-1.330858730642856713e+01
-1.332050881683324839e+01
-1.331224525976599793e+01
-1.328191678581072921e+01
-1.328264585605708703e+01
-1.328003396692987259e+01
-1.331723530202158656e+01
-1.332532330179883218e+01
-1.327052044821720322e+01
-1.328281321029979978e+01
-1.328067369124097041e+01
-1.329030683623662767e+01
-1.328027699464635170e+01
-1.318881444276918380e+01
-1.318917955852979595e+01
-1.318563051377473450e+01
-1.320905464227872983e+01
-1.322810511740537898e+01
-1.321471099632892354e+01
-1.312328645120791748e+01
-1.308484877738270669e+01
-1.308404236173987201e+01
-1.309778216433068643e+01
-1.305320043498014648e+01
-1.305651446368622537e+01
-1.307476058847431943e+01
-1.308475564935480051e+01
-1.309988723822057644e+01
-1.306876965819336434e+01
-1.308365632041894067e+01
-1.312420093737006965e+01
-1.314842763362347178e+01
-1.314601259553442247e+01
-1.323426751617138919e+01
-1.320407052926889868e+01
-1.319466621976479281e+01
-1.320294362888926898e+01
-1.321970371688595058e+01
-1.313271238913951322e+01
-1.308589672944474636e+01
-1.310745195003291386e+01
-1.312349829471487261e+01
-1.313625908466038616e+01
-1.313763439450591619e+01
-1.313689353158790851e+01
-1.313921953505569817e+01
-1.319842629966472281e+01
-1.313194686722846072e+01
-1.312519147895167926e+01
-1.330230671329873537e+01
-1.326069792407337644e+01
-1.325224479145077261e+01
-1.323381918207330266e+01
-1.331114946614292549e+01
-1.326609977845493304e+01
-1.325284719100033470e+01
-1.322917554935089868e+01
-1.320211835149701862e+01
-1.324154661446705106e+01
-1.325845031194510426e+01
-1.320959114618951880e+01
-1.320683541620530832e+01
-1.309922724136640859e+01
-1.308177526887726927e+01
-1.313623683035138079e+01
-1.315858683543606134e+01
-1.321347685616183121e+01
-1.321931950780366805e+01
-1.322876323754370986e+01
-1.320773358860376234e+01
-1.320836262733094557e+01
-1.317648729513429728e+01
-1.324799920128655195e+01
-1.316667037412499397e+01
-1.323271272426493006e+01
-1.320844557852791645e+01
-1.316878154805145229e+01
-1.318454952047595974e+01
-1.318654802023403860e+01
-1.328367501418441954e+01
-1.323030752000774690e+01
-1.328976907635097859e+01
-1.313336407844314557e+01
-1.314990598363048591e+01
-1.315616978517970281e+01
-1.312858108849678196e+01
-1.312242900722359273e+01
-1.313539775142913513e+01
-1.312998887995812147e+01
-1.312914698681185577e+01
-1.312299440676588169e+01
-1.318887638635096060e+01
-1.316909987377047031e+01
-1.319098445894612226e+01
-1.310993721326057759e+01
-1.287617304087013004e+01
-1.287670619141533734e+01
-1.285422192350054260e+01
-1.285959416105443154e+01
-1.284145507171894529e+01
-1.282645302971934598e+01
-1.282869253273030274e+01
-1.280926880259684353e+01
-1.287129907444709609e+01
-1.285365331441721537e+01
-1.289950672130604659e+01
-1.288106192822992746e+01
-1.290638193420422475e+01
-1.287359692791143573e+01
-1.287821988051119426e+01
-1.280029118582238468e+01
-1.283461932262824945e+01
-1.283275181160188794e+01
-1.280107798608051795e+01
-1.280722972892356282e+01
-1.282565186570931637e+01
-1.293545127238000703e+01
-1.290868906209363942e+01
-1.289069687090213101e+01
-1.286416617077413171e+01
-1.285918306696608404e+01
-1.288975704701040748e+01
-1.286757567382136891e+01
-1.285728354698752796e+01
-1.286390606693699645e+01
-1.286673862631057652e+01
-1.289008910956597909e+01
-1.277038294032768739e+01
-1.281875168193097814e+01
-1.276198591263610105e+01
-1.274528795231188028e+01
-1.273781282418629424e+01
-1.283831154108119676e+01
-1.283544614722391231e+01
-1.284381264291384994e+01
-1.288014322746791684e+01
-1.292052993372782588e+01
-1.291411162150716052e+01
-1.291917910683897830e+01
-1.294634168276693131e+01
-1.295741419846462783e+01
-1.298327522069857487e+01
-1.296799817381368847e+01
-1.290502320497607158e+01
-1.279474149223309354e+01
-1.281675606612669860e+01
-1.277794104173436196e+01
-1.283824037607999102e+01
-1.301886277600181785e+01
-1.297389508950819703e+01
-1.295349370205713058e+01
-1.291224975557894439e+01
-1.298230166265999941e+01
-1.282318893139163229e+01
-1.282330094559189249e+01
-1.285278950579370161e+01
-1.281381069248479498e+01
-1.283044429845153900e+01
-1.280862190340687334e+01
-1.285019128475149586e+01
-1.298619845388459559e+01
-1.293907795855727727e+01
-1.290039642479334780e+01
-1.293457330331652066e+01
-1.288045702990961594e+01
-1.286662337981742965e+01
-1.289165641415582897e+01
-1.286561786739126845e+01
-1.287953117210707354e+01
-1.283257405452155986e+01
-1.289453620446645132e+01
-1.290666654897583143e+01
-1.291316076395381351e+01
-1.291805891049295241e+01
-1.292283396191786693e+01
-1.283609315085981706e+01
-1.285528330993564516e+01
-1.284776692273142196e+01
-1.281236833728947921e+01
-1.293713982023601083e+01
-1.294397635812648417e+01
-1.295789647196391670e+01
-1.304862414104971613e+01
-1.304948408490055201e+01
-1.305935601341046315e+01
-1.305055417733499645e+01
-1.303225885833294662e+01
-1.302027290477269617e+01
-1.304458303160461874e+01
-1.303939599941366367e+01
-1.288900152311739689e+01
-1.291670122117243835e+01
-1.295113931152197395e+01
-1.297329192897109351e+01
-1.300935336473271242e+01
-1.298106164394527440e+01
-1.301691886930838749e+01
-1.284185266316015372e+01
-1.284071503971493478e+01
-1.270260573811776084e+01
-1.268925139297624050e+01
-1.271780915225352437e+01
-1.273233434786929053e+01
-1.276194506103252735e+01
-1.273911416671240993e+01
-1.281866224642176100e+01
-1.283041799315544296e+01
-1.281941787264211641e+01
-1.280559194534314749e+01
-1.280495351055266084e+01
-1.262186753271639894e+01
-1.264144518459035105e+01
-1.255154125646094698e+01
-1.256610222279890898e+01
-1.252986712102849509e+01
-1.254210371654775003e+01
-1.258085853020166844e+01
-1.258085321470156259e+01
-1.256406200217963587e+01
-1.270146205556337193e+01
-1.271753546857699035e+01
-1.278100045630732140e+01
-1.279099928114944085e+01
-1.281599263509973596e+01
-1.278565685867292956e+01
-1.280492708683765812e+01
-1.279672056581104478e+01
-1.278107523964268566e+01
-1.279318715554252428e+01
-1.280510390400351461e+01
-1.284725208973400079e+01
-1.284680973909322610e+01
-1.279287553526076771e+01
-1.282189049150954041e+01
-1.278940706447901476e+01
-1.274370027788885018e+01
-1.269043456426022409e+01
-1.267178352739014180e+01
-1.281050343904374778e+01
-1.280324593385391907e+01
-1.274570703269758987e+01
-1.274931981137877912e+01
-1.274427171598131814e+01
-1.273197245156237756e+01
-1.273782629631676677e+01
-1.280329794749296468e+01
-1.280030042852646588e+01
-1.284099005211434807e+01
-1.281221946853807481e+01
-1.288913804144496744e+01
-1.292708584151161055e+01
-1.280862840114843593e+01
-1.278501294114974129e+01
-1.282638181701487312e+01
-1.278711348615497023e+01
-1.280556807368671457e+01
-1.277219172842231387e+01
-1.278763250341507351e+01
-1.277980170630963030e+01
-1.281139310307736068e+01
-1.278383852474758342e+01
-1.277049847958398843e+01
-1.277483073201753250e+01
-1.268502377626314015e+01
-1.266515403170715004e+01
-1.263287084346513112e+01
-1.266728961401909537e+01
-1.268758947768138512e+01
-1.271925259858076629e+01
-1.274842268810861334e+01
-1.278846344577378247e+01
-1.280781828568943936e+01
-1.280090488516903413e+01
-1.277354045112875802e+01
-1.277182409941145913e+01
-1.275313862654282282e+01
-1.279601409395685430e+01
-1.281947981695934047e+01
-1.281458970800210473e+01
-1.275377150118811187e+01
-1.273940855650847048e+01
-1.275018531174569247e+01
-1.270441682228495850e+01
-1.270687117083057416e+01
-1.261903253949215831e+01
-1.261967113399377105e+01
-1.261948200320618163e+01
-1.254846781496061325e+01
-1.242073456703481327e+01
-1.243469626627841151e+01
-1.243979826324943438e+01
-1.242348109222997543e+01
-1.241708373981065172e+01
-1.240594117954212372e+01
-1.236446606276822280e+01
-1.233064563272638559e+01
-1.238438234053271181e+01
-1.240539224503281091e+01
-1.237481770539927339e+01
-1.237850209635942456e+01
-1.236329517717788917e+01
-1.238151995416988527e+01
-1.240638584137414746e+01
-1.239736797071272534e+01
-1.240822493040182195e+01
-1.240163738458076459e+01
-1.238967094255124657e+01
-1.244896191241774730e+01
-1.247360461483382110e+01
-1.243620145660919185e+01
-1.244273968914490602e+01
-1.243701438950200888e+01
-1.240135581607617077e+01
-1.250484167409685021e+01
-1.250536802383299850e+01
-1.253608098466281540e+01
-1.254109887922689737e+01
-1.249537921385634931e+01
-1.240775191589485082e+01
-1.242002954187756814e+01
-1.243000071195734080e+01
-1.244549966063940083e+01
-1.246217352843058812e+01
-1.244866708493121799e+01
-1.248774894813871228e+01
-1.248742550878539959e+01
-1.249308618128611670e+01
-1.250236478559289033e+01
-1.255295186343349201e+01
-1.258372921397984356e+01
-1.262060420676352201e+01
-1.261075485332410828e+01
-1.259996273361025843e+01
-1.259710888376596927e+01
-1.260202225341884841e+01
-1.255630899872883077e+01
-1.253812090688989933e+01
-1.250291213067409579e+01
-1.250569620200618637e+01
-1.250176050236289704e+01
-1.246695931218361153e+01
-1.247012101759836078e+01
-1.247280550597840509e+01
-1.250274407216727290e+01
-1.247350212067296660e+01
-1.249206009962926167e+01
-1.246299165956498278e+01
-1.245205003984984593e+01
-1.241163937696373054e+01
-1.237213442858213597e+01
-1.238861484609171093e+01
-1.226158093954257922e+01
-1.220470387329320872e+01
-1.221779577468717548e+01
-1.220171119554558103e+01
-1.220142271766000341e+01
-1.225216247869226649e+01
-1.237766116173287401e+01
-1.236393948916829544e+01
-1.233307198744026856e+01
-1.232941211242719781e+01
-1.228163659184093781e+01
-1.229261948390972137e+01
-1.223829918801280137e+01
-1.223123994499654721e+01
-1.226574782003946140e+01
-1.228422415932999634e+01
-1.225723479997636289e+01
-1.232306364932852283e+01
-1.232770663742247486e+01
-1.236728556409727631e+01
-1.235109450596903180e+01
-1.231351014726201498e+01
-1.230068507021332280e+01
-1.232154030609758699e+01
-1.238996078194857731e+01
-1.238217281389208679e+01
-1.236344321124673584e+01
-1.236486884875080783e+01
-1.238750935311483303e+01
-1.235702713031349376e+01
-1.235204003711443299e+01
-1.235000578569330543e+01
-1.231705158474401607e+01
-1.228700478709212440e+01
-1.229468653578916637e+01
-1.230544910869257791e+01
-1.238577431085293235e+01
-1.226137734294737669e+01
-1.227837866605430506e+01
-1.229994995477948727e+01
-1.220978112475671473e+01
-1.229984447660977409e+01
-1.229693274921335444e+01
-1.226812460892643308e+01
-1.221274847804747310e+01
-1.223196884235763271e+01
-1.223590706670366579e+01
-1.224378248540469194e+01
-1.223751376056029372e+01
-1.224741049976673679e+01
-1.226189934042979957e+01
-1.223368135391752176e+01
-1.221563924957691682e+01
-1.220684005384257098e+01
-1.226077212389465743e+01
-1.220901272298597817e+01
-1.222397092117705775e+01
-1.222137437916305558e+01
-1.219713569747236726e+01
-1.220900312707135349e+01
-1.219985845047377815e+01
-1.226859438188907525e+01
-1.224141975735338406e+01
-1.223322849608020135e+01
-1.221338651213844173e+01
-1.221529087233310840e+01
-1.220506012587718203e+01
-1.227141695225335027e+01
-1.227759114449736266e+01
-1.227675820541131557e+01
-1.232497225913894567e+01
-1.225709864651498293e+01
-1.225208420151668065e+01
-1.226134027948259586e+01
-1.223004304480713955e+01
-1.224331174997714022e+01
-1.223595456828735806e+01
-1.226012060909014778e+01
-1.227514843888591045e+01
-1.227487526244573779e+01
-1.221481130579448759e+01
-1.221792858177257202e+01
-1.219245588300329786e+01
-1.218737676951190352e+01
-1.214567293612831911e+01
-1.215965597645354279e+01
-1.214882887260348099e+01
-1.215122169235371885e+01
-1.214148914763961074e+01
-1.216335859877713688e+01
-1.218715066863446594e+01
-1.222835879658464187e+01
-1.222337447758972040e+01
-1.220403897187126496e+01
-1.220812874226049694e+01
-1.221044101753625277e+01
-1.220281848136587755e+01
-1.217509621200625602e+01
-1.219918996960017488e+01
-1.217051419819036617e+01
-1.218216021033929586e+01
-1.214391024098720528e+01
-1.224828191532528976e+01
-1.224612266860529708e+01
-1.227427613027437125e+01
-1.227818904742597894e+01
-1.226934802656111323e+01
-1.226359267251711849e+01
-1.226001459003191840e+01
-1.225769268088641795e+01
-1.220761536296461358e+01
-1.222408584840904489e+01
-1.223962860095640615e+01
-1.221737362647804659e+01
-1.216066633362524740e+01
-1.216888654561794780e+01
-1.216445296534209497e+01
-1.216251788608333229e+01
-1.215097823169841718e+01
-1.215264639842470018e+01
-1.215401140789465195e+01
-1.215193909088165469e+01
-1.217015333906372554e+01
-1.216623963645516859e+01
-1.215986832054303868e+01
-1.215985895258044458e+01
-1.218743692041732452e+01
-1.216810468154665337e+01
-1.214921144123814045e+01
-1.211828104978560816e+01
-1.209920532527453929e+01
-1.207468920957720648e+01
-1.201272918791500288e+01
-1.201001860524458742e+01
-1.201931951425657807e+01
-1.201656526352964960e+01
-1.201503132852154287e+01
-1.203856899549115589e+01
-1.201775215846792122e+01
-1.200133433560175256e+01
-1.201057301548616607e+01
-1.199680170025277803e+01
-1.196950422250964863e+01
-1.197871985017985708e+01
-1.195327668599170856e+01
-1.195259797284210812e+01
-1.197558690659434966e+01
-1.197771032776198830e+01
-1.197611894678652966e+01
-1.202958513175767763e+01
-1.202111850304564200e+01
-1.203288589987054280e+01
-1.195461285313360200e+01
-1.199217409333664364e+01
-1.203118417729101708e+01
-1.192503080312515173e+01
-1.189824639383099480e+01
-1.189694775674849936e+01
-1.194055087090076128e+01
-1.203799523393287707e+01
-1.190952343058400409e+01
-1.190188546667402392e+01
-1.190511675298066763e+01
-1.190730212655738107e+01
-1.191148344137061166e+01
-1.192130679796817461e+01
-1.188283069746576182e+01
-1.189105472353122295e+01
-1.185450655725730762e+01
-1.186271263595191527e+01
-1.185952320396696891e+01
-1.185128790401806498e+01
-1.189804905101007115e+01
-1.183941210328015892e+01
-1.184722082960039380e+01
-1.185232437152241047e+01
-1.187211242003894185e+01
-1.182894524543550041e+01
-1.181393498435576639e+01
-1.179705739609960524e+01
-1.178552098182699659e+01
-1.178348900234749230e+01
-1.180621791052136693e+01
-1.178602226192100488e+01
-1.177223699388583000e+01
-1.174726014645615102e+01
-1.174970678465586360e+01
-1.175380943318497451e+01
-1.175216233328223403e+01
-1.175759514466411737e+01
-1.177587971985397175e+01
-1.174801775502145240e+01
-1.173920408709951957e+01
-1.167894507232484003e+01
-1.168494967523113814e+01
-1.167505290483249603e+01
-1.164532498376985004e+01
-1.163171386591799283e+01
-1.169378505506037058e+01
-1.175748154620255725e+01
-1.178846074911511188e+01
-1.178979612155327317e+01
-1.179276703453914621e+01
-1.179354109900818770e+01
-1.178609025989938885e+01
-1.179282363453607907e+01
-1.180192652100000750e+01
-1.179227029458766829e+01
-1.178097116231669794e+01
-1.176048610486652635e+01
-1.174851101130661668e+01
-1.174047922591527104e+01
-1.175262588635648697e+01
-1.175918594872106837e+01
-1.175256656594281068e+01
-1.175536297609276026e+01
-1.176980674123509374e+01
-1.175259774378465316e+01
-1.173330835167103103e+01
-1.171079949327508274e+01
-1.170393528074675693e+01
-1.165154043747309487e+01
-1.164673716714582064e+01
-1.163759381221636957e+01
-1.163816747460850820e+01
-1.164159008136512341e+01
-1.166240162050801565e+01
-1.166446212323478804e+01
-1.166650730742223097e+01
-1.166894463127752601e+01
-1.167287490876283229e+01
-1.168640819999649416e+01
-1.163764373992956180e+01
-1.164030828614867552e+01
-1.164055717976066795e+01
-1.170198847356816607e+01
-1.168899731460724745e+01
-1.168961664275574641e+01
-1.167067967260403805e+01
-1.161007068795669284e+01
-1.162497385652885384e+01
-1.164133074241705046e+01
-1.164238645561038332e+01
-1.164772207510635660e+01
-1.172579488781647505e+01
-1.171748021152389896e+01
-1.173036132095657180e+01
-1.173089150304942585e+01
-1.172325240216759745e+01
-1.174763550466762396e+01
-1.178966901930116862e+01
-1.177118472560347229e+01
-1.177281789200881335e+01
-1.179417080107648808e+01
-1.178562319614165865e+01
-1.179902709450960963e+01
-1.173280494740140156e+01
-1.174384287114540193e+01
-1.172927128435513033e+01
-1.170723674503774170e+01
-1.172289463660396613e+01
-1.173981700718275967e+01
-1.167445442311320569e+01
-1.166649349800689706e+01
-1.166787176962813000e+01
-1.167170847706255543e+01
-1.167552735643839945e+01
-1.168993290562237597e+01
-1.168416025130817815e+01
-1.167363565507090328e+01
-1.169054147967865376e+01
-1.167117220383163811e+01
-1.166482853120084151e+01
-1.164771334089438071e+01
-1.167552221767969556e+01
-1.171231718386740539e+01
-1.173017055805521203e+01
-1.166512501898301934e+01
-1.171497127145380190e+01
-1.170541236717124001e+01
-1.173484208798863726e+01
-1.173599731831597559e+01
-1.174195581782454134e+01
-1.176387688556207856e+01
-1.175899658112146717e+01
-1.174880463989406820e+01
-1.175059100607638207e+01
-1.181109535914849751e+01
-1.187947200096676248e+01
-1.189376710508304136e+01
-1.188898157177268544e+01
-1.185210570762648707e+01
-1.180617828182487372e+01
-1.187706815014356287e+01
-1.186717070044185895e+01
-1.189347219149028057e+01
-1.185644475624495442e+01
-1.189080635695418486e+01
-1.189561526729352536e+01
-1.189350157422859944e+01
-1.189458305872426358e+01
-1.190900196578144055e+01
-1.191099036813947265e+01
-1.186904719826414656e+01
-1.178979079995406565e+01
-1.178513278424659916e+01
-1.177898707105332043e+01
-1.177347174699542443e+01
-1.176357036407544854e+01
-1.169310377836647952e+01
-1.169300636368314450e+01
-1.169336101838463904e+01
-1.169780764187554212e+01
-1.167570928379810091e+01
-1.168629627400289017e+01
-1.168683813613774980e+01
-1.163510572015668387e+01
-1.161812642290662900e+01
-1.161586089496085350e+01
-1.162676392458900310e+01
-1.163334717863514456e+01
-1.162967397927863011e+01
-1.165214162121435137e+01
-1.168187229683815431e+01
-1.171938594840593240e+01
-1.173836750234756821e+01
-1.177071656217859896e+01
-1.174484326160271763e+01
-1.175067390942207268e+01
-1.178386661815844505e+01
-1.178513985041744583e+01
-1.177465033621719570e+01
-1.172073208638875919e+01
-1.171733713026676860e+01
-1.172027783962270142e+01
-1.172013215346696313e+01
-1.172812073184311998e+01
-1.163598847563138250e+01
-1.165358239672814911e+01
-1.167196227748092596e+01
-1.172226336405628722e+01
-1.169157238288737943e+01
-1.169375625180372502e+01
-1.168572782328090476e+01
-1.167973584849007196e+01
-1.169665662671619266e+01
-1.164777870286662065e+01
-1.164992573351308458e+01
-1.165428095517301976e+01
-1.165395551980679123e+01
-1.160635789749243330e+01
-1.165044999164185846e+01
-1.165040485520678359e+01
-1.166154060394267233e+01
-1.166367609854384746e+01
-1.161262389049559118e+01
-1.163367369422178044e+01
-1.162856752631054746e+01
-1.164970851693903953e+01
-1.165208829843930793e+01
-1.164936065562914180e+01
-1.162400603699938095e+01
-1.163979799372333979e+01
-1.154284949953845718e+01
-1.153333694701619372e+01
-1.154971846571526228e+01
-1.156386029404359483e+01
-1.155501646935967131e+01
-1.153851753823803605e+01
-1.150239114481612468e+01
-1.148914676889894260e+01
-1.148856283205014073e+01
-1.153941924349362935e+01
-1.154494927983731323e+01
-1.151071099210088455e+01
-1.150490202332159306e+01
-1.151365206868197077e+01
-1.150915013525873931e+01
-1.150967463148475289e+01
-1.151878661513961255e+01
-1.152869365535808832e+01
-1.157354410197767081e+01
-1.153852230728100103e+01
-1.153831936881676157e+01
-1.153359866606738215e+01
-1.157612724508126156e+01
-1.160943495873634035e+01
-1.160737310298314284e+01
-1.159939701922358779e+01
-1.154411996211893587e+01
-1.156798406491386721e+01
-1.154938510540812047e+01
-1.153218011888439598e+01
-1.153136373665556924e+01
-1.155353951749739139e+01
-1.155902398150525912e+01
-1.155772790959912122e+01
-1.154071803006205243e+01
-1.153364786830026745e+01
-1.153468635108167639e+01
-1.152575555090114534e+01
-1.150116981532646854e+01
-1.150249167730048860e+01
-1.150891076234373678e+01
-1.155541955823358968e+01
-1.155802476683610713e+01
-1.144134309290872054e+01
-1.146397945042128619e+01
-1.146181586513334061e+01
-1.142780384098597501e+01
-1.143771358843047814e+01
-1.146444725021282274e+01
-1.145921026779481977e+01
