# 2*np.log[MAD(r)] for 100 flights; 1000 steps per flight; run 5 of 50; mu: 2.20; seed: 4
-2.367706153011214809e+01
-2.212897489097806059e+01
-2.145285604007899494e+01
-2.159573437371248517e+01
-2.081786290122617800e+01
-2.096332113983022438e+01
-2.034721929144903996e+01
-1.985737431950110121e+01
-1.996976236375402536e+01
-2.005878920833654888e+01
-1.928893854201557545e+01
-1.918094525086583246e+01
-1.936298712994050675e+01
-1.931560121862760937e+01
-1.895226264608812272e+01
-1.874731575936538164e+01
-1.849871594520932305e+01
-1.834424809551948243e+01
-1.836171412889976651e+01
-1.813232046138058706e+01
-1.819005883653055378e+01
-1.791261062613154564e+01
-1.807429160789512679e+01
-1.784180027427678894e+01
-1.781840409287341132e+01
-1.759902477950994992e+01
-1.729159676305403792e+01
-1.722820586628566275e+01
-1.713769746573788666e+01
-1.723969562782314213e+01
-1.709489381969578403e+01
-1.701294820590452161e+01
-1.707927268041131441e+01
-1.709816545680864053e+01
-1.700660566841358445e+01
-1.669055352563516337e+01
-1.682153813199005654e+01
-1.682929685121836627e+01
-1.674089777395914069e+01
-1.659208296445284603e+01
-1.674010834784698076e+01
-1.667464134392838560e+01
-1.655377589575956776e+01
-1.644226311844632349e+01
-1.641913928914776122e+01
-1.636752609324889107e+01
-1.639993651174648193e+01
-1.642568935060712221e+01
-1.654617168634539937e+01
-1.632920499721251062e+01
-1.651482770217384299e+01
-1.622799339613544234e+01
-1.613216732904088957e+01
-1.632229426943026596e+01
-1.632901691096072128e+01
-1.627112587625383711e+01
-1.629454162723060762e+01
-1.613694018057104174e+01
-1.610862419078741326e+01
-1.604477492145559836e+01
-1.612567524723228374e+01
-1.609497137919085930e+01
-1.615267562721147598e+01
-1.600113266356071762e+01
-1.590755570595781521e+01
-1.605447263382379930e+01
-1.602341015290772219e+01
-1.597283154283462459e+01
-1.590840473526255039e+01
-1.590234129401187069e+01
-1.584671114148551752e+01
-1.578315517225632370e+01
-1.574784802803134198e+01
-1.571778670765328201e+01
-1.563241991999032265e+01
-1.564956947280224142e+01
-1.559670191455959731e+01
-1.566053669058331188e+01
-1.560732584300031078e+01
-1.560984575954510234e+01
-1.559540701030206300e+01
-1.561189667511071910e+01
-1.551635028608223799e+01
-1.557581311304644700e+01
-1.551637915069868257e+01
-1.548515337672876413e+01
-1.557564825437024325e+01
-1.547400143343075030e+01
-1.545339752252270848e+01
-1.562861448776998685e+01
-1.568547535796503567e+01
-1.552671222944958984e+01
-1.559096213490001048e+01
-1.565229109781830985e+01
-1.544375900724229922e+01
-1.533184844234956934e+01
-1.552307526404259619e+01
-1.547086545781170841e+01
-1.543397489786884513e+01
-1.546289550658513434e+01
-1.550254799533073857e+01
-1.538371114548968421e+01
-1.538979992434678756e+01
-1.539385280536856548e+01
-1.529611536477051992e+01
-1.524024684386935746e+01
-1.517464238554657818e+01
-1.516863999406296770e+01
-1.517968343373621209e+01
-1.511644916517299997e+01
-1.508317851758485695e+01
-1.506844190352864032e+01
-1.496526968508657163e+01
-1.495033600171615795e+01
-1.502310284842158694e+01
-1.500213603446386301e+01
-1.495431199299891922e+01
-1.500000891110685863e+01
-1.506276458826185127e+01
-1.490871147732194224e+01
-1.498717937864062577e+01
-1.510542980122144208e+01
-1.487124630128788816e+01
-1.492427574180642047e+01
-1.497229969331248434e+01
-1.492709533034382474e+01
-1.486886214020406349e+01
-1.477058452466066463e+01
-1.473160951413557918e+01
-1.478888512495385754e+01
-1.478744265803013391e+01
-1.476622381226592395e+01
-1.479397404650651815e+01
-1.473192091867396414e+01
-1.475648308298137401e+01
-1.470058978551197271e+01
-1.468735570670184920e+01
-1.469569666379754835e+01
-1.475876058924163914e+01
-1.471086163091072052e+01
-1.465504464807496987e+01
-1.466626058886280859e+01
-1.465395428356229424e+01
-1.464069660761612290e+01
-1.464913728551949035e+01
-1.462988964845967566e+01
-1.460810372353341080e+01
-1.451343842061825917e+01
-1.447988248298788427e+01
-1.448610893129730748e+01
-1.455698820061566146e+01
-1.458377033923285460e+01
-1.454807373654757008e+01
-1.446945731232516508e+01
-1.452459677580944586e+01
-1.454270553423112311e+01
-1.453722946250340442e+01
-1.454181615396159444e+01
-1.451104259649937589e+01
-1.446916476563078646e+01
-1.467891610785450851e+01
-1.462668217839618734e+01
-1.457576556096133302e+01
-1.461193427250172938e+01
-1.465511442350798532e+01
-1.461760263090209477e+01
-1.461863681471397136e+01
-1.468851214710568520e+01
-1.458166333331721276e+01
-1.456504599251712051e+01
-1.471128412407058406e+01
-1.462494744935495206e+01
-1.458081049529797646e+01
-1.455623036283322058e+01
-1.461354227360189562e+01
-1.441484114193848676e+01
-1.443096909529408656e+01
-1.454456085788793018e+01
-1.447045763884091940e+01
-1.427338609443344630e+01
-1.430851915085631987e+01
-1.426807242836001777e+01
-1.404335144106870814e+01
-1.404131030715351081e+01
-1.417293847928202943e+01
-1.418630351662497091e+01
-1.417671308268116626e+01
-1.415164814273219029e+01
-1.416985496733118133e+01
-1.413534214771028275e+01
-1.408613245571229378e+01
-1.412787061716124981e+01
-1.403957419441888099e+01
-1.388903679242188183e+01
-1.387276048625269631e+01
-1.386961429456284911e+01
-1.384661708232573218e+01
-1.387327862958988867e+01
-1.391316073899401751e+01
-1.389498138377925329e+01
-1.390366554597452797e+01
-1.384907192794980091e+01
-1.383009041494617541e+01
-1.390665496576573545e+01
-1.388474601545747689e+01
-1.392073459833923366e+01
-1.393029917589558231e+01
-1.382487896829218066e+01
-1.381128958952841934e+01
-1.381120962509371175e+01
-1.380681513910106517e+01
-1.381590071816504128e+01
-1.372238506309845540e+01
-1.375503358442355228e+01
-1.389242809268496259e+01
-1.375100627946420317e+01
-1.378556164386156802e+01
-1.376842557912728715e+01
-1.381052130447762316e+01
-1.375934135621332821e+01
-1.375631039621639040e+01
-1.372161750345991571e+01
-1.381811956394694008e+01
-1.377802041403001709e+01
-1.370186435652234813e+01
-1.374027536253221093e+01
-1.367293857141121372e+01
-1.357805135102618088e+01
-1.356181186938182748e+01
-1.358865920783625292e+01
-1.360564702300564299e+01
-1.364210435041196945e+01
-1.372115198230586053e+01
-1.371879752437249778e+01
-1.375567712529422870e+01
-1.383492595859574692e+01
-1.386799396523293915e+01
-1.387658595669359229e+01
-1.383441032681724003e+01
-1.383987965879257054e+01
-1.382783702499926548e+01
-1.381792573210988095e+01
-1.383078851524361319e+01
-1.381084303613043218e+01
-1.374909529653747065e+01
-1.382478074221364928e+01
-1.376976194266268294e+01
-1.383452835958052773e+01
-1.388491628710374926e+01
-1.399541848791759335e+01
-1.402701003277301695e+01
-1.401864226960073623e+01
-1.400986199965294077e+01
-1.403074856881197618e+01
-1.403370339164571767e+01
-1.401952367866446991e+01
-1.402129669217812058e+01
-1.388952755248882198e+01
-1.384772346185485148e+01
-1.385091067113668828e+01
-1.383449486910801518e+01
-1.378966787692049145e+01
-1.376276037831158661e+01
-1.377477803137158929e+01
-1.373808516196582907e+01
-1.368041268539371202e+01
-1.365764158139955420e+01
-1.364120074700381302e+01
-1.361704915530259008e+01
-1.358724394869847174e+01
-1.361637675911807577e+01
-1.350195948049966965e+01
-1.352593043107440174e+01
-1.353963491274295983e+01
-1.354666925231018126e+01
-1.354670500913962705e+01
-1.354338770577271234e+01
-1.351283049081138365e+01
-1.350143359193645232e+01
-1.358595877001991425e+01
-1.357899441397914764e+01
-1.362407628015123606e+01
-1.362975003839342669e+01
-1.356253659362277553e+01
-1.356256759485228791e+01
-1.369046239926173847e+01
-1.374860563108634537e+01
-1.379268669945627401e+01
-1.377162955370437025e+01
-1.373782389526321523e+01
-1.374596244773099052e+01
-1.366404282130096348e+01
-1.365608143973084054e+01
-1.354876217966529239e+01
-1.362168343333001275e+01
-1.366595941001375714e+01
-1.347354881474483612e+01
-1.341608936322956502e+01
-1.348514637056122289e+01
-1.342399311944029172e+01
-1.341329865982970837e+01
-1.343185103221042631e+01
-1.343177549430587092e+01
-1.347296703793273132e+01
-1.336413714281349741e+01
-1.329622479990154282e+01
-1.325128029664925577e+01
-1.328458852721737848e+01
-1.334769290301808553e+01
-1.333285991869445120e+01
-1.344753582017362525e+01
-1.345244595446387770e+01
-1.344203779446297808e+01
-1.341042560968937636e+01
-1.344450090986457447e+01
-1.343992218117315218e+01
-1.344180662462541243e+01
-1.343624397857516328e+01
-1.339695998639035146e+01
-1.336462839531374414e+01
-1.322858175083444721e+01
-1.320758650648269494e+01
-1.319326366138372997e+01
-1.316099003122462285e+01
-1.317376796831431740e+01
-1.307828687263098466e+01
-1.311460335642667374e+01
-1.305299624072775977e+01
-1.303636978389807410e+01
-1.309591741785084196e+01
-1.310029454215116296e+01
-1.309188554601138854e+01
-1.307965962580130892e+01
-1.309378842730634140e+01
-1.310586757216081644e+01
-1.312158492944968557e+01
-1.311312227613161419e+01
-1.308632063321524797e+01
-1.308317918285671055e+01
-1.307305242320568262e+01
-1.303524709059730746e+01
-1.304071178597552105e+01
-1.301498917688653023e+01
-1.293789839479053150e+01
-1.289438324147222659e+01
-1.289585102842881348e+01
-1.292040358484225671e+01
-1.288278348481627411e+01
-1.293077473733134752e+01
-1.293102785667003474e+01
-1.293023108872632676e+01
-1.300438632659604288e+01
-1.302105121747921324e+01
-1.306139640011160452e+01
-1.294950738177952587e+01
-1.295790614419185438e+01
-1.287596739581458571e+01
-1.288039451096196863e+01
-1.289501538972412220e+01
-1.290208064160296253e+01
-1.294179450829372691e+01
-1.296140348634799899e+01
-1.296253573399054204e+01
-1.293608127484392512e+01
-1.293351462726055345e+01
-1.290378307709941375e+01
-1.290361908349695419e+01
-1.287298994680861774e+01
-1.287539852493525139e+01
-1.289222135303393024e+01
-1.288191779990938990e+01
-1.284135817628105869e+01
-1.289891002307597390e+01
-1.291566861262800892e+01
-1.279383787553707030e+01
-1.278672634009416242e+01
-1.274500181145785405e+01
-1.273219126904391096e+01
-1.268242521514385501e+01
-1.263478868014643908e+01
-1.263529396723409626e+01
-1.260609913723170905e+01
-1.258994693912614515e+01
-1.259769138437339642e+01
-1.259375595531764702e+01
-1.261999622939712218e+01
-1.264254590521995958e+01
-1.268630277514579241e+01
-1.267907515719822520e+01
-1.266558285072690637e+01
-1.265979068759946813e+01
-1.260867765951394048e+01
-1.261214244327395662e+01
-1.262989012844419534e+01
-1.264259239484867869e+01
-1.266118702819896669e+01
-1.271369145305100012e+01
-1.266340562516232282e+01
-1.251086983675706676e+01
-1.248586916335934660e+01
-1.236966771085425165e+01
-1.237954951129121284e+01
-1.237634341009576566e+01
-1.238604352509417694e+01
-1.238617464682585911e+01
-1.236971610511685071e+01
-1.237846169252441264e+01
-1.229539314804483752e+01
-1.233836039550513952e+01
-1.231120236006252533e+01
-1.230065888883932246e+01
-1.230269283515924705e+01
-1.228472860568659009e+01
-1.228999868812139695e+01
-1.227357695579144092e+01
-1.228907281597902568e+01
-1.226666408596908475e+01
-1.225866120949358340e+01
-1.226483220151806464e+01
-1.227342647124272901e+01
-1.229724050035695271e+01
-1.229310723328204169e+01
-1.228469130659659925e+01
-1.228680779835544890e+01
-1.235227254656606988e+01
-1.235113058441257294e+01
-1.235416440147414896e+01
-1.235119453019843405e+01
-1.235595633929671422e+01
-1.236687306950729059e+01
-1.239323593962733305e+01
-1.241472885046533570e+01
-1.240964891738328824e+01
-1.239711716449811973e+01
-1.235539022128042674e+01
-1.234773700677291686e+01
-1.234878386294266051e+01
-1.232142002145957171e+01
-1.232029337899949617e+01
-1.230996189661003193e+01
-1.231270447639532861e+01
-1.230542687782959632e+01
-1.223402188699032855e+01
-1.225840502182947844e+01
-1.226621749673251927e+01
-1.227279253166617679e+01
-1.228672557413088562e+01
-1.227582545997705843e+01
-1.228073603118098056e+01
-1.230950537338078909e+01
-1.231742731607493369e+01
-1.230246508134006334e+01
-1.230182450438859298e+01
-1.234060488827227964e+01
-1.234011850530581178e+01
-1.238040315238809086e+01
-1.234013412271162302e+01
-1.230233996159153342e+01
-1.231206846746234262e+01
-1.230904601925129072e+01
-1.230277871807310497e+01
-1.230094194093339688e+01
-1.222141921160792855e+01
-1.218327442147793072e+01
-1.219223177855160145e+01
-1.223588843172056606e+01
-1.219955197186148510e+01
-1.224030597242622775e+01
-1.211419401767920156e+01
-1.210912782326371762e+01
-1.214578506645347922e+01
-1.210018722446400830e+01
-1.210574539396303528e+01
-1.210292107992686539e+01
-1.210629535178695448e+01
-1.210563382339698357e+01
-1.209979546128153061e+01
-1.211080917248586886e+01
-1.210908008552084603e+01
-1.211487463747209503e+01
-1.211666747627356777e+01
-1.213838310421635214e+01
-1.213514795420468673e+01
-1.213663612520845447e+01
-1.209781785732706538e+01
-1.208205034572389458e+01
-1.207593815579382657e+01
-1.208872263808582126e+01
-1.209337566910219230e+01
-1.208785638529794326e+01
-1.210891140705801838e+01
-1.210016989765525075e+01
-1.216643756144737232e+01
-1.218297440138463017e+01
-1.224304202960971288e+01
-1.218449693996544880e+01
-1.221010253520345756e+01
-1.224753565970232572e+01
-1.224496271834451555e+01
-1.225424875399181346e+01
-1.222970538874604962e+01
-1.224287700629988329e+01
-1.223493852600164722e+01
-1.223696423214839690e+01
-1.223194629224361130e+01
-1.225013999850379243e+01
-1.224220364001228489e+01
-1.221740444189305030e+01
-1.221196734311111420e+01
-1.222529775271418551e+01
-1.223192837064718219e+01
-1.223661258649456585e+01
-1.223578987975659338e+01
-1.225333915189291289e+01
-1.226632721332189035e+01
-1.230340645916133546e+01
-1.229842362813071155e+01
-1.229594796489405795e+01
-1.230809450162555763e+01
-1.218760359560301687e+01
-1.217024889687793632e+01
-1.218041811760279636e+01
-1.219249056834226508e+01
-1.217681723412561823e+01
-1.214563279247082050e+01
-1.213449072254971561e+01
-1.212182510603985364e+01
-1.195399806664673648e+01
-1.196041779944485484e+01
-1.198457626362127293e+01
-1.191231028946925896e+01
-1.190875292274368391e+01
-1.194239114871551166e+01
-1.196700680223137248e+01
-1.191217070847729254e+01
-1.191537063203171343e+01
-1.191096580482920508e+01
-1.192917022723119125e+01
-1.192818338570601178e+01
-1.184204895643356892e+01
-1.186910435193416014e+01
-1.186520650373726760e+01
-1.187481684474948551e+01
-1.184331329855071857e+01
-1.187989358619252123e+01
-1.189326999894616144e+01
-1.189431469860294932e+01
-1.188218583248583116e+01
-1.187321511425913023e+01
-1.185339384088869963e+01
-1.181504129799069780e+01
-1.185753770346126323e+01
-1.184826926599349584e+01
-1.183475862487482821e+01
-1.182663073408455112e+01
-1.180057576415086196e+01
-1.179277031692600275e+01
-1.179368041782515419e+01
-1.178366383185678146e+01
-1.178862563835770771e+01
-1.181189730956087303e+01
-1.181594197600278129e+01
-1.186839638529238528e+01
-1.189455119203684319e+01
-1.187652262099242328e+01
-1.187224161806770972e+01
-1.185487988622559463e+01
-1.193186668451684440e+01
-1.193290725800688534e+01
-1.196634251772901258e+01
-1.195305816463977422e+01
-1.197767861258680711e+01
-1.197621061043748902e+01
-1.196718641186667220e+01
-1.197234215494376564e+01
-1.195983910173242570e+01
-1.191884494611049838e+01
-1.191397031198304468e+01
-1.194011012276776285e+01
-1.192483355861736527e+01
-1.193115562724143608e+01
-1.191078390460912395e+01
-1.191089167021265460e+01
-1.191393710648639725e+01
-1.189892283243331228e+01
-1.187174904933760899e+01
-1.186683851724735028e+01
-1.188849334392664758e+01
-1.190254003988148312e+01
-1.192507425658646980e+01
-1.195629794206891461e+01
-1.196337951372084518e+01
-1.198324581820268797e+01
-1.196911061846165936e+01
-1.196677539351475872e+01
-1.197866439773600078e+01
-1.194932033236813496e+01
-1.196643414673398809e+01
-1.199846226635625257e+01
-1.202087561935349314e+01
-1.194010407234401860e+01
-1.198663249475679571e+01
-1.190482475909631788e+01
-1.189907239041160203e+01
-1.191696061013104035e+01
-1.192055941353121540e+01
-1.188996784523873274e+01
-1.189312737586059576e+01
-1.190243893629656924e+01
-1.189416394603661509e+01
-1.191625794862546606e+01
-1.189255315463920759e+01
-1.189805842972831762e+01
-1.190614844824339436e+01
-1.193803662460466697e+01
-1.199547544795667697e+01
-1.196972839387917986e+01
-1.194234983450889054e+01
-1.195721636620023531e+01
-1.199272349342364663e+01
-1.198570571422276743e+01
-1.197209491466552578e+01
-1.196886798629206794e+01
-1.196990829340541751e+01
-1.199205795786457607e+01
-1.191447610207088736e+01
-1.184464991936293998e+01
-1.184443479328934501e+01
-1.184620752830325863e+01
-1.187397980103012252e+01
-1.186656258071440995e+01
-1.195995811580882773e+01
-1.195764949125743470e+01
-1.190659923965504596e+01
-1.191821478026783332e+01
-1.191390790432975777e+01
-1.190798022942648338e+01
-1.190396486833011025e+01
-1.190752643941069522e+01
-1.192047379562233367e+01
-1.191817587687604352e+01
-1.190943312463715031e+01
-1.191161669951991797e+01
-1.190358495329719446e+01
-1.188648917528438353e+01
-1.188938442888493618e+01
-1.190772218404365823e+01
-1.191772041758190781e+01
-1.191300642212042327e+01
-1.191126492626679756e+01
-1.191197183555070005e+01
-1.193670701817574553e+01
-1.192961030946570844e+01
-1.199383535159081404e+01
-1.199390902698706185e+01
-1.189499808012208248e+01
-1.190237984647796843e+01
-1.189729935867163491e+01
-1.190918843992779230e+01
-1.191061448344578899e+01
-1.192732818953980178e+01
-1.187837954581553213e+01
-1.187708760896643234e+01
-1.189605262548938391e+01
-1.189914985416887205e+01
-1.188470675904810570e+01
-1.190213754875943586e+01
-1.190129624596581159e+01
-1.192381120494626678e+01
-1.191612310981655654e+01
-1.190390280596190919e+01
-1.190380073938313110e+01
-1.190788668532516326e+01
-1.189248818837858579e+01
-1.193039288973076673e+01
-1.191773533064820434e+01
-1.191520104906721222e+01
-1.191564864686024805e+01
-1.191430053124214794e+01
-1.186130301554164390e+01
-1.186551677024115392e+01
-1.184757678278894844e+01
-1.182551025348792173e+01
-1.181231274825707267e+01
-1.180688228883757951e+01
-1.179522824891604671e+01
-1.179432130608963902e+01
-1.179633166499237618e+01
-1.186776061514432001e+01
-1.186418114807001878e+01
-1.180482725341142469e+01
-1.180817577120798845e+01
-1.181640912434106916e+01
-1.183634634468345048e+01
-1.184392467480998867e+01
-1.187848387688395668e+01
-1.188579818642135777e+01
-1.190174621949297240e+01
-1.189228240020043614e+01
-1.189816132623609946e+01
-1.190665922099428187e+01
-1.193462369149902891e+01
-1.188811980410883962e+01
-1.187776126489861106e+01
-1.189040783809391577e+01
-1.190492576698798288e+01
-1.189381281526691048e+01
-1.190243910028230623e+01
-1.191162689776240136e+01
-1.189048295720275306e+01
-1.188108805499522092e+01
-1.189031129116961516e+01
-1.188075119430971149e+01
-1.186444147098458402e+01
-1.189764426567163724e+01
-1.189026141521967972e+01
-1.187953927156782896e+01
-1.193435800962271465e+01
-1.193322679459306457e+01
-1.196634651950640382e+01
-1.192860965815676089e+01
-1.193963787831735779e+01
-1.192843678641145466e+01
-1.190030875128182686e+01
-1.186198025621556695e+01
-1.184950558536164245e+01
-1.183672030762459038e+01
-1.184782022376891852e+01
-1.183790739249326940e+01
-1.183914492435136623e+01
-1.184296262250126475e+01
-1.183986874609010087e+01
-1.182663338899661909e+01
-1.183455823023139075e+01
-1.180641138155250225e+01
-1.181475778416888112e+01
-1.183625112899956555e+01
-1.185835511496990158e+01
-1.185950885055312476e+01
-1.185587005479477440e+01
-1.186736540895724978e+01
-1.189869935934075507e+01
-1.188609835953859495e+01
-1.189666306201885959e+01
-1.192230609586236234e+01
-1.193944955823451970e+01
-1.188552583941558005e+01
-1.188641597006108874e+01
-1.188746800760731581e+01
-1.203695848185232364e+01
-1.203323569547267091e+01
-1.200178517267645262e+01
-1.200030124961733335e+01
-1.191971250254677450e+01
-1.191121611501570143e+01
-1.192107112338165820e+01
-1.190223153765612452e+01
-1.191415650674892213e+01
-1.188889530155857344e+01
-1.188904177610501911e+01
-1.189400089244548298e+01
-1.189823839075073941e+01
-1.190009177880289037e+01
-1.187864682948490369e+01
-1.189293559969877023e+01
-1.190559764534388165e+01
-1.190503838372133849e+01
-1.189691652607537797e+01
-1.190448020991737721e+01
-1.189218923837144359e+01
-1.193035066971754077e+01
-1.193724604513905163e+01
-1.190260417480653032e+01
-1.190381215135669990e+01
-1.188511732701239154e+01
-1.188927690692423589e+01
-1.189199764764622103e+01
-1.183798593068887328e+01
-1.182543024268098542e+01
-1.184949123216804523e+01
-1.187004379582989166e+01
-1.186614837367912934e+01
-1.188903599920084453e+01
-1.190648288027737500e+01
-1.192983478133051989e+01
-1.192007839346130282e+01
-1.192623940001336180e+01
-1.192785038177196988e+01
-1.193109242679361692e+01
-1.186799814006470832e+01
-1.193308755182660441e+01
-1.192970861514993430e+01
-1.194001103746515646e+01
-1.193989918231892666e+01
-1.192973160416125467e+01
-1.190403721750186428e+01
-1.188306849994520142e+01
-1.190431135077175107e+01
-1.192206264075916877e+01
-1.192502661936195274e+01
-1.191626653165070415e+01
-1.191939298814221004e+01
-1.194452931028137499e+01
-1.192984695925721894e+01
-1.192638042699797296e+01
-1.193608628549498185e+01
-1.192401633473878064e+01
-1.192727307424821426e+01
-1.193154827710830368e+01
-1.193601811955309877e+01
-1.194436158872569642e+01
-1.197180076988339437e+01
-1.197068939253470177e+01
-1.200070824680621406e+01
-1.198624919371257036e+01
-1.199633504695142072e+01
-1.200584287567970243e+01
-1.192480738595671319e+01
-1.192892676843610289e+01
-1.199674618277629712e+01
-1.206399712663151824e+01
-1.206145137313681026e+01
-1.199445416369413309e+01
-1.197760697994269918e+01
-1.199331923847077519e+01
-1.199053748184521950e+01
-1.197923684911694941e+01
-1.196796328587229752e+01
-1.196292591861461929e+01
-1.196292601294193680e+01
-1.194603841455625393e+01
-1.197454977234980689e+01
-1.198602692544917581e+01
-1.193503410835142198e+01
-1.194145232485315589e+01
-1.193785464048013800e+01
-1.195820255820774491e+01
-1.186040606060540092e+01
-1.186675221453549334e+01
-1.185812974262356256e+01
-1.186214342499824070e+01
-1.186964671804342686e+01
-1.187195719020879636e+01
-1.187034224960397211e+01
-1.183753696957355395e+01
-1.184983928004789355e+01
-1.188454142838815741e+01
-1.187305922718788231e+01
-1.188254269002531593e+01
-1.187632770626564138e+01
-1.186947735818322336e+01
-1.187168540441650677e+01
-1.184946172929786457e+01
-1.185725988538905362e+01
-1.184064772590841486e+01
-1.181936864312442559e+01
-1.182142509126985530e+01
-1.180779413128606414e+01
-1.181011429246104960e+01
-1.180896342585301184e+01
-1.180222841141048562e+01
-1.179584352191261232e+01
-1.185578639010382318e+01
-1.184928674917083669e+01
-1.187561367594075001e+01
-1.188395447287170192e+01
-1.189112880605858713e+01
-1.188927503891409287e+01
-1.188524001589581758e+01
-1.187702184957701235e+01
-1.186213164633206318e+01
-1.185870221537061298e+01
-1.184722387398166710e+01
-1.185731986085917455e+01
-1.186863618384921892e+01
-1.186269348604479390e+01
-1.187480545652416097e+01
-1.188809953791303720e+01
-1.189172568705806299e+01
-1.178732538658274898e+01
-1.174183470868220169e+01
-1.172191926691726493e+01
-1.180196649304314604e+01
-1.177831042576261744e+01
-1.179095148799300219e+01
-1.179303574139953703e+01
-1.174853323261227622e+01
-1.168468109943665212e+01
-1.170887320439720369e+01
-1.169408471921102688e+01
-1.170988531077510153e+01
-1.170151591171353012e+01
-1.166832900609547430e+01
-1.170406994349674434e+01
-1.170563902736657447e+01
-1.179851825106897678e+01
-1.176333209111946410e+01
-1.173026574935500754e+01
-1.174631924224904900e+01
-1.170064778011170681e+01
-1.171429084610690552e+01
-1.168643327822198152e+01
-1.168625464557221250e+01
-1.166228025650618072e+01
-1.165148013834864393e+01
-1.166361132595846684e+01
-1.169364677602383651e+01
-1.169585855833884480e+01
-1.170964337374872422e+01
-1.170894018179948581e+01
-1.171023490769845310e+01
-1.170660866087643903e+01
-1.171205529955717140e+01
-1.172327583575289189e+01
-1.172340820419676355e+01
-1.171551879165678933e+01
-1.168230292970925532e+01
-1.167040925021696296e+01
-1.166442001800047379e+01
-1.166372062790335740e+01
-1.163806539356597192e+01
-1.163884735456911201e+01
-1.161311975948795983e+01
-1.163284547644360956e+01
-1.163455451373580196e+01
-1.167402730842704273e+01
-1.168570197990707804e+01
-1.168860501701380450e+01
-1.168224564411528732e+01
-1.170115034875181870e+01
-1.170395899131405315e+01
-1.170188138143996071e+01
-1.167511457758361182e+01
-1.166632232610963982e+01
-1.168181325214394128e+01
-1.166263528895573209e+01
-1.170088820661834816e+01
-1.169778036982574498e+01
-1.168030200917734973e+01
-1.166669133773299549e+01
-1.165479027794153843e+01
-1.165587516250304745e+01
-1.164417639871465759e+01
-1.166472687771226013e+01
-1.167239591872290028e+01
-1.165941699053412961e+01
-1.165783390048490276e+01
-1.164732302698046240e+01
-1.161364597227228757e+01
-1.161323631561817749e+01
-1.161287016299784014e+01
-1.160998200871699204e+01
-1.160541381626672042e+01
-1.160404472083675742e+01
-1.158996439605125772e+01
-1.159206157062356368e+01
-1.158312106779818507e+01
-1.159340443576994240e+01
-1.156547684692678146e+01
-1.156674907757285453e+01
-1.158847365287634901e+01
-1.157568085125841861e+01
-1.164312370614748815e+01
-1.162202434906797777e+01
-1.162574074632240517e+01
-1.161722092744097701e+01
-1.162940996609870759e+01
-1.164333099809557837e+01
-1.162987416136593311e+01
-1.163239502422231553e+01
-1.162808445016863423e+01
-1.162193002492758609e+01
-1.164028553234234487e+01
-1.164458484897014934e+01
-1.161742964168670156e+01
-1.162336061079734151e+01
-1.160267190365947698e+01
-1.159490371507951068e+01
-1.158895234989685186e+01
-1.158816388733843539e+01
-1.159069930050708130e+01
-1.159709509710222797e+01
-1.159429482256071431e+01
-1.159618065164065825e+01
-1.160061006856788346e+01
-1.158261693413749960e+01
-1.157025071071623401e+01
-1.161061602089664291e+01
-1.157808355779642717e+01
-1.159065968461186813e+01
-1.160179461462215755e+01
-1.161455499488060639e+01
-1.160421040177647001e+01
-1.160856874276793427e+01
-1.160256050660157179e+01
-1.160136283083117803e+01
-1.159652746590407801e+01
-1.158425323187442757e+01
-1.168109673953170002e+01
-1.168130964659923876e+01
