# 2*np.log[MAD(r)] for 100 flights; 1000 steps per flight; run 25 of 50; mu: 2.20; seed: 24
-2.389792297107346997e+01
-2.203838114461078845e+01
-2.165251079837007708e+01
-2.118026755344249423e+01
-2.067531465768730214e+01
-2.025969461534620208e+01
-1.993966427000225394e+01
-1.989162710995340788e+01
-1.977365711710042362e+01
-1.958311722452569370e+01
-1.908294010022632037e+01
-1.877650992568039712e+01
-1.876964687995915071e+01
-1.858646345319633753e+01
-1.842614418245312891e+01
-1.833229658924674155e+01
-1.826836844468924426e+01
-1.843070280990075105e+01
-1.813055241048475708e+01
-1.825191678109278470e+01
-1.801043609451525995e+01
-1.769979591844010969e+01
-1.775268474385869055e+01
-1.764890786040469095e+01
-1.766485436770214790e+01
-1.756278650854340739e+01
-1.746421458958093709e+01
-1.719019569161267924e+01
-1.719918796500268598e+01
-1.716194782838840638e+01
-1.678213844315536818e+01
-1.678704655516006028e+01
-1.670448132357813620e+01
-1.690234070817161438e+01
-1.672128589715982372e+01
-1.672867944296270082e+01
-1.671550496590389301e+01
-1.649854431941805899e+01
-1.649304122172737053e+01
-1.603975328232040454e+01
-1.609234931929207590e+01
-1.591368893396858830e+01
-1.605977963040481882e+01
-1.590292693818846992e+01
-1.581668384839603902e+01
-1.583551387605566418e+01
-1.576961195294291862e+01
-1.588583892478535731e+01
-1.594368053673238173e+01
-1.592366773822706172e+01
-1.591238402602638402e+01
-1.579722959681126682e+01
-1.581975794534776725e+01
-1.585340450329353779e+01
-1.590690178332711469e+01
-1.558066585301478746e+01
-1.554029314053800803e+01
-1.554244313493601304e+01
-1.560659201298018139e+01
-1.561627603042773416e+01
-1.560041078601390474e+01
-1.548067042907802637e+01
-1.545695111735451377e+01
-1.552759033805796030e+01
-1.538552827896740816e+01
-1.538621062482392077e+01
-1.539533505888007170e+01
-1.531765103024486052e+01
-1.529602076260610843e+01
-1.532471764751658050e+01
-1.525261978791687945e+01
-1.518198771628589583e+01
-1.517081035946789669e+01
-1.524416719770458428e+01
-1.529869209174005817e+01
-1.524539901383220020e+01
-1.522285361040318286e+01
-1.534656006178483167e+01
-1.518493486210870458e+01
-1.520070696322367887e+01
-1.524701066112946179e+01
-1.515805616062483985e+01
-1.515023233778650003e+01
-1.517185839417932947e+01
-1.520901580223624450e+01
-1.524042837513460391e+01
-1.510982304850270275e+01
-1.509782716572969896e+01
-1.506824748605225395e+01
-1.513347625566739296e+01
-1.509458140732206211e+01
-1.515970407793061625e+01
-1.499733627613879783e+01
-1.495327408261431934e+01
-1.497987435127253697e+01
-1.497734227621348602e+01
-1.505540981714424653e+01
-1.497946700037586787e+01
-1.484763180947119032e+01
-1.479243432258959778e+01
-1.479510476048794843e+01
-1.484275612171814629e+01
-1.485289717086680561e+01
-1.485920526667725738e+01
-1.483363502881180906e+01
-1.474167589522275001e+01
-1.474104345903319668e+01
-1.473495718993740411e+01
-1.481079863606298730e+01
-1.491624706106172127e+01
-1.485958316105631205e+01
-1.476109560394883502e+01
-1.468027864826772344e+01
-1.460364585402841797e+01
-1.465424328848430235e+01
-1.463570424003031967e+01
-1.465380322515177802e+01
-1.460047427688980193e+01
-1.459227260251677727e+01
-1.463481021722012443e+01
-1.456470419280933370e+01
-1.465357861468113754e+01
-1.457194772111468417e+01
-1.468042950718676565e+01
-1.470445114301686651e+01
-1.459497403442775187e+01
-1.458813372718418400e+01
-1.468906887431131203e+01
-1.453369747528543954e+01
-1.443148242770463874e+01
-1.447810573564804848e+01
-1.463543082514317462e+01
-1.455190898153824541e+01
-1.441697934319915042e+01
-1.455755380877865690e+01
-1.455160131730246675e+01
-1.441191585969334810e+01
-1.437792865384647101e+01
-1.437078755238765737e+01
-1.438174309939108575e+01
-1.420826239553131565e+01
-1.423942003004865953e+01
-1.408807598351880230e+01
-1.406592199608425986e+01
-1.404828060600592643e+01
-1.402155533234014051e+01
-1.406482555399028023e+01
-1.406962774809081651e+01
-1.403740760109734609e+01
-1.401657539917639284e+01
-1.402076638420833810e+01
-1.402303600792031446e+01
-1.399281616856444188e+01
-1.400768736307106188e+01
-1.398574996984920737e+01
-1.395385883933424864e+01
-1.396912802232921713e+01
-1.394564191763802619e+01
-1.399612145894149684e+01
-1.398355899841456562e+01
-1.401523103109478896e+01
-1.406803892897799813e+01
-1.399419844844420169e+01
-1.398254784043892940e+01
-1.396053983093481143e+01
-1.395704486326061655e+01
-1.399000307924853459e+01
-1.397013118075063076e+01
-1.397259686893508324e+01
-1.396183072926561586e+01
-1.405100920464101932e+01
-1.404083714671424588e+01
-1.406454011339998367e+01
-1.411808254423576159e+01
-1.418037616960038783e+01
-1.420281900827695232e+01
-1.420780969641560709e+01
-1.421076488777955760e+01
-1.420095254371218019e+01
-1.417069061212223779e+01
-1.412122653697286800e+01
-1.408706591549953480e+01
-1.410409430435486655e+01
-1.403861448038356130e+01
-1.410709543530866128e+01
-1.405244216110841116e+01
-1.414312274426660920e+01
-1.418312873708681288e+01
-1.423106547160767477e+01
-1.419735568113603641e+01
-1.426381883684618401e+01
-1.420276081531761037e+01
-1.416218357307570308e+01
-1.420918350867929902e+01
-1.425801525223819866e+01
-1.423324615686609995e+01
-1.410882589193940895e+01
-1.416707341967969747e+01
-1.418084823466831956e+01
-1.413507768242672924e+01
-1.413517369554141290e+01
-1.414076275689930995e+01
-1.409216304627242167e+01
-1.413918090957927198e+01
-1.411352701641894924e+01
-1.405432558175838942e+01
-1.406824092392193215e+01
-1.404824753261457637e+01
-1.405898338264232805e+01
-1.402926297960229896e+01
-1.406948001557010741e+01
-1.408119145745792622e+01
-1.401953766055494199e+01
-1.405432837995694229e+01
-1.403971633050134216e+01
-1.404964631628818772e+01
-1.408122259539742416e+01
-1.409987297357028524e+01
-1.412477333799568058e+01
-1.404294429870675032e+01
-1.401363396742978473e+01
-1.398353358053505779e+01
-1.399372172295758254e+01
-1.400648834919022434e+01
-1.404995004654269941e+01
-1.394683196504720435e+01
-1.399472871514528016e+01
-1.398419836353456347e+01
-1.392115914594983828e+01
-1.390314382431772700e+01
-1.375323351150354156e+01
-1.381425493306710983e+01
-1.361312296921227194e+01
-1.363939538420788367e+01
-1.360322118239667688e+01
-1.367576823492323257e+01
-1.370253182752028742e+01
-1.366997377707661698e+01
-1.368502537407033515e+01
-1.367933090510686966e+01
-1.365102461374494602e+01
-1.366475746751194542e+01
-1.366276283145308312e+01
-1.368750830510859906e+01
-1.362855865882954554e+01
-1.367396955044019968e+01
-1.370060425664493664e+01
-1.366372089114180710e+01
-1.361968956048592361e+01
-1.362741341544484897e+01
-1.366776370253516859e+01
-1.361418372914100061e+01
-1.365841212400988525e+01
-1.358139544610925320e+01
-1.359077481951629807e+01
-1.358794671920905550e+01
-1.353701320192965873e+01
-1.340845016085265939e+01
-1.339241644123917041e+01
-1.340680450983283301e+01
-1.334416986827567797e+01
-1.332206580669147833e+01
-1.336940244045770676e+01
-1.335975272989214169e+01
-1.336662436716700952e+01
-1.329909340866887568e+01
-1.334943305190288498e+01
-1.333674067353834580e+01
-1.338341341884318858e+01
-1.335828762398230118e+01
-1.333421264792093730e+01
-1.335594828850426730e+01
-1.338930838181160432e+01
-1.336224819285105880e+01
-1.334056628514853138e+01
-1.332658199617171491e+01
-1.325903003338327046e+01
-1.327342078537823866e+01
-1.326858174215972141e+01
-1.328483972121354739e+01
-1.328710564255830739e+01
-1.326876143545942988e+01
-1.322985366134034280e+01
-1.324352379016478487e+01
-1.325640921529907246e+01
-1.322949320384597804e+01
-1.341306068645149097e+01
-1.341873606638847960e+01
-1.341292451743623282e+01
-1.330686066374870258e+01
-1.331727690932383368e+01
-1.331542741850701361e+01
-1.323436714115968549e+01
-1.322823639289046938e+01
-1.324862195404890031e+01
-1.324179879992675524e+01
-1.316945396247459321e+01
-1.315472774864529448e+01
-1.310646232865149940e+01
-1.307348243176822145e+01
-1.311254263095493577e+01
-1.311526717219021165e+01
-1.313230733089881319e+01
-1.311743411505381829e+01
-1.310885569585392396e+01
-1.311077728632393935e+01
-1.312168180094873371e+01
-1.305447285410281211e+01
-1.308596551827957022e+01
-1.313523648693866974e+01
-1.311454660454990950e+01
-1.313247197014809942e+01
-1.308941937756600105e+01
-1.311417400276023493e+01
-1.314468860671226480e+01
-1.312146360018417468e+01
-1.312145259661702923e+01
-1.315068057486718622e+01
-1.311673846363625273e+01
-1.310868567565854725e+01
-1.312960320199017161e+01
-1.309793725046795210e+01
-1.313298981739026949e+01
-1.311995616624530214e+01
-1.312909847931532603e+01
-1.315484533640703013e+01
-1.317637272368152779e+01
-1.319766660383203316e+01
-1.317845217499858812e+01
-1.321848514967814836e+01
-1.319330443557477928e+01
-1.326638450823812754e+01
-1.330508197092503586e+01
-1.318202092910483891e+01
-1.320040634844378857e+01
-1.314910465829471597e+01
-1.319626959234095587e+01
-1.324464382057151823e+01
-1.328367967603569078e+01
-1.321493947176879935e+01
-1.329192085821785163e+01
-1.329897160564607184e+01
-1.324094236841543371e+01
-1.324344784811568054e+01
-1.326177261446060562e+01
-1.325415479418770026e+01
-1.328938732379736720e+01
-1.327206518293668402e+01
-1.327225265800257503e+01
-1.325807125894559846e+01
-1.324841960731949086e+01
-1.329832158070169790e+01
-1.330624957653511231e+01
-1.330486185415307432e+01
-1.330828087462637654e+01
-1.329203611870346435e+01
-1.326023471301512124e+01
-1.325718571664286749e+01
-1.328378363273710328e+01
-1.327859033483911055e+01
-1.324632290549527980e+01
-1.324620868199197687e+01
-1.317542615817200868e+01
-1.318358037273927330e+01
-1.314196642025100026e+01
-1.318743519610550941e+01
-1.313383940683644546e+01
-1.315721720965239783e+01
-1.316753717866035878e+01
-1.316801313679923346e+01
-1.319688854542206435e+01
-1.320703799894165975e+01
-1.321313607543105029e+01
-1.320763096458380659e+01
-1.327118034006728386e+01
-1.329139919716973850e+01
-1.325298621917961839e+01
-1.325209500875390667e+01
-1.326146193582381017e+01
-1.325654804216392435e+01
-1.322013801592303928e+01
-1.320769453362017209e+01
-1.320977439396319930e+01
-1.321657486178882479e+01
-1.318010850043233795e+01
-1.317858539271303897e+01
-1.317922961554046601e+01
-1.318754825181849810e+01
-1.329933145625544100e+01
-1.331490806936722393e+01
-1.335738226987434274e+01
-1.334750385589232913e+01
-1.334528248083246282e+01
-1.335292187452095725e+01
-1.335228756959755358e+01
-1.340243882638061557e+01
-1.337099900007189568e+01
-1.339198152812152109e+01
-1.335072076956794263e+01
-1.332865789177289528e+01
-1.329992066122480665e+01
-1.335138626501798775e+01
-1.335031312769809020e+01
-1.335458167328986434e+01
-1.333024103756358159e+01
-1.330470853411519094e+01
-1.326736337275455213e+01
-1.329630303237574118e+01
-1.331590064097600035e+01
-1.322082596524143305e+01
-1.327058294742326261e+01
-1.332069786131977729e+01
-1.338246504360351530e+01
-1.337857635377624455e+01
-1.326292766522708888e+01
-1.325046166890690813e+01
-1.326198686460423026e+01
-1.323923448908628231e+01
-1.323172401612480265e+01
-1.335622023919857959e+01
-1.335416822570821793e+01
-1.346043721650762848e+01
-1.346843727809442193e+01
-1.346184163909589593e+01
-1.343195257925622599e+01
-1.337089560959775092e+01
-1.342927608052197463e+01
-1.340717847771471583e+01
-1.340283899688136238e+01
-1.337484478982674929e+01
-1.341391525537274099e+01
-1.335747684332096341e+01
-1.330839172471836029e+01
-1.336313287308151487e+01
-1.334508736393150485e+01
-1.331582341043105977e+01
-1.338361173307065854e+01
-1.337639706901961212e+01
-1.334560707530145329e+01
-1.325764055157203281e+01
-1.329671995273298890e+01
-1.328719889104439922e+01
-1.323884406548577530e+01
-1.326366001762742819e+01
-1.322928817674485558e+01
-1.326555664178857974e+01
-1.336550872015580893e+01
-1.316820796055270293e+01
-1.318467776631653798e+01
-1.322869680388786229e+01
-1.325814232914467894e+01
-1.338057903104731494e+01
-1.314206723515639297e+01
-1.308910652650352624e+01
-1.305445100738635666e+01
-1.302241252709080932e+01
-1.303418620739076239e+01
-1.304431636760224400e+01
-1.299393049867110328e+01
-1.297500656475228276e+01
-1.296049397169948314e+01
-1.298120009807996311e+01
-1.301922703785001367e+01
-1.298997722377270847e+01
-1.293620148682618343e+01
-1.291211669333580581e+01
-1.282895056060229777e+01
-1.280271667003684755e+01
-1.289553224599354841e+01
-1.283582805826669393e+01
-1.284482110061277282e+01
-1.287741365261057247e+01
-1.288177049372225014e+01
-1.290432370487318892e+01
-1.288508120968065640e+01
-1.289266261339701458e+01
-1.299494007351820102e+01
-1.305770374743739382e+01
-1.301099452118350897e+01
-1.297718607638835309e+01
-1.301526505816686630e+01
-1.309768847010529491e+01
-1.302977650612366389e+01
-1.306081672622079459e+01
-1.290943251908592160e+01
-1.293027813624122579e+01
-1.301658848494854759e+01
-1.292434350352545103e+01
-1.292824903512148360e+01
-1.287746997747722943e+01
-1.281900102822777043e+01
-1.280334501131712166e+01
-1.282236223012526111e+01
-1.278615088347132556e+01
-1.280132457025942472e+01
-1.280052414728227816e+01
-1.281402250794928932e+01
-1.282853343798537260e+01
-1.277823755678363327e+01
-1.279212179523589654e+01
-1.283449794568083746e+01
-1.283394072595465829e+01
-1.283015999225936099e+01
-1.287914621592862829e+01
-1.288032590703662983e+01
-1.284411139093980125e+01
-1.282607913075644568e+01
-1.284458516152394836e+01
-1.284982778487742294e+01
-1.287567528961792540e+01
-1.274869708667820589e+01
-1.266462721308013961e+01
-1.269274870926085264e+01
-1.268568621878275238e+01
-1.267165677996989537e+01
-1.269084641010896952e+01
-1.275841592221432919e+01
-1.282665586691633841e+01
-1.270927933799626608e+01
-1.270151178943918779e+01
-1.268017988395727080e+01
-1.268388863868185368e+01
-1.269212062965667798e+01
-1.272031717324848898e+01
-1.273286321477607252e+01
-1.274409010863262992e+01
-1.272692449686332772e+01
-1.273718884953394692e+01
-1.272563097946337329e+01
-1.272674277074102100e+01
-1.265415482663843605e+01
-1.265680073288457486e+01
-1.266618024466947823e+01
-1.273180050186830670e+01
-1.272381957991957613e+01
-1.269667615279937145e+01
-1.271088021239619259e+01
-1.279910737448504321e+01
-1.276953793061850284e+01
-1.274203986794942622e+01
-1.266218702470197854e+01
-1.265974976227547266e+01
-1.260990252629491692e+01
-1.258882913320604402e+01
-1.263463272767263845e+01
-1.265230028274628182e+01
-1.264070546245720728e+01
-1.263668819101363461e+01
-1.262812826196082838e+01
-1.262734299119150094e+01
-1.259041277530422853e+01
-1.266110523389404818e+01
-1.265667438275514733e+01
-1.264448335921772504e+01
-1.261660298318774664e+01
-1.262669106801157781e+01
-1.262745359699740177e+01
-1.259718041325008109e+01
-1.261055455423349514e+01
-1.259752842270873252e+01
-1.260497330631359425e+01
-1.259858021453297816e+01
-1.255589206781453981e+01
-1.255056306020321699e+01
-1.257301189376517492e+01
-1.257215566540793539e+01
-1.254864822980594674e+01
-1.251693565699481425e+01
-1.255585740562009889e+01
-1.254399284362166078e+01
-1.247338153865720578e+01
-1.248051328983382824e+01
-1.248673997333372121e+01
-1.246825661620901116e+01
-1.244900254357123970e+01
-1.244213263430502181e+01
-1.244076847260134677e+01
-1.247064308953915557e+01
-1.241622877243842993e+01
-1.251942514077384949e+01
-1.252592283051452604e+01
-1.251314629414335045e+01
-1.250306649303448658e+01
-1.247862049172283072e+01
-1.247023360750820586e+01
-1.242683296942991333e+01
-1.241179492679465390e+01
-1.247126998598916714e+01
-1.245694095648014788e+01
-1.245374411479850707e+01
-1.247832327782692552e+01
-1.250679862661801245e+01
-1.254150702510643534e+01
-1.254596074124849103e+01
-1.254683233009380672e+01
-1.252756694480374300e+01
-1.253950534386552818e+01
-1.257114962690652682e+01
-1.258961971966840920e+01
-1.259897366392938345e+01
-1.260890801071938405e+01
-1.258223389261567604e+01
-1.260645586293130194e+01
-1.245158067702888971e+01
-1.243270365516169562e+01
-1.242314172883841294e+01
-1.249319175252062486e+01
-1.247591592483934164e+01
-1.246308994131943493e+01
-1.246426480355700583e+01
-1.243098740603318397e+01
-1.241387955361468087e+01
-1.249248007154513296e+01
-1.250432963391137697e+01
-1.257033301627298627e+01
-1.254567682996580302e+01
-1.256467189622700076e+01
-1.254959275285603049e+01
-1.240483176384248054e+01
-1.237078629711417221e+01
-1.237678985974161172e+01
-1.237315090194472411e+01
-1.238490604066760881e+01
-1.237767502671247044e+01
-1.237646582747925805e+01
-1.240380392659159270e+01
-1.235403721234272467e+01
-1.235660948100509238e+01
-1.234144150268591922e+01
-1.234035678050429752e+01
-1.235051097004548559e+01
-1.236664735676700744e+01
-1.236980242722139955e+01
-1.236846637178202712e+01
-1.236769572336081957e+01
-1.232538838781622914e+01
-1.231859118767646422e+01
-1.233142847630694661e+01
-1.231242126538335668e+01
-1.231184343537789871e+01
-1.228819035074926447e+01
-1.231305731496419575e+01
-1.229108743497519640e+01
-1.227618866604029080e+01
-1.231233836774040569e+01
-1.234574314787495020e+01
-1.234310218779989654e+01
-1.237639169045126764e+01
-1.239008144169285330e+01
-1.242455733135138551e+01
-1.237692660182762516e+01
-1.239911170876469271e+01
-1.240263246035754818e+01
-1.237951049596507680e+01
-1.236071499646464922e+01
-1.236195210407499800e+01
-1.239044695939261587e+01
-1.249360652195688459e+01
-1.254685806483171362e+01
-1.247142224536356458e+01
-1.245237577902089576e+01
-1.248661247528510643e+01
-1.245463811556173361e+01
-1.246469611490882379e+01
-1.243541264885162967e+01
-1.244255569757625146e+01
-1.246198009020056041e+01
-1.220559645790187631e+01
-1.220145356751985233e+01
-1.217223356010001112e+01
-1.215959308964853847e+01
-1.215015739099120040e+01
-1.215286808657172735e+01
-1.219766928248147231e+01
-1.217887223728729928e+01
-1.218481819595390370e+01
-1.218425419106836216e+01
-1.219696698053661166e+01
-1.215927439487648520e+01
-1.211710523131741013e+01
-1.215918925869670630e+01
-1.215545575353791108e+01
-1.213714559722300379e+01
-1.213005726979035437e+01
-1.213721922982410462e+01
-1.213884272441578638e+01
-1.211951317704603603e+01
-1.212757752012591261e+01
-1.212950720621318546e+01
-1.212338146214758972e+01
-1.212781756159690616e+01
-1.210760127610315351e+01
-1.209301827942243079e+01
-1.210336574175659408e+01
-1.213079247418589368e+01
-1.211108466843796450e+01
-1.211387607912296183e+01
-1.212827380260746502e+01
-1.213799715655079225e+01
-1.213033476488371498e+01
-1.212654181546572296e+01
-1.209533371380552502e+01
-1.205380143185224107e+01
-1.203834386198820994e+01
-1.204201962497132961e+01
-1.204178401673441101e+01
-1.203027450822644973e+01
-1.201743809620144710e+01
-1.199354194818829278e+01
-1.190815079306908331e+01
-1.190735667675323484e+01
-1.191662844845585489e+01
-1.191414020907781435e+01
-1.188075297584081369e+01
-1.187196205179300534e+01
-1.185894511338945989e+01
-1.186800481205735380e+01
-1.185931461822764277e+01
-1.185924128864296101e+01
-1.187914804026817350e+01
-1.182382299493573541e+01
-1.182529926533546671e+01
-1.188575186872888523e+01
-1.187140886794362160e+01
-1.192907661274302278e+01
-1.192643513060194849e+01
-1.191978502358658609e+01
-1.191945777259656403e+01
-1.196764534521341261e+01
-1.197949419815354943e+01
-1.200317560558512753e+01
-1.200785684180759816e+01
-1.192137401508001382e+01
-1.192356418317766042e+01
-1.192685970358001413e+01
-1.194286134533700050e+01
-1.191396374103803701e+01
-1.190326079379824087e+01
-1.191255886400827890e+01
-1.191749270220205936e+01
-1.190996562621404209e+01
-1.192997250544760846e+01
-1.192847868310488302e+01
-1.189790701327927813e+01
-1.188236157325808051e+01
-1.188189215109383134e+01
-1.191315932861206051e+01
-1.194500937177565802e+01
-1.195705544322349034e+01
-1.185917749000247845e+01
-1.187448217766127989e+01
-1.187453882567548469e+01
-1.181731561152137644e+01
-1.183080814143488801e+01
-1.181404557764135177e+01
-1.184578129857496798e+01
-1.186596831477417169e+01
-1.184120982681789869e+01
-1.172451637394330071e+01
-1.174732635329904973e+01
-1.177045430431083517e+01
-1.177592560498577789e+01
-1.177783878881184343e+01
-1.177214114982764137e+01
-1.177678821229751982e+01
-1.178144818568127938e+01
-1.169669416660263828e+01
-1.159795317339845511e+01
-1.160066510890162483e+01
-1.161754897234171580e+01
-1.160247733075637910e+01
-1.164723807908172581e+01
-1.165466663835267447e+01
-1.162225161356489167e+01
-1.164092951728562042e+01
-1.163747440103609421e+01
-1.163726499482467958e+01
-1.163843830825022785e+01
-1.163975220287176526e+01
-1.164597389299266084e+01
-1.165721411379845307e+01
-1.164585784235486265e+01
-1.163966359330952649e+01
-1.163835266426940684e+01
-1.163132840668332335e+01
-1.163662982366141563e+01
-1.162677799452521832e+01
-1.163242572027954935e+01
-1.163634216217585582e+01
-1.157243937480157214e+01
-1.157810602334092209e+01
-1.154655576746343471e+01
-1.153218263073976502e+01
-1.155790161306105901e+01
-1.166211021405850801e+01
-1.162078808927383733e+01
-1.162546348255991369e+01
-1.162184477795273807e+01
-1.161388849261390632e+01
-1.161982837762314524e+01
-1.159874810825004054e+01
-1.160461935484619822e+01
-1.160687326945437547e+01
-1.160541871893397392e+01
-1.159912723055960271e+01
-1.158306740786790456e+01
-1.155981292835130425e+01
-1.155694052958132190e+01
-1.155237187664300080e+01
-1.141533404180294831e+01
-1.141557363013698989e+01
-1.141338304157727812e+01
-1.146245398182700370e+01
-1.145029267132413686e+01
-1.150325272801897647e+01
-1.148146102686703252e+01
-1.147169620902442944e+01
-1.148663034091675783e+01
-1.146616567439447287e+01
-1.147231527772493997e+01
-1.143999397557902142e+01
-1.136346014327546072e+01
-1.135580719230287272e+01
-1.129841901774914703e+01
-1.134413036555950605e+01
-1.133813653097682916e+01
-1.132474136851572943e+01
-1.147837905703122452e+01
-1.147331932358610196e+01
-1.150540490128672388e+01
-1.155142653351260940e+01
-1.153992920943485068e+01
-1.154420402508329957e+01
-1.158973663661814868e+01
-1.155835243121219236e+01
-1.157695881864418475e+01
-1.157632419466329665e+01
-1.157810118232381491e+01
-1.162987299673275743e+01
-1.165170833242106418e+01
-1.165885791334853572e+01
-1.168540939582368843e+01
-1.158794648772139801e+01
-1.156133544466912255e+01
-1.154951393801303183e+01
-1.154503464473938124e+01
-1.153859728568349219e+01
-1.153754206803356830e+01
-1.157989844788363420e+01
-1.152909141189796749e+01
-1.152130308505664225e+01
-1.152583828403134625e+01
-1.152155492232389378e+01
-1.151102050077290606e+01
-1.153440980418679729e+01
-1.153750235535693669e+01
-1.156122751000526172e+01
-1.155832364371020837e+01
-1.154643542397253597e+01
-1.155487280534756600e+01
-1.161304977516046222e+01
-1.157719499113139783e+01
-1.141538582838105498e+01
-1.141844671513115550e+01
-1.141607805646743401e+01
-1.142011895974641256e+01
-1.143246912108805446e+01
-1.141021111447545522e+01
-1.140380729190708742e+01
-1.142232064469281561e+01
-1.139507752352055725e+01
-1.140349443818794484e+01
-1.142035689480917959e+01
-1.143185801395857482e+01
-1.142476420886821131e+01
-1.142580271380003509e+01
-1.138388095968904956e+01
-1.147509945706227441e+01
-1.148002491264382208e+01
-1.149870956165569424e+01
-1.145961373845619846e+01
-1.148638972201700348e+01
-1.154226033090931480e+01
-1.154084287552966259e+01
-1.153853261749067372e+01
-1.152292736239734339e+01
-1.152886666654579528e+01
-1.153124494152546298e+01
-1.153496638591400369e+01
-1.156492955219168728e+01
-1.158856567981312402e+01
-1.159086088802524728e+01
-1.156488764814126213e+01
-1.155934795661806724e+01
-1.156088939686818584e+01
-1.157452176026778901e+01
-1.156656360568822706e+01
-1.161029828204449643e+01
-1.161214129933666328e+01
-1.161846924486761523e+01
-1.161923155371084349e+01
-1.162960406753280296e+01
-1.164362458789704746e+01
-1.166185002154003847e+01
-1.165293741373717751e+01
-1.162961475568366154e+01
-1.162793670712136063e+01
-1.158729102156326540e+01
-1.157799493589759798e+01
-1.155732315646975117e+01
-1.158313314360247226e+01
-1.157417073224404369e+01
-1.157383240786134948e+01
-1.156432747602339184e+01
-1.163726102349717451e+01
-1.162917101691875921e+01
-1.163271386588607292e+01
-1.163284609108506018e+01
-1.156132901075509878e+01
-1.155684978652113948e+01
-1.157227954641028411e+01
-1.158787386575824563e+01
-1.158627119047335619e+01
-1.152173821905227058e+01
-1.153040377909525915e+01
-1.152571895012845182e+01
-1.157448212512701957e+01
-1.169505854787623456e+01
-1.164682592001521222e+01
-1.175359431847307690e+01
-1.174365489081783132e+01
-1.173798631063990783e+01
-1.174822106451778936e+01
-1.174775739004868669e+01
-1.174635818194261283e+01
-1.175227070289102826e+01
-1.173696356505099914e+01
-1.182260938212357715e+01
-1.181306807943357207e+01
-1.182185108676015872e+01
-1.182543845353463041e+01
-1.183461353222820556e+01
-1.186548024790569400e+01
-1.177347701862632157e+01
-1.180437946795555604e+01
-1.179402898429773749e+01
-1.185173015458331491e+01
-1.186538802743829280e+01
-1.186081082132806941e+01
-1.185873626396337244e+01
-1.185283686496454436e+01
-1.196514384556156863e+01
-1.192255707123678121e+01
-1.191412115621134404e+01
-1.203501971132729587e+01
-1.200875378471703669e+01
-1.200378235916990377e+01
-1.200683533657539215e+01
-1.191864522613361821e+01
-1.202179622352768895e+01
-1.205572993727402675e+01
-1.205626818571052716e+01
-1.206239973413314814e+01
-1.204473684301509806e+01
-1.205835965992050873e+01
-1.207197585871483270e+01
-1.206713025180594734e+01
-1.206139244776682062e+01
-1.205257971218101787e+01
-1.198474301704855804e+01
-1.198801472005536262e+01
-1.197792403238461034e+01
-1.198562476691067324e+01
-1.198861105183719822e+01
-1.196002483726600296e+01
-1.196309546308072314e+01
-1.194999262646610916e+01
-1.192615873495808998e+01
-1.193978276544149786e+01
-1.194921733487752391e+01
-1.193323862921624290e+01
-1.193437342350712527e+01
-1.188866257704652263e+01
-1.188570636969564553e+01
-1.186370628145070505e+01
-1.174212606318343077e+01
-1.175221948842079733e+01
-1.168236041362845690e+01
-1.175424364379492204e+01
-1.174739645616186934e+01
-1.176667816822010515e+01
-1.177055260876200471e+01
-1.173448625200605022e+01
-1.172557511658012785e+01
-1.168242056863691758e+01
-1.166749475316838769e+01
-1.165532931251861903e+01
-1.164666227401100862e+01
-1.165020518113436054e+01
-1.165815547692541898e+01
