# 2*np.log[MAD(r)] for 100 flights; 1000 steps per flight; run 1 of 50; mu: 2.20; seed: 0
-2.448759580969517557e+01
-2.230517300811847647e+01
-2.149428879416875660e+01
-2.137401888246935044e+01
-2.103162103079401390e+01
-2.025080124245387481e+01
-2.020006516909806393e+01
-2.012541813243667121e+01
-1.984978963664810081e+01
-1.951447852914677483e+01
-1.962307139682876311e+01
-1.915811216926573479e+01
-1.892690787158099042e+01
-1.885579184115398732e+01
-1.828546301620117731e+01
-1.828395708644258022e+01
-1.823729273869618339e+01
-1.787603046311581068e+01
-1.791621741660501144e+01
-1.791330063545131424e+01
-1.783872865635748184e+01
-1.752632951064159172e+01
-1.736466230088081986e+01
-1.728316920287340963e+01
-1.717027972832267579e+01
-1.712100769562021796e+01
-1.689891822751783579e+01
-1.668981448061152406e+01
-1.663873884889003918e+01
-1.675778420139996072e+01
-1.669131996986916988e+01
-1.683132766126702151e+01
-1.679912399790183741e+01
-1.685363849256128788e+01
-1.676729030113322594e+01
-1.660671157733543524e+01
-1.661178839180611178e+01
-1.656932491415165032e+01
-1.650608116550299087e+01
-1.657506604011308227e+01
-1.663568181689633008e+01
-1.679517629895983433e+01
-1.674206947521030031e+01
-1.644590433401494778e+01
-1.636580596150026423e+01
-1.641673316746844691e+01
-1.634535645260670123e+01
-1.639795927553225141e+01
-1.626483902558524619e+01
-1.618305645710723439e+01
-1.620411398906118450e+01
-1.623202977293058424e+01
-1.627473312033650998e+01
-1.623768956221070781e+01
-1.621859456034249547e+01
-1.621441923485239656e+01
-1.637407665018341518e+01
-1.632713835477692399e+01
-1.638688320944595844e+01
-1.629439592988950736e+01
-1.627787940806931744e+01
-1.628077387830906630e+01
-1.630984225103933838e+01
-1.609432978722231766e+01
-1.615799381003962409e+01
-1.613877460024864874e+01
-1.623603847571187941e+01
-1.615691710813067061e+01
-1.632789973500131708e+01
-1.638597442067300491e+01
-1.622671791232090754e+01
-1.625484564104496243e+01
-1.642933968895323460e+01
-1.632023297562495046e+01
-1.623116066600067242e+01
-1.619122581391808069e+01
-1.617451116609599637e+01
-1.620441320604580326e+01
-1.615622136347285576e+01
-1.609095157095436335e+01
-1.596190072359657464e+01
-1.582741954089359560e+01
-1.597840076183573288e+01
-1.569763604466612605e+01
-1.561068959137747569e+01
-1.566697933468952364e+01
-1.560376390236434752e+01
-1.563071950438672886e+01
-1.556584213049658771e+01
-1.547948661570765339e+01
-1.540832611918710349e+01
-1.543526759389849090e+01
-1.547668139149400446e+01
-1.552871074775625893e+01
-1.552670655251018594e+01
-1.551271331003306386e+01
-1.547763775691654153e+01
-1.547571419430685324e+01
-1.555262872799186269e+01
-1.569162845595779388e+01
-1.559229988168557490e+01
-1.541690335718065619e+01
-1.540986373995549030e+01
-1.537430896100129374e+01
-1.524175651831282607e+01
-1.533858214750721594e+01
-1.527953410771492138e+01
-1.523675483145847487e+01
-1.529864523901422757e+01
-1.525424526662068736e+01
-1.524381247240860127e+01
-1.533705559629899717e+01
-1.529415807491477075e+01
-1.520206257273271788e+01
-1.517838343232901011e+01
-1.506587157264395316e+01
-1.499603350440509253e+01
-1.507125612476003873e+01
-1.505117409086603963e+01
-1.493486314978891727e+01
-1.494830292546740047e+01
-1.485969134659703528e+01
-1.476479129831516879e+01
-1.474523201273492745e+01
-1.467129514782565280e+01
-1.467834049937376228e+01
-1.469297835184729273e+01
-1.466903427691072181e+01
-1.466069779473118651e+01
-1.469652215478124191e+01
-1.464347242893642864e+01
-1.457490383544726065e+01
-1.453647947990901557e+01
-1.452076888924367637e+01
-1.456395286126880606e+01
-1.460099911075620227e+01
-1.459200558121666980e+01
-1.459993503459581987e+01
-1.464507453150479321e+01
-1.460136438116809821e+01
-1.455836863543637172e+01
-1.454116767621230544e+01
-1.444313184859397836e+01
-1.446898091338054826e+01
-1.442554262251673158e+01
-1.442120922610043188e+01
-1.442485490450486907e+01
-1.446140200238115980e+01
-1.449944469192643126e+01
-1.451398604755400079e+01
-1.450037868083492754e+01
-1.449952132474945721e+01
-1.449730981250262118e+01
-1.453598643014283276e+01
-1.454094307254101004e+01
-1.448051864668215671e+01
-1.449365024812119529e+01
-1.446573235769513488e+01
-1.453706931635054289e+01
-1.448333222711060309e+01
-1.449351960927835847e+01
-1.447615636080083412e+01
-1.442678930064966814e+01
-1.442248685035225364e+01
-1.444794113010634007e+01
-1.442403188824766680e+01
-1.451998251294437026e+01
-1.452039407346912014e+01
-1.435208346689907444e+01
-1.439216053935758666e+01
-1.444016316260468713e+01
-1.446364135864122780e+01
-1.440270998553093307e+01
-1.441641891767659622e+01
-1.441156869057523870e+01
-1.437461019458069877e+01
-1.434288843289648341e+01
-1.428466981650246836e+01
-1.426698806328231228e+01
-1.424275255064424250e+01
-1.417520676765222021e+01
-1.413385210446366003e+01
-1.416914966427726164e+01
-1.411868824786567700e+01
-1.408244967284320914e+01
-1.414942285300540625e+01
-1.414853907208562234e+01
-1.406565206500411946e+01
-1.413420733006001306e+01
-1.411486729487593550e+01
-1.414970436910983054e+01
-1.416557690916144807e+01
-1.419845939264751777e+01
-1.421561440019923062e+01
-1.428314837534876602e+01
-1.424147781647191735e+01
-1.424942094403708737e+01
-1.432152185420083512e+01
-1.426137875834843882e+01
-1.435485582959532103e+01
-1.401335141059610301e+01
-1.411340180558373270e+01
-1.411849452846668740e+01
-1.409907127359725898e+01
-1.401531600905635599e+01
-1.403219994486368094e+01
-1.405899043071170595e+01
-1.400760046551960158e+01
-1.399503073432916445e+01
-1.400227743954778603e+01
-1.407435940641335925e+01
-1.397521549748169711e+01
-1.383550223054623629e+01
-1.383997244791045667e+01
-1.392556651476359697e+01
-1.398930374054215164e+01
-1.388943152538102055e+01
-1.389918473797322029e+01
-1.395617939920896156e+01
-1.397737093299707745e+01
-1.396617483666335247e+01
-1.392332342231263809e+01
-1.397376075356261182e+01
-1.391254859730193694e+01
-1.386519811787497680e+01
-1.376192959731985610e+01
-1.382451938395546698e+01
-1.383036865179206565e+01
-1.383480113300145398e+01
-1.382516517574982196e+01
-1.384749256776230020e+01
-1.396679117139642123e+01
-1.394558456465926177e+01
-1.401074465366572674e+01
-1.400047305269421827e+01
-1.394389089714282015e+01
-1.387799151287103605e+01
-1.387012182105953961e+01
-1.377130327017999889e+01
-1.365680962863424064e+01
-1.368339123260087042e+01
-1.365724444866607712e+01
-1.380989027916779754e+01
-1.368910846674335069e+01
-1.367893503471278649e+01
-1.364397881847276750e+01
-1.363043857504899670e+01
-1.361102277004967931e+01
-1.365397866542036809e+01
-1.364422133113451352e+01
-1.370921566526674162e+01
-1.371417456918445055e+01
-1.371152075210336108e+01
-1.373513401039340565e+01
-1.359672739828476651e+01
-1.362243205850419336e+01
-1.368387408065878574e+01
-1.368714565692212659e+01
-1.369701712622344658e+01
-1.368850281034043981e+01
-1.363816583926334047e+01
-1.364768288020639453e+01
-1.366867744582247113e+01
-1.367021134333392318e+01
-1.367948945964105611e+01
-1.365622023045565570e+01
-1.356983450685558701e+01
-1.346305436657291033e+01
-1.345901802528057445e+01
-1.344265910931874153e+01
-1.342679727245326049e+01
-1.346748643546382063e+01
-1.350805268079836452e+01
-1.353697337896354647e+01
-1.360638086295678306e+01
-1.360599977317103537e+01
-1.359636938825666697e+01
-1.362755991494343988e+01
-1.362187475514631529e+01
-1.362327191623234590e+01
-1.369530952008580371e+01
-1.368685446845594633e+01
-1.370660658796246700e+01
-1.370507653693608852e+01
-1.370242017192825301e+01
-1.371636051940268608e+01
-1.372599331495108288e+01
-1.370272906846384764e+01
-1.367835259267663695e+01
-1.368435873095843114e+01
-1.375362376972385370e+01
-1.373824058233406475e+01
-1.361068256548352906e+01
-1.364379671626737078e+01
-1.366599897329771274e+01
-1.361016645949822390e+01
-1.365006690789168964e+01
-1.362985862350052635e+01
-1.364389024285165242e+01
-1.366315686173261490e+01
-1.357973170641093574e+01
-1.360246901661934515e+01
-1.359885517012195066e+01
-1.359393389175578193e+01
-1.361520829131869981e+01
-1.358679036832475084e+01
-1.354732514166829738e+01
-1.360485409796366696e+01
-1.353906629851417875e+01
-1.343388004487193932e+01
-1.340730085880498734e+01
-1.340916287903948856e+01
-1.338974719550282444e+01
-1.337075315284565846e+01
-1.337910526778779996e+01
-1.341352576948654907e+01
-1.342277616196748902e+01
-1.331561078013005961e+01
-1.333724612894845407e+01
-1.342389947020798502e+01
-1.340821278871329802e+01
-1.343374455879567719e+01
-1.342903934312147740e+01
-1.328901752219205790e+01
-1.335044437086901858e+01
-1.338020810007816941e+01
-1.334072399002888076e+01
-1.342327884882446298e+01
-1.341388893730193921e+01
-1.343131649146237550e+01
-1.341307341355263461e+01
-1.341296838001411729e+01
-1.342280723123567121e+01
-1.343226527183036723e+01
-1.348574060590593682e+01
-1.353040749819415822e+01
-1.351655131419273026e+01
-1.350694660807665315e+01
-1.348396025089129857e+01
-1.342641610557991250e+01
-1.345385286339416808e+01
-1.345174109154541853e+01
-1.342969902171532581e+01
-1.341387210002422670e+01
-1.337676090227168046e+01
-1.335633010507965501e+01
-1.335343420010269533e+01
-1.332896638887659435e+01
-1.332868145875238319e+01
-1.320535151038824750e+01
-1.320722711563393759e+01
-1.334348671112734408e+01
-1.331712600667082036e+01
-1.321619170306088265e+01
-1.322090950257539532e+01
-1.313478054016848340e+01
-1.315205652242758205e+01
-1.318880671318702369e+01
-1.319917831726619717e+01
-1.318479971749723312e+01
-1.317740443761877422e+01
-1.317558008753725218e+01
-1.320665507405511363e+01
-1.325546554054789361e+01
-1.335665764713169779e+01
-1.329773176804138757e+01
-1.336235620841016214e+01
-1.330542144598573628e+01
-1.325538040323340105e+01
-1.328325797110154838e+01
-1.325370443160432110e+01
-1.325795296211958885e+01
-1.322593482025688871e+01
-1.322515082095773842e+01
-1.322092696664519806e+01
-1.323925660319948427e+01
-1.322290259833154558e+01
-1.317880621930522800e+01
-1.315509877546696238e+01
-1.314087759363593300e+01
-1.315751191788352337e+01
-1.315643784126875815e+01
-1.317151630759849645e+01
-1.324589599969747589e+01
-1.322174798783770733e+01
-1.320532435038302843e+01
-1.320559317923934017e+01
-1.321027515172347755e+01
-1.319834397981038698e+01
-1.319442467076805414e+01
-1.320636856310648533e+01
-1.322198823205977725e+01
-1.318443524899213593e+01
-1.319652514236704377e+01
-1.320054154348246378e+01
-1.311530292994714131e+01
-1.312431791888961463e+01
-1.312104696958430594e+01
-1.307459067139206077e+01
-1.307755953186251752e+01
-1.307246649958426943e+01
-1.305704033172545131e+01
-1.308741587167933318e+01
-1.307204976373700411e+01
-1.316160915308265089e+01
-1.316415805287703655e+01
-1.315728754794734279e+01
-1.316532099944660850e+01
-1.317589122341203556e+01
-1.313019741576901644e+01
-1.307587322159968757e+01
-1.308813161054536245e+01
-1.311858571901308324e+01
-1.304604507582581618e+01
-1.305620376539151017e+01
-1.308737113940013330e+01
-1.301123736686894894e+01
-1.297545223405231951e+01
-1.297392482879959452e+01
-1.294225315080013772e+01
-1.291332015340158357e+01
-1.292060045425827219e+01
-1.293910889271488784e+01
-1.291053260561101546e+01
-1.294534423083667818e+01
-1.293165845536307579e+01
-1.296071188413252173e+01
-1.299006407493833670e+01
-1.298384696057720333e+01
-1.295984695675424092e+01
-1.295185893469014005e+01
-1.286192426154263480e+01
-1.287190814167158948e+01
-1.288777968352273717e+01
-1.290454535472935582e+01
-1.298365438904008684e+01
-1.300578525773401317e+01
-1.292167814342642629e+01
-1.288156791467960538e+01
-1.285866435801286300e+01
-1.288586754777455567e+01
-1.288892089666288321e+01
-1.285061597735134065e+01
-1.287163662196539882e+01
-1.288571675374275394e+01
-1.283073227857536835e+01
-1.285680024404362776e+01
-1.292588497536594261e+01
-1.286456640541635643e+01
-1.284846445592614295e+01
-1.282061731561237217e+01
-1.280951444765300096e+01
-1.279511616481402747e+01
-1.272015767962517074e+01
-1.270083859433392171e+01
-1.271490655764680433e+01
-1.271657349597976783e+01
-1.270722049690396105e+01
-1.270649447162272594e+01
-1.273067769809047789e+01
-1.283832610529369411e+01
-1.284396289550235792e+01
-1.284208783777034846e+01
-1.279312138435374813e+01
-1.286192284255806406e+01
-1.287043993304520839e+01
-1.288844621945574964e+01
-1.289999247723935305e+01
-1.288912131729378885e+01
-1.275616553429214228e+01
-1.273197844488133335e+01
-1.274694730855481239e+01
-1.278844868154975600e+01
-1.273668449331020724e+01
-1.281894872200096280e+01
-1.280289084170063774e+01
-1.282106654724347905e+01
-1.279956666216771488e+01
-1.275668213416082430e+01
-1.272269615790789032e+01
-1.275196990323686741e+01
-1.268962445331520605e+01
-1.273752907725611827e+01
-1.272930358420300045e+01
-1.272811852204078598e+01
-1.271457876208190463e+01
-1.270245784552904844e+01
-1.267188537724620545e+01
-1.268276895274960481e+01
-1.269594967527217833e+01
-1.269218432163900268e+01
-1.279857526438919457e+01
-1.276073295527415219e+01
-1.279615287140199342e+01
-1.282646998498597313e+01
-1.284694396051266985e+01
-1.281351961557070851e+01
-1.281874132340742634e+01
-1.280757497897247887e+01
-1.285511860722403199e+01
-1.283293812000893475e+01
-1.285106979345443357e+01
-1.290640771302240530e+01
-1.289171492697601984e+01
-1.286248929451697087e+01
-1.279083793420539017e+01
-1.277940289333988488e+01
-1.279328550241155504e+01
-1.275686514409460770e+01
-1.276038785959727484e+01
-1.273453225495084951e+01
-1.273220922939952260e+01
-1.273119299602060650e+01
-1.273705020346110750e+01
-1.274507488091568774e+01
-1.273548275303718391e+01
-1.272795710126414903e+01
-1.271753058312337892e+01
-1.269583749715638810e+01
-1.268200161363010992e+01
-1.265072520901681052e+01
-1.273242434389595346e+01
-1.275179564087209094e+01
-1.277407062982010899e+01
-1.278913868225599515e+01
-1.274129920493393087e+01
-1.267110635363458826e+01
-1.266416134963416873e+01
-1.267785481634753175e+01
-1.266066701892592405e+01
-1.272497204238151092e+01
-1.268423209177166378e+01
-1.259657441540363543e+01
-1.261511692870784351e+01
-1.268991609702499623e+01
-1.268868410830453186e+01
-1.270528615671678629e+01
-1.262814927800097564e+01
-1.256072898977058649e+01
-1.271794048087610385e+01
-1.257596981419243498e+01
-1.250155853180179832e+01
-1.250574873222840289e+01
-1.241162412026487871e+01
-1.242646883961432458e+01
-1.239858282097643283e+01
-1.239754048304229350e+01
-1.241479109837252892e+01
-1.242088025168171583e+01
-1.241901130992590296e+01
-1.246436686352456036e+01
-1.254593541679392033e+01
-1.254356159608411403e+01
-1.255054978920448683e+01
-1.262239510099393414e+01
-1.263426384440914596e+01
-1.262664725900046037e+01
-1.263687070857023009e+01
-1.259176628969361644e+01
-1.259902010530861283e+01
-1.252636145353614339e+01
-1.255272453625032014e+01
-1.260666279862983430e+01
-1.260038578712753399e+01
-1.261439105210386913e+01
-1.261078871383283584e+01
-1.260998752359215125e+01
-1.260959592715655653e+01
-1.264661910044459603e+01
-1.263623950928949391e+01
-1.266119439712912786e+01
-1.263588868321602732e+01
-1.263580658301874848e+01
-1.259270274300090087e+01
-1.260651124203238105e+01
-1.264106691733376842e+01
-1.262430345082645822e+01
-1.267283828673006241e+01
-1.261486921620887180e+01
-1.264872268668692534e+01
-1.264350347531700436e+01
-1.261320662948178928e+01
-1.259643118416742880e+01
-1.262520087187305862e+01
-1.265237111213553334e+01
-1.264180912136355950e+01
-1.263527400210156948e+01
-1.266243437733112032e+01
-1.259760484189568963e+01
-1.260088436723058969e+01
-1.261609573749723268e+01
-1.250598122901878817e+01
-1.254176707304397453e+01
-1.251801666126676338e+01
-1.254338533019996582e+01
-1.248360330018834929e+01
-1.248824176374404971e+01
-1.249693014590474860e+01
-1.248532585208559986e+01
-1.249321081574496972e+01
-1.244166128552423345e+01
-1.245963924693151625e+01
-1.245505969665788371e+01
-1.244642997715144794e+01
-1.247430282543838942e+01
-1.242868768721004891e+01
-1.240325806222306326e+01
-1.241495917223176626e+01
-1.243861793229289958e+01
-1.240289918099268895e+01
-1.243250946263112944e+01
-1.257992625974033274e+01
-1.256559673680782474e+01
-1.248522332544614777e+01
-1.247690739021757445e+01
-1.239891091300927251e+01
-1.232172013666013832e+01
-1.228827920340345159e+01
-1.237293937029020974e+01
-1.235946853950891366e+01
-1.237703124770979279e+01
-1.237038948878074329e+01
-1.243519142038582181e+01
-1.241863143241802980e+01
-1.235689990535226634e+01
-1.239565709458197773e+01
-1.237822293329244161e+01
-1.231032434010042742e+01
-1.232704327008539380e+01
-1.237051605660137632e+01
-1.243571394182515277e+01
-1.242566830574183001e+01
-1.241762898002339277e+01
-1.240248598267066704e+01
-1.239885185383807809e+01
-1.237777145946878576e+01
-1.235154994347215585e+01
-1.236066153872633855e+01
-1.235975801386744699e+01
-1.232337156934772082e+01
-1.231466281713620248e+01
-1.229132804298324011e+01
-1.226132184930175484e+01
-1.229477228002099487e+01
-1.230462307889137641e+01
-1.234155830886315997e+01
-1.233303256354343702e+01
-1.230786635093080328e+01
-1.231039432839630976e+01
-1.231399270883845531e+01
-1.232996713180667925e+01
-1.231764498481329895e+01
-1.236315655612798103e+01
-1.233473683761399187e+01
-1.234577882901061407e+01
-1.238837018851462979e+01
-1.236938924765219738e+01
-1.236301512699406224e+01
-1.233511859219132312e+01
-1.231825072743884597e+01
-1.226167309736943700e+01
-1.222834710182386964e+01
-1.219272614135592114e+01
-1.219257525977914902e+01
-1.217111572764612148e+01
-1.215312784391499434e+01
-1.214753669277218329e+01
-1.219973502568982227e+01
-1.215983581550531589e+01
-1.215607639088632297e+01
-1.216215368787794660e+01
-1.214593635483702805e+01
-1.215271552907331021e+01
-1.215441795014246829e+01
-1.212719927180738111e+01
-1.217602561072797229e+01
-1.217247962009202489e+01
-1.211772256759173594e+01
-1.212823686906442511e+01
-1.210408365725528412e+01
-1.210252032731476213e+01
-1.197861957669381106e+01
-1.198495282559462360e+01
-1.197271873221603222e+01
-1.196471111597490911e+01
-1.196878799130135285e+01
-1.196859773418732686e+01
-1.202435519758653726e+01
-1.205122243019408756e+01
-1.204644830386493481e+01
-1.204434975949528486e+01
-1.212937269709512478e+01
-1.212375317095467153e+01
-1.213376240840596587e+01
-1.212568229885674320e+01
-1.211978347350909679e+01
-1.213016995965895539e+01
-1.212687772957263199e+01
-1.205210784340355268e+01
-1.199207657008912520e+01
-1.196868013762758487e+01
-1.192372859393785056e+01
-1.189391572982092526e+01
-1.189134173459074617e+01
-1.198455213586344748e+01
-1.192248473184391599e+01
-1.191660002106535998e+01
-1.191886875330379425e+01
-1.205073172705949425e+01
-1.207510010873673778e+01
-1.210183838154648939e+01
-1.209135658223001641e+01
-1.208656535090597117e+01
-1.172271260045324404e+01
-1.170075474466054288e+01
-1.181696890709334902e+01
-1.177478957661385195e+01
-1.178076031733841411e+01
-1.178252457834964062e+01
-1.177602856087795047e+01
-1.177649062197836471e+01
-1.178278024782619049e+01
-1.179550737086103673e+01
-1.181023784603154425e+01
-1.184711406438065673e+01
-1.183198043103252672e+01
-1.178487514964152716e+01
-1.176299922969412037e+01
-1.176526258803431269e+01
-1.176503793575062851e+01
-1.173283765589196648e+01
-1.173617231912835379e+01
-1.172932467872934481e+01
-1.172791765096430794e+01
-1.171961815500453241e+01
-1.175730845876321773e+01
-1.174938888824485694e+01
-1.175418372359358266e+01
-1.175206533818341192e+01
-1.179184795759397453e+01
-1.178724006290105564e+01
-1.179555638358676894e+01
-1.179906405479321485e+01
-1.179997492027217376e+01
-1.179237769915414802e+01
-1.175401018599816894e+01
-1.182243357848245324e+01
-1.183815232510492876e+01
-1.183553153012537607e+01
-1.182095689790345538e+01
-1.183831588880656938e+01
-1.183719565668278406e+01
-1.183255845164911868e+01
-1.181661657452085734e+01
-1.183325738303555852e+01
-1.182701235544969798e+01
-1.178635236660495167e+01
-1.169497387543148115e+01
-1.162243715697391089e+01
-1.168348075219042670e+01
-1.167150045133792524e+01
-1.163698464928538456e+01
-1.166275157952772901e+01
-1.165827026791176912e+01
-1.159987069067504883e+01
-1.164903811609481465e+01
-1.163737260604823298e+01
-1.163744789815826408e+01
-1.164250617786919584e+01
-1.166148694955796294e+01
-1.163181637090157317e+01
-1.171868472271433603e+01
-1.171589562901626458e+01
-1.170888921815843275e+01
-1.171042908406713678e+01
-1.179167423365156786e+01
-1.178655403906645738e+01
-1.184192897177029025e+01
-1.184921904170027140e+01
-1.184937927269898061e+01
-1.183695905218385391e+01
-1.181961424901024671e+01
-1.184299571168836351e+01
-1.185338007756201684e+01
-1.189461662763761574e+01
-1.190751900840695043e+01
-1.188233234623925760e+01
-1.188508176389959559e+01
-1.192600132130746005e+01
-1.185621304397852072e+01
-1.181842429542780515e+01
-1.186279578366697152e+01
-1.186441609297971667e+01
-1.186778256614701021e+01
-1.183688410327793150e+01
-1.182914445420298577e+01
-1.183429639012859091e+01
-1.183768323791010957e+01
-1.178624421875393402e+01
-1.178960214037503285e+01
-1.179852516874189483e+01
-1.178716435000544216e+01
-1.179157939477240724e+01
-1.186442037369226910e+01
-1.186777280733337392e+01
-1.184873945924356420e+01
-1.185317156871117916e+01
-1.177298999885552000e+01
-1.176656366203899395e+01
-1.164801421372741075e+01
-1.164511116826276904e+01
-1.164602739969548750e+01
-1.155596647868790683e+01
-1.156584395707258217e+01
-1.158803416383064544e+01
-1.162097462236217815e+01
-1.161010887671695890e+01
-1.162029549165589515e+01
-1.163161715171202459e+01
-1.162727303748420304e+01
-1.157305641187429757e+01
-1.156966799042905514e+01
-1.156587787889837315e+01
-1.159001890527957990e+01
-1.159900759621166344e+01
-1.159440003745506331e+01
-1.158624016351328834e+01
-1.156748482642534270e+01
-1.157054319409261112e+01
-1.157810496941926992e+01
-1.158104800698064096e+01
-1.158704307190367366e+01
-1.160624473674482005e+01
-1.159854530970295983e+01
-1.159953995846699470e+01
-1.157016086462913229e+01
-1.155986075768790755e+01
-1.157051704543133219e+01
-1.167311805866951779e+01
-1.164014641483599455e+01
-1.163124974718297366e+01
-1.161993659729093054e+01
-1.159907965166503097e+01
-1.160968177266560630e+01
-1.164367013057851175e+01
-1.159359355397559455e+01
-1.158303145320837579e+01
-1.158880965130091312e+01
-1.158339553159879110e+01
-1.159492820561109916e+01
-1.159916803934273233e+01
-1.160177772247018879e+01
-1.160480093363110754e+01
-1.160841515048444172e+01
-1.161219937400731439e+01
-1.159476972718770149e+01
-1.157187521158441967e+01
-1.155042016521972315e+01
-1.151104318061828558e+01
-1.151188218997217838e+01
-1.152245437288193841e+01
-1.151925880501741339e+01
-1.154274919568285895e+01
-1.143800356097813342e+01
-1.143549471021383468e+01
-1.142739867995991965e+01
-1.143969430166899315e+01
-1.143501968983808581e+01
-1.151024443884314685e+01
-1.153377928136846542e+01
-1.154482349355924420e+01
-1.155452296746205398e+01
-1.156156585163798134e+01
-1.157469161578357841e+01
-1.156073279033399004e+01
-1.155926739417062699e+01
-1.157173346685315884e+01
-1.157001659208684252e+01
-1.153728268080914887e+01
-1.152052139375701678e+01
-1.153584775390856620e+01
-1.149697273066699843e+01
-1.151469904498606667e+01
-1.155452954369462937e+01
-1.154462712707843863e+01
-1.153720827551879502e+01
-1.155092026135039518e+01
-1.154812936632532860e+01
-1.153809405279887734e+01
-1.153301153755882069e+01
-1.151222688001884364e+01
-1.147095375036254161e+01
-1.147070689451673253e+01
-1.146688359053405826e+01
-1.151099938978402903e+01
-1.151308412704946349e+01
-1.150608416112077848e+01
-1.149767833441074316e+01
-1.150708399638083712e+01
-1.151117607191941161e+01
-1.149723538551223001e+01
-1.148158770680212903e+01
-1.148181078367471919e+01
-1.149783476150368600e+01
-1.149935318940380569e+01
-1.148068206847788808e+01
-1.148794716686764694e+01
-1.146827466026025633e+01
-1.146227697475891816e+01
-1.148885361999485433e+01
-1.148124243509921705e+01
-1.146931059629522132e+01
-1.147989149431692013e+01
-1.132952571982918855e+01
-1.133202654902813578e+01
-1.133480134882377399e+01
-1.131944510110951541e+01
-1.132124776244969766e+01
-1.131126675826988581e+01
-1.135094502800144056e+01
-1.134529271674851358e+01
-1.134740085601023196e+01
-1.133807409084630891e+01
-1.134322491422814139e+01
-1.135726262973038558e+01
-1.134274320279533299e+01
-1.133331465116023118e+01
-1.133460317817184482e+01
-1.130343402400698238e+01
-1.128114002056508625e+01
-1.126787668133801112e+01
-1.127055101929088110e+01
-1.127434459342142148e+01
-1.127162583821101727e+01
-1.126014353837709692e+01
-1.125525527196637121e+01
-1.123774330456900294e+01
-1.123455642395497911e+01
-1.116813003177739105e+01
-1.116431071953627630e+01
-1.113857037238228997e+01
-1.112748690436018428e+01
-1.109312045647758005e+01
-1.108157870325755212e+01
-1.109596691545816327e+01
-1.109221378399965197e+01
-1.108205040774969241e+01
-1.102062020557876387e+01
-1.104345159967317080e+01
-1.105696595048214270e+01
-1.108735115431334428e+01
-1.108714104380508125e+01
-1.106412106728579481e+01
-1.111219999558311500e+01
-1.111609953455252153e+01
-1.111165506350060106e+01
-1.111600954462047319e+01
-1.108693758833085674e+01
-1.115856815014945802e+01
-1.118063623621037017e+01
-1.117993479828048287e+01
-1.118749941189311592e+01
-1.119762723791960646e+01
-1.122216235187489808e+01
-1.106580824202316826e+01
-1.098285817541353815e+01
-1.099401379873313900e+01
-1.099292045457399425e+01
-1.098686174167181662e+01
-1.099351935683860049e+01
-1.099698249388438320e+01
-1.100696111331352967e+01
-1.091826418633271345e+01
-1.091511549534058645e+01
-1.090759387329451791e+01
-1.089611771978903754e+01
-1.086559384510008108e+01
-1.088704252707416309e+01
-1.088670743189527634e+01
-1.087182058142531815e+01
-1.084946920363086420e+01
-1.084365281925114388e+01
-1.084477692438261798e+01
-1.083414469510420375e+01
-1.083427143298584383e+01
-1.082671648902825545e+01
-1.081006713952023013e+01
-1.081545459700285328e+01
-1.081418678540299894e+01
-1.080910535336526479e+01
-1.080858786951851869e+01
-1.085358817964632117e+01
-1.085281577776597217e+01
-1.086433930487834942e+01
-1.086278019360162261e+01
-1.086495178222471836e+01
-1.086913135712587852e+01
-1.086711767236131898e+01
-1.087040723115861951e+01
-1.085965103884861271e+01
