# 2*np.log[MAD(r)] for 100 flights; 1000 steps per flight; run 28 of 50; mu: 2.20; seed: 27
-2.408128324113852869e+01
-2.251962898337724894e+01
-2.148188712495591091e+01
-2.088415802527885390e+01
-2.054558036402516308e+01
-2.044141033453105294e+01
-2.030714483050416774e+01
-1.992553757974243211e+01
-1.977963326333814820e+01
-1.977182572322841736e+01
-1.956281175221688784e+01
-1.948389277077988879e+01
-1.946791567660984512e+01
-1.905112835899142709e+01
-1.902314352221117133e+01
-1.903448537030409682e+01
-1.865895894731751525e+01
-1.858672183764151953e+01
-1.833073181200342816e+01
-1.837948160492944183e+01
-1.842139095993761799e+01
-1.837671127388269099e+01
-1.822547041355291952e+01
-1.827837686157091568e+01
-1.808821062554600800e+01
-1.803064568033228809e+01
-1.792236974925575410e+01
-1.798226187335100690e+01
-1.795561319260981747e+01
-1.782918358850391627e+01
-1.768654542211371350e+01
-1.734005258587976073e+01
-1.709811886556082428e+01
-1.714851230175860053e+01
-1.720230625215208420e+01
-1.708852482459731448e+01
-1.707358978004072014e+01
-1.704082318255771966e+01
-1.716717461754944196e+01
-1.722982013754439379e+01
-1.726425718540395593e+01
-1.714409628725755752e+01
-1.679889304225277868e+01
-1.692426934405903438e+01
-1.703005622111678008e+01
-1.700595107753545676e+01
-1.678894864623648431e+01
-1.673593986517195020e+01
-1.677523664851119278e+01
-1.669546601499532557e+01
-1.655730909944837137e+01
-1.662307061821430665e+01
-1.655824441864687202e+01
-1.655366249063274253e+01
-1.647333965751103335e+01
-1.659380351392147546e+01
-1.649212328685476336e+01
-1.646653400174462334e+01
-1.638101310033447788e+01
-1.638638837286798733e+01
-1.620525650715436683e+01
-1.643541852834154327e+01
-1.635769921107556257e+01
-1.626573259356774059e+01
-1.604910224464330071e+01
-1.591678030496210283e+01
-1.600838828192292240e+01
-1.588160853656065186e+01
-1.598013735761685794e+01
-1.591623547276026684e+01
-1.593396080286049710e+01
-1.577903042815137979e+01
-1.580097480897001105e+01
-1.580351894777396105e+01
-1.596565271706331046e+01
-1.594596947497577766e+01
-1.583895713508688097e+01
-1.592691254530365619e+01
-1.589243170252632176e+01
-1.592154888829143466e+01
-1.567115120271389905e+01
-1.543606084163309866e+01
-1.534700341050295336e+01
-1.538629777497682305e+01
-1.546700529914738453e+01
-1.540831567986695916e+01
-1.534142281723911161e+01
-1.527880677172466406e+01
-1.528791659359087518e+01
-1.523484865964145918e+01
-1.520824682729832844e+01
-1.512387760087793076e+01
-1.507978053272019814e+01
-1.497624676301796143e+01
-1.493691264733055846e+01
-1.488469301249116938e+01
-1.498360291948346301e+01
-1.502502388473188688e+01
-1.522597512855845636e+01
-1.514878272701981743e+01
-1.515189432974551842e+01
-1.513594654039641973e+01
-1.519468922500085384e+01
-1.510152426622780553e+01
-1.521172058249973169e+01
-1.519155870380833129e+01
-1.517148555670040544e+01
-1.509417850348331136e+01
-1.503930743470718134e+01
-1.513800990318149786e+01
-1.507646051827674860e+01
-1.498083800442677926e+01
-1.484378352650611887e+01
-1.478754602191935419e+01
-1.471954209151889614e+01
-1.476937149265555327e+01
-1.475432138654385916e+01
-1.474645162033955081e+01
-1.473384796754582915e+01
-1.473869434011142410e+01
-1.470290333765894175e+01
-1.466378152440433169e+01
-1.467276976129806698e+01
-1.469086515995740960e+01
-1.479519310192489989e+01
-1.485417668240081568e+01
-1.493346877940170891e+01
-1.484945260253206811e+01
-1.484870080662227032e+01
-1.481683617003297826e+01
-1.478073024005003333e+01
-1.475836823161639266e+01
-1.473576923447686404e+01
-1.475436577295448437e+01
-1.477948534278324466e+01
-1.475828168114209049e+01
-1.474687612671571024e+01
-1.477221322684889770e+01
-1.478303199318729177e+01
-1.478267371159576271e+01
-1.479452366733165469e+01
-1.467545459967612587e+01
-1.469470351607135328e+01
-1.480020675131838637e+01
-1.474602727043144412e+01
-1.478823208215406915e+01
-1.485323256150914517e+01
-1.483418824472425435e+01
-1.467733537406258293e+01
-1.466016715840960849e+01
-1.461966652067214056e+01
-1.468109060696372303e+01
-1.465650621870220327e+01
-1.471715996844973873e+01
-1.466360955201847815e+01
-1.465095163544139822e+01
-1.455051562744041149e+01
-1.457920037090687870e+01
-1.455958864830556720e+01
-1.446512271046630715e+01
-1.464286514109601178e+01
-1.468722714408001373e+01
-1.466350128673973785e+01
-1.453580884774396509e+01
-1.446645373481109864e+01
-1.446834892014208762e+01
-1.451313751688292975e+01
-1.432256445577606740e+01
-1.435913547465293760e+01
-1.441541764682034987e+01
-1.441856501488398123e+01
-1.435847169592194561e+01
-1.429165327152585441e+01
-1.422992641484352383e+01
-1.427901528850142832e+01
-1.438548565377285016e+01
-1.440281621527978473e+01
-1.434721274949093406e+01
-1.429740812781777493e+01
-1.433733847997475408e+01
-1.433142532820540360e+01
-1.431109175435425307e+01
-1.433095027289899015e+01
-1.430151777544920222e+01
-1.425363578576867418e+01
-1.427412520933956408e+01
-1.430934034863149762e+01
-1.426983805802459493e+01
-1.426898727669697386e+01
-1.430413640785005036e+01
-1.428842212010141388e+01
-1.431121351572205924e+01
-1.436144045606475750e+01
-1.427756968907206137e+01
-1.423666179769645979e+01
-1.424005158924465420e+01
-1.419470613686747029e+01
-1.418799378808233413e+01
-1.418107132415209293e+01
-1.417910348394177156e+01
-1.416438383709889770e+01
-1.416247014130852655e+01
-1.413605183453204006e+01
-1.414976736922430689e+01
-1.415394407393337772e+01
-1.413127330049813324e+01
-1.412718266300448455e+01
-1.408570168928854294e+01
-1.409476641223757198e+01
-1.399911207791904211e+01
-1.393624639608104054e+01
-1.395924576336422973e+01
-1.395955527847964106e+01
-1.393841661569227064e+01
-1.398096487428434997e+01
-1.388298204383754886e+01
-1.386112174481635684e+01
-1.387190568734537344e+01
-1.384342309874787169e+01
-1.381490343325511105e+01
-1.381641280564636887e+01
-1.382634378494772243e+01
-1.378084107356386312e+01
-1.375277952308726981e+01
-1.373603564879840278e+01
-1.376540388652810343e+01
-1.366506153745072361e+01
-1.370357457406638346e+01
-1.372852225344740518e+01
-1.372140061828794266e+01
-1.369939517743887869e+01
-1.366950573067590113e+01
-1.368021556569067876e+01
-1.370209792137553961e+01
-1.361811371338010801e+01
-1.361444663891595752e+01
-1.367561058088220882e+01
-1.366196487942145410e+01
-1.368088716605936561e+01
-1.358737425286396494e+01
-1.356094051223152874e+01
-1.354881391472716068e+01
-1.358820976027584138e+01
-1.359788735852620967e+01
-1.362792509219249659e+01
-1.359813555819594022e+01
-1.355579258975715007e+01
-1.351589538496822662e+01
-1.352733583536491402e+01
-1.351605850762778083e+01
-1.352934129326403223e+01
-1.350442888649275730e+01
-1.352300482119867375e+01
-1.350682788833665704e+01
-1.345684927246443152e+01
-1.338298371707387702e+01
-1.323875731216612195e+01
-1.322838481699565705e+01
-1.332764568536017791e+01
-1.335834784508090323e+01
-1.341706027702168846e+01
-1.338227049290565773e+01
-1.335638765960365149e+01
-1.338115765698655579e+01
-1.346527638760603907e+01
-1.343604840869354433e+01
-1.341485618994786932e+01
-1.341391023600331067e+01
-1.342621365231743269e+01
-1.344675722662552886e+01
-1.349080901198528437e+01
-1.339951115629342659e+01
-1.336924282666604569e+01
-1.336104832731099812e+01
-1.337930451226129414e+01
-1.332352065797319263e+01
-1.331276835189929564e+01
-1.333077702144322885e+01
-1.334205462104170259e+01
-1.331552005511614745e+01
-1.336131679885976453e+01
-1.339414377033261339e+01
-1.345254413545220729e+01
-1.338064299080216024e+01
-1.336641790385385420e+01
-1.329714787014128419e+01
-1.324599171748222837e+01
-1.325940284239779920e+01
-1.325489719646179587e+01
-1.321608509708572932e+01
-1.323357817188291463e+01
-1.321710943699226881e+01
-1.314790282084432604e+01
-1.314132626281443272e+01
-1.300692682860169569e+01
-1.302172903557814365e+01
-1.297790022815875233e+01
-1.311565504688287476e+01
-1.316439401702379897e+01
-1.321871875231713567e+01
-1.328685340242709501e+01
-1.325560115622207569e+01
-1.333196199801732362e+01
-1.321696320248580570e+01
-1.307970136450241938e+01
-1.289971984313852005e+01
-1.291661054363014749e+01
-1.307220706122921428e+01
-1.321701109673979602e+01
-1.309448494504009020e+01
-1.308638822899770204e+01
-1.307833517547494395e+01
-1.311095676228729268e+01
-1.312109330056643408e+01
-1.311443775074000229e+01
-1.311769364099502333e+01
-1.286317887888102263e+01
-1.313721659479319648e+01
-1.317291228304555872e+01
-1.315310725119290325e+01
-1.316164975072385701e+01
-1.315668077918412315e+01
-1.315336803203813965e+01
-1.315736859443636675e+01
-1.319716287064043314e+01
-1.328682838375594244e+01
-1.329341025920339270e+01
-1.328090919933254632e+01
-1.327848799377547628e+01
-1.330662700620840866e+01
-1.318864710261789952e+01
-1.312405349087819140e+01
-1.311900380360651219e+01
-1.320326742171392631e+01
-1.320092810579859233e+01
-1.305652439555593247e+01
-1.321483638483257117e+01
-1.323907499573521029e+01
-1.304613791931605604e+01
-1.304030196000800856e+01
-1.305272732550911563e+01
-1.306164969429274691e+01
-1.294272397791036155e+01
-1.299036496064819701e+01
-1.298196578050657379e+01
-1.304936477778322335e+01
-1.302085104668817372e+01
-1.299972209895901187e+01
-1.295681128536339166e+01
-1.296806686027748867e+01
-1.288620838772839683e+01
-1.290180727270187333e+01
-1.292230948737411289e+01
-1.289852372446600981e+01
-1.297119317886657264e+01
-1.302568749936539838e+01
-1.304252768689131692e+01
-1.304651702804157765e+01
-1.304506168446253334e+01
-1.305053587818907523e+01
-1.302515182970728169e+01
-1.303629096440302781e+01
-1.310400145488171475e+01
-1.310080257685709526e+01
-1.305762140554917927e+01
-1.311964587823751494e+01
-1.316552855756919271e+01
-1.315528583447225053e+01
-1.314438056647594344e+01
-1.277521579964764165e+01
-1.279615887720216350e+01
-1.281914970031322731e+01
-1.285314799402451413e+01
-1.290469336853462856e+01
-1.294452939837835537e+01
-1.289538242755163999e+01
-1.291671284205279946e+01
-1.304495680381275591e+01
-1.313723453211129488e+01
-1.302945121170506226e+01
-1.304880908902458536e+01
-1.287013891875179539e+01
-1.296063702739055579e+01
-1.298145034376078577e+01
-1.294269137326558194e+01
-1.299499774121422391e+01
-1.297493006152788908e+01
-1.298287636408145751e+01
-1.299764932865324063e+01
-1.297836461235656635e+01
-1.296912752812298741e+01
-1.286828907192495208e+01
-1.288517262311111722e+01
-1.288906566452484448e+01
-1.286434935999210794e+01
-1.291249179839498495e+01
-1.290889580364707712e+01
-1.290003250597637141e+01
-1.290759301842153839e+01
-1.287538454826594325e+01
-1.284333110732790928e+01
-1.289626431675682738e+01
-1.289503126366128249e+01
-1.291908376630358646e+01
-1.289074215506620291e+01
-1.284116167892894111e+01
-1.281449886306504027e+01
-1.286086718166588838e+01
-1.283359883580185645e+01
-1.282784007534130843e+01
-1.286895095358458541e+01
-1.282491964475592461e+01
-1.280245024773618923e+01
-1.280866700776437206e+01
-1.281896746337169191e+01
-1.281091485561966259e+01
-1.275345197841366129e+01
-1.271661338585919232e+01
-1.275479809294357914e+01
-1.268108942225463487e+01
-1.273044089804842294e+01
-1.274000317186656339e+01
-1.274110076394284796e+01
-1.275407820415959037e+01
-1.280358373201468680e+01
-1.279701086437971647e+01
-1.279566717766176609e+01
-1.281578714018993637e+01
-1.279791754837378370e+01
-1.284193694718413781e+01
-1.283236950768869100e+01
-1.283249562110391828e+01
-1.284242015031295203e+01
-1.287094809713086185e+01
-1.284808303641864669e+01
-1.286836140189098110e+01
-1.281204536703007157e+01
-1.283928127833781474e+01
-1.289104501897677757e+01
-1.289553222718120473e+01
-1.286485667049927173e+01
-1.291516601714901746e+01
-1.292209341635515507e+01
-1.283400647889446766e+01
-1.283348039932284301e+01
-1.288202408971231705e+01
-1.286965396464768396e+01
-1.285937869171121939e+01
-1.283427605424291329e+01
-1.285481357844076200e+01
-1.286466461965600416e+01
-1.289156478158763797e+01
-1.282690999458304049e+01
-1.291307402002111360e+01
-1.284450197310959041e+01
-1.285201909705495815e+01
-1.284452775754029830e+01
-1.285886515285073983e+01
-1.289121873228761395e+01
-1.288405829443525263e+01
-1.288459747041230763e+01
-1.286633200013871026e+01
-1.287763169769318594e+01
-1.286612499220899508e+01
-1.287737928165579504e+01
-1.287847442379126051e+01
-1.288311712345914906e+01
-1.286433827377817707e+01
-1.286494747560829843e+01
-1.289711244509610388e+01
-1.291905590777459700e+01
-1.295969011200904575e+01
-1.295874113499327507e+01
-1.295008467443235922e+01
-1.291578468882008934e+01
-1.290264222174706354e+01
-1.287349677806879100e+01
-1.284213771530220960e+01
-1.289150056568905178e+01
-1.286827340075480031e+01
-1.293435031570005478e+01
-1.287912157707088134e+01
-1.289805237942224991e+01
-1.289334888565732307e+01
-1.285057493963744690e+01
-1.285351331475028047e+01
-1.286311890806559965e+01
-1.282834362424180874e+01
-1.283324118049881690e+01
-1.285531908090659492e+01
-1.286013947698796933e+01
-1.281214016396621780e+01
-1.280804906140275357e+01
-1.280679893441196704e+01
-1.279761532575643557e+01
-1.279288884311349861e+01
-1.280589128372170649e+01
-1.276859359329727184e+01
-1.278626393387944660e+01
-1.278110613037049781e+01
-1.278991523604779879e+01
-1.279244522490060199e+01
-1.279463716732048795e+01
-1.279999649461706568e+01
-1.272987184536176386e+01
-1.272224176402391471e+01
-1.271364207903326182e+01
-1.271532484081949121e+01
-1.270915053849302900e+01
-1.270710773086351608e+01
-1.270322213753564355e+01
-1.268443917974292567e+01
-1.267292817302262442e+01
-1.266752060318898998e+01
-1.262199447362298699e+01
-1.262693812127709059e+01
-1.263327778748990937e+01
-1.267994075020213174e+01
-1.266455242588959251e+01
-1.267665817865377065e+01
-1.267151443553473200e+01
-1.267228049967632941e+01
-1.265770469975269386e+01
-1.268225506425584292e+01
-1.265449284771829852e+01
-1.262964696311027346e+01
-1.271351392395565760e+01
-1.271160739983613652e+01
-1.269103836853778056e+01
-1.270196799005726440e+01
-1.270844585036855001e+01
-1.270655435755990048e+01
-1.271736278137563758e+01
-1.272800214761138093e+01
-1.265424319659017804e+01
-1.269771495116292215e+01
-1.275040243635082504e+01
-1.279466042575950802e+01
-1.282749624367020935e+01
-1.283597723602071738e+01
-1.281669432744946668e+01
-1.283083776080550287e+01
-1.282565020671500022e+01
-1.281937224680307175e+01
-1.281711315486914238e+01
-1.273882702796006683e+01
-1.273538905524866394e+01
-1.268522638985855089e+01
-1.272834170772378748e+01
-1.262292769052191055e+01
-1.263667706862891116e+01
-1.264855889771284048e+01
-1.272929549977152419e+01
-1.275781466293084954e+01
-1.275186199498184081e+01
-1.273484484391489246e+01
-1.270963776603623607e+01
-1.268989708140258976e+01
-1.269321945227386372e+01
-1.266089050934842852e+01
-1.267910563696281123e+01
-1.266898097876698692e+01
-1.266772490651285743e+01
-1.270358800765039753e+01
-1.270157836844717814e+01
-1.268840246375665792e+01
-1.261545658703890638e+01
-1.259918395299069793e+01
-1.261345183989695862e+01
-1.253509650071966774e+01
-1.252564957839269866e+01
-1.250571169180032172e+01
-1.264352912175711907e+01
-1.273051405552123683e+01
-1.260419378197945051e+01
-1.261567085409942734e+01
-1.260816001302106137e+01
-1.257887655190009646e+01
-1.256949334709352506e+01
-1.257283349567907926e+01
-1.267624037370143419e+01
-1.264643129165070867e+01
-1.267320774602950273e+01
-1.268882413948660037e+01
-1.265752737741551570e+01
-1.261916710441575162e+01
-1.263957175233569608e+01
-1.262869722699785768e+01
-1.255366297676831699e+01
-1.255208321288137263e+01
-1.256483939550626339e+01
-1.255621170704620937e+01
-1.257490049215093286e+01
-1.259375572409998334e+01
-1.260206439592537819e+01
-1.261773796269332237e+01
-1.259724482051028538e+01
-1.258069905427623958e+01
-1.252365747192922818e+01
-1.250230591563262017e+01
-1.249946584314582765e+01
-1.248986991326364304e+01
-1.252789342870867273e+01
-1.254513718750413709e+01
-1.256089754145877180e+01
-1.253505977719403219e+01
-1.259080844153868917e+01
-1.261449836286550408e+01
-1.258100745209287119e+01
-1.257793133532480034e+01
-1.258073306108700429e+01
-1.256853313471259526e+01
-1.250141757120146302e+01
-1.253966674989889185e+01
-1.267959477491443998e+01
-1.259514502093624344e+01
-1.261632985412573404e+01
-1.259373475565013401e+01
-1.261613672677299292e+01
-1.262830116146450798e+01
-1.255110618912222264e+01
-1.256817902115222019e+01
-1.255067755899577975e+01
-1.258170403333586940e+01
-1.261395624173669461e+01
-1.258284534172213043e+01
-1.260287488714779336e+01
-1.258745493547003669e+01
-1.260107572070451987e+01
-1.258822731277963136e+01
-1.256129439556849725e+01
-1.255123786459212809e+01
-1.255849709429985417e+01
-1.256874564300198038e+01
-1.246623967461625604e+01
-1.244981257742737135e+01
-1.252357606429175796e+01
-1.251583990098379218e+01
-1.242976552708456595e+01
-1.244017638275592041e+01
-1.242843723586045002e+01
-1.242502647173658836e+01
-1.242687717122075242e+01
-1.238844513287426885e+01
-1.238558885038613866e+01
-1.232506476650273974e+01
-1.233516381438754550e+01
-1.235609821000268838e+01
-1.235328748560995571e+01
-1.237604216349949837e+01
-1.237821907038142299e+01
-1.241766205530975320e+01
-1.241306119078678272e+01
-1.243925524091773838e+01
-1.232598566571001264e+01
-1.226976106337548345e+01
-1.226838725659113294e+01
-1.228241271582548322e+01
-1.225281191613305687e+01
-1.223747489125086929e+01
-1.225097346974864188e+01
-1.224856969200158119e+01
-1.224508270354478867e+01
-1.224927298847007684e+01
-1.222356166317802817e+01
-1.221684050297761281e+01
-1.216221765588263537e+01
-1.214847330882297705e+01
-1.214396206631707997e+01
-1.218264258704663305e+01
-1.217248839484151723e+01
-1.221879653164127966e+01
-1.221210632838439025e+01
-1.221325932629727085e+01
-1.221656541051469169e+01
-1.222603979945704111e+01
-1.225406336172314603e+01
-1.231999033126536780e+01
-1.233298462999801259e+01
-1.229359396059164311e+01
-1.229883382025894534e+01
-1.229687546701358691e+01
-1.230008181052551208e+01
-1.235366654323734714e+01
-1.235551059941496810e+01
-1.233255575749313948e+01
-1.232259418755116087e+01
-1.233133265070941142e+01
-1.240517064238118827e+01
-1.237486796136735911e+01
-1.238817154886873872e+01
-1.234331696710261461e+01
-1.232763693558034568e+01
-1.231716082957763803e+01
-1.232129784982559251e+01
-1.230348091041643777e+01
-1.228483904374261826e+01
-1.222203213701972402e+01
-1.222194272456966146e+01
-1.228662385949221836e+01
-1.229492205119986714e+01
-1.234586490666416481e+01
-1.235302173334534714e+01
-1.236602334555126248e+01
-1.238460497995753684e+01
-1.238204036503303840e+01
-1.227485122920799299e+01
-1.227218119153967812e+01
-1.227152069043419580e+01
-1.228520773791947640e+01
-1.230706136327188105e+01
-1.231547719957566223e+01
-1.224745554519572543e+01
-1.228941034692492273e+01
-1.231694841768776172e+01
-1.230766999011874496e+01
-1.228629207993615857e+01
-1.228146932080279008e+01
-1.233601919356396870e+01
-1.238987267441053319e+01
-1.238775954368319177e+01
-1.238567383233249686e+01
-1.238497028384266230e+01
-1.228196856202849219e+01
-1.229096567395451700e+01
-1.228115799409659914e+01
-1.220853571795956327e+01
-1.220656605634806269e+01
-1.216874290004482440e+01
-1.214717900054022515e+01
-1.214655980600790386e+01
-1.213892844235718549e+01
-1.210736087601894084e+01
-1.211641529548068164e+01
-1.211565377981329661e+01
-1.209973962587809382e+01
-1.209115839646763568e+01
-1.210472172675179259e+01
-1.211119233091945979e+01
-1.209841050430111586e+01
-1.209289919358890231e+01
-1.210803651176629003e+01
-1.213053699254428963e+01
-1.214333813259201200e+01
-1.213546914148291300e+01
-1.212552924723245695e+01
-1.212325615854162386e+01
-1.209889464700611228e+01
-1.214118542798239275e+01
-1.212612313865945168e+01
-1.209764576118141655e+01
-1.211191918154031555e+01
-1.210477660615686801e+01
-1.207860065922104553e+01
-1.210890180860413423e+01
-1.212318906818500608e+01
-1.213489372498690422e+01
-1.213925787589811911e+01
-1.213967183430134789e+01
-1.213435070656681347e+01
-1.215897331832131911e+01
-1.215111267037788068e+01
-1.215322937780595858e+01
-1.216851853202448730e+01
-1.217303139094381592e+01
-1.219627482828459186e+01
-1.220250950804943812e+01
-1.219847575643681381e+01
-1.219526651890165070e+01
-1.211448885455238411e+01
-1.208864983260168202e+01
-1.211833177482042601e+01
-1.211534159612592454e+01
-1.222259685007810148e+01
-1.227735772055488539e+01
-1.225654496820738082e+01
-1.215997852533910439e+01
-1.217603285003085389e+01
-1.217896551646824221e+01
-1.220234671868075793e+01
-1.219415155380725224e+01
-1.217613223539232514e+01
-1.223232131318434135e+01
-1.222741181102919050e+01
-1.229251676837352925e+01
-1.228166119550681756e+01
-1.227619347544475126e+01
-1.227064806642328065e+01
-1.228636741792690401e+01
-1.227983727556291527e+01
-1.226994586131467457e+01
-1.238065106578712182e+01
-1.238919536409028765e+01
-1.244446654762005799e+01
-1.243711231157771557e+01
-1.242195699273059972e+01
-1.241119047402569286e+01
-1.241101829107240917e+01
-1.240165853831793008e+01
-1.236556629207967717e+01
-1.236592238773877561e+01
-1.237385405745449951e+01
-1.236376924514606301e+01
-1.236474853136318153e+01
-1.240411038502982422e+01
-1.241871559100457567e+01
-1.244234124118747431e+01
-1.243493421416328637e+01
-1.244107095800539931e+01
-1.244915290059964441e+01
-1.242639258571723282e+01
-1.246232791967936748e+01
-1.247391498334400950e+01
-1.251185228842279962e+01
-1.250283904122861323e+01
-1.246649096108179577e+01
-1.246488418741152238e+01
-1.248538696221524980e+01
-1.251156054378247617e+01
-1.245930702529630274e+01
-1.239571922020921058e+01
-1.240686701957184823e+01
-1.240975801943539736e+01
-1.224815112605240941e+01
-1.226600356443372952e+01
-1.227240250707022717e+01
-1.224122949606399402e+01
-1.224246156438202604e+01
-1.226462028342162291e+01
-1.225373192471534445e+01
-1.223640183648594792e+01
-1.226584473130597885e+01
-1.223118886698768470e+01
-1.222578386096814107e+01
-1.223227938582412655e+01
-1.211113449395971209e+01
-1.215197118116249264e+01
-1.215951621316649067e+01
-1.218572363452677187e+01
-1.220591098381497197e+01
-1.216989744242930449e+01
-1.216856075300499995e+01
-1.204684977044948724e+01
-1.203897970400183048e+01
-1.208106532027877300e+01
-1.201347335467561095e+01
-1.200409293620557527e+01
-1.200166312274260960e+01
-1.201703903696441245e+01
-1.202946662793120325e+01
-1.202952317232666068e+01
-1.203902258407298831e+01
-1.202950945412027295e+01
-1.201234776338260346e+01
-1.208688252349650050e+01
-1.215706173900935028e+01
-1.214609782681798045e+01
-1.215652607616747005e+01
-1.219322251661689016e+01
-1.215237013305022984e+01
-1.213087817253269307e+01
-1.223427078575354265e+01
-1.217917828070592101e+01
-1.215747497737349825e+01
-1.210915737768517708e+01
-1.210169501354335786e+01
-1.209447978929883227e+01
-1.208838283148753057e+01
-1.208122417194720377e+01
-1.209559653922815059e+01
-1.205494699551814541e+01
-1.208335362896067977e+01
-1.209434614571147648e+01
-1.207990574012678664e+01
-1.210701542988991619e+01
-1.212682009252652726e+01
-1.215905867004063978e+01
-1.222783329151985399e+01
-1.221249766962651861e+01
-1.222435643609243883e+01
-1.215357084912456997e+01
-1.217096778289405279e+01
-1.219111930577030556e+01
-1.218150416596449581e+01
-1.220234901284887563e+01
-1.216550403549915593e+01
-1.211287578895721317e+01
-1.211593504505418473e+01
-1.211342616286931140e+01
-1.204372446400448204e+01
-1.204221527448427942e+01
-1.200253941757475218e+01
-1.203633095619113647e+01
-1.203607351999807129e+01
-1.203647946659268442e+01
-1.202929849569286347e+01
-1.202510558084703973e+01
-1.200675370327663671e+01
-1.197212135912266717e+01
-1.197662123288862546e+01
-1.197410745960781320e+01
-1.195071721384412022e+01
-1.189566006741110193e+01
-1.195060686917279824e+01
-1.199683533591843343e+01
-1.197979813817796035e+01
-1.198122792619217414e+01
-1.197988248019689550e+01
-1.196163882397069500e+01
-1.194206694938245228e+01
-1.193736763298566927e+01
-1.192769301837735441e+01
-1.190411485513421574e+01
-1.192984095357326169e+01
-1.191561066251186851e+01
-1.192703275576535837e+01
-1.191259384628355988e+01
-1.191067282369938241e+01
-1.190843128500472048e+01
-1.189996656822990140e+01
-1.190684196777273662e+01
-1.191805782995433205e+01
-1.192679812088993252e+01
-1.192348814694359227e+01
-1.191421649949177741e+01
-1.188296151302490955e+01
-1.186919590186053775e+01
-1.191974471649655598e+01
-1.194029768279045101e+01
-1.194335538420467202e+01
-1.192999839215527125e+01
-1.194042271675984601e+01
-1.194880398514962927e+01
-1.195303602647880936e+01
-1.188828703065594183e+01
-1.189964208384794198e+01
-1.189874059372599824e+01
-1.189370548339447886e+01
-1.191369539294294277e+01
-1.195564749959909179e+01
-1.194480570503085737e+01
-1.195113321296301834e+01
-1.195864083829686209e+01
-1.194306304853033929e+01
-1.194105641487572811e+01
-1.194847582757337179e+01
-1.194016148810103850e+01
-1.186786118194616968e+01
-1.186705972599574821e+01
-1.187748178598182136e+01
-1.184897332521987678e+01
-1.183350327568160765e+01
-1.182519374428724745e+01
-1.183614280031626897e+01
-1.189660269000951054e+01
-1.191299567663269876e+01
-1.190990760459004250e+01
-1.191239132982539317e+01
-1.189380398571677588e+01
-1.183521067096550539e+01
-1.184541389589694838e+01
-1.188502844445635986e+01
-1.188573514836672196e+01
-1.190705147926612106e+01
-1.190234097694704296e+01
-1.190216368407407721e+01
-1.177941497290288453e+01
-1.178668765068382207e+01
-1.179279213160280726e+01
-1.179409105314825545e+01
-1.182312419829862904e+01
-1.180470774570706816e+01
-1.179409837299643371e+01
-1.179248364777588698e+01
-1.179877718522792307e+01
-1.179533828289578246e+01
-1.177880750172256619e+01
-1.180487738133667008e+01
-1.179784821907240655e+01
-1.180052264176444865e+01
-1.180530974231368546e+01
-1.177351507763580862e+01
-1.177225075265273091e+01
-1.177227911358358270e+01
-1.177155215622706130e+01
-1.176465931338209359e+01
-1.173316474176059998e+01
-1.173709282553008926e+01
-1.173858701270540017e+01
-1.173211914059115024e+01
-1.171906665940231207e+01
-1.169244811564538544e+01
-1.168190639351584714e+01
-1.167655816390196222e+01
-1.166854695256396113e+01
-1.177792756632904592e+01
-1.177265114532353429e+01
-1.179320062072863884e+01
-1.184600022141712117e+01
-1.185390140253646152e+01
