# 2*np.log[MAD(r)] for 100 flights; 1000 steps per flight; run 14 of 50; mu: 2.20; seed: 13
-2.426546581769081001e+01
-2.228933106592746682e+01
-2.155664395073790018e+01
-2.106783972047661635e+01
-2.022433946109047298e+01
-1.999369023173387561e+01
-1.938071508041264579e+01
-1.935074831946271701e+01
-1.940488825905505266e+01
-1.938754937393003175e+01
-1.944505084501534853e+01
-1.905060559436807566e+01
-1.881086732441450593e+01
-1.877380326637561581e+01
-1.866946752137593535e+01
-1.863715301295100701e+01
-1.848219157321214112e+01
-1.844543692523913592e+01
-1.836817589457362132e+01
-1.822248552802061283e+01
-1.820179853760918220e+01
-1.803179180289274086e+01
-1.778867406259584172e+01
-1.762181433805507780e+01
-1.749894715878415141e+01
-1.746538008887912241e+01
-1.741290695576563508e+01
-1.748761294774769226e+01
-1.744767855424033343e+01
-1.731990049641574814e+01
-1.728198524461587482e+01
-1.722384267575991501e+01
-1.690893221909035304e+01
-1.689344664715222066e+01
-1.711797072476824511e+01
-1.687848193742010849e+01
-1.682613433162826055e+01
-1.703210547399389796e+01
-1.694940607839783198e+01
-1.703085938508988306e+01
-1.697424669533921815e+01
-1.678719971363855379e+01
-1.677764280328542768e+01
-1.699026206678595230e+01
-1.668246248630131490e+01
-1.678191188436606041e+01
-1.669683055408646055e+01
-1.680219556758792265e+01
-1.667261971717527658e+01
-1.660078715251530568e+01
-1.660830074566694492e+01
-1.667697502976880486e+01
-1.648230548077379964e+01
-1.660694700978760352e+01
-1.660314519646189169e+01
-1.651377270690330334e+01
-1.651852389480552219e+01
-1.636861367779971133e+01
-1.653807203648023716e+01
-1.654522810057201099e+01
-1.656924053283673004e+01
-1.648855576997272365e+01
-1.646232643896168568e+01
-1.650330907592533691e+01
-1.628651806441712324e+01
-1.627531186114434192e+01
-1.633715676532927219e+01
-1.630418165935478925e+01
-1.630676322585372517e+01
-1.634815674231489524e+01
-1.637973988028907613e+01
-1.627959397694261412e+01
-1.623040102629320813e+01
-1.626632273082069702e+01
-1.619061288907462171e+01
-1.608861244309427363e+01
-1.619625596291500713e+01
-1.622909629932232178e+01
-1.618149446642373590e+01
-1.600980251176850544e+01
-1.605433679653172163e+01
-1.598510932126569450e+01
-1.602433324514655411e+01
-1.600782709229215328e+01
-1.587295004854358815e+01
-1.597126333986026125e+01
-1.603835146215547880e+01
-1.607228564840349705e+01
-1.596835954937842672e+01
-1.595410670282454291e+01
-1.601585658530262890e+01
-1.596017218555535067e+01
-1.587394833688728291e+01
-1.579306009297353164e+01
-1.580613182999207034e+01
-1.588553269663480805e+01
-1.584098307828437413e+01
-1.578432968829203098e+01
-1.584346469148075798e+01
-1.579762342758960614e+01
-1.575105296053155435e+01
-1.589473860688457485e+01
-1.584101015386098688e+01
-1.573579862893914871e+01
-1.569850116025252440e+01
-1.575423947887473197e+01
-1.586873919562419744e+01
-1.585539631017165974e+01
-1.583686475429419716e+01
-1.577644982605746549e+01
-1.577992139463228582e+01
-1.553007699328344238e+01
-1.558686128465900289e+01
-1.567744588611252610e+01
-1.561372377777145992e+01
-1.552556001344829539e+01
-1.558082634716317294e+01
-1.567291343133023318e+01
-1.572487320799153565e+01
-1.562761917196541894e+01
-1.562192784946564217e+01
-1.540747756904106858e+01
-1.526200327156562508e+01
-1.521961491831674174e+01
-1.530574359465762591e+01
-1.517072020088946616e+01
-1.510958900071235256e+01
-1.536201621120619087e+01
-1.529514783127164890e+01
-1.531732124114343918e+01
-1.531490817588866804e+01
-1.529631922431764224e+01
-1.525879571210066921e+01
-1.519394928421825419e+01
-1.524047003436347936e+01
-1.523584559320989840e+01
-1.524276921146042696e+01
-1.518613677310984755e+01
-1.520043488418236954e+01
-1.522464676097770031e+01
-1.517048046689619056e+01
-1.518824777860912079e+01
-1.521284653196057590e+01
-1.527739557463668163e+01
-1.528682192166332499e+01
-1.523629341437482942e+01
-1.524790189176374611e+01
-1.515909487412016432e+01
-1.531102472922078306e+01
-1.534648006806511944e+01
-1.527462114606469790e+01
-1.521204026679916232e+01
-1.512286839847936726e+01
-1.513659760907173180e+01
-1.525797398769606517e+01
-1.521477319411426699e+01
-1.523981588120692088e+01
-1.532610563490654876e+01
-1.520316451440406347e+01
-1.523198849337394556e+01
-1.518606302505235917e+01
-1.516442982152696395e+01
-1.522800922935370771e+01
-1.516877945600472621e+01
-1.505827121871075214e+01
-1.504482748096113198e+01
-1.494032529678308308e+01
-1.498128007183567512e+01
-1.495673047562433666e+01
-1.494469471281811046e+01
-1.500885331920642862e+01
-1.498883403426447458e+01
-1.485393929795884915e+01
-1.474457384678313332e+01
-1.482625610617925282e+01
-1.480267354377867584e+01
-1.470130831084852474e+01
-1.472185270542647828e+01
-1.470517130942547368e+01
-1.465478209251347153e+01
-1.462246486528777289e+01
-1.465663829167934828e+01
-1.469533513556503657e+01
-1.475470697496749928e+01
-1.476137245474499693e+01
-1.481938531181228136e+01
-1.471377911981283404e+01
-1.485227052438100870e+01
-1.486284011052700471e+01
-1.475091771931969653e+01
-1.476415049900366583e+01
-1.479514719296087399e+01
-1.476104118227726580e+01
-1.473331170690778613e+01
-1.478776337848866085e+01
-1.482834118789583933e+01
-1.479407469981048706e+01
-1.483781345584143097e+01
-1.481178764854323759e+01
-1.481586137262996239e+01
-1.480185011832193531e+01
-1.480270926137087883e+01
-1.484571974116620474e+01
-1.484535758499793268e+01
-1.486621329889439025e+01
-1.486788200615682776e+01
-1.491074885901204716e+01
-1.487587889238676198e+01
-1.481442604183094147e+01
-1.480105539669889936e+01
-1.473811292808009021e+01
-1.437452993847321281e+01
-1.430909270973290148e+01
-1.424936437446582183e+01
-1.430173654415329132e+01
-1.429206953338884212e+01
-1.427575394211425852e+01
-1.428819413852399833e+01
-1.432308693163243341e+01
-1.436391753115796988e+01
-1.435706108587536889e+01
-1.436996341937874355e+01
-1.438019259708804043e+01
-1.431405670550637765e+01
-1.430709926680883726e+01
-1.435340989136144785e+01
-1.435979555128403362e+01
-1.440359721369688373e+01
-1.428266050143627020e+01
-1.431171520507595929e+01
-1.426157622793536994e+01
-1.431466780922314541e+01
-1.426696584020995751e+01
-1.427261017795344422e+01
-1.429394502994124316e+01
-1.434371510249370907e+01
-1.416130417772810723e+01
-1.419742095642174995e+01
-1.404398798402871940e+01
-1.403200315588719072e+01
-1.405280594478515255e+01
-1.402527280374338048e+01
-1.406470803752945464e+01
-1.412951862166394612e+01
-1.411133827737100788e+01
-1.413474546830477685e+01
-1.414605376665670278e+01
-1.418140799936682939e+01
-1.415424033825721928e+01
-1.414752865660344838e+01
-1.410866290270349488e+01
-1.415027131698086826e+01
-1.418048357207980281e+01
-1.416661988723337728e+01
-1.408800259593462734e+01
-1.411057250722101664e+01
-1.405976406212198171e+01
-1.401237470913256011e+01
-1.398589924214748237e+01
-1.394648298756640692e+01
-1.395214699873166175e+01
-1.395492840493497333e+01
-1.387525791445983891e+01
-1.390944783116556316e+01
-1.395244138360717479e+01
-1.398476314654114105e+01
-1.392787859177042975e+01
-1.389277762811902228e+01
-1.384895073844944946e+01
-1.391454773726958472e+01
-1.389363498786980244e+01
-1.392369055989435012e+01
-1.394456524488787785e+01
-1.399226378420468819e+01
-1.388459296317836156e+01
-1.385765860927386761e+01
-1.389755276013029572e+01
-1.392632364636656028e+01
-1.397322048856113064e+01
-1.373614153819405992e+01
-1.375067530206010957e+01
-1.375202041820519483e+01
-1.359647986414443821e+01
-1.362064373462289879e+01
-1.362334100205385568e+01
-1.355362096364381941e+01
-1.350198669024823239e+01
-1.353589876697548888e+01
-1.358318622021823785e+01
-1.355711706759857016e+01
-1.354605920915072481e+01
-1.356249553184197865e+01
-1.357588815386120729e+01
-1.355321825643555123e+01
-1.357581461340998175e+01
-1.350047026449741239e+01
-1.351527047651416424e+01
-1.352719144426656150e+01
-1.349954836025509763e+01
-1.351040540312002491e+01
-1.347374504120576511e+01
-1.347252102627419745e+01
-1.351528837516038983e+01
-1.346297308942207316e+01
-1.351121197787779060e+01
-1.345405210315468914e+01
-1.335547785929386144e+01
-1.343212784221991818e+01
-1.338803777813085816e+01
-1.344413917299891814e+01
-1.338816462415564601e+01
-1.344888172454041175e+01
-1.345479855814941139e+01
-1.346609914588936086e+01
-1.341602763168900658e+01
-1.332784498632201320e+01
-1.332133117808604617e+01
-1.326900035198810457e+01
-1.330354151828289311e+01
-1.331352551108057547e+01
-1.331790242311025274e+01
-1.332774705448978025e+01
-1.333297411232113383e+01
-1.335550784720813589e+01
-1.339296864628845185e+01
-1.339643593586650461e+01
-1.341326815845980569e+01
-1.344709687467670278e+01
-1.348751965110594497e+01
-1.345441459139427565e+01
-1.343512460168141054e+01
-1.337707415297580127e+01
-1.339802836495392491e+01
-1.339998413400054567e+01
-1.341560786474025058e+01
-1.342131089185457071e+01
-1.345128936526726804e+01
-1.345649219910816186e+01
-1.342917294297635600e+01
-1.344600512275280835e+01
-1.342298963509901455e+01
-1.341202544974377808e+01
-1.339052875099227791e+01
-1.336887396605788680e+01
-1.332521873427792514e+01
-1.333343303723077966e+01
-1.331133764730583380e+01
-1.328851035097917510e+01
-1.328308182943223947e+01
-1.325674431160779498e+01
-1.329160427993408256e+01
-1.326336660987576366e+01
-1.331264929901150396e+01
-1.325329793905998166e+01
-1.330239483914803955e+01
-1.332965740858059434e+01
-1.324929285723029260e+01
-1.320455240285170539e+01
-1.319344988515077333e+01
-1.321710143042980690e+01
-1.323773032223035528e+01
-1.320794391946762936e+01
-1.315301479875445878e+01
-1.316173414085533544e+01
-1.327388335177110079e+01
-1.328641515119408112e+01
-1.326301983360270320e+01
-1.323117982005819471e+01
-1.321133219473248310e+01
-1.325242497557423249e+01
-1.324021983866996344e+01
-1.327106581907719551e+01
-1.330742518436371924e+01
-1.324882368906084729e+01
-1.326483259558651007e+01
-1.327074569041115915e+01
-1.329928723870745699e+01
-1.327916974465978228e+01
-1.327399975707911395e+01
-1.333603869000939746e+01
-1.326748982857247583e+01
-1.316707084140271888e+01
-1.316626881130097182e+01
-1.317554528574003037e+01
-1.318435984585838838e+01
-1.318807136239830236e+01
-1.316023898396277758e+01
-1.315742131353947997e+01
-1.321421786249081087e+01
-1.319681010696493573e+01
-1.315986050450041489e+01
-1.316325830583168610e+01
-1.312533148451693776e+01
-1.313521227661999013e+01
-1.323556146228753860e+01
-1.325529516047184941e+01
-1.318600501998503205e+01
-1.317252181095547670e+01
-1.319839864021382425e+01
-1.315505636536401468e+01
-1.322323372158609622e+01
-1.322436448728672431e+01
-1.321540241648492930e+01
-1.310821355827537360e+01
-1.313489792244707388e+01
-1.308267839304517643e+01
-1.302072496311040517e+01
-1.304619728464307116e+01
-1.299234936726212553e+01
-1.300718982300349857e+01
-1.303430567657608385e+01
-1.298403978409471904e+01
-1.299339058400815894e+01
-1.295888939247586613e+01
-1.297011654407259584e+01
-1.294630552936007639e+01
-1.299632135601646610e+01
-1.298609667422346092e+01
-1.299084389127512473e+01
-1.301121190388599125e+01
-1.299676203055817325e+01
-1.303940670851504002e+01
-1.307723859278965151e+01
-1.294798744483308006e+01
-1.294282104626335972e+01
-1.288563712946187501e+01
-1.284670813958914870e+01
-1.284683104121385533e+01
-1.286306117251095493e+01
-1.281393633099822260e+01
-1.281460473185431859e+01
-1.279511249960217256e+01
-1.279484917091277296e+01
-1.283480512521542316e+01
-1.280244320815378956e+01
-1.281534510835157015e+01
-1.286279659235770900e+01
-1.286409811074736176e+01
-1.286500771102546281e+01
-1.282906426617095619e+01
-1.282330660795355115e+01
-1.279888112466037420e+01
-1.282461443663922829e+01
-1.280482697277979298e+01
-1.276862145044824715e+01
-1.280866775689759685e+01
-1.281512028237806078e+01
-1.280485874820939607e+01
-1.279716237548800528e+01
-1.278270075251305826e+01
-1.282025411617687638e+01
-1.288642349147731814e+01
-1.288117030499489957e+01
-1.286212993803539284e+01
-1.284521367800653024e+01
-1.287262871031849087e+01
-1.286990487226754709e+01
-1.270771594779052371e+01
-1.275688906916050058e+01
-1.272919950428080504e+01
-1.272326058421292672e+01
-1.276300413250296195e+01
-1.271515980978271010e+01
-1.272848690245325720e+01
-1.274080070990682501e+01
-1.274260308765408567e+01
-1.273340068075468601e+01
-1.271914341243000734e+01
-1.272862660516448230e+01
-1.274490901318636027e+01
-1.273755963212160403e+01
-1.273078297656171998e+01
-1.277889169520703128e+01
-1.277656845364178118e+01
-1.278648427995998915e+01
-1.280181916300396594e+01
-1.277486819614563807e+01
-1.275406700038895025e+01
-1.281727200350080942e+01
-1.281958050880928823e+01
-1.280056069094998783e+01
-1.274154184579432680e+01
-1.277647139027670953e+01
-1.280281452622398675e+01
-1.281475864514699836e+01
-1.283379491252267357e+01
-1.283345113673053284e+01
-1.284265240683973808e+01
-1.287091535660400154e+01
-1.285897673365610316e+01
-1.287048944835978048e+01
-1.296586484586404886e+01
-1.297915211071857655e+01
-1.296825228867764501e+01
-1.304298163646173414e+01
-1.302754889356764245e+01
-1.307838803489738666e+01
-1.308192084587248694e+01
-1.293165344057984356e+01
-1.300028183617265221e+01
-1.298350295320004832e+01
-1.292245219786564370e+01
-1.284674162175372203e+01
-1.286416894695482682e+01
-1.284449747661432006e+01
-1.281678307392821736e+01
-1.279461675800737908e+01
-1.284597405831839545e+01
-1.280603072277432020e+01
-1.286310214584460176e+01
-1.302017298474885898e+01
-1.301093401021192264e+01
-1.298787561762731002e+01
-1.308258559865562987e+01
-1.304754188500831980e+01
-1.297811351306837935e+01
-1.293241313947764226e+01
-1.293720988509811676e+01
-1.288019032391573404e+01
-1.289803385066885255e+01
-1.289196416196273276e+01
-1.291514088878988176e+01
-1.284922451100561247e+01
-1.284168824890222993e+01
-1.279081636590365001e+01
-1.273103411510583705e+01
-1.274917790812511598e+01
-1.277014616109623724e+01
-1.269614361240630096e+01
-1.271434047316348703e+01
-1.269672994252755061e+01
-1.268069809822442373e+01
-1.269752998094464047e+01
-1.268034537950171625e+01
-1.267581345139871551e+01
-1.277597575637907035e+01
-1.277733729801498264e+01
-1.280707801961748338e+01
-1.281042713958101942e+01
-1.282691644408017950e+01
-1.280929206142341492e+01
-1.277074488684079867e+01
-1.271998341201470950e+01
-1.279725448080646544e+01
-1.281180197604165372e+01
-1.279358329347862622e+01
-1.281607585237091307e+01
-1.279348524087255612e+01
-1.267458497996031141e+01
-1.280773504460476353e+01
-1.267857058162998918e+01
-1.255908028670113374e+01
-1.254977205715369593e+01
-1.255083216836381865e+01
-1.256403802732669384e+01
-1.244915540605057735e+01
-1.246994946272226201e+01
-1.246012643480277227e+01
-1.246855278609675466e+01
-1.245102550792249829e+01
-1.246547724447607841e+01
-1.247743286268832996e+01
-1.246912514766760260e+01
-1.247344359584834450e+01
-1.246827645437844723e+01
-1.246817054613658193e+01
-1.248393986914217280e+01
-1.252325933040953920e+01
-1.251978090995149273e+01
-1.253793814830090092e+01
-1.259479876335591975e+01
-1.261000492355842262e+01
-1.260835475264506300e+01
-1.259187338563140202e+01
-1.256727688314882840e+01
-1.260529711177488821e+01
-1.263457973267138712e+01
-1.263669900179517569e+01
-1.263565762409415960e+01
-1.264732466645766351e+01
-1.260130181880644251e+01
-1.268978166579907807e+01
-1.265457663156172963e+01
-1.264837456761440038e+01
-1.266908687036320202e+01
-1.263810662155240827e+01
-1.258395548462239510e+01
-1.263732126884803364e+01
-1.268817134140031300e+01
-1.270696141092663822e+01
-1.271341144761586150e+01
-1.269277079483610216e+01
-1.268829319937209910e+01
-1.270794013139061995e+01
-1.271183106353449332e+01
-1.272183563181164700e+01
-1.270578342958765461e+01
-1.272572133727310906e+01
-1.273213321024003974e+01
-1.274532798224200469e+01
-1.271825729438239705e+01
-1.276145940230529874e+01
-1.275524166430369455e+01
-1.276119885392241926e+01
-1.275592445575426837e+01
-1.276619178196220439e+01
-1.276273241219577237e+01
-1.276225486834238154e+01
-1.266488279488638646e+01
-1.263176332651589817e+01
-1.257359185626767228e+01
-1.255964614660039835e+01
-1.259786197958157850e+01
-1.259947482471094204e+01
-1.249996180726183148e+01
-1.249620848917294325e+01
-1.243422323600191604e+01
-1.243057028165437572e+01
-1.245717239202196858e+01
-1.243757704927908847e+01
-1.244811790405876550e+01
-1.240752284242206116e+01
-1.239707752133011986e+01
-1.239264353292704612e+01
-1.240001650446122028e+01
-1.241690569997049742e+01
-1.245062276924287659e+01
-1.245828774493521252e+01
-1.245436003578119610e+01
-1.245191890519136635e+01
-1.245556199985163204e+01
-1.250226109103468453e+01
-1.248655381734053726e+01
-1.245475414112562618e+01
-1.249776674833143808e+01
-1.247669336805293128e+01
-1.251751403161054199e+01
-1.251679329855326017e+01
-1.249770731740934515e+01
-1.247188607906510960e+01
-1.245345015035370828e+01
-1.243651981811320795e+01
-1.243625535900630652e+01
-1.242757471825763815e+01
-1.244326630271370959e+01
-1.244880302456599175e+01
-1.241392479980024355e+01
-1.242540090247246098e+01
-1.242997588258430497e+01
-1.246209485407378637e+01
-1.245735670191338507e+01
-1.245359283346884638e+01
-1.244011392112957282e+01
-1.242168409000549900e+01
-1.243752620952587407e+01
-1.248798504984843838e+01
-1.247297781987255760e+01
-1.245324802684037557e+01
-1.242687340977653321e+01
-1.241990662749284269e+01
-1.242205900707435440e+01
-1.246111167148932175e+01
-1.242870841970634466e+01
-1.245718009558169825e+01
-1.244795464895434911e+01
-1.247921871996718579e+01
-1.241704260851079766e+01
-1.244230649653437304e+01
-1.242792522289383328e+01
-1.242616262552507855e+01
-1.242736869723455406e+01
-1.246288958195622598e+01
-1.244093751510119006e+01
-1.240401575528975187e+01
-1.239921141409905481e+01
-1.241115353708323354e+01
-1.240799433403710950e+01
-1.241110311037398617e+01
-1.240076798722949647e+01
-1.243122730449108992e+01
-1.244246207436721718e+01
-1.238118043338244867e+01
-1.238446401553476939e+01
-1.238129918991527845e+01
-1.237510027220196207e+01
-1.233445842502149326e+01
-1.235489366362174835e+01
-1.238312476815464080e+01
-1.239706775602738453e+01
-1.242711885975913155e+01
-1.242566808481266172e+01
-1.236834312200283925e+01
-1.238304257247983564e+01
-1.240570367170237098e+01
-1.237708272170678470e+01
-1.239336023310544910e+01
-1.237410372433093286e+01
-1.239726925021619408e+01
-1.239897326622987173e+01
-1.240571139527843592e+01
-1.240368581370171874e+01
-1.236437043354368726e+01
-1.234458481039039235e+01
-1.232938436239280122e+01
-1.234114478631685863e+01
-1.234197136394623762e+01
-1.231511024243851438e+01
-1.236638913362676995e+01
-1.235566271994423104e+01
-1.235513548536421702e+01
-1.230117938047040127e+01
-1.224836092414704325e+01
-1.224219917213175712e+01
-1.215500221701527117e+01
-1.212927703977226024e+01
-1.210722110656742245e+01
-1.209379987045276472e+01
-1.210036706044196286e+01
-1.198474029144575326e+01
-1.201769792887671962e+01
-1.202064870962501608e+01
-1.195288210802683082e+01
-1.196132402748651202e+01
-1.198442827721689419e+01
-1.198804034838798138e+01
-1.200206666274768352e+01
-1.200403560107795364e+01
-1.198553444034070736e+01
-1.195946166180498693e+01
-1.199627028138566232e+01
-1.199214283642634982e+01
-1.205662134734346225e+01
-1.206986718698014016e+01
-1.215663159706041441e+01
-1.216084631859255083e+01
-1.211212260482189329e+01
-1.210904639349422318e+01
-1.210152547119105648e+01
-1.208680821772824743e+01
-1.209040494667219079e+01
-1.204195836407102327e+01
-1.203281932465750259e+01
-1.207821613771493396e+01
-1.207770628836908422e+01
-1.207171291357234999e+01
-1.207033085803843697e+01
-1.204037814582688348e+01
-1.206141850512261371e+01
-1.184964513354490911e+01
-1.184391996364369248e+01
-1.186296937366948967e+01
-1.185938877531276781e+01
-1.186212753916895224e+01
-1.187283377117843663e+01
-1.188750249852343011e+01
-1.184952379234758624e+01
-1.185843814006508268e+01
-1.188387842965792984e+01
-1.191814738887965142e+01
-1.195079194927788713e+01
-1.195566647241660796e+01
-1.195145001060212486e+01
-1.192694188044825410e+01
-1.200907760669576518e+01
-1.199008517154376818e+01
-1.193593049865829236e+01
-1.193583439326549289e+01
-1.192480569879674235e+01
-1.192179627170634326e+01
-1.188623777280864147e+01
-1.189900653950840237e+01
-1.189920175031883076e+01
-1.191393461400372722e+01
-1.194161814584065873e+01
-1.195303740080420063e+01
-1.193537526734384890e+01
-1.194408249961604618e+01
-1.190466493484913713e+01
-1.190312508450161211e+01
-1.186983273124531379e+01
-1.188312289736704841e+01
-1.184803112003887904e+01
-1.185494312565532660e+01
-1.185852261387588058e+01
-1.179635076688186146e+01
-1.179347208587449991e+01
-1.177626932713983621e+01
-1.173371985235293202e+01
-1.177095103211982163e+01
-1.177769052107162651e+01
-1.189774409806438804e+01
-1.190107805732581348e+01
-1.189361294783704004e+01
-1.188994382928291493e+01
-1.189063954561774850e+01
-1.189835344171522991e+01
-1.189434908429862325e+01
-1.177253668100745010e+01
-1.175884615661424526e+01
-1.181341960606341246e+01
-1.182127091968454558e+01
-1.177006084633068106e+01
-1.177876279415814409e+01
-1.178167942078416530e+01
-1.179445162922210244e+01
-1.179538163635550951e+01
-1.179788297122624563e+01
-1.178803090849525859e+01
-1.179484197656839761e+01
-1.180011960728093712e+01
-1.178818742967086131e+01
-1.178592082406224861e+01
-1.177205360059618755e+01
-1.176553215452680945e+01
-1.179575032437946547e+01
-1.180294853640070407e+01
-1.177121958257943213e+01
-1.177232204953737593e+01
-1.176663817780746513e+01
-1.174762565316458662e+01
-1.175075458539890505e+01
-1.177740610563478008e+01
-1.159898221419103237e+01
-1.156316342619974513e+01
-1.155332549222972816e+01
-1.160681106412416241e+01
-1.159839531252897693e+01
-1.159720729377545112e+01
-1.156354800780599490e+01
-1.154455128491463256e+01
-1.152840811950707156e+01
-1.152249389885289510e+01
-1.152033161898029334e+01
-1.154455712867927097e+01
-1.154134528881988686e+01
-1.158543683961952553e+01
-1.160460101942201128e+01
-1.155849697854808156e+01
-1.155866738635601720e+01
-1.156086802322665008e+01
-1.155646554006989923e+01
-1.155785156546065906e+01
-1.157210604447942615e+01
-1.158694970480833852e+01
-1.156907813700024690e+01
-1.158754017890702137e+01
-1.157538481880630066e+01
-1.157080157759484251e+01
-1.156507459712547714e+01
-1.155437162949679220e+01
-1.154993800446904473e+01
-1.152049744022408717e+01
-1.151707824417723280e+01
-1.145660145097741278e+01
-1.145312238690022610e+01
-1.145401753063986483e+01
-1.148680749358589104e+01
-1.152885907030513657e+01
-1.155223414628505196e+01
-1.153622990779626178e+01
-1.152450996182294318e+01
-1.155269860882544819e+01
-1.153047032441101827e+01
-1.151735586031989200e+01
-1.155235216287323397e+01
-1.157720432349437978e+01
-1.157419578880566036e+01
-1.158558973032776329e+01
-1.158968417765110104e+01
-1.157820358619999190e+01
-1.157671442806864270e+01
-1.158295252525639540e+01
-1.162346364639213370e+01
-1.162427204879601206e+01
-1.162358625600312578e+01
-1.164526565559262394e+01
-1.167807099744851129e+01
-1.168451939705560783e+01
-1.162018908041635612e+01
-1.163518804138893792e+01
-1.163375700524128931e+01
-1.163682323270116292e+01
-1.161581961148137943e+01
-1.167638753046387023e+01
-1.166191390496057068e+01
-1.164562797203784328e+01
-1.164315194090745109e+01
-1.165893242495758386e+01
-1.166424645291679241e+01
-1.164322964065844168e+01
-1.148877960947630328e+01
-1.148865664425974842e+01
-1.150721824267973226e+01
-1.151291737781686031e+01
-1.151560322049665075e+01
-1.150318537584625034e+01
-1.150637787112363064e+01
-1.152750828330863797e+01
-1.137546885743684122e+01
-1.137502619368816603e+01
-1.137520087232666910e+01
-1.138311059750828846e+01
-1.142394542188571016e+01
-1.140936066752824196e+01
-1.144591088039758020e+01
-1.146414314562004222e+01
-1.143820309328350326e+01
-1.142198611700750632e+01
-1.145195543979044395e+01
-1.145257489207821600e+01
-1.136766235337411146e+01
-1.129478317734468895e+01
-1.128691930092034745e+01
-1.128936081925032830e+01
-1.127981619413183267e+01
-1.128463098466407821e+01
-1.128858481620602205e+01
-1.129440352850482654e+01
-1.131172921323188874e+01
-1.130885809399391206e+01
-1.132011511005492466e+01
-1.131967562206287248e+01
-1.131511101443732414e+01
-1.132119085218393906e+01
-1.129868431347601998e+01
-1.130520043216623449e+01
-1.130859070658587129e+01
-1.136244351587488666e+01
-1.134973440037970427e+01
-1.135484078065664448e+01
-1.137440143889684485e+01
-1.137210597187779904e+01
-1.136533454528108500e+01
-1.136511745388713734e+01
-1.140887380161339948e+01
-1.141544209504954921e+01
-1.136959825397142687e+01
-1.140331582027778268e+01
-1.142419823183956673e+01
-1.141642434492304226e+01
-1.142209486213447533e+01
-1.141262189034541308e+01
-1.134381968160963972e+01
-1.131209565399717221e+01
-1.130790971010244306e+01
-1.130179355271154407e+01
-1.130366763624834903e+01
-1.131967247934013265e+01
-1.131597672880591787e+01
-1.133419073052384185e+01
-1.133614567990805710e+01
-1.134019076042711838e+01
-1.132880214553055076e+01
-1.132534494625135402e+01
-1.134281595157117550e+01
-1.129460060457995496e+01
-1.133885282130822425e+01
-1.132895116224279697e+01
-1.126991812553122330e+01
-1.125230448441805464e+01
-1.125332827841902805e+01
-1.124792325134897730e+01
-1.126728516331698060e+01
-1.125546241841096951e+01
-1.126614617873477542e+01
-1.128199319284586011e+01
-1.129153417584583785e+01
-1.130164505291561383e+01
-1.136603115608292391e+01
-1.136412050335002988e+01
-1.135527428751246681e+01
-1.136278273665295835e+01
-1.138839086693406522e+01
-1.137192262980667046e+01
-1.136834480168739425e+01
-1.137692622634503081e+01
-1.139558735806018674e+01
-1.138859418392050848e+01
-1.138189913893470440e+01
-1.138377689690755368e+01
-1.138152468269936080e+01
-1.137590851754875132e+01
-1.137571987590646749e+01
-1.136950126174549602e+01
-1.140963773411261073e+01
-1.141554665388087386e+01
-1.137994841537185309e+01
-1.137843449529261974e+01
-1.141276349546403956e+01
-1.141094747925066422e+01
-1.139624729316538954e+01
-1.136088947839999541e+01
-1.136376379890027799e+01
-1.136074659553508504e+01
-1.136681515333041759e+01
-1.136114841885366467e+01
-1.136060894173821367e+01
-1.134529584845992822e+01
-1.133013077073256625e+01
-1.133381477449630026e+01
