# 2*np.log[MAD(r)] for 100 flights; 1000 steps per flight; run 19 of 50; mu: 2.20; seed: 18
-2.324852812480657960e+01
-2.267367620315015486e+01
-2.135748670076629452e+01
-2.098305426697967135e+01
-2.020034194615388756e+01
-1.982279230833258410e+01
-1.957162953298208308e+01
-1.952615437433287582e+01
-1.924976882320517646e+01
-1.915439093012536986e+01
-1.895341443383909308e+01
-1.869630672519916459e+01
-1.867462461859876655e+01
-1.859310783526276367e+01
-1.863968225764372377e+01
-1.837953322785614674e+01
-1.878420776719588048e+01
-1.852439505699091526e+01
-1.842837342482540564e+01
-1.852266694226566557e+01
-1.799766929065456367e+01
-1.806887272263821842e+01
-1.808357517759240807e+01
-1.800828155104132122e+01
-1.788218745602284088e+01
-1.787717302470799297e+01
-1.757174135165581674e+01
-1.751331913990520306e+01
-1.742924630083621906e+01
-1.736092028724871028e+01
-1.741050273310674257e+01
-1.735886714993344526e+01
-1.719420724017821556e+01
-1.704531338395630868e+01
-1.709727975728725369e+01
-1.721610550988739163e+01
-1.695907470521939686e+01
-1.684997782851317183e+01
-1.685379293056375261e+01
-1.690642442116554989e+01
-1.684073317199184316e+01
-1.687437283037636604e+01
-1.677507203858363027e+01
-1.642542784570324699e+01
-1.661921581553950844e+01
-1.657735546625623257e+01
-1.654646661175568667e+01
-1.658208915054827415e+01
-1.670233456980676578e+01
-1.655031154351114964e+01
-1.650264804329219359e+01
-1.661225698953217034e+01
-1.656937331327019081e+01
-1.662769085851594042e+01
-1.671500700977492926e+01
-1.676737526848086191e+01
-1.663590119314488902e+01
-1.673227187028617990e+01
-1.676022059220325033e+01
-1.668759269962175651e+01
-1.638066536968358378e+01
-1.641390646653754004e+01
-1.625255576602305041e+01
-1.614675019978314552e+01
-1.634082381638445369e+01
-1.623297795177455427e+01
-1.611942221051666380e+01
-1.613368277606125289e+01
-1.596317843338283637e+01
-1.599976485792916669e+01
-1.581922974468219500e+01
-1.587250829741076785e+01
-1.584197318523386500e+01
-1.585518549954827705e+01
-1.591369233985464682e+01
-1.572723081442318538e+01
-1.582234408425162187e+01
-1.566565079884885314e+01
-1.565871843920301387e+01
-1.569229078357214924e+01
-1.564155008947663816e+01
-1.577134546893925560e+01
-1.556675892122288651e+01
-1.536058625045630066e+01
-1.540653758852728217e+01
-1.552944117171056782e+01
-1.561392102716304287e+01
-1.551829348374029927e+01
-1.544547566551449869e+01
-1.545991023314760859e+01
-1.535329600271361450e+01
-1.536056942115285118e+01
-1.536764297982407435e+01
-1.532866567610988362e+01
-1.531241108827063613e+01
-1.535161676058999980e+01
-1.547203270394153130e+01
-1.528383697317754653e+01
-1.532564395104519583e+01
-1.542839798822311081e+01
-1.546053423835336460e+01
-1.532872348438330334e+01
-1.530423451456973538e+01
-1.536903285121078611e+01
-1.534715813010324581e+01
-1.532170765782081823e+01
-1.528135071779468213e+01
-1.536388746767499214e+01
-1.534276447924398923e+01
-1.528421238744717847e+01
-1.534784797519858301e+01
-1.521066301839564261e+01
-1.511319479940349098e+01
-1.516994347324742165e+01
-1.521742682408915393e+01
-1.527999232327799461e+01
-1.533796418002456718e+01
-1.539033252519522676e+01
-1.538796625086338210e+01
-1.544162448553403344e+01
-1.564627047283067363e+01
-1.558820280754011911e+01
-1.547394728925992702e+01
-1.551568183013794844e+01
-1.546385107783821589e+01
-1.538772503242307543e+01
-1.538037797762279091e+01
-1.546496206735468704e+01
-1.540574792914652669e+01
-1.540152256136686226e+01
-1.528590021206104410e+01
-1.518946625281149743e+01
-1.522135334230368287e+01
-1.529032313471988402e+01
-1.524927264366561097e+01
-1.527444781596336476e+01
-1.525066342881817505e+01
-1.533683220479017528e+01
-1.536358656279613299e+01
-1.541720606248376058e+01
-1.536500232575177982e+01
-1.538625161126911145e+01
-1.539962391619047644e+01
-1.552929172269711877e+01
-1.558090776467804162e+01
-1.541560955351149964e+01
-1.530554403011276321e+01
-1.517764017811065180e+01
-1.523372992281285221e+01
-1.519224917833481392e+01
-1.524258636928836275e+01
-1.519976160544272403e+01
-1.525769946988645920e+01
-1.527673397910763597e+01
-1.518543444983894730e+01
-1.522373921609487013e+01
-1.515887838274032795e+01
-1.526003020617647365e+01
-1.515911666250104162e+01
-1.515692302439025241e+01
-1.519294388203987367e+01
-1.510449336546384558e+01
-1.513099656015641159e+01
-1.509237279752293581e+01
-1.505418144899899779e+01
-1.503277906418938414e+01
-1.499264207777849300e+01
-1.500109884586164632e+01
-1.501402835204403630e+01
-1.508093714483107028e+01
-1.509821323847418029e+01
-1.509301110423194459e+01
-1.510567503977167547e+01
-1.508501919253146362e+01
-1.506983295392661404e+01
-1.505699147498642887e+01
-1.499462421613205088e+01
-1.494385174424236240e+01
-1.495642649273060520e+01
-1.502111034328796180e+01
-1.499307514162017974e+01
-1.506208467223095049e+01
-1.507407743423334523e+01
-1.499235170801242489e+01
-1.501177474939280287e+01
-1.504025378360226028e+01
-1.498399059125805266e+01
-1.492537704823968703e+01
-1.486398766324701803e+01
-1.482953467120819013e+01
-1.489545836585867455e+01
-1.486835960501660203e+01
-1.487449716127328614e+01
-1.479248758357126903e+01
-1.483638280497406114e+01
-1.472831797234637996e+01
-1.465859519928811494e+01
-1.463537556894098657e+01
-1.464435353578620003e+01
-1.464356903240553009e+01
-1.464320573710682005e+01
-1.463208130937964491e+01
-1.463498962319396846e+01
-1.464318249157960850e+01
-1.465514667119201064e+01
-1.472434656068303838e+01
-1.463067015649403402e+01
-1.456921083105360815e+01
-1.451515926988630056e+01
-1.452060895347951153e+01
-1.455923931741384436e+01
-1.431021988443088944e+01
-1.433561224062195016e+01
-1.441745823075915567e+01
-1.428803676211305529e+01
-1.428097976629639554e+01
-1.426592149768597295e+01
-1.436196832066791274e+01
-1.424306996089943489e+01
-1.421465653140501750e+01
-1.435804481255359200e+01
-1.443571158196257187e+01
-1.445347141413191139e+01
-1.447442475989141641e+01
-1.445841858526514834e+01
-1.446574514395008215e+01
-1.443757159442840887e+01
-1.431051101918751556e+01
-1.427290602807496533e+01
-1.425792693219954721e+01
-1.425141595862792698e+01
-1.430259655641581773e+01
-1.430560572236232453e+01
-1.426705120326767684e+01
-1.423414342424344348e+01
-1.419927212336861366e+01
-1.423648981878228525e+01
-1.424411334624168113e+01
-1.424841468598668115e+01
-1.433297267056904190e+01
-1.434743089944707073e+01
-1.430285356873938163e+01
-1.426521184336870007e+01
-1.426015746144346252e+01
-1.424311455259261372e+01
-1.425134276898016239e+01
-1.425839470784524643e+01
-1.426318131153889368e+01
-1.427622152344602746e+01
-1.425463658995896843e+01
-1.429774134998190505e+01
-1.434209230449306993e+01
-1.438432521938677056e+01
-1.439008174828892628e+01
-1.438398458582792294e+01
-1.439050697772420051e+01
-1.439011584401715282e+01
-1.437712578246210704e+01
-1.434444601395922980e+01
-1.438418241802891906e+01
-1.439895767607039190e+01
-1.429947229907087447e+01
-1.423798111657412768e+01
-1.413499001007035183e+01
-1.409719146365403297e+01
-1.410268464388978948e+01
-1.410471141091695024e+01
-1.413798248202706276e+01
-1.415481112165516819e+01
-1.412003969322635122e+01
-1.414448045736238413e+01
-1.410175600749851199e+01
-1.406262127315225108e+01
-1.415483378042962848e+01
-1.417197464738060120e+01
-1.417208713135000586e+01
-1.421735185989336081e+01
-1.421647816445357648e+01
-1.425207965115956021e+01
-1.414988533066165566e+01
-1.408713009306243080e+01
-1.410982471572314623e+01
-1.411316567632449903e+01
-1.403767702239696114e+01
-1.401246728149534704e+01
-1.401598702605354063e+01
-1.405028269858150303e+01
-1.405493820586352882e+01
-1.403625245472926863e+01
-1.411354017515252401e+01
-1.413595678988122906e+01
-1.409348488320392612e+01
-1.410249072177270691e+01
-1.406121267481336190e+01
-1.406606389828138681e+01
-1.407299764008049614e+01
-1.406102921158909602e+01
-1.399475454760398740e+01
-1.406363508203691737e+01
-1.402031159267124849e+01
-1.393987904291444124e+01
-1.396026962079569955e+01
-1.400183973996480802e+01
-1.405767967696246323e+01
-1.393564505268422060e+01
-1.387157421751198072e+01
-1.389730113809448753e+01
-1.389700274723504236e+01
-1.384844559576685263e+01
-1.383980731109384621e+01
-1.389152156836016161e+01
-1.387711863567763615e+01
-1.386969031603458191e+01
-1.392132236291430480e+01
-1.386656903397660479e+01
-1.384961865175642792e+01
-1.388041736554472294e+01
-1.389204108471967558e+01
-1.394828864834622273e+01
-1.381729432136623359e+01
-1.384715495218211956e+01
-1.372308960368766684e+01
-1.371371261178969725e+01
-1.374513156200883301e+01
-1.376476501160008503e+01
-1.373043134038781865e+01
-1.369343957534271361e+01
-1.370381818797401152e+01
-1.367889652756621643e+01
-1.364247848820642517e+01
-1.358602663137353339e+01
-1.361768699362375834e+01
-1.351872727362436422e+01
-1.366556894290848945e+01
-1.362746143831106238e+01
-1.361121107910523875e+01
-1.359002245525094210e+01
-1.359532411545870900e+01
-1.360337213468159234e+01
-1.364284552845454535e+01
-1.359474892016318570e+01
-1.360019876146703943e+01
-1.359098404064779153e+01
-1.355391412269976747e+01
-1.364205371102482545e+01
-1.359976777152246008e+01
-1.360256459867085788e+01
-1.361749593458447904e+01
-1.365935397248551375e+01
-1.365745415319242539e+01
-1.365499503397652070e+01
-1.365286020238935194e+01
-1.366144144197616050e+01
-1.365375895580209509e+01
-1.357064890408300251e+01
-1.360963464811951518e+01
-1.361500490001315278e+01
-1.364420764186851187e+01
-1.365055305077394010e+01
-1.362311969578210835e+01
-1.364031454516502784e+01
-1.368464120893308866e+01
-1.368848455674813458e+01
-1.366424380944021344e+01
-1.368053625110434091e+01
-1.367764519978081239e+01
-1.365793715230850225e+01
-1.363274845875798036e+01
-1.373660816097872939e+01
-1.373564408526393876e+01
-1.364290715795136677e+01
-1.369070009818727840e+01
-1.368692360139449704e+01
-1.371668948761986684e+01
-1.370946040588877857e+01
-1.372217441501227597e+01
-1.375075745519600545e+01
-1.374366490460853640e+01
-1.372525818432227140e+01
-1.374730192895738057e+01
-1.373939981243250585e+01
-1.371702055794849251e+01
-1.367848844894564309e+01
-1.365975660479390896e+01
-1.360697674833925852e+01
-1.363860434756303164e+01
-1.361562964938003439e+01
-1.358088106020893449e+01
-1.359409712015404637e+01
-1.363569958766783152e+01
-1.363100250396669999e+01
-1.362620046285719511e+01
-1.363158239028076224e+01
-1.367586187007093734e+01
-1.368344428551498915e+01
-1.368253985545748286e+01
-1.365440695105730207e+01
-1.366246618573660321e+01
-1.366512133893043490e+01
-1.368359011392771585e+01
-1.364308605726127510e+01
-1.361552959876836155e+01
-1.361726032037044121e+01
-1.361409485115755125e+01
-1.362802964461268296e+01
-1.354670784015211282e+01
-1.354950024851147461e+01
-1.355575644305598892e+01
-1.356543955428339032e+01
-1.357766254478233492e+01
-1.356400772923401732e+01
-1.354556782018619465e+01
-1.353314986147507426e+01
-1.358920684080451480e+01
-1.353667966021638236e+01
-1.356437130876267894e+01
-1.359146539655859698e+01
-1.364179777317765740e+01
-1.354934632439858078e+01
-1.350675034833548160e+01
-1.352714909558331158e+01
-1.350636563589443462e+01
-1.351238448587955254e+01
-1.350304727042662556e+01
-1.351217190724278261e+01
-1.347438679506077897e+01
-1.340828933001547618e+01
-1.341222109061984824e+01
-1.343199313806837480e+01
-1.332713535181874676e+01
-1.333465160031622609e+01
-1.332371757974339133e+01
-1.332647589345638295e+01
-1.333495670164809432e+01
-1.332641048413471374e+01
-1.342694153313851402e+01
-1.345273959566699240e+01
-1.344750759718533040e+01
-1.339527556324350144e+01
-1.338571948732945849e+01
-1.340413721174196304e+01
-1.342915455396059876e+01
-1.334273275892345900e+01
-1.332253817528776985e+01
-1.334641583895675332e+01
-1.335449527956070170e+01
-1.335595790458955001e+01
-1.333642382988737474e+01
-1.327538383730367322e+01
-1.330874215031278140e+01
-1.329019817870419118e+01
-1.329655627850304533e+01
-1.324419132677965472e+01
-1.325373792561547681e+01
-1.322478615107062616e+01
-1.328949124599579967e+01
-1.327036837707297678e+01
-1.327683378710190887e+01
-1.320833687851914284e+01
-1.319137863063411764e+01
-1.321511252262968306e+01
-1.321581267749816213e+01
-1.319694645228368302e+01
-1.328059121305946810e+01
-1.329747823317205935e+01
-1.329766017571231274e+01
-1.329894308691089222e+01
-1.323784529912769514e+01
-1.332143550858462078e+01
-1.333418138148110366e+01
-1.331248441249275949e+01
-1.331103951906681537e+01
-1.328571232380066114e+01
-1.328414395488116817e+01
-1.329029797371336841e+01
-1.328418403357053457e+01
-1.328504277996200678e+01
-1.328395922533617224e+01
-1.325650865636887410e+01
-1.325823067003758204e+01
-1.327258808256006972e+01
-1.329608397764623362e+01
-1.327831121573698780e+01
-1.320071554002399594e+01
-1.319891420815603489e+01
-1.319717924156721800e+01
-1.316800769247889136e+01
-1.318578030302511195e+01
-1.318126088687346709e+01
-1.317892131966747193e+01
-1.308338093066594254e+01
-1.312579418475039539e+01
-1.316410987754297679e+01
-1.315875055194083920e+01
-1.305693637566818843e+01
-1.310136749779957377e+01
-1.309791535391766715e+01
-1.302826057171599672e+01
-1.304980284087217157e+01
-1.306778649579719342e+01
-1.305302140361114205e+01
-1.306850997257881630e+01
-1.300388639458118867e+01
-1.304300495946455385e+01
-1.305057280806489217e+01
-1.302500962977092414e+01
-1.302467228949277711e+01
-1.302622617490066226e+01
-1.303642152620267680e+01
-1.305908712794122550e+01
-1.308435065477164372e+01
-1.310608202819193302e+01
-1.308798451497293769e+01
-1.311974191171752047e+01
-1.312055403076403692e+01
-1.312906272223026605e+01
-1.309480887885217371e+01
-1.304771624265732477e+01
-1.303998753198518301e+01
-1.305610011549446270e+01
-1.313145501873108678e+01
-1.313810365699434612e+01
-1.313322819166498157e+01
-1.315099831401222374e+01
-1.308238019284982734e+01
-1.307254545525283973e+01
-1.319519609966545026e+01
-1.305963222113723532e+01
-1.304450514154463825e+01
-1.305349596392869849e+01
-1.302403664515409254e+01
-1.302158236282635428e+01
-1.300512518251299809e+01
-1.301593720574194535e+01
-1.296529550716773294e+01
-1.294382808973013432e+01
-1.299378263374951992e+01
-1.297962551289480615e+01
-1.295015463654284815e+01
-1.288650316854173816e+01
-1.289818607121866201e+01
-1.287995885353583780e+01
-1.286122865981827168e+01
-1.289373953482882307e+01
-1.288530626679695779e+01
-1.291824714441954391e+01
-1.292600470928867651e+01
-1.288448133977328780e+01
-1.289655435918126436e+01
-1.276312926342272291e+01
-1.280716301334354768e+01
-1.275831525545901712e+01
-1.272848932300979463e+01
-1.278545916349377620e+01
-1.280462856731740295e+01
-1.280894731789450702e+01
-1.280622950874439603e+01
-1.283061625736870326e+01
-1.283252395324033834e+01
-1.283660655709527099e+01
-1.278819436469885318e+01
-1.281941683031982926e+01
-1.280434710818713739e+01
-1.284732575125061516e+01
-1.286780602526946282e+01
-1.283788209306028882e+01
-1.285828184224059889e+01
-1.284278942787010713e+01
-1.290984068992382205e+01
-1.289256379932686869e+01
-1.282385559369441630e+01
-1.291822482298058361e+01
-1.286122290850173933e+01
-1.289525102043299576e+01
-1.290093877199210226e+01
-1.293179149963988017e+01
-1.295308097751905763e+01
-1.294864787139315787e+01
-1.297176240721617724e+01
-1.295004779928035532e+01
-1.295320821371768893e+01
-1.293877464371816188e+01
-1.295865105887720681e+01
-1.293244617580589662e+01
-1.289274597788960186e+01
-1.281366779906291065e+01
-1.280934636446795416e+01
-1.277040241594789904e+01
-1.276952415036897470e+01
-1.277366938637105243e+01
-1.268697598697476003e+01
-1.270261240730611618e+01
-1.265157547926115811e+01
-1.262596631892412802e+01
-1.263182691744844988e+01
-1.261526568067101550e+01
-1.257108625990231232e+01
-1.257334556437815110e+01
-1.265075983266636506e+01
-1.264211779408736014e+01
-1.263289452497772203e+01
-1.262812543803461374e+01
-1.262433876105808750e+01
-1.259579659267476082e+01
-1.260683300420965836e+01
-1.261654933105702092e+01
-1.263025853099676965e+01
-1.263528074037602345e+01
-1.264515692053635121e+01
-1.260966104196896254e+01
-1.260949077108204541e+01
-1.262882842718220111e+01
-1.265350901445228970e+01
-1.264350660463788856e+01
-1.264279631926919656e+01
-1.265194813399970641e+01
-1.265460671550960470e+01
-1.261335737420191272e+01
-1.262885084342395459e+01
-1.262017567889680514e+01
-1.261876413246808681e+01
-1.261674182243124420e+01
-1.267368121135704584e+01
-1.265114820664078188e+01
-1.267122242161262236e+01
-1.266472894017187656e+01
-1.265576293155042364e+01
-1.266338618366448898e+01
-1.266320951300511410e+01
-1.265396071468766692e+01
-1.264568301040458742e+01
-1.262593841213692691e+01
-1.262575317851208290e+01
-1.265274322351945102e+01
-1.260446508977280367e+01
-1.262179265893521141e+01
-1.262840380712697907e+01
-1.265320891891493105e+01
-1.263940014235754639e+01
-1.261613091028224432e+01
-1.258199773468210303e+01
-1.258053218891735803e+01
-1.254093241268627246e+01
-1.260394617025856334e+01
-1.260185131960395566e+01
-1.263286963679768427e+01
-1.261817979394387912e+01
-1.261202232962283531e+01
-1.262852403620008879e+01
-1.262192049398292326e+01
-1.259268667775892503e+01
-1.261025704712243289e+01
-1.260883830312212517e+01
-1.256185495132174346e+01
-1.262181081066959898e+01
-1.261893576881471901e+01
-1.259694708659413287e+01
-1.262856312416670335e+01
-1.264835934283649976e+01
-1.257818824041389938e+01
-1.263444371923955600e+01
-1.256760753424215160e+01
-1.256505584070060699e+01
-1.257237552212766829e+01
-1.254238023269395974e+01
-1.252250682701980189e+01
-1.243535854102960769e+01
-1.240199179542346641e+01
-1.242730481058439196e+01
-1.240182302170773276e+01
-1.239871943416862798e+01
-1.240042727916840981e+01
-1.243963053509397909e+01
-1.236190244048717624e+01
-1.235735356739518664e+01
-1.237066586577536320e+01
-1.237674302668685122e+01
-1.232675057774626382e+01
-1.232342783358150484e+01
-1.232870077622779625e+01
-1.229656512968935012e+01
-1.228206104407156296e+01
-1.227495723011304563e+01
-1.231226391159712286e+01
-1.222793509532060163e+01
-1.226357379033861683e+01
-1.226369589245704184e+01
-1.228274754345394548e+01
-1.227832632452016703e+01
-1.230234803109851427e+01
-1.227940462576831315e+01
-1.226946615798653895e+01
-1.225632460440986193e+01
-1.231773174547915417e+01
-1.234076986434962642e+01
-1.229615014190820155e+01
-1.231953475565375555e+01
-1.231006211243192006e+01
-1.231599040624930019e+01
-1.232004554863232215e+01
-1.231235953440373976e+01
-1.231424798110732866e+01
-1.233807882824319080e+01
-1.226970423752321615e+01
-1.219785581763566462e+01
-1.223447746913200085e+01
-1.221864831627827463e+01
-1.221297482219140740e+01
-1.223676810785377889e+01
-1.229475190184783528e+01
-1.234406397000593003e+01
-1.232516185542620057e+01
-1.233912919833039901e+01
-1.232866361362788865e+01
-1.232990026066606148e+01
-1.232451194824459861e+01
-1.229296850359581050e+01
-1.226380158043673951e+01
-1.226562087973770510e+01
-1.218680297482272401e+01
-1.219456701354493688e+01
-1.220899643059838446e+01
-1.220211538918738370e+01
-1.219034576849589691e+01
-1.217775744848350605e+01
-1.216710614148127867e+01
-1.217578702866367557e+01
-1.217432186075547129e+01
-1.220544121386247127e+01
-1.215287209325359541e+01
-1.218230163886609319e+01
-1.213740575114189646e+01
-1.211568343215226484e+01
-1.212656369867700512e+01
-1.212936277086170200e+01
-1.214282644902347208e+01
-1.212271499135982111e+01
-1.211377419983444526e+01
-1.217719271241049306e+01
-1.213746932691336866e+01
-1.216436561553331330e+01
-1.209522387517741215e+01
-1.210622076020111848e+01
-1.216488979868638154e+01
-1.215150436275037826e+01
-1.201920544138570435e+01
-1.207197506121340957e+01
-1.207756138492423403e+01
-1.209605861467148991e+01
-1.209261763095783238e+01
-1.201811988440578638e+01
-1.203826138336532203e+01
-1.204742173811961692e+01
-1.205438113015246770e+01
-1.203948580269308444e+01
-1.203650048328324296e+01
-1.207510169279034606e+01
-1.209521380784865840e+01
-1.211572764032192495e+01
-1.207985078126709944e+01
-1.207811614162830516e+01
-1.202293277265069449e+01
-1.205067861566601728e+01
-1.204161448229386266e+01
-1.208319518569222240e+01
-1.205401055428751000e+01
-1.203406067916990629e+01
-1.203897829911753981e+01
-1.203422501636242359e+01
-1.208410298720255938e+01
-1.208153309398509379e+01
-1.209050033026638715e+01
-1.209215824474486389e+01
-1.211270620041398516e+01
-1.209203709305350927e+01
-1.209870727386199185e+01
-1.205362382405492916e+01
-1.206620693569592717e+01
-1.206042284054791125e+01
-1.207427689347438005e+01
-1.210457531836411604e+01
-1.208697398548479462e+01
-1.207850286881769541e+01
-1.207770242479708500e+01
-1.206993333262371948e+01
-1.205531390217572962e+01
-1.201373785041030651e+01
-1.212048921149441938e+01
-1.208737357390941369e+01
-1.208508658737228458e+01
-1.210238062663814240e+01
-1.213124520695678399e+01
-1.213347337386733926e+01
-1.212484203399727534e+01
-1.211720386897312984e+01
-1.211012409493110198e+01
-1.207506828021150902e+01
-1.208965926531246282e+01
-1.210726254102311827e+01
-1.211250223126612191e+01
-1.212395819767719729e+01
-1.213204487013865318e+01
-1.207366431484464364e+01
-1.204088779860134117e+01
-1.198466189745066934e+01
-1.200016026565988980e+01
-1.200368567762701311e+01
-1.199809322182280980e+01
-1.199421471762204838e+01
-1.201965946768368987e+01
-1.206251199399100749e+01
-1.207441752421235037e+01
-1.211365496726449997e+01
-1.212134808386667295e+01
-1.213552940366914967e+01
-1.213325628194976247e+01
-1.212788996765721627e+01
-1.206242730963082366e+01
-1.208461564787412357e+01
-1.210442975005547339e+01
-1.213723307479735247e+01
-1.213359874825741080e+01
-1.213366232845378256e+01
-1.215135663226045892e+01
-1.213944704033596445e+01
-1.216710906244002999e+01
-1.219643920558937999e+01
-1.213591954631947978e+01
-1.214993500035217622e+01
-1.219946758728237768e+01
-1.218948657323552176e+01
-1.222443474366042260e+01
-1.222792217433987538e+01
-1.221573379743373522e+01
-1.217445421746692880e+01
-1.218395258526361502e+01
-1.221685433477021654e+01
-1.217728149389700043e+01
-1.218808641797406445e+01
-1.217558751820911667e+01
-1.216489420907606878e+01
-1.214636906446920861e+01
-1.209770342170798507e+01
-1.212798135809809530e+01
-1.214287716287527630e+01
-1.215322235647849602e+01
-1.219519537454037383e+01
-1.219323216752387218e+01
-1.222096565905994581e+01
-1.217679999225677889e+01
-1.219405390050048155e+01
-1.218811218631254434e+01
-1.218254705421389339e+01
-1.215370580289821234e+01
-1.213590746045298374e+01
-1.213103904985189452e+01
-1.216924500906406337e+01
-1.216597920717099690e+01
-1.216028981153488253e+01
-1.216876406020957724e+01
-1.215562258953973718e+01
-1.215754240410157294e+01
-1.218767366057528356e+01
-1.222772515154936812e+01
-1.223791528582450105e+01
-1.225417951863485300e+01
-1.227253040737073242e+01
-1.225911598274122838e+01
-1.225326380791585734e+01
-1.225546071714829210e+01
-1.221315087963209756e+01
-1.217065088387095706e+01
-1.215695025545884533e+01
-1.218302391637642579e+01
-1.217623738005592138e+01
-1.216884450824220920e+01
-1.215954238977789359e+01
-1.214885483770220098e+01
-1.212282024477473286e+01
-1.216229393344260856e+01
-1.216025650234791833e+01
-1.215645693239694403e+01
-1.217951405474076942e+01
-1.213474309702215947e+01
-1.214202263620882682e+01
-1.206253449406830747e+01
-1.202685659990623712e+01
-1.196968727612251371e+01
-1.197047825568120594e+01
-1.197203672892781690e+01
-1.196507713509137716e+01
-1.196497624462960907e+01
-1.195390001752332410e+01
-1.194308426776563614e+01
-1.194764409843313935e+01
-1.195232635172805402e+01
-1.198060837395806288e+01
-1.197502507664016314e+01
-1.200501061741190689e+01
-1.199906698136801353e+01
-1.198870910881302088e+01
-1.200012270225274946e+01
-1.199719721887913337e+01
-1.198615206222056173e+01
-1.196258150452276681e+01
-1.195645973472362833e+01
-1.195781549101055496e+01
-1.195525336578209163e+01
-1.195053758936588117e+01
-1.200194671441891181e+01
-1.201954250121150558e+01
-1.203549994331758022e+01
-1.205417134579669813e+01
-1.205642973235214299e+01
-1.205914405786806753e+01
-1.206303029515862413e+01
-1.207613060047206055e+01
-1.209619261911853982e+01
-1.208893855033839770e+01
-1.203244537976096140e+01
-1.202120284384298188e+01
-1.201403024097480987e+01
-1.209330234756112255e+01
-1.200636721955928365e+01
-1.199036897250933897e+01
-1.200595127193546929e+01
-1.198480940749561618e+01
-1.197981208956984034e+01
-1.189882976307155538e+01
-1.189598550158111046e+01
-1.192329652884808233e+01
-1.193053399679199700e+01
-1.192957217621656518e+01
-1.193700313226636389e+01
-1.202120663665776590e+01
-1.202758092722730865e+01
-1.195749510288547413e+01
-1.196137166918582295e+01
-1.200154580583000374e+01
-1.200067847782024977e+01
-1.195557944394735550e+01
-1.198248958627692673e+01
-1.195204326827731300e+01
-1.201582083047144245e+01
-1.203841215607296355e+01
-1.201567379814432357e+01
-1.201669471874032880e+01
-1.202781305734634110e+01
-1.201670222516979436e+01
-1.194639253805391554e+01
-1.188416529064992666e+01
-1.187510350466219045e+01
-1.186491055559123708e+01
-1.185248525991742063e+01
-1.185371869585112137e+01
-1.185615108395869655e+01
-1.185751995445751028e+01
-1.187990458908469371e+01
-1.189368031145536442e+01
-1.187474553048445713e+01
-1.192736635941078127e+01
-1.192328546354202601e+01
-1.189349172353773731e+01
-1.189698644793670645e+01
-1.191337343770533863e+01
-1.191620214965507429e+01
-1.192496670922429836e+01
-1.191764745367916589e+01
-1.191398250120305313e+01
-1.187870664664234077e+01
-1.188861206102482448e+01
-1.185635176172314686e+01
-1.187062555615411696e+01
-1.189784505752439436e+01
-1.189553693078336671e+01
-1.189092041372488495e+01
-1.188481799459312249e+01
-1.191180748818974777e+01
-1.191593737733916747e+01
-1.192530624339152467e+01
-1.193079734963878913e+01
-1.194425039020084434e+01
-1.193654340290639659e+01
-1.193120908612141484e+01
-1.193389128002964306e+01
-1.194131120297872961e+01
-1.193747018082637368e+01
-1.193272753803759656e+01
-1.191764624285781338e+01
-1.190081243055325899e+01
-1.182559136619622819e+01
-1.178327515845762186e+01
-1.166649505051725022e+01
-1.168558868073975709e+01
-1.164302665597861086e+01
-1.164616266961637692e+01
-1.164064261491247976e+01
-1.167333014820560066e+01
-1.166467366577450449e+01
-1.166192154592073749e+01
