# 2*np.log[MAD(r)] for 100 flights; 1000 steps per flight; run 10 of 50; mu: 2.20; seed: 9
-2.400565048747969499e+01
-2.210727238416001228e+01
-2.127968283758141510e+01
-2.058075219482054052e+01
-2.067734394104990514e+01
-2.035416096781551687e+01
-2.015782603923301863e+01
-2.015857695567163077e+01
-2.006350868535131227e+01
-1.963498934265626161e+01
-1.949711608991324496e+01
-1.917019456489713036e+01
-1.863286345019842827e+01
-1.870164005233101179e+01
-1.851246299228933267e+01
-1.834034040667893350e+01
-1.839017828423765621e+01
-1.799453466057693518e+01
-1.799327697805371074e+01
-1.792554475822230486e+01
-1.784243779913339623e+01
-1.783809228033438643e+01
-1.773363602473425615e+01
-1.752379056860790385e+01
-1.722445928225674194e+01
-1.735742447959319890e+01
-1.733014761827779893e+01
-1.704758030162118132e+01
-1.715597540188469239e+01
-1.703589123816283291e+01
-1.689677084242574878e+01
-1.704579805971431483e+01
-1.684465847926406568e+01
-1.700260975309256395e+01
-1.711922438588845097e+01
-1.715080265761095291e+01
-1.721281225131656711e+01
-1.720203640652542987e+01
-1.724429815406396216e+01
-1.713118502514508279e+01
-1.692785002604069433e+01
-1.690747559033963299e+01
-1.702304751018290219e+01
-1.722930801630701581e+01
-1.687306238279179027e+01
-1.693697292294615764e+01
-1.687458004669641198e+01
-1.683370810996136768e+01
-1.679327839577324255e+01
-1.663281512301664122e+01
-1.658650341246107729e+01
-1.651870786519895518e+01
-1.651144611530145312e+01
-1.655932404281386994e+01
-1.653904867863506922e+01
-1.641609229966337580e+01
-1.622024234992203873e+01
-1.633269735365618303e+01
-1.640492256608439803e+01
-1.636988628596315110e+01
-1.646612192777853778e+01
-1.646777952187726157e+01
-1.662290755686689891e+01
-1.632629062815227883e+01
-1.618053494527633163e+01
-1.613424775810622336e+01
-1.610072852946771604e+01
-1.607432539072542710e+01
-1.608416985182047299e+01
-1.622546433201540594e+01
-1.621620587973279726e+01
-1.620521632401923284e+01
-1.619481756164260844e+01
-1.627236078606069469e+01
-1.616115455189302708e+01
-1.624268429782307166e+01
-1.597616272015398842e+01
-1.601702069372188575e+01
-1.613560320718631758e+01
-1.616252319084292566e+01
-1.610080591840034359e+01
-1.628748615387246801e+01
-1.604610685877532461e+01
-1.602551316000798209e+01
-1.641696691325875435e+01
-1.646068650044010084e+01
-1.647470303223166610e+01
-1.622393409615814619e+01
-1.611548930883157382e+01
-1.598165349920868294e+01
-1.597145584808666285e+01
-1.598911614026211758e+01
-1.605313620905295835e+01
-1.601150155850180923e+01
-1.591377239022898848e+01
-1.584828155774370551e+01
-1.582229195647281195e+01
-1.581017370857578364e+01
-1.574673603205414274e+01
-1.560872318793444435e+01
-1.544655926508851529e+01
-1.568565604217409692e+01
-1.577106327479634551e+01
-1.568719918376200440e+01
-1.566367223405403308e+01
-1.567731973871390672e+01
-1.568186027591794129e+01
-1.557296876439884059e+01
-1.558367726398069131e+01
-1.560415314247347141e+01
-1.549182917958452954e+01
-1.549630332280034928e+01
-1.549360569426417555e+01
-1.554083327589167496e+01
-1.556543866611911753e+01
-1.550976873097717323e+01
-1.542318221182754989e+01
-1.546698970832349396e+01
-1.561274383376335173e+01
-1.539435789940299237e+01
-1.536591510836611896e+01
-1.534163047208506292e+01
-1.531113714423429784e+01
-1.533960879741975702e+01
-1.537099027904345583e+01
-1.528716496310290651e+01
-1.510382868807643320e+01
-1.514205909464355315e+01
-1.517704964050696148e+01
-1.513218348868114838e+01
-1.513053670756836944e+01
-1.520348809914391452e+01
-1.523703744241039715e+01
-1.510644248761717812e+01
-1.513963258596648842e+01
-1.520767456616705182e+01
-1.515214628149261955e+01
-1.516454030509279427e+01
-1.516467093831863444e+01
-1.510436541409032429e+01
-1.500706286389882749e+01
-1.494344669054285824e+01
-1.503521638414631667e+01
-1.496373988149639089e+01
-1.486119718435976012e+01
-1.480989330264124604e+01
-1.490613893270302981e+01
-1.497002599479542795e+01
-1.503300071749587730e+01
-1.502539693126588816e+01
-1.498694268660263873e+01
-1.499840968329727353e+01
-1.502105496087710712e+01
-1.495958871303383475e+01
-1.498199034712063238e+01
-1.490909294169411936e+01
-1.490589814526141410e+01
-1.481615946303840126e+01
-1.485782071474083033e+01
-1.484688042699537114e+01
-1.482720993544935162e+01
-1.488303265296525701e+01
-1.487615675279008620e+01
-1.488617259926843239e+01
-1.491246735830820036e+01
-1.484034869712726490e+01
-1.481307396151462719e+01
-1.483863688656110824e+01
-1.480552030280556330e+01
-1.479944285847035701e+01
-1.481507745657195052e+01
-1.483498187625446896e+01
-1.483588791208334356e+01
-1.488885970764211031e+01
-1.481442045904495153e+01
-1.465846580593123782e+01
-1.470050754973839346e+01
-1.468767045245108704e+01
-1.473467330605031300e+01
-1.467285157284344166e+01
-1.481677356330497730e+01
-1.479029910833556372e+01
-1.476302391077433285e+01
-1.471114300073699077e+01
-1.453909665492772518e+01
-1.454039331679203073e+01
-1.455496497299956715e+01
-1.448668373484431982e+01
-1.444325115447059282e+01
-1.441461897959462668e+01
-1.448394776350413515e+01
-1.452878285758786703e+01
-1.452107439110244869e+01
-1.458602513872545359e+01
-1.455565814513662204e+01
-1.451333195557241496e+01
-1.456410612781145630e+01
-1.455228084816450895e+01
-1.451807586522577509e+01
-1.463236437206944451e+01
-1.465835741622417387e+01
-1.460576398340035631e+01
-1.452074025874921936e+01
-1.452966965611702221e+01
-1.443228085690700269e+01
-1.431222870908728417e+01
-1.453825143922040830e+01
-1.453700614093191668e+01
-1.455430350976001108e+01
-1.438222646954448969e+01
-1.440639543893091634e+01
-1.442835881824205302e+01
-1.431895635102096520e+01
-1.431697311882803803e+01
-1.423760058568494458e+01
-1.419971088741590926e+01
-1.425134954390156494e+01
-1.436138679933757700e+01
-1.441718706738904565e+01
-1.441805513066723954e+01
-1.441878563955601322e+01
-1.452150715447045748e+01
-1.451812998402758481e+01
-1.452316115368765992e+01
-1.458424930760105198e+01
-1.451597555481634672e+01
-1.451408891964773851e+01
-1.448232603634108528e+01
-1.437571116627867518e+01
-1.433254148443290887e+01
-1.435077509672361984e+01
-1.430013667327451898e+01
-1.427408958979174436e+01
-1.425081054974810435e+01
-1.428657480624354648e+01
-1.423788758112255515e+01
-1.415137981996988970e+01
-1.418108647437301428e+01
-1.404666848661724643e+01
-1.415168713104726628e+01
-1.417850821666679551e+01
-1.397201548907922586e+01
-1.400547273831903539e+01
-1.405028765061420692e+01
-1.414151496820661968e+01
-1.411240528197887834e+01
-1.399151904727836637e+01
-1.403545830860206678e+01
-1.397785847473228316e+01
-1.401590790153283628e+01
-1.398636869190747234e+01
-1.393890012476356333e+01
-1.393094562103326695e+01
-1.398409680432851232e+01
-1.402403627292862431e+01
-1.402883930077081942e+01
-1.403466850677828326e+01
-1.400179689841245612e+01
-1.396947928346038559e+01
-1.395288542415006816e+01
-1.389573766790326559e+01
-1.385959988283887512e+01
-1.393018912464802028e+01
-1.395521735110611239e+01
-1.405028553515658096e+01
-1.408137297633630780e+01
-1.404434640564084624e+01
-1.402675846878905830e+01
-1.418483495399008909e+01
-1.408141401291751293e+01
-1.406166361501460216e+01
-1.406236230160109102e+01
-1.387779070380882018e+01
-1.387826077402967329e+01
-1.390318718052391489e+01
-1.392850325780534249e+01
-1.402718740717433477e+01
-1.407006129270969375e+01
-1.407357890070908368e+01
-1.401142023095187028e+01
-1.402133902999953108e+01
-1.429755531030769156e+01
-1.438871968461641337e+01
-1.438556918941071494e+01
-1.433896759231919305e+01
-1.429535269747271897e+01
-1.428400268766296932e+01
-1.426645736521769692e+01
-1.432342941775747214e+01
-1.439783280559716694e+01
-1.442708906150944870e+01
-1.447250112121625776e+01
-1.447112920589679774e+01
-1.438890684736768399e+01
-1.415050020194332880e+01
-1.410688272380124886e+01
-1.416501724875666746e+01
-1.414700716880052589e+01
-1.420257589791596153e+01
-1.407577130610775917e+01
-1.399941825062932033e+01
-1.402663845443416868e+01
-1.396663482967023917e+01
-1.393077032818366234e+01
-1.396553237107991485e+01
-1.384971860915952924e+01
-1.387587193199295932e+01
-1.393375572432320908e+01
-1.389546736796738280e+01
-1.391017996821768499e+01
-1.394184281031220785e+01
-1.410915992550108022e+01
-1.406000659857060064e+01
-1.404716498125040580e+01
-1.408524116406889348e+01
-1.412475874232716677e+01
-1.402893889980849629e+01
-1.398770615964667385e+01
-1.398611456847569912e+01
-1.396396861592200267e+01
-1.396858708845630481e+01
-1.387091161308168985e+01
-1.381471017858679673e+01
-1.381757460214866917e+01
-1.382371653810046830e+01
-1.385344803711979189e+01
-1.379805836924580476e+01
-1.373459847080115814e+01
-1.361676208613088157e+01
-1.362155837496658783e+01
-1.365364704054266021e+01
-1.364632195648981572e+01
-1.359583260133558902e+01
-1.360991028167418193e+01
-1.360555430645999841e+01
-1.354495815040799656e+01
-1.359968304454966948e+01
-1.355563538099803189e+01
-1.356086286536696228e+01
-1.354941266916492992e+01
-1.355099073039847646e+01
-1.359564711051397978e+01
-1.360839683891404661e+01
-1.363689411998440448e+01
-1.364425309342537318e+01
-1.364247942706995254e+01
-1.366133207676008787e+01
-1.364806866209100278e+01
-1.365374393078278459e+01
-1.353087153397839870e+01
-1.350722438359218280e+01
-1.357991063226007711e+01
-1.362012453143639767e+01
-1.362286882786363584e+01
-1.365522037721623505e+01
-1.364745034555623704e+01
-1.367856912749806675e+01
-1.370047687779286960e+01
-1.366685433045811138e+01
-1.363148242648318131e+01
-1.366163533374492722e+01
-1.366600213795855012e+01
-1.363842662654675131e+01
-1.361608034349967156e+01
-1.363831936892575847e+01
-1.368833322448893952e+01
-1.359390822116079534e+01
-1.360055108741059726e+01
-1.359655216712649484e+01
-1.362163788526942199e+01
-1.363252151762402420e+01
-1.361521313636957409e+01
-1.360919492006221176e+01
-1.361234008807070417e+01
-1.361488299632102184e+01
-1.358631729281013634e+01
-1.357582788055677447e+01
-1.357002828752304602e+01
-1.357138555263814617e+01
-1.361705439677842655e+01
-1.356102749660339946e+01
-1.355189017889314762e+01
-1.357060442110079634e+01
-1.355263309302773500e+01
-1.357013192679894331e+01
-1.352033324123538272e+01
-1.351129894865852776e+01
-1.350796943783639392e+01
-1.352196496595453823e+01
-1.348683844121326381e+01
-1.347417470830210107e+01
-1.350631315403573929e+01
-1.348251728284648898e+01
-1.345354830606229335e+01
-1.342755417690070630e+01
-1.343810979261552419e+01
-1.341797901284239281e+01
-1.340428823437076211e+01
-1.338527033272443134e+01
-1.339533419202717646e+01
-1.333124057472824475e+01
-1.328475765765136885e+01
-1.325994429162413013e+01
-1.326333013381965920e+01
-1.327602880405120800e+01
-1.328169422574413083e+01
-1.322198852997277108e+01
-1.322992074871592116e+01
-1.323969914151109606e+01
-1.318380974284637830e+01
-1.320789207646288865e+01
-1.316106996359658510e+01
-1.317383855095486034e+01
-1.316618773563226341e+01
-1.312791822549310439e+01
-1.309445284217518513e+01
-1.308869523433929238e+01
-1.309421603347917085e+01
-1.310135415853105378e+01
-1.312137528189982660e+01
-1.307508211454318570e+01
-1.307138354824686566e+01
-1.305552759760201909e+01
-1.308522021755519837e+01
-1.307287416957531612e+01
-1.308866924710164881e+01
-1.310627591973752004e+01
-1.310801334302578169e+01
-1.309262107823589005e+01
-1.313392378239086611e+01
-1.312729389978419370e+01
-1.317431894088409194e+01
-1.311512925426813858e+01
-1.316808706571910825e+01
-1.314737290069594344e+01
-1.319506419937314767e+01
-1.314674601750687621e+01
-1.315288888027420811e+01
-1.312423308851678883e+01
-1.314602245573990480e+01
-1.316138312606128302e+01
-1.317416527378349933e+01
-1.315584991563312478e+01
-1.315674316800789434e+01
-1.316209711391131698e+01
-1.312067216252793322e+01
-1.312383728783616199e+01
-1.310756387390507527e+01
-1.303853608235816885e+01
-1.304358659442533863e+01
-1.305194354301606374e+01
-1.301209667900998390e+01
-1.299835914051839758e+01
-1.301878613554960928e+01
-1.302180846166150729e+01
-1.304246924684851550e+01
-1.298249938326985742e+01
-1.297380172850949265e+01
-1.289393444257259702e+01
-1.291413407989351114e+01
-1.292430418870095998e+01
-1.295879709897468501e+01
-1.291781981264855084e+01
-1.286482788932990218e+01
-1.285477727845062468e+01
-1.284746528999291648e+01
-1.282573923312597941e+01
-1.280130913335407428e+01
-1.284878935577910042e+01
-1.282465408611207991e+01
-1.279695548814374106e+01
-1.278464532394095521e+01
-1.275969482816940470e+01
-1.274277882974240228e+01
-1.269626966036438276e+01
-1.274677447608493175e+01
-1.276176387536829893e+01
-1.275804398662041272e+01
-1.279755175328410211e+01
-1.278298108252797149e+01
-1.274935852829602823e+01
-1.271750577039713193e+01
-1.273938374786228422e+01
-1.275552698789553574e+01
-1.276363918266635800e+01
-1.277736027902794724e+01
-1.273031466363550379e+01
-1.281546871999924342e+01
-1.286464561371988147e+01
-1.281281789621636769e+01
-1.280771282222039709e+01
-1.281671967424042080e+01
-1.282889528529471868e+01
-1.284154284262901591e+01
-1.284808072671773260e+01
-1.288120253465090315e+01
-1.285590582212575050e+01
-1.285760141863959483e+01
-1.286802546759212440e+01
-1.288306700042107700e+01
-1.289454100902839961e+01
-1.289244319540251738e+01
-1.290599596799082960e+01
-1.288881727450071324e+01
-1.279307262076302010e+01
-1.279615774217169921e+01
-1.280144648058015733e+01
-1.281116261435187376e+01
-1.278461752061510914e+01
-1.276193394873439679e+01
-1.277226252342542878e+01
-1.270922058860148063e+01
-1.273178871419434088e+01
-1.277194970734003654e+01
-1.280110229097840602e+01
-1.279487176553551286e+01
-1.277516194120085125e+01
-1.278516480199301597e+01
-1.288183613000223637e+01
-1.288372532204704335e+01
-1.288471960686533002e+01
-1.275717620900400462e+01
-1.275887486983752517e+01
-1.277892469886030824e+01
-1.273406564416696796e+01
-1.273315325679097398e+01
-1.274616390230712071e+01
-1.272467764424621706e+01
-1.273804332724043498e+01
-1.276637356450838467e+01
-1.277595158953332266e+01
-1.280887215456069050e+01
-1.279937216861767801e+01
-1.278908754305369477e+01
-1.285416029068790778e+01
-1.279054134303822465e+01
-1.274833935385967898e+01
-1.267378383283455001e+01
-1.266606810571521180e+01
-1.263282851745100643e+01
-1.259073357645261382e+01
-1.258391798410888107e+01
-1.255348250307039315e+01
-1.253218055597778680e+01
-1.252688839182346392e+01
-1.253086767387184253e+01
-1.252603465400648552e+01
-1.249754855062615633e+01
-1.249776497306503664e+01
-1.247666683278886524e+01
-1.245125952033222028e+01
-1.245261638110074465e+01
-1.244437299823179366e+01
-1.246128567059379755e+01
-1.245736757916330006e+01
-1.247167120257446093e+01
-1.245325770138404131e+01
-1.243115597619954649e+01
-1.244842323386482974e+01
-1.244986886364097778e+01
-1.250821188402741058e+01
-1.249301405176932178e+01
-1.250352793117347261e+01
-1.260658092402760033e+01
-1.253892478262049437e+01
-1.255787846115776496e+01
-1.256307975035179680e+01
-1.256440127094663417e+01
-1.255457372825172691e+01
-1.257219859728123090e+01
-1.251215328650494563e+01
-1.250120758317646974e+01
-1.248262005427519306e+01
-1.248540065759532780e+01
-1.253789409308171798e+01
-1.251320807016441172e+01
-1.253051414150225362e+01
-1.250420601921806707e+01
-1.251058453881274346e+01
-1.249334669316212398e+01
-1.250796371021814579e+01
-1.248646364357648686e+01
-1.249865702350320973e+01
-1.249895183581663893e+01
-1.253766002197684593e+01
-1.255866101008513525e+01
-1.257085291547132933e+01
-1.252715092855616419e+01
-1.256494078141790460e+01
-1.256431666602906105e+01
-1.253888428708632397e+01
-1.257674123905841412e+01
-1.264278065273382445e+01
-1.269245977712706086e+01
-1.264549389760686893e+01
-1.263859406437484623e+01
-1.269922876292419112e+01
-1.270802446986798451e+01
-1.271584233691602783e+01
-1.267169658831118717e+01
-1.269035566399296222e+01
-1.270459367410189166e+01
-1.270325551108633988e+01
-1.268108088435903547e+01
-1.270152982137858189e+01
-1.269492990380735442e+01
-1.269223309998175608e+01
-1.276765059183891005e+01
-1.277061757416941212e+01
-1.275351311336822135e+01
-1.266123502351851648e+01
-1.263950309969045982e+01
-1.260079568508073500e+01
-1.258407676286531007e+01
-1.258988075819183550e+01
-1.258926393345251249e+01
-1.255829497271221484e+01
-1.259826745580435592e+01
-1.260824865770702985e+01
-1.255050117175983893e+01
-1.256058658899270775e+01
-1.264270011867478871e+01
-1.264817266623296277e+01
-1.264802857173292061e+01
-1.264087186150343101e+01
-1.267325005320097198e+01
-1.251592659253679685e+01
-1.254146801448090365e+01
-1.254971817711502702e+01
-1.250401362280805806e+01
-1.253338903289415818e+01
-1.257210810547216973e+01
-1.256062706222252601e+01
-1.251303409213093509e+01
-1.251956217959578233e+01
-1.250230287551173092e+01
-1.249080657133436212e+01
-1.245309383520500113e+01
-1.242768771072480938e+01
-1.243960596014845876e+01
-1.241611463840322394e+01
-1.242022531476067471e+01
-1.243363184176671510e+01
-1.244888251046467254e+01
-1.245707976448224308e+01
-1.243300481810345026e+01
-1.243298353209693019e+01
-1.241293721298158026e+01
-1.240844237054364818e+01
-1.241443778187230684e+01
-1.240401706587592834e+01
-1.244205262606904228e+01
-1.243225640065441340e+01
-1.243681537291259431e+01
-1.245592472686702834e+01
-1.244712138049800387e+01
-1.245240057346311247e+01
-1.245769751825776339e+01
-1.239795093887260791e+01
-1.239724671027693148e+01
-1.236685794695941354e+01
-1.236830727432532662e+01
-1.238988962166724761e+01
-1.238111027388398355e+01
-1.237579761781646326e+01
-1.237541274616711817e+01
-1.236655603846188356e+01
-1.236541480686323702e+01
-1.236441142265940130e+01
-1.232207162966719771e+01
-1.232897785681241487e+01
-1.221385065545066162e+01
-1.220046433237642169e+01
-1.218869922924779914e+01
-1.219394465335201616e+01
-1.218666873077099666e+01
-1.221197088261126318e+01
-1.220993910107080360e+01
-1.218446068797059034e+01
-1.219353015856659006e+01
-1.220374055352536224e+01
-1.218773396471054049e+01
-1.216988029239280955e+01
-1.216884086274488830e+01
-1.217191217567726902e+01
-1.214443313651181455e+01
-1.216593008285281563e+01
-1.217200432834765955e+01
-1.217822997301320243e+01
-1.212609625244404121e+01
-1.217339135920068216e+01
-1.217137435925318911e+01
-1.220925064841121888e+01
-1.221432618291914451e+01
-1.220697132507996940e+01
-1.221107652955831391e+01
-1.224271959019396760e+01
-1.224570375105378872e+01
-1.227994055854786737e+01
-1.226498871535460822e+01
-1.226256208895506106e+01
-1.221825631181119043e+01
-1.222454695221266974e+01
-1.222993877854831979e+01
-1.223061688264657931e+01
-1.217067215016686177e+01
-1.219174114278284549e+01
-1.220313211547622956e+01
-1.219276975906521088e+01
-1.219660243859166293e+01
-1.219279175392532544e+01
-1.217009508098508519e+01
-1.219195872121636626e+01
-1.222362377670437716e+01
-1.222642024684906836e+01
-1.219290138619544273e+01
-1.223880920773343206e+01
-1.222019289848798351e+01
-1.225973682070420878e+01
-1.230408995170299136e+01
-1.231035500531508475e+01
-1.231394429393671430e+01
-1.228925308048408915e+01
-1.228232210909269995e+01
-1.228836182005560396e+01
-1.227212877055868923e+01
-1.225750914040915163e+01
-1.223936038083694378e+01
-1.220969046639064359e+01
-1.221317287510353644e+01
-1.218386676554365700e+01
-1.218786280775908359e+01
-1.221315938720622540e+01
-1.221100979429800937e+01
-1.230325945014054589e+01
-1.221579124293523222e+01
-1.224816509964994538e+01
-1.225782539792913184e+01
-1.219417730834431879e+01
-1.221034859952226093e+01
-1.221644373024241936e+01
-1.219699819379264660e+01
-1.220071117240172853e+01
-1.217473236079419863e+01
-1.217452866146077994e+01
-1.218964199084434874e+01
-1.219666900096432371e+01
-1.220979595167936615e+01
-1.222790417095823656e+01
-1.216656708028317979e+01
-1.213943234051513897e+01
-1.212269666686574787e+01
-1.215111445353154451e+01
-1.214300761318490451e+01
-1.211127194191181289e+01
-1.211851419562423970e+01
-1.212529011003987023e+01
-1.233029359648505086e+01
-1.226923002388952000e+01
-1.225694916219181607e+01
-1.222205409737747317e+01
-1.219378621223773251e+01
-1.213628988274420095e+01
-1.217700002179426910e+01
-1.217403809810024029e+01
-1.221382183075270866e+01
-1.221242987744516384e+01
-1.223983175566770498e+01
-1.223833618500978915e+01
-1.226236547929737242e+01
-1.228061883581661995e+01
-1.236452671257731772e+01
-1.237270425565127496e+01
-1.238980653848499003e+01
-1.240861085239357564e+01
-1.252982040327415980e+01
-1.242846655318466453e+01
-1.240816145106203550e+01
-1.241243409357421967e+01
-1.253045678514364525e+01
-1.252881654720801663e+01
-1.248219869033211715e+01
-1.247148311496884254e+01
-1.243649960544331101e+01
-1.228069707617351192e+01
-1.229196166727528627e+01
-1.230917395332475905e+01
-1.231043198499605040e+01
-1.233391311360925791e+01
-1.235624833311102755e+01
-1.235123378370002456e+01
-1.234993501230235147e+01
-1.237524488922015209e+01
-1.238690092656117514e+01
-1.238618283300750633e+01
-1.237116460938048412e+01
-1.240085322452122796e+01
-1.242290071478189617e+01
-1.238176335832172192e+01
-1.221939255381940725e+01
-1.216259172877036754e+01
-1.223842827434873826e+01
-1.221799494303901312e+01
-1.232742642723805915e+01
-1.236537447084841546e+01
-1.236487862963265805e+01
-1.237308640752069877e+01
-1.237376880501000898e+01
-1.237326230118518389e+01
-1.234411495964240935e+01
-1.234347765039581901e+01
-1.234178363516737775e+01
-1.228981525770833905e+01
-1.235279689116800483e+01
-1.241669889610809641e+01
-1.240382398361966132e+01
-1.240650059317256826e+01
-1.232436044022856514e+01
-1.230808164670719229e+01
-1.231990921029912833e+01
-1.230516298490835680e+01
-1.235828546170037967e+01
-1.234868111146245795e+01
-1.235150364782579402e+01
-1.213956612768494914e+01
-1.208059669019165838e+01
-1.216672967317136944e+01
-1.219886461331504002e+01
-1.218848478603963592e+01
-1.220850762439712511e+01
-1.220139078086409512e+01
-1.219956753419891271e+01
-1.219948750599330012e+01
-1.215880785895092941e+01
-1.215488830513277740e+01
-1.217636308385277921e+01
-1.217222639328869604e+01
-1.217429636284345484e+01
-1.218205318387923697e+01
-1.215690068674256885e+01
-1.215095842594292819e+01
-1.217470711313716691e+01
-1.217106970407703592e+01
-1.218619354177287484e+01
-1.219232230884563251e+01
-1.228068260158190306e+01
-1.226274197443881775e+01
-1.225484743606036808e+01
-1.229295696125452864e+01
-1.207643303961385506e+01
-1.205937893974431674e+01
-1.203219373649254109e+01
-1.202342738945332457e+01
-1.202828601859453705e+01
-1.202607874339419425e+01
-1.201355955306318180e+01
-1.203964575528720715e+01
-1.204454839910681052e+01
-1.204802901311647467e+01
-1.207391722661630773e+01
-1.210251119946413390e+01
-1.209829757486640212e+01
-1.208263935342035644e+01
-1.206292775310176957e+01
-1.207287795207773229e+01
-1.207588065253419707e+01
-1.205377334601375416e+01
-1.206430262941470488e+01
-1.206057161851164494e+01
-1.205671553498207160e+01
-1.204929528229863855e+01
-1.204662899432534573e+01
-1.204850539395010500e+01
-1.205690778774494021e+01
-1.205149840022538932e+01
-1.202486341156712868e+01
-1.201907922317148270e+01
-1.202786502834671900e+01
-1.203272538373454914e+01
-1.205356322561696736e+01
-1.205527245272004144e+01
-1.204301591121289938e+01
-1.208437258825453320e+01
-1.208047700646250178e+01
-1.206523370603040846e+01
-1.208808610150170182e+01
-1.208328798851269426e+01
-1.208346227953847674e+01
-1.211450282420466174e+01
-1.209669468022130800e+01
-1.212389007033122645e+01
-1.220122322823212890e+01
-1.218628531841585527e+01
-1.219112833555465336e+01
-1.210340430601707062e+01
-1.212050702933813007e+01
-1.217920317139244979e+01
-1.219042108456050322e+01
-1.220113656994288576e+01
-1.221245906455873254e+01
-1.204424230426507592e+01
-1.204797860005420773e+01
-1.202787556133450941e+01
-1.203143933054436232e+01
-1.199388727202648219e+01
-1.199906359075884410e+01
-1.199983968453664218e+01
-1.193863265031823850e+01
-1.193629431297379639e+01
-1.196520745164828448e+01
-1.189567797633586466e+01
-1.189655372005965361e+01
-1.190428687860073964e+01
-1.193755560607342403e+01
-1.190802261793704275e+01
-1.190988390990585977e+01
-1.195978345110656882e+01
-1.196219958554199536e+01
-1.196158052069203137e+01
-1.199525910481222191e+01
-1.197134192546138287e+01
-1.195758256844705869e+01
-1.196474763980086031e+01
-1.198086921450083331e+01
-1.197731692756783239e+01
-1.190268376588084998e+01
-1.191136946626669335e+01
-1.190076066374663455e+01
-1.186912274505374576e+01
-1.186742503555088213e+01
-1.191661287949896497e+01
-1.181418880400993565e+01
-1.181685977672077037e+01
-1.181560851643221888e+01
-1.181889531120956960e+01
-1.185591974324576903e+01
-1.184899737354575855e+01
-1.176491544682945900e+01
-1.173846987220748872e+01
-1.172322967897490287e+01
-1.173614722490175666e+01
-1.175113379079917486e+01
-1.175850281045411982e+01
-1.173626615376375959e+01
-1.173467622731389426e+01
-1.173388590736734827e+01
-1.179419501603034881e+01
-1.177765603269714489e+01
-1.174620652051572023e+01
-1.174220881006274020e+01
-1.175579434764126319e+01
-1.177123606314409621e+01
-1.176724178625755712e+01
-1.175037412190279973e+01
-1.175675609632245333e+01
-1.170571613503299346e+01
-1.171598087898189355e+01
-1.167410336159065842e+01
-1.167492062138826725e+01
-1.167529483127020029e+01
-1.147613417394424395e+01
-1.156941382662896700e+01
-1.155781444182099094e+01
-1.164724180533435671e+01
-1.169513807384461224e+01
-1.169984232531370338e+01
-1.173835715719819461e+01
-1.175647099047408162e+01
-1.174818705656874585e+01
-1.174207812054223865e+01
-1.173271650169375846e+01
-1.173227276011050257e+01
-1.170367444481309782e+01
-1.169446308248579669e+01
-1.171670976025068178e+01
-1.167587914287923034e+01
-1.172011545121186771e+01
-1.165961891242941917e+01
-1.173059253166078619e+01
-1.173882373087117692e+01
-1.158555303629839095e+01
-1.157424234792846285e+01
-1.157502008832064710e+01
-1.157571238734274921e+01
-1.154889853941442368e+01
-1.151447850578785470e+01
-1.148345518312483193e+01
-1.148175929156281327e+01
-1.145586455919283786e+01
-1.146213990057294652e+01
-1.147193727714542177e+01
-1.144219628905992181e+01
-1.152909727550225583e+01
-1.154285912202698050e+01
-1.153555238591702370e+01
-1.153749566408078486e+01
-1.165848568768091909e+01
-1.165760257037589831e+01
-1.167233533370278842e+01
-1.167258302452993313e+01
