# 2*np.log[MAD(r)] for 100 flights; 1000 steps per flight; run 44 of 50; mu: 2.20; seed: 43
-2.453317957601093369e+01
-2.214716680550769112e+01
-2.151112643738936825e+01
-2.122071827199899374e+01
-2.042595534818256553e+01
-2.002165305747424640e+01
-2.036079256600983811e+01
-1.987917403263692506e+01
-1.962322766662838802e+01
-1.959570015413686406e+01
-1.944530202967479582e+01
-1.902455317482156971e+01
-1.870146637478906726e+01
-1.887456378558474768e+01
-1.865411895370322171e+01
-1.887483325693859015e+01
-1.879616068239420912e+01
-1.853672075767226701e+01
-1.857611496653866112e+01
-1.809794117730338670e+01
-1.833383799728870045e+01
-1.841459096637852966e+01
-1.825866199973827619e+01
-1.836160943135019608e+01
-1.847181270072107750e+01
-1.807006948870462892e+01
-1.795347300143581037e+01
-1.784902045852006580e+01
-1.781562355070929016e+01
-1.746423678668601553e+01
-1.728342929592858113e+01
-1.715138076680108270e+01
-1.723536508760477659e+01
-1.738306672472231185e+01
-1.727258529040885904e+01
-1.725077829174982469e+01
-1.732484533605472166e+01
-1.719006062118826250e+01
-1.724777165378982957e+01
-1.712483624524045922e+01
-1.703412432565446011e+01
-1.692852021681997243e+01
-1.686582175865552458e+01
-1.675774647467862621e+01
-1.658285687925946661e+01
-1.654238902434912362e+01
-1.652541893482455748e+01
-1.660503648826900402e+01
-1.660317475706769841e+01
-1.650439061498222060e+01
-1.653809421487176579e+01
-1.656462606743244592e+01
-1.661536941822194180e+01
-1.657229732888594498e+01
-1.641173419773960163e+01
-1.644594517184598814e+01
-1.639722848713567060e+01
-1.630528292359880993e+01
-1.635066404798157436e+01
-1.639183651617957693e+01
-1.626307656717580130e+01
-1.644843471053433959e+01
-1.627993476525872296e+01
-1.649682855054527053e+01
-1.661889767752454716e+01
-1.662691724008768546e+01
-1.655659715437155910e+01
-1.651766412800295925e+01
-1.655296169573983889e+01
-1.643006535765821496e+01
-1.645634382435945753e+01
-1.634431395575743196e+01
-1.629067260989224764e+01
-1.628920614146657542e+01
-1.636852669234722057e+01
-1.632095621621596493e+01
-1.649173299014437433e+01
-1.650115452668402227e+01
-1.651236252233849200e+01
-1.645278949073012598e+01
-1.641171585468593364e+01
-1.641898914258780451e+01
-1.629621346824777461e+01
-1.628553105302884418e+01
-1.620075073110926667e+01
-1.620503838568975041e+01
-1.619615991830950108e+01
-1.613275549624103178e+01
-1.614814916612558804e+01
-1.608456904670168441e+01
-1.606629245563753727e+01
-1.610780685414302482e+01
-1.599491894375376866e+01
-1.605026969484224608e+01
-1.604407830229499510e+01
-1.591476648033257923e+01
-1.590635760420252076e+01
-1.580810846212191834e+01
-1.584044034422355551e+01
-1.587177565524789458e+01
-1.567430752221489598e+01
-1.564989373465509814e+01
-1.551765906065623568e+01
-1.554164220375041339e+01
-1.551222600872925739e+01
-1.542095045105429385e+01
-1.537361271207039337e+01
-1.542485935253427876e+01
-1.532977703387458135e+01
-1.532659858500713668e+01
-1.537455294283641116e+01
-1.540803758949197011e+01
-1.525966836660990467e+01
-1.527515988488496923e+01
-1.518592807018182533e+01
-1.523895434284410300e+01
-1.509402355684948738e+01
-1.513374941991653166e+01
-1.500157477823103136e+01
-1.507671025340233051e+01
-1.501025214384661410e+01
-1.500354205569136390e+01
-1.498867044446241259e+01
-1.495062928544597902e+01
-1.502679296123793762e+01
-1.495566793069743738e+01
-1.495440902714351949e+01
-1.491539178587859915e+01
-1.492091819340680736e+01
-1.496194361582761445e+01
-1.490778973673918628e+01
-1.487651384914056152e+01
-1.483950785590503862e+01
-1.484152040584194232e+01
-1.475702112999457860e+01
-1.480668878922557141e+01
-1.484170896709582799e+01
-1.487720758134678434e+01
-1.483409383725231834e+01
-1.478018191172549223e+01
-1.483506947153085953e+01
-1.488609159835460716e+01
-1.498325739519632371e+01
-1.509055477608469964e+01
-1.518620194544930513e+01
-1.517989982913131009e+01
-1.514950526339094239e+01
-1.513927387105386302e+01
-1.505775391686320575e+01
-1.506531671886666501e+01
-1.507449994391669357e+01
-1.510488551695305581e+01
-1.513290320636608755e+01
-1.511874630644883410e+01
-1.509899254314395201e+01
-1.501002631848338176e+01
-1.493304886578426682e+01
-1.492584548369490527e+01
-1.492851381789371246e+01
-1.482151921276810569e+01
-1.497640545273706181e+01
-1.494041774201708961e+01
-1.487423869000950205e+01
-1.496243972477804718e+01
-1.501930134482059209e+01
-1.500037201554798294e+01
-1.499651857624984608e+01
-1.470610455147550333e+01
-1.494360526772854669e+01
-1.487444571425819362e+01
-1.492887500872984496e+01
-1.507127877573987185e+01
-1.495962825621784198e+01
-1.485006968343447120e+01
-1.484295867639799660e+01
-1.480291386263642828e+01
-1.450729955712226804e+01
-1.447372091318927545e+01
-1.445408351966312743e+01
-1.475003021206082643e+01
-1.450309615098668736e+01
-1.472033810637312001e+01
-1.472692107458839494e+01
-1.469313653956629651e+01
-1.468562587067469671e+01
-1.460102742166541923e+01
-1.450972179562191755e+01
-1.436190137366946296e+01
-1.436944887789483616e+01
-1.430106486805322774e+01
-1.411843304459316784e+01
-1.416643929482734343e+01
-1.409225185856954710e+01
-1.408139709463374523e+01
-1.415665753032754992e+01
-1.415372225093689273e+01
-1.420418692667138494e+01
-1.415424672851135313e+01
-1.419386342362956732e+01
-1.429946048576681150e+01
-1.428981827620394185e+01
-1.435624220917079441e+01
-1.428304737901859411e+01
-1.446780828184926193e+01
-1.433611406028389013e+01
-1.439033242212619257e+01
-1.434038933487360978e+01
-1.420053072638249070e+01
-1.422361603751871506e+01
-1.431915967148334268e+01
-1.426781563442877676e+01
-1.422796405237136952e+01
-1.428557702127569407e+01
-1.425804524687409547e+01
-1.425131609159731916e+01
-1.416353160585814486e+01
-1.428758019681986546e+01
-1.424956908387416732e+01
-1.425144482263523216e+01
-1.420660260507349726e+01
-1.419656857440490860e+01
-1.423316782454391571e+01
-1.416841343486283122e+01
-1.432709285261565313e+01
-1.426720870822102860e+01
-1.427021859559659589e+01
-1.418407429416671128e+01
-1.424967221283244179e+01
-1.420873234578616362e+01
-1.416779317602535926e+01
-1.417061116770077689e+01
-1.421341834288191031e+01
-1.422501239728375921e+01
-1.411756392746825206e+01
-1.405758395733671406e+01
-1.404382991719844931e+01
-1.381992852292759544e+01
-1.379122404090179899e+01
-1.379635244499915281e+01
-1.379891868530262400e+01
-1.382521384660367758e+01
-1.381771104369048686e+01
-1.387273760551075519e+01
-1.377851453754315436e+01
-1.375317758779535282e+01
-1.373851775238307127e+01
-1.374985678854504556e+01
-1.375324715517050045e+01
-1.370081062888310797e+01
-1.367916518915201607e+01
-1.368756643377319548e+01
-1.368230151954611173e+01
-1.366753475668614470e+01
-1.363121988884397240e+01
-1.368762749109706967e+01
-1.368739692918009965e+01
-1.368788250839345189e+01
-1.376111235118568032e+01
-1.378025560853133413e+01
-1.374311288076356696e+01
-1.368730418969035156e+01
-1.353472391771153305e+01
-1.353790371599365017e+01
-1.350969931226189757e+01
-1.346742360931553151e+01
-1.345851403909678723e+01
-1.345005682770914035e+01
-1.348793167552315531e+01
-1.366573911669117258e+01
-1.371186479915723488e+01
-1.358576270051781698e+01
-1.344784142760792989e+01
-1.345671528026006492e+01
-1.346919505568740227e+01
-1.347516989213062111e+01
-1.346828789697209139e+01
-1.348008262592419726e+01
-1.351032615219074984e+01
-1.348564923429450424e+01
-1.354718836656958736e+01
-1.355405041200165073e+01
-1.359988178661274283e+01
-1.360253644878455326e+01
-1.357540845274180619e+01
-1.354365654450200118e+01
-1.355630766148180122e+01
-1.358907545145364182e+01
-1.352654931032392938e+01
-1.358861504364547557e+01
-1.357991676122169622e+01
-1.369649277905220508e+01
-1.370465428440066447e+01
-1.370470787798272028e+01
-1.370372924138411364e+01
-1.369595082596919156e+01
-1.375993481635990356e+01
-1.374750255524423537e+01
-1.373462834779504504e+01
-1.370163269826412744e+01
-1.373676104109253515e+01
-1.371382512936218845e+01
-1.363945241205329140e+01
-1.354888537839316598e+01
-1.364437200990405508e+01
-1.359759416123045206e+01
-1.361657326131031631e+01
-1.358274787217003876e+01
-1.347891287305858832e+01
-1.347075926547045199e+01
-1.345894217349916211e+01
-1.349782880767054927e+01
-1.347577776224803792e+01
-1.333425342754228993e+01
-1.338619075124321967e+01
-1.335176265297741871e+01
-1.336172115092733748e+01
-1.338914380105366497e+01
-1.337394410656417953e+01
-1.335644129750206766e+01
-1.339070454901543883e+01
-1.339629814393162732e+01
-1.340191624786356073e+01
-1.336277700777142563e+01
-1.337590134892335314e+01
-1.327474092751938528e+01
-1.321114284345578938e+01
-1.327896879930858276e+01
-1.326390025547694762e+01
-1.320865568838582504e+01
-1.314837550540753774e+01
-1.319681155506375347e+01
-1.317868853992443512e+01
-1.315203603129086396e+01
-1.315539784124014666e+01
-1.313981345781830079e+01
-1.317614240272000004e+01
-1.318762308224868463e+01
-1.312678677917785741e+01
-1.314387108446084440e+01
-1.316934453853015974e+01
-1.316134913454080468e+01
-1.325471402450054903e+01
-1.325345246545492017e+01
-1.322739449432389769e+01
-1.322065503308066958e+01
-1.325586657665012602e+01
-1.326883041962913978e+01
-1.324264512205650135e+01
-1.325686639309371628e+01
-1.315595977864886201e+01
-1.313269623657000196e+01
-1.314484999695654110e+01
-1.311601037043044293e+01
-1.320348956009587837e+01
-1.323347822796000450e+01
-1.321549225601818733e+01
-1.320169555766906555e+01
-1.319075308030067717e+01
-1.313447157312842606e+01
-1.316254918733505619e+01
-1.310207910566987444e+01
-1.309185675026642670e+01
-1.309620594181474473e+01
-1.315249627122407361e+01
-1.318328645758153606e+01
-1.307686275958295319e+01
-1.307316285724898819e+01
-1.305779695576900501e+01
-1.306011425728940267e+01
-1.308368445791385248e+01
-1.305709981241661843e+01
-1.299861540275648863e+01
-1.298696477071130317e+01
-1.297542236639988644e+01
-1.280857453620821396e+01
-1.280836030159721162e+01
-1.284356746156477946e+01
-1.279433746410985862e+01
-1.279369645931628874e+01
-1.283162755513742148e+01
-1.283204915348666297e+01
-1.283708491978179467e+01
-1.278993300040771786e+01
-1.277648866225905344e+01
-1.277502894586483251e+01
-1.268070266972572391e+01
-1.268058478224761743e+01
-1.267518895994787798e+01
-1.268386264320655599e+01
-1.273011588088235335e+01
-1.275438366132318890e+01
-1.275484803044422577e+01
-1.273452995792863618e+01
-1.276639353923874154e+01
-1.277892349044950926e+01
-1.280756671714597061e+01
-1.281611564042158413e+01
-1.279796284742269741e+01
-1.282424715268975923e+01
-1.280252274516740840e+01
-1.273928765988839373e+01
-1.271018680792856337e+01
-1.275117401886731550e+01
-1.278296650259975742e+01
-1.274513624389524047e+01
-1.276554406128205876e+01
-1.279627568366878521e+01
-1.268317923540548264e+01
-1.276476172289899758e+01
-1.271610271713810647e+01
-1.265675593636257190e+01
-1.267176364688201673e+01
-1.271815164113661467e+01
-1.275805662838321730e+01
-1.277828161620756120e+01
-1.270815494215284858e+01
-1.271732473741037062e+01
-1.270256960742855945e+01
-1.270222631462053542e+01
-1.268070336005020415e+01
-1.265854558534116059e+01
-1.265984552347692471e+01
-1.268148489958820768e+01
-1.265098011370368880e+01
-1.264497986247052097e+01
-1.262604953785418793e+01
-1.264014674050386766e+01
-1.264673578067889359e+01
-1.264702667937725167e+01
-1.265987673892298027e+01
-1.264610312207772225e+01
-1.262559346510133018e+01
-1.260180127641379322e+01
-1.260416152679579938e+01
-1.259250621645463220e+01
-1.259382100308031305e+01
-1.263011547899397158e+01
-1.262094100799095919e+01
-1.262775055870100260e+01
-1.265270059795229862e+01
-1.267337492175444780e+01
-1.265216757545465676e+01
-1.291146644727460213e+01
-1.287890760019315906e+01
-1.283850589482724125e+01
-1.285543126248535017e+01
-1.284982956200871129e+01
-1.285168280802019147e+01
-1.284889340267071667e+01
-1.284433470299716618e+01
-1.283810140039929948e+01
-1.285199000891271304e+01
-1.283093018559835308e+01
-1.288009006378477039e+01
-1.284929307129245935e+01
-1.284154366071312836e+01
-1.281812608906355955e+01
-1.281599981757792328e+01
-1.275873146790747725e+01
-1.281642315746477756e+01
-1.270649387243527428e+01
-1.272676046318399479e+01
-1.276006297191188210e+01
-1.270385913175620907e+01
-1.273036989630543125e+01
-1.270858881242907756e+01
-1.265313670977561600e+01
-1.267617789953010821e+01
-1.268329422735276957e+01
-1.269041116791999357e+01
-1.267047292780567780e+01
-1.267394948125864573e+01
-1.272414968196497043e+01
-1.270759175741438440e+01
-1.274329866914374421e+01
-1.271385017473216372e+01
-1.270841990303635960e+01
-1.271587378324990603e+01
-1.268976013102006739e+01
-1.257736589747986322e+01
-1.249533195561386378e+01
-1.248129558967236896e+01
-1.244385849379992059e+01
-1.247750459076344676e+01
-1.248329383549589444e+01
-1.248210574385206506e+01
-1.251693159228132934e+01
-1.248148383042863507e+01
-1.248621454547990872e+01
-1.248714766487137062e+01
-1.252285040253676307e+01
-1.241889307592577119e+01
-1.242160776552778856e+01
-1.242702909278489365e+01
-1.242667628237409794e+01
-1.243201485207146106e+01
-1.243286568980850149e+01
-1.240865649950253768e+01
-1.242458465339735696e+01
-1.240435231360337731e+01
-1.237487760985876584e+01
-1.236447915328238345e+01
-1.238031093159273688e+01
-1.237676142290071368e+01
-1.238780002434430827e+01
-1.237186216740141909e+01
-1.237089477428760098e+01
-1.234850017561587343e+01
-1.229963494364081811e+01
-1.221963569929463311e+01
-1.222371639568012647e+01
-1.224629679934209570e+01
-1.220921773087040663e+01
-1.224292485463604585e+01
-1.221829170573093215e+01
-1.223922223612594706e+01
-1.221322882853730185e+01
-1.220419273247444636e+01
-1.220214388821484519e+01
-1.226827452657260764e+01
-1.225920105055256393e+01
-1.222917227255897288e+01
-1.219861968099760396e+01
-1.222840368736898498e+01
-1.219856819813438165e+01
-1.213888763716582275e+01
-1.216078451937620919e+01
-1.215171503787584584e+01
-1.216553472157110249e+01
-1.215190292432166608e+01
-1.214971552656303366e+01
-1.219798710189095736e+01
-1.222772182810455099e+01
-1.222162432601568050e+01
-1.223374625540094485e+01
-1.223339115674816924e+01
-1.223098500593219384e+01
-1.223645136425282764e+01
-1.225952600016846361e+01
-1.226330043396218450e+01
-1.225084156093202203e+01
-1.221957122767073045e+01
-1.219929772140422486e+01
-1.220482673931304340e+01
-1.216829927666974243e+01
-1.212818978044443696e+01
-1.212970655337240800e+01
-1.214391433474427906e+01
-1.212930296173020039e+01
-1.209639385001249146e+01
-1.209270398866098439e+01
-1.209398886638822290e+01
-1.211333876688084921e+01
-1.211516578023024238e+01
-1.215787581095179171e+01
-1.213269835765226468e+01
-1.210730921676794658e+01
-1.211592328976298383e+01
-1.209443262364228566e+01
-1.209142679342249416e+01
-1.210696124237153626e+01
-1.210801426766838240e+01
-1.213203320583172840e+01
-1.210716857576167271e+01
-1.210461622718776198e+01
-1.213006848723949282e+01
-1.213181300080772118e+01
-1.210311833213834554e+01
-1.212880703992770748e+01
-1.213950180937148282e+01
-1.209635199003557737e+01
-1.208946285720447023e+01
-1.209425466770899682e+01
-1.212044895974041125e+01
-1.212430504149153698e+01
-1.211549202008799320e+01
-1.211032307891998805e+01
-1.216307376773415072e+01
-1.216231568499298810e+01
-1.215426182928618459e+01
-1.215352222219583922e+01
-1.217311539498416906e+01
-1.213064144889490770e+01
-1.210996930586865616e+01
-1.212935895478678106e+01
-1.211877614349088539e+01
-1.213203900868913543e+01
-1.209816451639330559e+01
-1.208347084295253815e+01
-1.206996230474770826e+01
-1.206634414767484387e+01
-1.206194183805795994e+01
-1.206750826361851558e+01
-1.207324576794916382e+01
-1.208353094799639393e+01
-1.205564068305653436e+01
-1.207764683602994893e+01
-1.207044703703953203e+01
-1.207754592383675707e+01
-1.206410290704757848e+01
-1.206563039556926142e+01
-1.205125307510710009e+01
-1.204614723338218418e+01
-1.204565564923828624e+01
-1.201788703828286131e+01
-1.206637497317913876e+01
-1.207971140045263603e+01
-1.207580499104523852e+01
-1.215496625780848916e+01
-1.209995550993940938e+01
-1.210131278186683090e+01
-1.207127183213578014e+01
-1.201813934047239485e+01
-1.206669763075709945e+01
-1.198369282597000129e+01
-1.200293597384741240e+01
-1.204623322584953371e+01
-1.206946785862088412e+01
-1.208767972366482368e+01
-1.206649915513913029e+01
-1.208328142103795422e+01
-1.194667245792603616e+01
-1.192965721604353924e+01
-1.191506922023260984e+01
-1.191456182059977209e+01
-1.192049481994273386e+01
-1.193105304856061011e+01
-1.193151442466360557e+01
-1.193872548825039104e+01
-1.191363622157041924e+01
-1.192032571617674641e+01
-1.188778278895953022e+01
-1.191938718026078092e+01
-1.180297639538256860e+01
-1.180065632047734780e+01
-1.181028486806795996e+01
-1.177447255788662517e+01
-1.178027557562749372e+01
-1.186452307789199168e+01
-1.195298919504224422e+01
-1.195859020593750266e+01
-1.187197252894293342e+01
-1.189119147479788374e+01
-1.197885642755348812e+01
-1.198288307122531648e+01
-1.196334246698448567e+01
-1.198625712374999885e+01
-1.198508454125549605e+01
-1.195082685268636347e+01
-1.190456102820243345e+01
-1.188941280771155462e+01
-1.187152559210988301e+01
-1.191167718670214803e+01
-1.190178002496060294e+01
-1.185115524888369798e+01
-1.183054468087566136e+01
-1.195698834604349337e+01
-1.189956034733733503e+01
-1.184570321263144521e+01
-1.181857283229373934e+01
-1.182189923690235922e+01
-1.182967376129709081e+01
-1.182328321377009672e+01
-1.183864884016362673e+01
-1.182308186142254414e+01
-1.185962601436468233e+01
-1.186408498160472114e+01
-1.188194234888221601e+01
-1.189111338052968492e+01
-1.188740488895078506e+01
-1.185994375088550612e+01
-1.183994024360018393e+01
-1.185054781986518435e+01
-1.189448185431389682e+01
-1.189916983530083527e+01
-1.191430373408373988e+01
-1.192473220334567330e+01
-1.190853828632378253e+01
-1.196611832979431256e+01
-1.188954949954336016e+01
-1.188442790091688472e+01
-1.187641057402336209e+01
-1.188352276806083019e+01
-1.187333888227144030e+01
-1.187296799571550920e+01
-1.188795773417891155e+01
-1.188829928633161259e+01
-1.186719963417862900e+01
-1.186116834222769256e+01
-1.186850685413837070e+01
-1.196263364751681202e+01
-1.192565575058013216e+01
-1.189273881791774201e+01
-1.189529084369202216e+01
-1.190306228789081011e+01
-1.189116320901187684e+01
-1.188919421757615424e+01
-1.189635178357263534e+01
-1.189077072747749675e+01
-1.191462514785338200e+01
-1.185175078165693385e+01
-1.185832069165787495e+01
-1.188438565029249538e+01
-1.195025770611139038e+01
-1.193023958268102014e+01
-1.194445995997658905e+01
-1.194799809787422973e+01
-1.193270662258179549e+01
-1.193199441896600277e+01
-1.194384706480133218e+01
-1.193062378648948041e+01
-1.192580123061138941e+01
-1.186401709829871010e+01
-1.186740415967706141e+01
-1.187260695924456932e+01
-1.186990086796662069e+01
-1.186081717978264649e+01
-1.173834081063249002e+01
-1.177898767015143378e+01
-1.172994482564739904e+01
-1.173480168030645743e+01
-1.173850897549318084e+01
-1.176322531580929720e+01
-1.175082588772106185e+01
-1.174198380317897339e+01
-1.188953492021566483e+01
-1.181349824333271847e+01
-1.185042704505945821e+01
-1.184489074413894372e+01
-1.186532025581715644e+01
-1.184123584007675412e+01
-1.184816388483696947e+01
-1.186259462178710500e+01
-1.185204014700812181e+01
-1.185401340884639509e+01
-1.185648088576903625e+01
-1.187333834380517139e+01
-1.189179876430526583e+01
-1.188413492264752769e+01
-1.186765787321844101e+01
-1.185127652776045970e+01
-1.185764641511558537e+01
-1.184128485496613337e+01
-1.184402331689082999e+01
-1.167092281444564073e+01
-1.164941865373844010e+01
-1.164799023045701176e+01
-1.163108715639301316e+01
-1.166337674925092927e+01
-1.160350598340390427e+01
-1.160242650687524169e+01
-1.161495215156702621e+01
-1.161003784726178623e+01
-1.162189044343021749e+01
-1.171990920212793696e+01
-1.164200006247649632e+01
-1.162408422315830592e+01
-1.161670573905294823e+01
-1.162214463314186474e+01
-1.162694641235646564e+01
-1.161320055665408191e+01
-1.162366040232602238e+01
-1.163799192136252358e+01
-1.163965859491581512e+01
-1.164248386103074751e+01
-1.163863966876845879e+01
-1.162799667519824709e+01
-1.163508012871979425e+01
-1.161636566528225423e+01
-1.161931746268525600e+01
-1.161663468395751586e+01
-1.162594760927605897e+01
-1.164939201172577654e+01
-1.165507854230586737e+01
-1.165245069724551996e+01
-1.165937330016533124e+01
-1.165360227263649229e+01
-1.165742613631916669e+01
-1.160843000580820394e+01
-1.160222800289214184e+01
-1.161672143261207957e+01
-1.162964508801306529e+01
-1.162428895996760225e+01
-1.164207535028540086e+01
-1.162504594682342329e+01
-1.158812983553924170e+01
-1.159653233647910753e+01
-1.158259628964577637e+01
-1.157064768946328215e+01
-1.155379982274425821e+01
-1.161339560927538628e+01
-1.162348175487623614e+01
-1.162388569042682818e+01
-1.162576385659171585e+01
-1.165122778209212306e+01
-1.164619992072668175e+01
-1.163198746224000146e+01
-1.160977159516415824e+01
-1.154542876044948052e+01
-1.156956041097284960e+01
-1.156514033022940424e+01
-1.158302714653860832e+01
-1.155340169532191474e+01
-1.166280176404966262e+01
-1.166214232984632737e+01
-1.170275880363632481e+01
-1.164225030805252992e+01
-1.162969351759646131e+01
-1.171573320652756323e+01
-1.171802202507493007e+01
-1.171832022426978526e+01
-1.171751499312866507e+01
-1.170817312123691778e+01
-1.162885111875339383e+01
-1.159500284887403687e+01
-1.160002812905255531e+01
-1.159187952086212015e+01
-1.158538736560904781e+01
-1.157831446985967361e+01
-1.155156002076406097e+01
-1.157467713835329981e+01
-1.158150118713726684e+01
-1.163063320225462682e+01
-1.166733819123167315e+01
-1.167671351239886768e+01
-1.166403922179596719e+01
-1.166253141423980999e+01
-1.164221764506425139e+01
-1.166764231423669429e+01
-1.168172285461011484e+01
-1.168901649955555833e+01
-1.168417462423384379e+01
-1.167945898604411248e+01
-1.169498476551293109e+01
-1.168488075948411797e+01
-1.167268918789270593e+01
-1.165377385724875126e+01
-1.163838267242410573e+01
-1.163741312197109679e+01
-1.163715501256204377e+01
-1.160213189772984776e+01
-1.165308789804108081e+01
-1.172433683221700740e+01
-1.175282660479426156e+01
-1.175063430900366512e+01
-1.176777658847243302e+01
-1.170920004810463055e+01
-1.171280617590770312e+01
-1.173921318577132489e+01
-1.174977638385009016e+01
-1.175750671904613753e+01
-1.175122181739245342e+01
-1.175709474386045628e+01
-1.175917592135358447e+01
-1.178771720370245468e+01
-1.174626709848197770e+01
-1.174087736770545121e+01
-1.174247468116776716e+01
-1.174415191977373318e+01
-1.175107308823671382e+01
-1.173516951330872615e+01
-1.170863512073600177e+01
-1.169504044930301667e+01
-1.169094914120256057e+01
-1.167536175694299772e+01
-1.166869476382051296e+01
-1.170836232447050307e+01
-1.163804670203670177e+01
-1.165487783449058412e+01
-1.166651530132745940e+01
-1.166370109948815426e+01
-1.170299285912976117e+01
-1.170335933907815296e+01
-1.172081770969451853e+01
-1.168737850637886133e+01
-1.167901820559034221e+01
-1.169160241385127641e+01
-1.169664986972727228e+01
-1.170361088300533936e+01
-1.171043617253146962e+01
-1.169302478005014478e+01
-1.171378228429685286e+01
-1.171202982823951722e+01
-1.170819021394619597e+01
-1.166084432059343357e+01
-1.165154608349184073e+01
-1.164694159564308862e+01
-1.161992371779115096e+01
-1.164283452347592274e+01
-1.163800603202643913e+01
-1.163339442047524486e+01
-1.162905971403965033e+01
-1.161847100193260296e+01
-1.145297229958050700e+01
-1.145775184411930070e+01
-1.148602567048316203e+01
-1.147843004796069089e+01
-1.148614047994440135e+01
-1.144881192322007735e+01
-1.144570607806043938e+01
-1.144938855766775099e+01
-1.144333175640992728e+01
-1.144272072090164905e+01
-1.143449926975985065e+01
-1.143572557597288863e+01
-1.143938953705082540e+01
-1.145848539438203950e+01
-1.145074367348926181e+01
-1.146013183733607654e+01
-1.146826297894856239e+01
-1.146199525655327456e+01
-1.146896775539483926e+01
-1.156476775502956755e+01
-1.158341748384289893e+01
-1.160827478330750751e+01
-1.160599623660606916e+01
-1.160811131279645458e+01
-1.157342114889616269e+01
-1.157666581419129592e+01
-1.155783781477515326e+01
-1.155788021912654351e+01
-1.153754568937404912e+01
-1.155605928346752620e+01
-1.154251197031845066e+01
-1.151298517999125615e+01
-1.152012233445437772e+01
-1.152108842298767932e+01
-1.151082367212947410e+01
-1.162619232350197862e+01
-1.160100940406617376e+01
-1.161216465732653091e+01
-1.160048755349140670e+01
-1.159271339305588100e+01
-1.159891299005606591e+01
-1.161029557428873105e+01
-1.159289743171254550e+01
-1.164020206795091816e+01
-1.164461729988868122e+01
-1.165403145130489726e+01
-1.167271793894063414e+01
-1.168227675138706978e+01
-1.169939561986099719e+01
-1.167035518214315815e+01
-1.168295162321234670e+01
-1.169404132428578258e+01
-1.162535440894430394e+01
-1.161956995636415257e+01
-1.165347877347572592e+01
-1.165243331654337311e+01
-1.163771468557964717e+01
-1.168811995489218170e+01
-1.166841821737789608e+01
-1.164017891318161091e+01
-1.162680209693085764e+01
-1.163584499897138258e+01
-1.165684159413186194e+01
-1.164877193629295427e+01
-1.165811877500518712e+01
-1.168803563248221522e+01
-1.172186797639337641e+01
-1.173423383673715037e+01
-1.167574462749560738e+01
-1.166910296676462799e+01
-1.173019596722200397e+01
-1.180028782408133026e+01
-1.181844337578755599e+01
-1.181304606667577772e+01
-1.181216004365023942e+01
-1.178979510538584030e+01
-1.178368201925980152e+01
-1.177462778669398702e+01
-1.170315117651514036e+01
-1.169379009105163902e+01
-1.168874501685663070e+01
-1.169769661337956990e+01
-1.171771655511522603e+01
-1.175447715838782692e+01
-1.176287232800073213e+01
-1.181887607358021519e+01
-1.188607992209323605e+01
-1.186735780364175596e+01
-1.186290439553896903e+01
-1.189339841833762890e+01
-1.187036402508867106e+01
-1.172683977847573367e+01
-1.169365259063887841e+01
-1.172753897744339469e+01
-1.175310190066824312e+01
-1.174558189691462573e+01
-1.175582819825073599e+01
-1.174881329488739468e+01
-1.170903413719858932e+01
-1.170860661484043952e+01
-1.167671670883345492e+01
-1.168351377801949376e+01
-1.168543262239066394e+01
-1.170071837519577862e+01
-1.165841092077032748e+01
-1.164868821523485387e+01
-1.168655264963443230e+01
