# 2*np.log[MAD(r)] for 100 flights; 1000 steps per flight; run 2 of 50; mu: 2.20; seed: 1
-2.432849551904994811e+01
-2.229396820252468814e+01
-2.138645357543499870e+01
-2.080462071297793969e+01
-2.003324019510078458e+01
-1.989865316027974274e+01
-2.006724519770725834e+01
-1.964899072257735213e+01
-1.952406702258721438e+01
-1.906103679692596131e+01
-1.893777561033235557e+01
-1.871661235307999149e+01
-1.875674075667921414e+01
-1.883334867433273985e+01
-1.867808994877296058e+01
-1.876809386224163489e+01
-1.840651920623695048e+01
-1.833549109068497529e+01
-1.822716770488472449e+01
-1.808686921883854737e+01
-1.805430405340355549e+01
-1.773440621796974170e+01
-1.775594305272150208e+01
-1.766369436831562112e+01
-1.765501301078262486e+01
-1.778614895703785592e+01
-1.781077506144201195e+01
-1.792041089092500172e+01
-1.788615796195481877e+01
-1.782350004666475485e+01
-1.777986296408608879e+01
-1.770225516083824502e+01
-1.770476603868488397e+01
-1.753957317232510960e+01
-1.752665803622913643e+01
-1.742909454951796278e+01
-1.735428269413286273e+01
-1.769589995083887146e+01
-1.756017897239717840e+01
-1.731127111413651676e+01
-1.735474504206629121e+01
-1.712589467462472115e+01
-1.730557104448235961e+01
-1.709605158158642269e+01
-1.712432108332821912e+01
-1.722770726281489573e+01
-1.693273860763936511e+01
-1.690931069672227238e+01
-1.694995888468280398e+01
-1.702832649138906618e+01
-1.697570171220618107e+01
-1.695866540737741346e+01
-1.676767800806784692e+01
-1.691511167566376272e+01
-1.650449759696825325e+01
-1.643552740467428919e+01
-1.642320294469006825e+01
-1.641258787555481291e+01
-1.642666664949877386e+01
-1.632573609188078478e+01
-1.641786927314365840e+01
-1.642451126593094202e+01
-1.639688875801181212e+01
-1.640862995031454830e+01
-1.632820388348265439e+01
-1.638329397969978629e+01
-1.625438287566663220e+01
-1.623985041810460572e+01
-1.627753909494863294e+01
-1.625855505156226499e+01
-1.642817300558390414e+01
-1.636428883436843762e+01
-1.632906137992933893e+01
-1.634202655506032897e+01
-1.632147774629062909e+01
-1.630218621291370695e+01
-1.627067251024122996e+01
-1.619958443318176933e+01
-1.608002590918879804e+01
-1.589027285652974797e+01
-1.600272004558435412e+01
-1.599344945644306470e+01
-1.579438958483671485e+01
-1.569110526850535514e+01
-1.568238041369267677e+01
-1.592691200632728865e+01
-1.610197206724378560e+01
-1.609399786944752009e+01
-1.577964954440748357e+01
-1.579274989228934878e+01
-1.577987224428178870e+01
-1.581970659512881916e+01
-1.593563197645801033e+01
-1.586097075425859870e+01
-1.582404368216612411e+01
-1.576186477855189771e+01
-1.581192032231106914e+01
-1.576841283924019876e+01
-1.581519130537621898e+01
-1.562732640876192214e+01
-1.569145802117338384e+01
-1.565705793442852745e+01
-1.563050926464512891e+01
-1.564770602253387644e+01
-1.554118343994819540e+01
-1.571045657749132118e+01
-1.572291977902204785e+01
-1.562312718302956860e+01
-1.576744311694442935e+01
-1.579836064901131287e+01
-1.572234404520648354e+01
-1.569877190679489409e+01
-1.567855237878908170e+01
-1.562094911957314025e+01
-1.563019950917782630e+01
-1.559748795804720167e+01
-1.564535924437393355e+01
-1.545241491011949009e+01
-1.549170848534291878e+01
-1.547874177660569295e+01
-1.547855228691328477e+01
-1.550661533205697040e+01
-1.545152409932695292e+01
-1.540985959789082393e+01
-1.537679018924299612e+01
-1.543002384964670348e+01
-1.551913040258314247e+01
-1.532863866743784875e+01
-1.531804463718552078e+01
-1.547001993709100987e+01
-1.527767175628220642e+01
-1.529436550360106040e+01
-1.521517485602046804e+01
-1.511560368111919672e+01
-1.506726235166379979e+01
-1.505239963406489778e+01
-1.500740277656600696e+01
-1.499280529518993887e+01
-1.502890635078567527e+01
-1.503102468212126119e+01
-1.502931461145632319e+01
-1.487762906209061775e+01
-1.484658597931310453e+01
-1.471086033918627045e+01
-1.475299891701450150e+01
-1.469992018218912122e+01
-1.487640330054381188e+01
-1.485122817281536101e+01
-1.485404607884227879e+01
-1.479613287809248945e+01
-1.481061629883008024e+01
-1.471354150406004635e+01
-1.472681677767801567e+01
-1.469806791466153228e+01
-1.466125042696888769e+01
-1.469244379580127280e+01
-1.473483302628849145e+01
-1.473127858402880896e+01
-1.463981786921838690e+01
-1.462613452679004133e+01
-1.461983679167877703e+01
-1.466447683528261869e+01
-1.471248331396340880e+01
-1.464160131242130980e+01
-1.471004615106511793e+01
-1.471822579268093989e+01
-1.480622517054133169e+01
-1.480209871213274830e+01
-1.474907424560581326e+01
-1.479379980806906580e+01
-1.470549689301113538e+01
-1.482520314069240719e+01
-1.481171031311466457e+01
-1.468594519808190491e+01
-1.468741957590243530e+01
-1.474673921192536596e+01
-1.465849326819983212e+01
-1.468012384104367918e+01
-1.465335150248945162e+01
-1.458255771679475110e+01
-1.466951359782486541e+01
-1.464692324286079739e+01
-1.466415909982228527e+01
-1.468523260578273515e+01
-1.477056983341229568e+01
-1.475291468430614827e+01
-1.460021654944575431e+01
-1.473540986624494131e+01
-1.473020511775408536e+01
-1.455507592927000360e+01
-1.451858193046845713e+01
-1.456500714160487497e+01
-1.454434600620302120e+01
-1.453155482474299021e+01
-1.450817363261970705e+01
-1.445484059056493109e+01
-1.443434915642368033e+01
-1.446780796758476129e+01
-1.455577876442188945e+01
-1.446137596790624791e+01
-1.438762580348439712e+01
-1.435218092386594968e+01
-1.434309249744094394e+01
-1.433742448479451248e+01
-1.432995443405710922e+01
-1.433713369616500977e+01
-1.434214008669470886e+01
-1.431321386750707525e+01
-1.432525808346313667e+01
-1.438505728127307925e+01
-1.428194364499930025e+01
-1.428358043219608220e+01
-1.429446058251912000e+01
-1.430172928952649336e+01
-1.430811791999447635e+01
-1.434443729629072450e+01
-1.445676756937609220e+01
-1.431808687992903906e+01
-1.432258022982185430e+01
-1.429719529646117415e+01
-1.422563944264999947e+01
-1.409850919292021842e+01
-1.397143008335166492e+01
-1.394903723389189132e+01
-1.395317478179186921e+01
-1.390710880503829472e+01
-1.393649767452587973e+01
-1.396190855769878425e+01
-1.403309690086726746e+01
-1.401823214511758309e+01
-1.400952319634764898e+01
-1.402115623196712768e+01
-1.403147689453522418e+01
-1.403588917134700154e+01
-1.403238092496640554e+01
-1.400521093226043057e+01
-1.398436078717580244e+01
-1.399701359874359419e+01
-1.396055399771452521e+01
-1.393643233468435838e+01
-1.386212256813579025e+01
-1.384865385851440678e+01
-1.370290853276171639e+01
-1.372660640792795128e+01
-1.374553198417483912e+01
-1.365982633191203099e+01
-1.365844117971461991e+01
-1.364127631226739368e+01
-1.365446664977487146e+01
-1.361764726962915084e+01
-1.358925626072925574e+01
-1.361662862841883737e+01
-1.351969349067389103e+01
-1.348601160636598983e+01
-1.347916585725443284e+01
-1.355177237009638702e+01
-1.352936611801322009e+01
-1.362183137667359922e+01
-1.368907726693493920e+01
-1.362445575684516541e+01
-1.360994550688067406e+01
-1.363890664073157488e+01
-1.362613806963292618e+01
-1.354793521292283387e+01
-1.345621962085776779e+01
-1.346573525792195092e+01
-1.347813937490507108e+01
-1.342674522966207462e+01
-1.343991524065691046e+01
-1.348037136843452011e+01
-1.346504413066374717e+01
-1.344318355416209698e+01
-1.341940148863966975e+01
-1.336397924643917356e+01
-1.336406075547669303e+01
-1.336259992295943100e+01
-1.338174329689523390e+01
-1.338528068759260847e+01
-1.331711964873183618e+01
-1.321587299333199361e+01
-1.323280250578700112e+01
-1.322749262819051985e+01
-1.330359062481796073e+01
-1.327867082577019886e+01
-1.325208873986449909e+01
-1.330643034418845083e+01
-1.330055021840016671e+01
-1.328303608496692156e+01
-1.330979973944664252e+01
-1.322344880085350738e+01
-1.324903837864552969e+01
-1.323809858643402038e+01
-1.326430803421012961e+01
-1.323402457894644257e+01
-1.315653935325213730e+01
-1.316984619965023207e+01
-1.315385665480699551e+01
-1.320287792128491589e+01
-1.323829862278070557e+01
-1.319345751845147419e+01
-1.321414861459004264e+01
-1.321935195554028297e+01
-1.326684644077319852e+01
-1.325967466359571212e+01
-1.323559164986101955e+01
-1.327041229759914742e+01
-1.324937223804188591e+01
-1.330449430588217830e+01
-1.327991561045411117e+01
-1.330079113549222214e+01
-1.330385874356624676e+01
-1.333896222807721799e+01
-1.334443823158413700e+01
-1.333674106714033591e+01
-1.332816801543542518e+01
-1.331588574313331641e+01
-1.334200237211800832e+01
-1.334720135354627146e+01
-1.332927427571027046e+01
-1.330509253528453861e+01
-1.335184890442480743e+01
-1.335236116272629658e+01
-1.326144413158600521e+01
-1.323910598937550276e+01
-1.325506398264480090e+01
-1.326955413050286481e+01
-1.324292238755331041e+01
-1.322188104153114807e+01
-1.322159615810511646e+01
-1.317867714558364511e+01
-1.316428668591930595e+01
-1.316926348419968740e+01
-1.319559614304117368e+01
-1.321454286778275033e+01
-1.323634812962369445e+01
-1.329458735076795151e+01
-1.334794484335458797e+01
-1.341893885058149216e+01
-1.342118897135031474e+01
-1.325725188263016818e+01
-1.332484811358631838e+01
-1.332502130482485647e+01
-1.329185031176833398e+01
-1.325179875657721063e+01
-1.321928089116659599e+01
-1.319239794626276563e+01
-1.316035100070053332e+01
-1.317069179939368162e+01
-1.328355679464335992e+01
-1.328745591742478993e+01
-1.327012783877939128e+01
-1.317463433862261546e+01
-1.336463618321220359e+01
-1.334370033949964451e+01
-1.335973511431324745e+01
-1.334388834510420985e+01
-1.333773131137134094e+01
-1.331039518520899279e+01
-1.330488489630490889e+01
-1.324644128295938295e+01
-1.322170964084286204e+01
-1.326694476640080111e+01
-1.327108769308695990e+01
-1.325572339452340742e+01
-1.326020016282983072e+01
-1.312564812504604461e+01
-1.312971435820929855e+01
-1.313100936691373377e+01
-1.315788356193122333e+01
-1.319267975226777878e+01
-1.319101025880675593e+01
-1.318925631211728877e+01
-1.308890912889430247e+01
-1.308811154907295204e+01
-1.313061244141890960e+01
-1.311828092816812941e+01
-1.316549218595907256e+01
-1.314215139858457349e+01
-1.313303313539626593e+01
-1.313126600175510816e+01
-1.311064916182288975e+01
-1.309180814571379514e+01
-1.310036816647510527e+01
-1.309645375291976777e+01
-1.305224589093259091e+01
-1.304822746951785284e+01
-1.305673988890515425e+01
-1.308931747596919060e+01
-1.305740700781070096e+01
-1.304553226512401487e+01
-1.299603026904071079e+01
-1.300345950465635347e+01
-1.292765396398224276e+01
-1.292354170625242382e+01
-1.293510094725373172e+01
-1.291721193515927446e+01
-1.288731897855860709e+01
-1.288424649665367738e+01
-1.295224796486641772e+01
-1.295444042136490204e+01
-1.291779158961653273e+01
-1.290746239521371663e+01
-1.297670807286448458e+01
-1.295737229090161513e+01
-1.296713790980045999e+01
-1.294788315544483481e+01
-1.289065285364292279e+01
-1.290437638631329698e+01
-1.294342830658503019e+01
-1.299869213994058370e+01
-1.303291207914529082e+01
-1.301090207354588024e+01
-1.301989189267308511e+01
-1.300934612710766380e+01
-1.294725444403977477e+01
-1.286233065029590072e+01
-1.287507284769517213e+01
-1.291623151191536145e+01
-1.294011599202229590e+01
-1.295274174334617179e+01
-1.296754844337833923e+01
-1.285193360720713152e+01
-1.284897611435552811e+01
-1.286119854796337947e+01
-1.287063721858866394e+01
-1.286578481004307761e+01
-1.286772991896643070e+01
-1.288136077614835173e+01
-1.294573440606780146e+01
-1.292458361316431947e+01
-1.291005106246792344e+01
-1.291665763691956137e+01
-1.296373961698534494e+01
-1.302831036776893292e+01
-1.297907328524885351e+01
-1.295209437868598457e+01
-1.292861294761254598e+01
-1.293688716156589891e+01
-1.297089330072964408e+01
-1.297251518768790746e+01
-1.294036500873355600e+01
-1.298915986080691454e+01
-1.298227719229933896e+01
-1.305080934088408284e+01
-1.305465044810941855e+01
-1.307792667023934285e+01
-1.308195986439225678e+01
-1.311088096784637713e+01
-1.312663908218967634e+01
-1.311392672948857729e+01
-1.310861214677319353e+01
-1.310834752772518641e+01
-1.301873651081173655e+01
-1.300335661558406031e+01
-1.300827545589766920e+01
-1.303507595420395226e+01
-1.303811857849521871e+01
-1.303121207299416362e+01
-1.301295312176234376e+01
-1.299649733925150485e+01
-1.303344158681385778e+01
-1.303091691628129034e+01
-1.303534489460740176e+01
-1.304901785560908323e+01
-1.303014464691731789e+01
-1.304670647709256492e+01
-1.306376263480515831e+01
-1.306183345871854407e+01
-1.304178227504172227e+01
-1.307789812158769394e+01
-1.304522263223339884e+01
-1.302022105767434645e+01
-1.302490254224811395e+01
-1.301024651877669669e+01
-1.302021130576970975e+01
-1.301635399748104760e+01
-1.303551137978433161e+01
-1.304818629835904353e+01
-1.305368968368087756e+01
-1.303748751982160492e+01
-1.305249838166998799e+01
-1.304592281273957433e+01
-1.306663743327114879e+01
-1.308947278985431062e+01
-1.306847427184190735e+01
-1.309248648296001072e+01
-1.310934857515321283e+01
-1.313341850339233297e+01
-1.318941779016964588e+01
-1.319431894716295162e+01
-1.320355219065231367e+01
-1.321034810406517224e+01
-1.317863813635594994e+01
-1.312568937511689882e+01
-1.312714216312735083e+01
-1.316633140505616417e+01
-1.310345641280781237e+01
-1.307517183865439314e+01
-1.301579003001551627e+01
-1.295101145076198002e+01
-1.297062673899415230e+01
-1.301366702933839470e+01
-1.300877398566985477e+01
-1.304078065012111942e+01
-1.305305827444308164e+01
-1.298821917787455682e+01
-1.298125737852665118e+01
-1.288270818565577258e+01
-1.284572682779855590e+01
-1.286213380136725881e+01
-1.283416104482845732e+01
-1.280498500477711765e+01
-1.272525855726421362e+01
-1.285086971756357599e+01
-1.274723809688662257e+01
-1.275463402166027294e+01
-1.278608830794393825e+01
-1.275087601835569018e+01
-1.273947807274588051e+01
-1.278616573912745302e+01
-1.279617649052804929e+01
-1.274603132314871701e+01
-1.272296573598504743e+01
-1.272879773978898221e+01
-1.274725043497266341e+01
-1.276921006940225212e+01
-1.269623004320555815e+01
-1.270372365602672993e+01
-1.268958299954679703e+01
-1.267515091480172451e+01
-1.272936531037797181e+01
-1.276026388051660199e+01
-1.274869303209466764e+01
-1.273426345228921619e+01
-1.272899146428982498e+01
-1.272593487306762761e+01
-1.273415373071420298e+01
-1.272929949765546809e+01
-1.273811231665473009e+01
-1.266922303819080753e+01
-1.269564478066387636e+01
-1.272332125275009851e+01
-1.277614988216359571e+01
-1.277377196445279317e+01
-1.279775101811236127e+01
-1.277524549530965103e+01
-1.279194018190829141e+01
-1.276294079534723735e+01
-1.277300789528277214e+01
-1.278439253729106895e+01
-1.278613362756325778e+01
-1.279955807981923499e+01
-1.272813829883874170e+01
-1.270361450585758689e+01
-1.268806390464772704e+01
-1.266176604256703087e+01
-1.264067424970315834e+01
-1.260410630851620262e+01
-1.260368776668727619e+01
-1.258665723878957721e+01
-1.249922540624127087e+01
-1.250104831215864643e+01
-1.250053149230518734e+01
-1.252546738678809035e+01
-1.254482483048831121e+01
-1.253287000473662793e+01
-1.257223965466475590e+01
-1.257533983134362821e+01
-1.256460610379201093e+01
-1.251431076380417373e+01
-1.248898894852676555e+01
-1.239193625688616862e+01
-1.239078478905152814e+01
-1.238703071210955997e+01
-1.238992095350802636e+01
-1.237875625759682130e+01
-1.237797885470335402e+01
-1.241133881445557385e+01
-1.241399538567854322e+01
-1.244148120133531776e+01
-1.245644443626333242e+01
-1.246855125932601993e+01
-1.253446462904437730e+01
-1.254826701402586586e+01
-1.259330766904622401e+01
-1.254834007652403294e+01
-1.249017294239620846e+01
-1.248384213816146548e+01
-1.251862050933463522e+01
-1.254493808934224575e+01
-1.255077676459884550e+01
-1.254113234067847493e+01
-1.253007030920331211e+01
-1.250221720209763632e+01
-1.240859390795398909e+01
-1.243143767607593908e+01
-1.242593107847338274e+01
-1.264474915676526834e+01
-1.266873907414734113e+01
-1.281842044023183291e+01
-1.287654542476098740e+01
-1.287285452089751203e+01
-1.277808030381436311e+01
-1.280234539826903983e+01
-1.278131998182032270e+01
-1.281756394352746931e+01
-1.274585993271807993e+01
-1.272409920995871602e+01
-1.273604155333106647e+01
-1.285018422693968709e+01
-1.292410734174779208e+01
-1.299902648864899923e+01
-1.298944228699604686e+01
-1.298178036805184199e+01
-1.298463080445524120e+01
-1.299972200835252423e+01
-1.296410684619584508e+01
-1.295267640032709444e+01
-1.294919030022497886e+01
-1.303790135726472599e+01
-1.301846917409512372e+01
-1.301238655978363745e+01
-1.299151285006605328e+01
-1.300306281336105130e+01
-1.297145911437971932e+01
-1.285904851003484595e+01
-1.293673721404018195e+01
-1.287352072813554216e+01
-1.289002362910081345e+01
-1.285949330408555547e+01
-1.275612995168788011e+01
-1.272732651819495153e+01
-1.277881263251337707e+01
-1.274936305748257581e+01
-1.277075549215009431e+01
-1.284160492057421266e+01
-1.282331649984624100e+01
-1.283005331060946119e+01
-1.287183668039238071e+01
-1.283779021139745069e+01
-1.285395994654294682e+01
-1.289477499872772981e+01
-1.289231594848701867e+01
-1.289398433627062168e+01
-1.289802327841601404e+01
-1.289597578721400772e+01
-1.290925609741885616e+01
-1.287473172505912444e+01
-1.289361381149436347e+01
-1.286531157457818431e+01
-1.278568370248826191e+01
-1.278467815587212719e+01
-1.278461067849516120e+01
-1.283840803961788346e+01
-1.277174011485954352e+01
-1.276880854527992426e+01
-1.289482648638623807e+01
-1.294064466712019446e+01
-1.294024233806058177e+01
-1.292976729826562199e+01
-1.294136211098843958e+01
-1.295721027984975748e+01
-1.290545016672229295e+01
-1.288233817520730184e+01
-1.274931489034072207e+01
-1.277456961992770879e+01
-1.272795256230099348e+01
-1.272273766144654061e+01
-1.266153925549607351e+01
-1.266306401595295483e+01
-1.275117156069685898e+01
-1.273536187503888151e+01
-1.273676806002271711e+01
-1.273933688025718247e+01
-1.275465364360510634e+01
-1.278786319397690896e+01
-1.278847166581899764e+01
-1.278811926485261985e+01
-1.279446422941029127e+01
-1.276370405982450507e+01
-1.277913018603834239e+01
-1.277260421391928169e+01
-1.276589205885161959e+01
-1.277030030427385654e+01
-1.274847843863883057e+01
-1.278252941335384207e+01
-1.274857200746391506e+01
-1.273166020108624608e+01
-1.274000935296255399e+01
-1.280339747399241901e+01
-1.275920890255540741e+01
-1.272211123787958265e+01
-1.272050416616276358e+01
-1.274578744820042608e+01
-1.275906162618099593e+01
-1.279184283906622355e+01
-1.281046012745899709e+01
-1.286053716081735310e+01
-1.289138102288787380e+01
-1.278130766844034838e+01
-1.287152580818125003e+01
-1.287782790110895625e+01
-1.286023578205651319e+01
-1.286088553235726373e+01
-1.285450993897281968e+01
-1.282775599082267526e+01
-1.288328349419064978e+01
-1.292063438793620200e+01
-1.290199978017630578e+01
-1.291552408739185509e+01
-1.296271920261458099e+01
-1.296520651335207575e+01
-1.294448266256646107e+01
-1.294269498109747651e+01
-1.293701747763190646e+01
-1.295165636351579153e+01
-1.286361044056967096e+01
-1.286112333442818212e+01
-1.287976695883180689e+01
-1.290123952082632819e+01
-1.291597445796598365e+01
-1.293001915023802262e+01
-1.283766485426483150e+01
-1.284024769771341390e+01
-1.279987664902303557e+01
-1.278403296542368750e+01
-1.282946558159330408e+01
-1.285346028201535518e+01
-1.291956460627370440e+01
-1.292652372089599844e+01
-1.298072749148363236e+01
-1.297719483990335654e+01
-1.289567231844399586e+01
-1.296612299720246142e+01
-1.295191213140247655e+01
-1.295600648988493120e+01
-1.296747007122947437e+01
-1.296466301928790443e+01
-1.299504941808678105e+01
-1.297921189771299488e+01
-1.289254096939782634e+01
-1.286081766784897518e+01
-1.285375437953098299e+01
-1.282111036230940471e+01
-1.285882203783941691e+01
-1.283053499699095212e+01
-1.286866256306446310e+01
-1.284440577775474779e+01
-1.286051291107949979e+01
-1.283384459824479862e+01
-1.280609476871075891e+01
-1.280450838306119010e+01
-1.282403872233274100e+01
-1.281727112355720344e+01
-1.286991740476574364e+01
-1.282253306916173408e+01
-1.280573793470174415e+01
-1.278415395867420834e+01
-1.276528735630194689e+01
-1.275767574122478365e+01
-1.278039916297483991e+01
-1.275654405305527739e+01
-1.277198589595970546e+01
-1.279435808086243931e+01
-1.273751163623599325e+01
-1.271994741552374109e+01
-1.272439798860162519e+01
-1.271363474129300641e+01
-1.271905973901164799e+01
-1.270014802323929537e+01
-1.269014968949834277e+01
-1.274106972931019932e+01
-1.273726651246824737e+01
-1.273469447734741600e+01
-1.268744954022489324e+01
-1.268624832167528993e+01
-1.270739430927713620e+01
-1.270261660162334927e+01
-1.270311091394992786e+01
-1.268924841371430112e+01
-1.268838398694114034e+01
-1.257620467687348231e+01
-1.257480407040187664e+01
-1.257635211737618341e+01
-1.257588031699428477e+01
-1.268410742743060737e+01
-1.268003283526003955e+01
-1.267721288111590816e+01
-1.273373110315956502e+01
-1.268591023492100867e+01
-1.268389596861837454e+01
-1.271164654500857338e+01
-1.269625995548651787e+01
-1.269098142897094306e+01
-1.268733534906438187e+01
-1.261411220257451227e+01
-1.261111190917459979e+01
-1.260115616211444589e+01
-1.260030093158386499e+01
-1.257698457849425466e+01
-1.256249976893882803e+01
-1.249913889153901003e+01
-1.251439902320458764e+01
-1.249002148735715245e+01
-1.250749273827253738e+01
-1.244983337576056037e+01
-1.246541149140508864e+01
-1.246190465644090573e+01
-1.250915713593442646e+01
-1.249625005967311075e+01
-1.244059441088382556e+01
-1.247023263683410654e+01
-1.239297791302761276e+01
-1.239338736542111441e+01
-1.240365340064501432e+01
-1.253211682279941996e+01
-1.252763433105049451e+01
-1.251723296820397024e+01
-1.235410536404482862e+01
-1.239097685031559060e+01
-1.243625258535231559e+01
-1.228119984298063372e+01
-1.227041671201807915e+01
-1.233443848241437557e+01
-1.232361081068477304e+01
-1.234051470020661334e+01
-1.233049213933841770e+01
-1.234974984397332243e+01
-1.234114736542482049e+01
-1.233934987146732531e+01
-1.233250377603716430e+01
-1.232854604617349459e+01
-1.234967498034991529e+01
-1.234710680922010617e+01
-1.233440758412885963e+01
-1.232847125060428084e+01
-1.232218279857006848e+01
-1.228034059799486677e+01
-1.227318240803315597e+01
-1.228306796285483848e+01
-1.225750877654372673e+01
-1.221848502854777685e+01
-1.219934676804342999e+01
-1.216377598856138320e+01
-1.219553749188757941e+01
-1.217731840156044676e+01
-1.217828905556942232e+01
-1.217612669980891837e+01
-1.217361883059619032e+01
-1.207231912782599004e+01
-1.198160255057943679e+01
-1.200209128861682117e+01
-1.200822605485518402e+01
-1.200696175927591725e+01
-1.199473334287345239e+01
-1.199281684585137597e+01
-1.199713422803102247e+01
-1.200561953400000093e+01
-1.200422559765717168e+01
-1.201102902726777444e+01
-1.196116518600111789e+01
-1.197634575556564940e+01
-1.195270809937920653e+01
-1.198748643460203667e+01
-1.199332704435013675e+01
-1.197969673377577315e+01
-1.196731127403421802e+01
-1.204104198545352311e+01
-1.205996349706559378e+01
-1.206086250689162931e+01
-1.203028093966494971e+01
-1.202645566382854270e+01
-1.202859675613192714e+01
-1.200580358028280337e+01
-1.200771109801241820e+01
-1.205131295386030565e+01
-1.205493278554768466e+01
-1.206652745331585663e+01
-1.209041510375413786e+01
-1.209078032595095387e+01
-1.216763596390529756e+01
-1.215506176334800337e+01
-1.216141487005081778e+01
-1.221389353699832014e+01
-1.221701899422803628e+01
-1.221715660903592493e+01
-1.227466312302915874e+01
-1.225293089798032398e+01
-1.225321730540921905e+01
-1.226188995709516227e+01
-1.225664813348995352e+01
-1.210941628663987224e+01
-1.211883250406867774e+01
-1.212729762024504332e+01
-1.214428472394124014e+01
-1.217955718195404735e+01
-1.219166788458389483e+01
-1.234866015866696465e+01
-1.232205717388520760e+01
-1.229998210951823268e+01
-1.231455884948465496e+01
-1.230489233805087856e+01
-1.220412973972121407e+01
-1.221567133202410282e+01
-1.221463464497992568e+01
-1.213674357037383977e+01
-1.208207866594704605e+01
-1.208062295443463796e+01
-1.208142413104469171e+01
-1.205484255972705476e+01
-1.206690074879256969e+01
-1.205677573911222389e+01
-1.208698521891231259e+01
-1.207758051399147092e+01
-1.206663355298216977e+01
-1.207493864722083998e+01
-1.209128120092892900e+01
-1.205509232651937701e+01
-1.205153225698831143e+01
-1.198225931692640778e+01
-1.202935455022140943e+01
-1.202222229106762441e+01
-1.201932372826521345e+01
-1.197278453968950807e+01
-1.191178512700668790e+01
-1.191273677675084386e+01
-1.194047255942182062e+01
-1.192474271192550717e+01
-1.192704376260364008e+01
-1.185983962073968101e+01
-1.186158545755897187e+01
-1.186293757867083265e+01
-1.187997727528863834e+01
-1.187395476389095705e+01
-1.187661224589018438e+01
-1.187442296532034192e+01
-1.188800174268604870e+01
-1.184652229432207449e+01
-1.185105892333915634e+01
-1.189242398720435290e+01
-1.180148996415343632e+01
-1.179899905289588702e+01
-1.178373440572851116e+01
-1.178362560499415324e+01
-1.174366782093663630e+01
-1.176084315250654910e+01
-1.176075432109022856e+01
-1.178276708866277467e+01
-1.173594354619779878e+01
-1.174043160150299236e+01
-1.174772549298172386e+01
-1.180337361811097452e+01
-1.175188144353389674e+01
-1.176582382947755434e+01
-1.177387549985326665e+01
-1.177557781860430985e+01
-1.169375094591614861e+01
-1.170049927471967344e+01
-1.170341962155837834e+01
-1.168599705854813386e+01
-1.168644833359835111e+01
-1.169248114396957838e+01
-1.178033106425123933e+01
-1.177423862239627894e+01
-1.177041437755885411e+01
-1.177692780635135250e+01
-1.179699360897447313e+01
-1.179917763508662887e+01
-1.178586062952636304e+01
-1.178247186396501434e+01
-1.172568876619225087e+01
-1.176301582068439266e+01
-1.176096096068793173e+01
-1.173822758795263255e+01
-1.172384508585705909e+01
-1.177052526218228756e+01
-1.175845167607380404e+01
-1.177265755691093041e+01
-1.175559053044502456e+01
-1.176071675198329025e+01
-1.179499060473277261e+01
-1.171533645015491309e+01
-1.172579465823421785e+01
-1.172509391207030127e+01
-1.174857438222819006e+01
-1.175215455177954915e+01
-1.175205611922607751e+01
-1.178220784050665237e+01
-1.179499251502887525e+01
-1.180783012854508840e+01
-1.180254003574450827e+01
-1.177318824450053825e+01
-1.168953433249249940e+01
-1.169146810830924643e+01
-1.168546100935258814e+01
-1.168936605001058204e+01
-1.170300768449210160e+01
-1.171259934309089168e+01
-1.169297022451695156e+01
-1.169293382583884977e+01
