# 2*np.log[MAD(r)] for 100 flights; 1000 steps per flight; run 32 of 50; mu: 2.50; seed: 31
-2.435997272987033568e+01
-2.317287052090783916e+01
-2.200908805286164238e+01
-2.148534221177413883e+01
-2.098533578447609216e+01
-2.098637536147864679e+01
-2.072952965080903454e+01
-2.011282333658389021e+01
-2.027542778548607316e+01
-2.008947940626112327e+01
-1.996370324953491249e+01
-1.998105974087589942e+01
-1.980072877658817987e+01
-1.952489145560933892e+01
-1.956334953789858844e+01
-1.949400554471775138e+01
-1.935039258258991168e+01
-1.934483536733391418e+01
-1.946931796019206473e+01
-1.923733121795928014e+01
-1.911061596088441661e+01
-1.904629821232711251e+01
-1.905508670251765935e+01
-1.897986002596409705e+01
-1.893075624084552189e+01
-1.902207829823118601e+01
-1.914503320538773679e+01
-1.892657663656190792e+01
-1.901518594779924598e+01
-1.881583566127867257e+01
-1.866244413531071089e+01
-1.858127872824364957e+01
-1.846511543878854766e+01
-1.844297617938897105e+01
-1.844485308481716856e+01
-1.848525994596818123e+01
-1.837232097630435845e+01
-1.849510769209573979e+01
-1.836084706922059695e+01
-1.843420678954351644e+01
-1.830859905507625029e+01
-1.834795285345335358e+01
-1.815379368294593121e+01
-1.823123780288993601e+01
-1.840826097259054350e+01
-1.847998920908221265e+01
-1.851261579694272186e+01
-1.854220071766180311e+01
-1.829958128851925636e+01
-1.822930783215565853e+01
-1.804978173079813430e+01
-1.818458484743081982e+01
-1.806379788269713416e+01
-1.796124133556604008e+01
-1.790262797677100082e+01
-1.802293360727626848e+01
-1.805643887634051836e+01
-1.783589021327025037e+01
-1.780770311268932105e+01
-1.794899219552353387e+01
-1.781731298582228362e+01
-1.783820014803970722e+01
-1.773691747038338562e+01
-1.755538386302055187e+01
-1.751623988503352081e+01
-1.762785445983752197e+01
-1.757240080066978294e+01
-1.752794929303559357e+01
-1.731140651089346960e+01
-1.713626557454471566e+01
-1.692008562109818826e+01
-1.697145991423020206e+01
-1.692469344497818540e+01
-1.707531034433343820e+01
-1.708542279547429388e+01
-1.709281039754453246e+01
-1.707413261526483694e+01
-1.705100266092082961e+01
-1.700419688126689977e+01
-1.710016665372839384e+01
-1.692444725371214886e+01
-1.694475661059813376e+01
-1.692477857452781009e+01
-1.684272856923255191e+01
-1.690894752358164155e+01
-1.690944805518441285e+01
-1.694617384603591503e+01
-1.673048735390165476e+01
-1.672712176337013901e+01
-1.683905386454301478e+01
-1.673523228605595037e+01
-1.675969791834239686e+01
-1.668241173130458321e+01
-1.676196455951584596e+01
-1.675506982381844168e+01
-1.674723006689859517e+01
-1.673101033351967004e+01
-1.672895471153265490e+01
-1.679483329254101420e+01
-1.666586428955276844e+01
-1.665858326974450421e+01
-1.666069463850451982e+01
-1.660105007731685589e+01
-1.664428995257736688e+01
-1.659350309655252076e+01
-1.650141313703021950e+01
-1.647380617194497887e+01
-1.653568917596433607e+01
-1.657484555728784414e+01
-1.660522202075505760e+01
-1.652023505329625408e+01
-1.648997624671694950e+01
-1.661331872307422941e+01
-1.668454993494414396e+01
-1.662702264879929004e+01
-1.656045220258227246e+01
-1.668915098218774418e+01
-1.676362309127290118e+01
-1.662482101270732215e+01
-1.666829390085857199e+01
-1.680906264757495094e+01
-1.692526137788292573e+01
-1.699164682885579936e+01
-1.689274339327815255e+01
-1.670162917343426656e+01
-1.686879911183126168e+01
-1.698940124737522694e+01
-1.694065257312667683e+01
-1.690856236811826108e+01
-1.685422924552480595e+01
-1.687336405671553052e+01
-1.681778505434587956e+01
-1.685550199046121378e+01
-1.670716968543940695e+01
-1.677745413005377628e+01
-1.670649423581044957e+01
-1.671053904917171096e+01
-1.665376638421860278e+01
-1.651845499364669934e+01
-1.650920847086829824e+01
-1.649564321397983591e+01
-1.650825246558278536e+01
-1.658146324022319362e+01
-1.652210754905281576e+01
-1.641512906236467018e+01
-1.639881976095364635e+01
-1.645335004300922677e+01
-1.650107312988546937e+01
-1.657336111204913109e+01
-1.650944486826439928e+01
-1.646222941289932251e+01
-1.640027690428457063e+01
-1.655543824777139861e+01
-1.660854929319245699e+01
-1.655657676757547492e+01
-1.666770989795674751e+01
-1.662425258763033753e+01
-1.666636981859124589e+01
-1.673731184188541832e+01
-1.685247662869480223e+01
-1.688757180021628201e+01
-1.665053976751688936e+01
-1.652754092413461962e+01
-1.651199270048415002e+01
-1.652863466330946451e+01
-1.662888989304477150e+01
-1.660417117866845516e+01
-1.653276850234078310e+01
-1.658104438430167349e+01
-1.661243458934182371e+01
-1.665834241205826771e+01
-1.669599134259804529e+01
-1.673747400019903253e+01
-1.674621674050917264e+01
-1.668183566180870514e+01
-1.669582626461774311e+01
-1.664823876588737761e+01
-1.666180100986624524e+01
-1.665627060793044123e+01
-1.668617326342844720e+01
-1.671710409671278086e+01
-1.674306396505868477e+01
-1.659425372836478019e+01
-1.656546768814202863e+01
-1.649470526210156507e+01
-1.653550048898302549e+01
-1.646177769403517388e+01
-1.653357624175960439e+01
-1.652592273202109041e+01
-1.648689668298021971e+01
-1.652198314853931294e+01
-1.649552220838582528e+01
-1.643811542244299773e+01
-1.650045208731303248e+01
-1.645564284403765498e+01
-1.645495669426096086e+01
-1.640957429837927606e+01
-1.629541622696041259e+01
-1.626146286341759506e+01
-1.620454902056757973e+01
-1.621526476401469097e+01
-1.621406895127147862e+01
-1.621401718375663492e+01
-1.623422854273580640e+01
-1.626911888821942043e+01
-1.634120277639424046e+01
-1.629335465741032607e+01
-1.628312363477033031e+01
-1.628089091811181532e+01
-1.621366646218981344e+01
-1.620682895281871794e+01
-1.616762458339758979e+01
-1.611741548310087069e+01
-1.616259266197817368e+01
-1.625068709383925381e+01
-1.621631837838440759e+01
-1.618621429887436491e+01
-1.618103282866200487e+01
-1.617282153095876751e+01
-1.614712738785053503e+01
-1.614029298503030674e+01
-1.610368398872848772e+01
-1.606579115489837406e+01
-1.605451241968271248e+01
-1.600987699245881402e+01
-1.609905383962220426e+01
-1.614369941706857503e+01
-1.621786125718596594e+01
-1.616441486300522357e+01
-1.619307277441293280e+01
-1.616037775393065345e+01
-1.611324819749614079e+01
-1.602120785488612853e+01
-1.605884613700056107e+01
-1.604043287165037412e+01
-1.603100819678570588e+01
-1.606870483670499539e+01
-1.593745571763662383e+01
-1.598922323883631691e+01
-1.600455279457066382e+01
-1.601133955815062038e+01
-1.595781468895125066e+01
-1.591176293457453816e+01
-1.597422982520697055e+01
-1.592710247755923980e+01
-1.597019120374073431e+01
-1.598656127381489611e+01
-1.594225487846387423e+01
-1.592986473731299313e+01
-1.591951350217922467e+01
-1.591660003820844516e+01
-1.591746828092579769e+01
-1.595866019625220034e+01
-1.597990707414934874e+01
-1.592895954889306154e+01
-1.592442040621933508e+01
-1.593585391394057460e+01
-1.594311408881456771e+01
-1.583297860024686443e+01
-1.588509919613802346e+01
-1.574587942547661257e+01
-1.578231360488292978e+01
-1.577545546779915853e+01
-1.578607748057277682e+01
-1.579470288495885022e+01
-1.578849294198121633e+01
-1.572843553946566786e+01
-1.583001320762826936e+01
-1.575605768842346244e+01
-1.583947211988471970e+01
-1.584288328524139011e+01
-1.586073902392895540e+01
-1.586616694891149493e+01
-1.579901515494005260e+01
-1.579523689291669974e+01
-1.584279500401347640e+01
-1.585979210028807529e+01
-1.583914966165654192e+01
-1.591936945162750838e+01
-1.581879413014697455e+01
-1.578441413955041384e+01
-1.581004186488019592e+01
-1.590870810260030233e+01
-1.594408543282524171e+01
-1.592775285137910402e+01
-1.587011018827227105e+01
-1.589358441971320168e+01
-1.582693976927313706e+01
-1.586082194733927686e+01
-1.580099671356679103e+01
-1.590107856657123797e+01
-1.581362394923278103e+01
-1.579120458088379486e+01
-1.581933798745233233e+01
-1.576518434647096534e+01
-1.571305731442767950e+01
-1.570414136240705716e+01
-1.569705902817825027e+01
-1.574996266284058599e+01
-1.576554394894095346e+01
-1.574323218095251953e+01
-1.576227887170439779e+01
-1.585563371969786672e+01
-1.580065626477571961e+01
-1.573708374199952864e+01
-1.565425781001449401e+01
-1.573349136656534775e+01
-1.571391628813298524e+01
-1.570324000834012956e+01
-1.585553449521873048e+01
-1.588309206103610194e+01
-1.601296557944821330e+01
-1.591376884096905897e+01
-1.593281724969299695e+01
-1.582148487318795915e+01
-1.580794105995839516e+01
-1.580297882044484759e+01
-1.579353013039182763e+01
-1.581804819452197819e+01
-1.585136993918516524e+01
-1.588370875932382553e+01
-1.586125967554732341e+01
-1.597021976321344106e+01
-1.594202907966249860e+01
-1.590143488723719756e+01
-1.588363752565316389e+01
-1.587695866036970749e+01
-1.590487103068725894e+01
-1.588979441453146357e+01
-1.587807348272241370e+01
-1.578693974009700440e+01
-1.574660276940584325e+01
-1.576760949757382058e+01
-1.568118556910386552e+01
-1.560708847391304310e+01
-1.559093133582362256e+01
-1.559704426176451619e+01
-1.562876401161077666e+01
-1.548955993347928128e+01
-1.547084261441210629e+01
-1.549162102985928335e+01
-1.558734715753014655e+01
-1.567042864102855049e+01
-1.563203657623756371e+01
-1.560978564226485865e+01
-1.564510612873957740e+01
-1.559431923106282625e+01
-1.562713584943000278e+01
-1.552380252116554793e+01
-1.557044899169129337e+01
-1.556514192471239433e+01
-1.558843896512561500e+01
-1.558180347306733360e+01
-1.560256483103391822e+01
-1.568663982953456681e+01
-1.567660988862660609e+01
-1.559478355064336341e+01
-1.556510467425279209e+01
-1.552484806038022747e+01
-1.558009297878444599e+01
-1.559206513937728644e+01
-1.578470335564739635e+01
-1.574887702920075760e+01
-1.573022961585697388e+01
-1.575235456232819686e+01
-1.577684299990716177e+01
-1.580487171785435585e+01
-1.579449297591409795e+01
-1.580844011495015877e+01
-1.581365166805863076e+01
-1.581850858719902497e+01
-1.571714364088230198e+01
-1.579227896372783135e+01
-1.586374758722237921e+01
-1.586089695157784440e+01
-1.587440731833613938e+01
-1.577804240675186698e+01
-1.575707642617181747e+01
-1.574135319528315335e+01
-1.564333079431859197e+01
-1.572273934602084644e+01
-1.569858271575185427e+01
-1.562854965482117642e+01
-1.551652099795488837e+01
-1.552016276015623575e+01
-1.566714462403113117e+01
-1.559164221142869700e+01
-1.543233561245159358e+01
-1.542424509461347526e+01
-1.562266940621537437e+01
-1.566736390161360148e+01
-1.576288265152112089e+01
-1.587929798184103625e+01
-1.588520032565674356e+01
-1.588880541909748345e+01
-1.598458364060257786e+01
-1.588135430305654516e+01
-1.579146338044992603e+01
-1.572109175246015056e+01
-1.563102001977310529e+01
-1.557354714088103087e+01
-1.565781482185481011e+01
-1.564159542388122048e+01
-1.561923106910126435e+01
-1.537831533825148611e+01
-1.531000808208755615e+01
-1.527219804242335854e+01
-1.522510381722986494e+01
-1.522906877100760070e+01
-1.536377587405606704e+01
-1.530501438053290642e+01
-1.536465267765697007e+01
-1.526788928480508822e+01
-1.523345342177775485e+01
-1.518345059376689576e+01
-1.518104580787821156e+01
-1.526638797246201484e+01
-1.525729850708449042e+01
-1.528917953875395241e+01
-1.528949082143586047e+01
-1.529678237796131945e+01
-1.535538882065326938e+01
-1.527992967709639416e+01
-1.536580176227160877e+01
-1.540380550237012258e+01
-1.529885079189342356e+01
-1.528402002672572202e+01
-1.525927352463135911e+01
-1.523590962526631998e+01
-1.529150115806508126e+01
-1.524729846919502485e+01
-1.504018133449366346e+01
-1.503101073109293395e+01
-1.502847979584600857e+01
-1.503622600840799350e+01
-1.501879582024363913e+01
-1.494946712775072939e+01
-1.502164680522527185e+01
-1.506482429088888075e+01
-1.502109994869719678e+01
-1.494408817377016163e+01
-1.484545297066910585e+01
-1.479163498813528221e+01
-1.483154780106525017e+01
-1.482606748081036763e+01
-1.479898681994582788e+01
-1.485702088215815664e+01
-1.483611854690244591e+01
-1.479825991380348604e+01
-1.479431014271818512e+01
-1.479614649269068849e+01
-1.481239997488306592e+01
-1.480539779155704672e+01
-1.482357036269539741e+01
-1.478787213400662282e+01
-1.480499739890930933e+01
-1.482713964249511385e+01
-1.485191378407432516e+01
-1.473793986322945493e+01
-1.463360827701255928e+01
-1.469452748576269840e+01
-1.463137856824037364e+01
-1.456310501639310395e+01
-1.457484002539987245e+01
-1.461074391807198936e+01
-1.466414247799190740e+01
-1.470263032018236693e+01
-1.465462407473238038e+01
-1.465748341929122311e+01
-1.464086973108582512e+01
-1.460233200658566233e+01
-1.461025708221847808e+01
-1.454150187326390053e+01
-1.455897103866747599e+01
-1.460220236050438203e+01
-1.459745227612856588e+01
-1.471561165497524293e+01
-1.468436585286336893e+01
-1.468175882029163404e+01
-1.471006885214154991e+01
-1.466459004870700156e+01
-1.465780806624992394e+01
-1.464963787883064228e+01
-1.464810540106647352e+01
-1.467790502024867116e+01
-1.462951095769285814e+01
-1.465044594491206453e+01
-1.467674806034260371e+01
-1.472599910090186093e+01
-1.469998368943391398e+01
-1.472522124311565506e+01
-1.469949651406744273e+01
-1.465851100393520845e+01
-1.458688060067959391e+01
-1.460011247501340570e+01
-1.457665553103804257e+01
-1.462909646834727795e+01
-1.466179961530812648e+01
-1.476303132070818513e+01
-1.467066346762920936e+01
-1.473876491269164646e+01
-1.461514296949713554e+01
-1.464342859857712575e+01
-1.458034223556553677e+01
-1.460241916720702093e+01
-1.468216522776101485e+01
-1.467863710983042402e+01
-1.463639643215573471e+01
-1.459565027021891481e+01
-1.456454333173117099e+01
-1.462337536788375303e+01
-1.457495946613881443e+01
-1.455751889862044912e+01
-1.454319380156771935e+01
-1.455728703795576706e+01
-1.457578722453893683e+01
-1.462087477646704592e+01
-1.457081385239345828e+01
-1.467923505845086041e+01
-1.470618691387709021e+01
-1.471778402284759046e+01
-1.470468170793735574e+01
-1.470718694151846329e+01
-1.466322333474975714e+01
-1.471524169676630400e+01
-1.469589235514553138e+01
-1.468510508260195202e+01
-1.470008040110970704e+01
-1.462363359485680370e+01
-1.460111863263106713e+01
-1.462101950169320652e+01
-1.467549248378945315e+01
-1.463742685340207750e+01
-1.465326390225723863e+01
-1.462905570829773083e+01
-1.456336557000729925e+01
-1.458441602294597672e+01
-1.453500513415371387e+01
-1.453383061416257327e+01
-1.463152146956669064e+01
-1.462548001721989799e+01
-1.462593601193326442e+01
-1.470994220783707362e+01
-1.463545636063292932e+01
-1.471953363805548065e+01
-1.465385275493981077e+01
-1.458747733138326552e+01
-1.461989429361926973e+01
-1.463897880787098771e+01
-1.458952971218936234e+01
-1.468665005711162941e+01
-1.462684893893535154e+01
-1.465558927771032671e+01
-1.467540655409057493e+01
-1.467753015734786537e+01
-1.467527540073349535e+01
-1.473224153521622171e+01
-1.474974577301619405e+01
-1.474962580671005696e+01
-1.477386034364281286e+01
-1.469913682226522056e+01
-1.468677500489052790e+01
-1.467461023802383835e+01
-1.476047033855995316e+01
-1.477092048503099342e+01
-1.470163741859490258e+01
-1.472917164025434289e+01
-1.473029811182249205e+01
-1.472265366188569047e+01
-1.470128297549617180e+01
-1.468569244912187521e+01
-1.464510034488564827e+01
-1.461139085880772193e+01
-1.463058504999125553e+01
-1.465526443447018146e+01
-1.470403017949011648e+01
-1.468266346382207388e+01
-1.467959713634408025e+01
-1.467734795224405531e+01
-1.469269652242745394e+01
-1.468140384020883182e+01
-1.468533948945063550e+01
-1.464796407004718226e+01
-1.472233250807131633e+01
-1.469017344039909645e+01
-1.463813653595947351e+01
-1.462828214551723960e+01
-1.460153701228049350e+01
-1.461334149287820061e+01
-1.466607674846374110e+01
-1.463440769730265067e+01
-1.463523793662846728e+01
-1.455744528353566380e+01
-1.457373208947117327e+01
-1.454318441008562068e+01
-1.452463999496568370e+01
-1.449761676791527698e+01
-1.443259373796819567e+01
-1.441281134406201581e+01
-1.447267806898868159e+01
-1.445560288610167099e+01
-1.443091601140984714e+01
-1.442026303018345246e+01
-1.444477857091769835e+01
-1.448733191980988799e+01
-1.449989652774591953e+01
-1.441999679711045346e+01
-1.434469885070420858e+01
-1.439085269129495259e+01
-1.445957255753096149e+01
-1.438837257094615119e+01
-1.435853672120521018e+01
-1.433806897974179506e+01
-1.435283334153312751e+01
-1.437430168330700120e+01
-1.440058809760122038e+01
-1.442784290861950858e+01
-1.445368943623118518e+01
-1.444273302323349917e+01
-1.446570714509541666e+01
-1.446242267367073531e+01
-1.448531985372418873e+01
-1.446266003302250347e+01
-1.444577899211684269e+01
-1.448112720727979408e+01
-1.444518549810313068e+01
-1.446712559125058206e+01
-1.445543549018710650e+01
-1.447084121835293580e+01
-1.447544412004302572e+01
-1.452426221022075836e+01
-1.447097776819502002e+01
-1.449105376756005903e+01
-1.445264412246099006e+01
-1.448617691009663666e+01
-1.449850037192032559e+01
-1.444820563288996595e+01
-1.442605734459603539e+01
-1.446672698703207871e+01
-1.456310501133252266e+01
-1.457430383054510159e+01
-1.455315224770868809e+01
-1.455054783497461024e+01
-1.451871229130378005e+01
-1.452071563087439898e+01
-1.447948333635297935e+01
-1.452271991716144584e+01
-1.454229247611490905e+01
-1.441057800906260589e+01
-1.439949407923744396e+01
-1.437626223290589067e+01
-1.439810650496427336e+01
-1.435298066256180682e+01
-1.430621951055597130e+01
-1.431149777554553282e+01
-1.433563489088157361e+01
-1.430511463253662008e+01
-1.430643801305008012e+01
-1.429498963247339560e+01
-1.430519135854626533e+01
-1.438408285689260246e+01
-1.444630754537836914e+01
-1.444019965225442981e+01
-1.441211718216105808e+01
-1.437820059966225728e+01
-1.438412639077262334e+01
-1.440484864317056335e+01
-1.442049653728928682e+01
-1.437034862851231054e+01
-1.437870572570528616e+01
-1.436483312866786299e+01
-1.436111102399892125e+01
-1.430805414088229099e+01
-1.427851545719642701e+01
-1.429092956304054240e+01
-1.429348295028056803e+01
-1.432698415768677158e+01
-1.438150582890598272e+01
-1.439245547423036875e+01
-1.443424541902983194e+01
-1.445198862591061761e+01
-1.443734187799333846e+01
-1.446046680244731242e+01
-1.430576078614401681e+01
-1.428966255032238308e+01
-1.430458548974853805e+01
-1.435462189010912404e+01
-1.435601466303749874e+01
-1.441206143402435025e+01
-1.430910566161620423e+01
-1.426426017042079231e+01
-1.425063858064299183e+01
-1.433059678587861185e+01
-1.432563235407241109e+01
-1.431984147041962174e+01
-1.431413732331444777e+01
-1.441313830717011335e+01
-1.426557328517966639e+01
-1.426185936530202447e+01
-1.428674007928768752e+01
-1.428604202008879476e+01
-1.428618046220509008e+01
-1.434177677251230776e+01
-1.434534635262817837e+01
-1.432332360471585986e+01
-1.431223527488337055e+01
-1.440167639710852399e+01
-1.442275588852622903e+01
-1.441829538282390111e+01
-1.438619654757637356e+01
-1.438793464502816022e+01
-1.440461720156585379e+01
-1.437109533378702508e+01
-1.433269483052730209e+01
-1.425678160769348324e+01
-1.437959881194905343e+01
-1.437181393716597633e+01
-1.434566889637492082e+01
-1.446742066931946802e+01
-1.449363683889439081e+01
-1.445555535202003838e+01
-1.444617453407557228e+01
-1.443303279154064178e+01
-1.444114473416622779e+01
-1.440807558227057683e+01
-1.440717005267689466e+01
-1.442263432500602249e+01
-1.443534918665464239e+01
-1.443204478028221871e+01
-1.446092092732808965e+01
-1.447496688021928968e+01
-1.446589879503616238e+01
-1.442637867235875682e+01
-1.443482257938028290e+01
-1.440891984516187208e+01
-1.439245720559015673e+01
-1.439517070012949240e+01
-1.442655158158399331e+01
-1.440641214072576304e+01
-1.432822238856032904e+01
-1.435255711837665871e+01
-1.432352215043242971e+01
-1.436305012290022631e+01
-1.438465399954889890e+01
-1.432425635227950167e+01
-1.435397794246985193e+01
-1.434531570350193164e+01
-1.430659585684980151e+01
-1.426337163772244132e+01
-1.422596327147858730e+01
-1.424132646166324534e+01
-1.422170774920483183e+01
-1.419791835171687211e+01
-1.421271374125218401e+01
-1.419885405927425559e+01
-1.417896559823518920e+01
-1.419696520814756369e+01
-1.421663805348078569e+01
-1.428761659757675773e+01
-1.430946950814598040e+01
-1.432949959891210767e+01
-1.428654495132801827e+01
-1.429655616619925240e+01
-1.428474414558871786e+01
-1.426823065265225488e+01
-1.427631367907794058e+01
-1.427207822495186207e+01
-1.427417570331307495e+01
-1.429269798967834681e+01
-1.429350129041519146e+01
-1.428715397607390258e+01
-1.427509555218395754e+01
-1.421033386597985881e+01
-1.419282529971617812e+01
-1.419851471977980673e+01
-1.418519484536053810e+01
-1.416376242638176919e+01
-1.417501763039754969e+01
-1.420656288267611878e+01
-1.415972091859446635e+01
-1.416207642834155500e+01
-1.413776862935532819e+01
-1.416831240309500650e+01
-1.411566409077566320e+01
-1.416460000814128328e+01
-1.414597960992725945e+01
-1.412156566912487143e+01
-1.412105684991386489e+01
-1.406526798023215008e+01
-1.405989266541857674e+01
-1.407188773252486946e+01
-1.408074698690524329e+01
-1.406922338673432016e+01
-1.408410642467728913e+01
-1.412232799072300615e+01
-1.411449723756880914e+01
-1.409175837150863408e+01
-1.410665691247698739e+01
-1.407186500792076700e+01
-1.407894312666618042e+01
-1.410736123579488321e+01
-1.407631530837665856e+01
-1.408410238215542343e+01
-1.409387952882519102e+01
-1.408870510853548552e+01
-1.404571410687319144e+01
-1.406965662523070826e+01
-1.404385941409879379e+01
-1.406650839533351416e+01
-1.405086001362220394e+01
-1.405297470891126643e+01
-1.399731275260934105e+01
-1.398461891184222594e+01
-1.403339838747321267e+01
-1.406662312505822676e+01
-1.407859886906339675e+01
-1.407623435607242079e+01
-1.401229303889319056e+01
-1.402752744871748192e+01
-1.399222288046895635e+01
-1.396691269801922353e+01
-1.394409735413428209e+01
-1.395472071064873809e+01
-1.397041362740894677e+01
-1.395893993003821798e+01
-1.396716288300303788e+01
-1.390080709225597744e+01
-1.393052271960528898e+01
-1.393963724854675057e+01
-1.400548149310889734e+01
-1.398093162611410278e+01
-1.396194611352427373e+01
-1.395875234890062266e+01
-1.396870979656905298e+01
-1.392952382175337434e+01
-1.392673904271232388e+01
-1.392251464562306396e+01
-1.394533222042002230e+01
-1.393163337924001510e+01
-1.393242761709478472e+01
-1.394432786486025933e+01
-1.396179255175256451e+01
-1.399244751384730812e+01
-1.397963663344307683e+01
-1.398382703175277264e+01
-1.394524922070828588e+01
-1.398577283518024750e+01
-1.397377847327267730e+01
-1.396962021409555099e+01
-1.395737692282872366e+01
-1.397305273196300313e+01
-1.395681768911510368e+01
-1.395645031284817073e+01
-1.398276788499442880e+01
-1.404021627635346725e+01
-1.396391966841850696e+01
-1.393086850964421686e+01
-1.393861423934302124e+01
-1.397896401574847935e+01
-1.398063990023518244e+01
-1.390245597772594444e+01
-1.388116073574707343e+01
-1.392002591074474260e+01
-1.395261707038769927e+01
-1.393293664906971507e+01
-1.391559776609978449e+01
-1.390661749827518001e+01
-1.394366936530278345e+01
-1.395831946089882614e+01
-1.397265356748709664e+01
-1.393149480104472637e+01
-1.393813576957076172e+01
-1.394796541232691744e+01
-1.392822571504261475e+01
-1.399543433277177229e+01
-1.401978941703297288e+01
-1.402970080173190404e+01
-1.405173672075805769e+01
-1.403733479026217346e+01
-1.400808114380029501e+01
-1.399550694299907860e+01
-1.403425740386710885e+01
-1.402744711181918547e+01
-1.405751571482558049e+01
-1.408135628401644723e+01
-1.411921624682124232e+01
-1.410924465150464790e+01
-1.409301302310768733e+01
-1.410460436353448621e+01
-1.407664743395731932e+01
-1.409959462381702444e+01
-1.411015707776318706e+01
-1.404651047271124398e+01
-1.403211372400365953e+01
-1.402017054118273975e+01
-1.400092398912266667e+01
-1.396019339435964746e+01
-1.400311252007831975e+01
-1.402675407864558110e+01
-1.406629249525471614e+01
-1.406894869665800307e+01
-1.405711736912551935e+01
-1.401200473492839471e+01
-1.406453779944351190e+01
-1.409575213158007045e+01
-1.407119881195234434e+01
-1.403946299816956156e+01
-1.401654014070611787e+01
-1.404607534188663642e+01
-1.404423052072722022e+01
-1.404054611615121395e+01
-1.405690874037164484e+01
-1.404804338140133169e+01
-1.400910095574136882e+01
-1.401236605708061234e+01
-1.393544235137937370e+01
-1.401343103629950804e+01
-1.399274037768274503e+01
-1.407078137755795488e+01
-1.407960741808337168e+01
-1.403173210852577846e+01
-1.402198584611339705e+01
-1.402529051949360017e+01
-1.389572811428266519e+01
-1.395775533406998292e+01
-1.398115537631766614e+01
-1.396721396137219884e+01
-1.396025390836237712e+01
-1.396405613034662707e+01
-1.396072033716872518e+01
-1.391166598787084574e+01
-1.385422818450188309e+01
-1.388735304060172737e+01
-1.391836088872907773e+01
-1.390451625310216244e+01
-1.392712323947882602e+01
-1.395574945365051001e+01
-1.400693138941265303e+01
-1.398639562002803771e+01
-1.398760098490758885e+01
-1.397161183402676343e+01
-1.398332933046295246e+01
-1.403062280881581891e+01
-1.407828502163791384e+01
-1.410543598449784142e+01
-1.410842289451017706e+01
-1.412174843892040066e+01
-1.411570521487472973e+01
-1.412463725720132501e+01
-1.400915824375093877e+01
-1.400189553769614292e+01
-1.407864826474794206e+01
-1.404206856326474906e+01
-1.405708249300174550e+01
-1.404320266203214906e+01
-1.402969070552703101e+01
-1.404201553493486010e+01
-1.403158315132120393e+01
-1.408829641068448169e+01
-1.409725431180639532e+01
-1.404368411472650457e+01
-1.407077986289309912e+01
-1.407733817414634281e+01
-1.408463498722116647e+01
-1.414476161219843320e+01
-1.418228637571154493e+01
-1.417592629123834591e+01
-1.410797965935891440e+01
-1.411710007631045372e+01
-1.410526801517095663e+01
-1.409880069698882288e+01
-1.403929390444425351e+01
-1.404800102842996878e+01
-1.407880666481047705e+01
-1.410310515227909178e+01
-1.410987086801248935e+01
-1.409484280297602332e+01
-1.409377625959068858e+01
-1.412041196551566458e+01
-1.413935011249516549e+01
-1.414847022831746415e+01
-1.415879180193521236e+01
-1.413185243853689421e+01
-1.408346588314799419e+01
-1.414608948687088308e+01
-1.410731177432675310e+01
-1.406965354116118938e+01
-1.410144306723210583e+01
-1.408218816281070218e+01
-1.408520076544324517e+01
-1.409664402329684307e+01
-1.410733692843079012e+01
-1.409948221098300536e+01
-1.416271410220215898e+01
-1.418643507698287998e+01
-1.418683636610664500e+01
-1.415510114695434929e+01
-1.419111685920673516e+01
-1.413194084051936805e+01
-1.409439600962310557e+01
