# 2*np.log[MAD(r)] for 100 flights; 1000 steps per flight; run 25 of 50; mu: 2.50; seed: 24
-2.450632497467472959e+01
-2.275234774461075560e+01
-2.236572003611739134e+01
-2.166735285772710640e+01
-2.130267604574578044e+01
-2.101977572787983561e+01
-2.080270123554087647e+01
-2.105587322435534503e+01
-2.070649980040211702e+01
-2.067452059550862842e+01
-2.022578737063676968e+01
-2.000679009460430890e+01
-1.989540483799897785e+01
-1.986479337996465944e+01
-1.963922575300993500e+01
-1.935634583471412284e+01
-1.926605063337202850e+01
-1.921092582628666534e+01
-1.910617715819354245e+01
-1.914872976772473123e+01
-1.909135486815698712e+01
-1.875658790784988383e+01
-1.886525500155040902e+01
-1.878591926800973866e+01
-1.866690924430618281e+01
-1.859827212689742737e+01
-1.846914831084771436e+01
-1.837429824139823609e+01
-1.844043090929220696e+01
-1.851451937612953813e+01
-1.839435570828472422e+01
-1.845454575330795066e+01
-1.840959277866748423e+01
-1.842165521963994479e+01
-1.818048932484663993e+01
-1.834075270990377859e+01
-1.836519584972566932e+01
-1.817918833702006154e+01
-1.815696888270714027e+01
-1.791422404350088016e+01
-1.781771500239304373e+01
-1.771697776292751669e+01
-1.784596696504967994e+01
-1.770087660766910531e+01
-1.753043558335191676e+01
-1.755492142245360299e+01
-1.755095241565780029e+01
-1.762834184293438256e+01
-1.758833495788804768e+01
-1.755034329213395594e+01
-1.768364613250900064e+01
-1.752795066856687001e+01
-1.751847717616869105e+01
-1.754140022158152235e+01
-1.760236039700202682e+01
-1.741197653167679604e+01
-1.743372075915992880e+01
-1.737433872707034155e+01
-1.720236167825761342e+01
-1.737061053375412456e+01
-1.716840856772296320e+01
-1.716091389699683134e+01
-1.729486001902679249e+01
-1.724804091658979743e+01
-1.703331152306323659e+01
-1.708397116397833315e+01
-1.711084769586789633e+01
-1.701398571189848496e+01
-1.693862250929852564e+01
-1.692108069024292405e+01
-1.689099059991522367e+01
-1.696468749820007815e+01
-1.698034111550444791e+01
-1.708766912061174992e+01
-1.704915651972038759e+01
-1.703087072074385944e+01
-1.716391616756710548e+01
-1.729040546752548835e+01
-1.722243982685655084e+01
-1.721746337795025283e+01
-1.709505482502376950e+01
-1.698856928336938310e+01
-1.705359317270396247e+01
-1.703642347262282897e+01
-1.716482411261682373e+01
-1.721211349765150089e+01
-1.701535088651327143e+01
-1.711114086003610169e+01
-1.714197344098706566e+01
-1.702086243485310035e+01
-1.708887510067114945e+01
-1.708437816886876703e+01
-1.702905961701368653e+01
-1.697264471067305180e+01
-1.716637431422012838e+01
-1.691508742736803228e+01
-1.735516671552331758e+01
-1.728813200776831138e+01
-1.708227271868573283e+01
-1.717069291930624075e+01
-1.712770992001922821e+01
-1.701591598023864904e+01
-1.703274714356124520e+01
-1.688317307156361480e+01
-1.699325851017582778e+01
-1.694983961237707959e+01
-1.676455857837367347e+01
-1.681639043251953325e+01
-1.675099192737043552e+01
-1.704120609122530539e+01
-1.687742345770132602e+01
-1.682263912092527391e+01
-1.656219213814323510e+01
-1.674508174922328507e+01
-1.664875407273193986e+01
-1.658073866788827999e+01
-1.650441509828328890e+01
-1.655646004462746745e+01
-1.654583577977333064e+01
-1.654284321439710581e+01
-1.656195448251196822e+01
-1.673175694844131201e+01
-1.655115605193730843e+01
-1.641083619907885094e+01
-1.642640892823924759e+01
-1.643476307865021724e+01
-1.640780237178620737e+01
-1.643902091505415797e+01
-1.649061459466860313e+01
-1.635585453665751743e+01
-1.639380103416640111e+01
-1.646394738491404652e+01
-1.638862001627918374e+01
-1.639497656441006512e+01
-1.639319748332857429e+01
-1.625811191647724030e+01
-1.624041514569686129e+01
-1.621690994362177207e+01
-1.632227796261479469e+01
-1.633003970105561464e+01
-1.622727676644955253e+01
-1.629287964995071292e+01
-1.617821898458257479e+01
-1.619649110239473799e+01
-1.619061165588300000e+01
-1.618678990944146534e+01
-1.617983389424320606e+01
-1.608445912582825343e+01
-1.608118614294298609e+01
-1.609870584487507017e+01
-1.609523305968042095e+01
-1.601681676293182832e+01
-1.611770747429716977e+01
-1.619838080888163034e+01
-1.615339717494446603e+01
-1.606884313870882508e+01
-1.600473036371173308e+01
-1.604808654924826072e+01
-1.597271223189748746e+01
-1.593680438118940579e+01
-1.592887280064980970e+01
-1.591279420452294069e+01
-1.600677342917339985e+01
-1.601231188277983719e+01
-1.599850908763124835e+01
-1.614307486254317325e+01
-1.599777598144069835e+01
-1.600291389808934284e+01
-1.607729486698199395e+01
-1.610978007891320729e+01
-1.612765550094147571e+01
-1.619015923207566132e+01
-1.610866869539636781e+01
-1.611146625960200041e+01
-1.608041881109506832e+01
-1.604717337394335530e+01
-1.613973714191162756e+01
-1.613871656778166042e+01
-1.613074508917468464e+01
-1.612841046282215629e+01
-1.620750302192141135e+01
-1.611777665572359197e+01
-1.617519149273673662e+01
-1.607665301439956806e+01
-1.606880492381324643e+01
-1.590722744161142188e+01
-1.619827695099833775e+01
-1.612520315395827808e+01
-1.603538740813513641e+01
-1.586633451802176964e+01
-1.596956051163977364e+01
-1.593394701885456932e+01
-1.587312959425684511e+01
-1.594431960919660796e+01
-1.595688407994631675e+01
-1.598946199945354607e+01
-1.596578338892613402e+01
-1.583578164192153537e+01
-1.585546801291979513e+01
-1.595480657210232778e+01
-1.595191178652744135e+01
-1.597033241655019076e+01
-1.590446486953502081e+01
-1.594582531224763500e+01
-1.595455783341108891e+01
-1.588465113457057498e+01
-1.587486781284057002e+01
-1.586498852688854377e+01
-1.592646599356258363e+01
-1.595368152850334731e+01
-1.598546202593697174e+01
-1.588854001308014396e+01
-1.586551034497437485e+01
-1.583891690396503016e+01
-1.607147776487762769e+01
-1.609764631058065376e+01
-1.616776971520069139e+01
-1.628677831778045615e+01
-1.623762586010690967e+01
-1.622909746162066469e+01
-1.613840100283090706e+01
-1.604011498254072166e+01
-1.604452350878615974e+01
-1.607331747352904827e+01
-1.602047373399025076e+01
-1.603389656915251393e+01
-1.603514738301836928e+01
-1.599179252743243751e+01
-1.606324200590143647e+01
-1.605308861051481273e+01
-1.608589132028953017e+01
-1.606379357563284316e+01
-1.597517448575648480e+01
-1.596910522103740071e+01
-1.593156541785411129e+01
-1.576342624565720918e+01
-1.578856372959313425e+01
-1.583115483391477696e+01
-1.577828113945870570e+01
-1.574960976787769873e+01
-1.574089325984223109e+01
-1.580353096589036888e+01
-1.577274569731703835e+01
-1.578467909320102081e+01
-1.583226209044605959e+01
-1.592863999347020076e+01
-1.598560389792032232e+01
-1.584074658819412740e+01
-1.585062437883633990e+01
-1.585995981201449645e+01
-1.577604409711270250e+01
-1.576199629365777533e+01
-1.583576445546281874e+01
-1.592165306895774535e+01
-1.584869560235304853e+01
-1.587604225316721696e+01
-1.581578524209281511e+01
-1.569659811985441600e+01
-1.564060046864624276e+01
-1.573767121142638281e+01
-1.569722129625007767e+01
-1.568307656370977199e+01
-1.583716037686630251e+01
-1.579189592647763796e+01
-1.582214529195000097e+01
-1.583706778807737692e+01
-1.584696134874106654e+01
-1.578448719190727267e+01
-1.579617260556459968e+01
-1.573079783046106783e+01
-1.590752524854169536e+01
-1.581261255777737063e+01
-1.582349035176764573e+01
-1.587583892154034437e+01
-1.587179769245435601e+01
-1.589243079815429738e+01
-1.592897905573712691e+01
-1.594166350438953117e+01
-1.590023414660192458e+01
-1.580095466608328181e+01
-1.582588708444713355e+01
-1.574722720760142458e+01
-1.575528658796928561e+01
-1.576758689429720839e+01
-1.581771011709785313e+01
-1.584416187219943595e+01
-1.593170263342153881e+01
-1.587746723228096712e+01
-1.581247694672873116e+01
-1.572700391611471105e+01
-1.571724981422432421e+01
-1.569792356332572680e+01
-1.565372914060776566e+01
-1.574567344920517797e+01
-1.573827581915271878e+01
-1.581852930830509152e+01
-1.564933315001284875e+01
-1.565161860230213087e+01
-1.562723984879701966e+01
-1.558949246738955452e+01
-1.562127107651573965e+01
-1.559424064572124280e+01
-1.560147950773556680e+01
-1.570341145329219046e+01
-1.565011874927346724e+01
-1.564582125242414889e+01
-1.551039709129639022e+01
-1.552873326574621338e+01
-1.558227945507621826e+01
-1.551192677453244606e+01
-1.533282236292383693e+01
-1.544943850783702111e+01
-1.548551561807545696e+01
-1.545852439538718670e+01
-1.548981683044694790e+01
-1.547853010973111409e+01
-1.555190345458298751e+01
-1.552313290648960908e+01
-1.542936998843213559e+01
-1.548690012196346188e+01
-1.540585458333104008e+01
-1.539238824406741379e+01
-1.538385606582120424e+01
-1.534904119360559527e+01
-1.527033054354760999e+01
-1.528503353977419010e+01
-1.535319719267118543e+01
-1.531390362862911481e+01
-1.528148009748013436e+01
-1.533892899011390831e+01
-1.533437766020515625e+01
-1.546506774826706909e+01
-1.546978509579870931e+01
-1.549219899507162701e+01
-1.555291803559294550e+01
-1.553495275546588594e+01
-1.549757941678251072e+01
-1.552951872038760861e+01
-1.549592633914065765e+01
-1.543350529097728696e+01
-1.549154082335278915e+01
-1.550437829494855890e+01
-1.552338760390557404e+01
-1.555553895506994344e+01
-1.543140271750405290e+01
-1.541275347437219523e+01
-1.539380443933381493e+01
-1.544451235332368633e+01
-1.548800264438644270e+01
-1.546955924441970254e+01
-1.560276808704955975e+01
-1.560538140117740014e+01
-1.554959250945899285e+01
-1.548216328401294639e+01
-1.550150633144624379e+01
-1.546858466556454204e+01
-1.544467189315582623e+01
-1.546656033123079155e+01
-1.544539731658202264e+01
-1.547708745496594673e+01
-1.543556554232181988e+01
-1.541883948491806500e+01
-1.538291862573090363e+01
-1.541824565885504583e+01
-1.534010264753993447e+01
-1.542570840443507052e+01
-1.547030807408589581e+01
-1.539917411007973236e+01
-1.546243961541274992e+01
-1.547559086719798138e+01
-1.546666633854200690e+01
-1.547571145170847551e+01
-1.553123057567373877e+01
-1.572591216619066579e+01
-1.560036695346907365e+01
-1.554547506814698110e+01
-1.558493705300963406e+01
-1.560584982752251193e+01
-1.559784111048086075e+01
-1.557304247876355419e+01
-1.560022937928623676e+01
-1.558117963587220167e+01
-1.565835786759896386e+01
-1.570573589413936233e+01
-1.561001102298191334e+01
-1.550668340116761357e+01
-1.553467488741151392e+01
-1.550946909817302632e+01
-1.549331368440474854e+01
-1.553114262994846762e+01
-1.553171376111973423e+01
-1.548577804741995401e+01
-1.552635747411588518e+01
-1.559147262058398198e+01
-1.558716708943475915e+01
-1.550646648977295428e+01
-1.549946624636669412e+01
-1.551111193260261167e+01
-1.553058566354130932e+01
-1.554115934465056270e+01
-1.551279835815329022e+01
-1.556551589674064040e+01
-1.553228533613922124e+01
-1.563464390644618263e+01
-1.565934153901161707e+01
-1.562655804471561893e+01
-1.564242097174488144e+01
-1.552208647878149428e+01
-1.546384425115497407e+01
-1.550070487402338593e+01
-1.554972289490717507e+01
-1.552402243013872152e+01
-1.534675661855740181e+01
-1.533028947592818447e+01
-1.523833682079753515e+01
-1.525530864078542947e+01
-1.518409154060755384e+01
-1.520388881648939439e+01
-1.515920560066148326e+01
-1.521595143505415137e+01
-1.517237584055769695e+01
-1.520192419178297527e+01
-1.522588985676436835e+01
-1.518922447266542086e+01
-1.526975419616542418e+01
-1.529101238200301616e+01
-1.534530819490361431e+01
-1.536131551029263953e+01
-1.526441661948172346e+01
-1.530630983028906478e+01
-1.525646395354149121e+01
-1.531066878693473043e+01
-1.530962250022186311e+01
-1.527284769570466416e+01
-1.527071661018938720e+01
-1.523354767135614729e+01
-1.522194021605400849e+01
-1.527799594112160264e+01
-1.528680735418008574e+01
-1.525860085940236566e+01
-1.529390261925807515e+01
-1.525820996200697444e+01
-1.520181241408054085e+01
-1.516994913395330080e+01
-1.518126789201999038e+01
-1.515191626869834352e+01
-1.518074343581339747e+01
-1.518934916259493484e+01
-1.519778599024594357e+01
-1.516687562459783045e+01
-1.522918706737624817e+01
-1.518939376741219682e+01
-1.524288430101033676e+01
-1.524861809396748846e+01
-1.526823781109491662e+01
-1.530009270123038156e+01
-1.527774991630979429e+01
-1.533703008059763206e+01
-1.538609680396726809e+01
-1.541218738269197885e+01
-1.541452693966148857e+01
-1.536578499863527902e+01
-1.542751033187390775e+01
-1.535530506040130305e+01
-1.538587983755946631e+01
-1.540701658587280676e+01
-1.540372022470146618e+01
-1.531529466988148158e+01
-1.533236378132162869e+01
-1.531007618345891075e+01
-1.518532751527482816e+01
-1.518375906790688035e+01
-1.517605387747669710e+01
-1.515208675662473325e+01
-1.518386426803083999e+01
-1.522496856375725471e+01
-1.519749780918333748e+01
-1.522310918684038050e+01
-1.517446303016734177e+01
-1.519214817689945107e+01
-1.516681273893022031e+01
-1.515141665007634408e+01
-1.532151013975625986e+01
-1.531849255192435599e+01
-1.519883160835833280e+01
-1.519082358536867083e+01
-1.515986315047103083e+01
-1.518310945220276587e+01
-1.519514020645012664e+01
-1.516297639250048057e+01
-1.515207047229131199e+01
-1.516434069126381523e+01
-1.512854396302935100e+01
-1.510866333604130851e+01
-1.500906259441903678e+01
-1.504667896104647973e+01
-1.492916365482803087e+01
-1.495257693030035284e+01
-1.497344543762763003e+01
-1.506066627764208121e+01
-1.501631883744954266e+01
-1.503364992365918695e+01
-1.502630721079571430e+01
-1.510672017035065373e+01
-1.507534641653202101e+01
-1.502375730917762375e+01
-1.504297365793800623e+01
-1.502002048711342219e+01
-1.509682219942336623e+01
-1.503764227934540543e+01
-1.500475257835750575e+01
-1.491198482228163158e+01
-1.489364236074514558e+01
-1.491649158627409122e+01
-1.487778184436248630e+01
-1.485081648037913382e+01
-1.477521101054156638e+01
-1.483383070715844632e+01
-1.481136516215670973e+01
-1.481415320562670068e+01
-1.478070774710466750e+01
-1.478183508052984507e+01
-1.480330616012049205e+01
-1.478701720684487775e+01
-1.478440744970354181e+01
-1.483320002160401962e+01
-1.486180903619637839e+01
-1.486049269475019585e+01
-1.470971008726787410e+01
-1.473854757319117859e+01
-1.467809632911871631e+01
-1.461442378700863998e+01
-1.462628591715052018e+01
-1.468097987092544265e+01
-1.472019923753068582e+01
-1.470473743084832208e+01
-1.470014687566953349e+01
-1.464481492752987002e+01
-1.465997722028521011e+01
-1.465690924507281956e+01
-1.465885647711246875e+01
-1.459407642170340758e+01
-1.461513513094642391e+01
-1.453698901080930384e+01
-1.456049960956270972e+01
-1.456223417730100245e+01
-1.453089054863243135e+01
-1.457662463651742613e+01
-1.458934575058625605e+01
-1.448092792657985584e+01
-1.456013357060562718e+01
-1.451912213132132301e+01
-1.447022101588477483e+01
-1.446360186958587768e+01
-1.446567611499768091e+01
-1.459219334954334535e+01
-1.458274324726408722e+01
-1.454216891226825581e+01
-1.450474484511783047e+01
-1.466241106311124831e+01
-1.464350733056315157e+01
-1.463452294866241132e+01
-1.457202317069647002e+01
-1.456027118129909148e+01
-1.455056816485144822e+01
-1.459463506630257257e+01
-1.454940235321376107e+01
-1.449310726045731101e+01
-1.449386380122718521e+01
-1.450761591345795942e+01
-1.451635982786687684e+01
-1.444484575946763982e+01
-1.444227530532700676e+01
-1.446233224141705875e+01
-1.435181465861110794e+01
-1.433092190607107241e+01
-1.435044435404318008e+01
-1.436438910768529631e+01
-1.430807552590753495e+01
-1.437075282344771843e+01
-1.440725972070851135e+01
-1.439479479818298024e+01
-1.440503303608618779e+01
-1.440706921805149143e+01
-1.444411276089260632e+01
-1.440481558932956752e+01
-1.439690306496484418e+01
-1.444495642307158079e+01
-1.444172063042487331e+01
-1.450814120515531869e+01
-1.426778942519886506e+01
-1.427380623422161321e+01
-1.429093831265071479e+01
-1.427965625991003051e+01
-1.429793508605551189e+01
-1.431732350967752154e+01
-1.435311213234817984e+01
-1.436401615660632913e+01
-1.438045658510159974e+01
-1.433975462281745195e+01
-1.436148548586868579e+01
-1.429744633387341146e+01
-1.429483488262863844e+01
-1.435856279262111279e+01
-1.435648675266792118e+01
-1.441341982447996806e+01
-1.445347623624646261e+01
-1.445678487374203769e+01
-1.446854370332486717e+01
-1.449793549365601208e+01
-1.451231613107021801e+01
-1.448052805629545503e+01
-1.446109347679912815e+01
-1.448032887183505935e+01
-1.451028756012275167e+01
-1.454140912988165368e+01
-1.457835180507685457e+01
-1.459153140505379120e+01
-1.466919259784276797e+01
-1.457805681124234276e+01
-1.456215873246031300e+01
-1.459218515186578635e+01
-1.453798850844324875e+01
-1.450688526497129160e+01
-1.449472257063486147e+01
-1.447770344755787519e+01
-1.433035629151991408e+01
-1.430451240002367008e+01
-1.434016079094202922e+01
-1.435227289346755342e+01
-1.433566141920680970e+01
-1.428679654738176907e+01
-1.426450573558909163e+01
-1.432450361031464858e+01
-1.431989969407641006e+01
-1.436159769066571279e+01
-1.438142659882504759e+01
-1.437809822102152602e+01
-1.425596430303360940e+01
-1.425654600359591839e+01
-1.429036807108060891e+01
-1.425414380820901172e+01
-1.428905100900385072e+01
-1.428638377352228694e+01
-1.428013108487675709e+01
-1.427314144029227094e+01
-1.424059137935299368e+01
-1.426583326616704284e+01
-1.425368050299984901e+01
-1.426658142831952425e+01
-1.428523963568015276e+01
-1.432502629605239974e+01
-1.435401816994424706e+01
-1.443368281732451130e+01
-1.446036912166648669e+01
-1.446509380854158167e+01
-1.442879273819543684e+01
-1.443649599825010377e+01
-1.447228991272727150e+01
-1.452528145103892498e+01
-1.452100075152492664e+01
-1.452639563844097736e+01
-1.455765767443190306e+01
-1.449802089070310451e+01
-1.454194039658790949e+01
-1.451820425778119272e+01
-1.457086230167126573e+01
-1.453799304224203226e+01
-1.459074333388082678e+01
-1.454003017870772041e+01
-1.449065309455751205e+01
-1.447659301696973344e+01
-1.460468708733499987e+01
-1.458952367850576337e+01
-1.460183437283278707e+01
-1.464454792290043272e+01
-1.461255239668376227e+01
-1.456193719169430523e+01
-1.444739737336809249e+01
-1.447694744810547007e+01
-1.451773229630703277e+01
-1.438587636168386474e+01
-1.441868065153246192e+01
-1.434148992429601499e+01
-1.437009370424869381e+01
-1.434976030185013407e+01
-1.434568811116226961e+01
-1.432702009526257925e+01
-1.427131596338937491e+01
-1.429471386422950019e+01
-1.429456520235047279e+01
-1.425336926921423775e+01
-1.428334731628434540e+01
-1.428837566213926991e+01
-1.436240939323476340e+01
-1.438641854611503845e+01
-1.440058386102848864e+01
-1.440071854341318414e+01
-1.438994404524901505e+01
-1.440821024533319594e+01
-1.442181201598213924e+01
-1.440722448394661370e+01
-1.437441887659344708e+01
-1.416911868852132095e+01
-1.414600841239209217e+01
-1.415137981365978526e+01
-1.415782438133087595e+01
-1.417712208968151089e+01
-1.421812984729428209e+01
-1.418497409435424572e+01
-1.419304111107850197e+01
-1.418974119407349122e+01
-1.423225264955437908e+01
-1.417342982400532136e+01
-1.415707366862317862e+01
-1.413680548868964415e+01
-1.414374561184176571e+01
-1.413380058048014121e+01
-1.410720148436280397e+01
-1.409539232160427247e+01
-1.411962688936909238e+01
-1.407134393137277684e+01
-1.408193206579153767e+01
-1.408863417376689320e+01
-1.409582485402382268e+01
-1.407145957580742035e+01
-1.406485021544880709e+01
-1.401532282792271644e+01
-1.397452727955182183e+01
-1.396288779292434334e+01
-1.395770569917626425e+01
-1.398435528657567417e+01
-1.398279191658703269e+01
-1.398117691556926268e+01
-1.395965409474514907e+01
-1.395465475446190595e+01
-1.395080832491990819e+01
-1.395955635325850785e+01
-1.396400271612122879e+01
-1.397910304516484814e+01
-1.401440863817390792e+01
-1.398404018091100021e+01
-1.397191767788567951e+01
-1.395148921364841321e+01
-1.399249184074683328e+01
-1.402578646828226638e+01
-1.398297645885079277e+01
-1.395558730439717188e+01
-1.396797735036472332e+01
-1.399585372679000272e+01
-1.399886204293684244e+01
-1.398146072945870344e+01
-1.396835799389000066e+01
-1.402269330003094794e+01
-1.399715183485740688e+01
-1.398677253990540414e+01
-1.398629857368025142e+01
-1.397533656781867784e+01
-1.396226921634503881e+01
-1.392386776379315450e+01
-1.391919367815574482e+01
-1.392985430171929906e+01
-1.393905500091617000e+01
-1.390784728504040757e+01
-1.391958403663164745e+01
-1.393755535324725159e+01
-1.391041742259671210e+01
-1.390346366057534055e+01
-1.390449710498266356e+01
-1.396241579442542857e+01
-1.394789463334351076e+01
-1.400825136976136598e+01
-1.399582989146134793e+01
-1.392975114863535602e+01
-1.399156521535275566e+01
-1.398465571848048405e+01
-1.396049044898670921e+01
-1.402353174682131431e+01
-1.400664079504983484e+01
-1.398082888912964172e+01
-1.401932805115649039e+01
-1.400899715193830986e+01
-1.398945528040523811e+01
-1.392490171416960365e+01
-1.391627157119999580e+01
-1.400829639212285294e+01
-1.402466591739402446e+01
-1.400756841168615274e+01
-1.399703907075960885e+01
-1.396561759737476827e+01
-1.399019102042839968e+01
-1.396083408408416204e+01
-1.397657226765922012e+01
-1.393109025507051157e+01
-1.392223906531579303e+01
-1.389321011618230806e+01
-1.390138796824073886e+01
-1.388817847129807781e+01
-1.394664763265272178e+01
-1.392158549444750726e+01
-1.389642860482778630e+01
-1.389738337262287793e+01
-1.396185752281985160e+01
-1.399091510907354419e+01
-1.401877800154729492e+01
-1.400709282390564248e+01
-1.406536069979154213e+01
-1.403418979134433542e+01
-1.404002317171738490e+01
-1.393494758048381321e+01
-1.393014166176127056e+01
-1.400453042204675747e+01
-1.400349091697747816e+01
-1.397817492475535950e+01
-1.405191533474893895e+01
-1.398734022681565747e+01
-1.401997069650211891e+01
-1.397069299991816571e+01
-1.398631059932466592e+01
-1.403530177039247029e+01
-1.400523635244215193e+01
-1.398701515160685815e+01
-1.401178456525734362e+01
-1.402782616780314484e+01
-1.402435168664748844e+01
-1.387541081381654706e+01
-1.388467164208344684e+01
-1.402134005723926080e+01
-1.404409060221581385e+01
-1.407705044708484898e+01
-1.407945809242569446e+01
-1.406401733819831712e+01
-1.414474708464291730e+01
-1.414053472325024963e+01
-1.413152995459270045e+01
-1.410090607326040768e+01
-1.406085972640118698e+01
-1.408954681991776070e+01
-1.408480624337964748e+01
-1.411406786759101983e+01
-1.410324313739845437e+01
-1.410741228369757927e+01
-1.404863548022327002e+01
-1.405234634594721399e+01
-1.407676563889941512e+01
-1.407239222660824574e+01
-1.411539996101715566e+01
-1.417051627203363751e+01
-1.416535408501508542e+01
-1.411958615262982164e+01
-1.411058173174568253e+01
-1.411378780941004152e+01
-1.411268102263522017e+01
-1.410228423790865726e+01
-1.404788021357762595e+01
-1.400221459074611730e+01
-1.401702089226022885e+01
-1.400387510496121912e+01
-1.411428533457172740e+01
-1.413491436053095995e+01
-1.410278631139759753e+01
-1.413363617297458497e+01
-1.399623038182146928e+01
-1.402183513728638609e+01
-1.399063013713631243e+01
-1.399163916433047739e+01
-1.416027145899770545e+01
-1.424684707748474644e+01
-1.425137181128152086e+01
-1.410711812441204493e+01
-1.409720785043364621e+01
-1.409827430649953151e+01
-1.408750213099808057e+01
-1.411003723271149468e+01
-1.407338506710456016e+01
-1.412975196923723153e+01
-1.411327399310343367e+01
-1.412502476675793872e+01
-1.406744454668387689e+01
-1.406604608565212366e+01
-1.405841111128302856e+01
-1.409210237043724590e+01
-1.404691424982834214e+01
-1.412497275396752272e+01
-1.417625823805339813e+01
-1.406994915717550398e+01
-1.409359530754851519e+01
-1.399061063393800985e+01
-1.414275485929441167e+01
-1.409344503687720618e+01
-1.413601718225445225e+01
-1.413966528709033099e+01
-1.410264981391254580e+01
-1.411361185200115109e+01
-1.402862569021302619e+01
-1.402865397753590848e+01
-1.402467702029699304e+01
-1.399985082026819505e+01
-1.400271297783237046e+01
-1.402272388269691206e+01
-1.401514655286186617e+01
-1.406020235179298616e+01
-1.397352793709350038e+01
-1.403212946831619412e+01
-1.401930941564356026e+01
-1.395468309320821199e+01
-1.395586910977582917e+01
-1.396670856523587290e+01
-1.401260168118387917e+01
-1.398209280714817382e+01
-1.388609379189685455e+01
-1.387888164281527459e+01
-1.388070866410348181e+01
-1.389166677993895505e+01
-1.385912613511903047e+01
-1.388106524902081951e+01
-1.387029229589478696e+01
-1.384831966889951360e+01
-1.384966144576279845e+01
-1.382536530001247854e+01
-1.379785667566351037e+01
-1.383519719421135719e+01
-1.383694714479808319e+01
-1.380286712151164963e+01
-1.382819973936320501e+01
-1.381115660203137807e+01
-1.389138042128272232e+01
-1.390774031958312307e+01
-1.393072740577531299e+01
-1.393045263093912745e+01
-1.398160790972082346e+01
-1.396332503076427045e+01
-1.393802046611092749e+01
-1.391579984385292867e+01
-1.398324583159415191e+01
-1.398870604058364364e+01
-1.406228674502071385e+01
-1.413597138223432914e+01
-1.410327403610696351e+01
-1.409509749230026898e+01
-1.410801602283152967e+01
-1.412952382517658023e+01
-1.416693429152396000e+01
-1.414339314846197659e+01
-1.415677335991723851e+01
-1.414110966050343521e+01
-1.412775703532764027e+01
-1.411713862664815977e+01
-1.412962445682247115e+01
-1.408815096381690246e+01
-1.413465127627663875e+01
-1.423434277582725471e+01
-1.420068943730933064e+01
-1.420244465622650054e+01
-1.422504849869011245e+01
-1.419263839672342442e+01
-1.416439902796881256e+01
-1.418613193646238990e+01
-1.413372914064806629e+01
-1.415800758210679788e+01
-1.418501185104115692e+01
-1.420045983953065161e+01
-1.423912259743823405e+01
-1.419482438793343348e+01
-1.422818051389742244e+01
-1.419810425781984442e+01
-1.421136675373246838e+01
-1.417739382188610264e+01
-1.415996903735918977e+01
-1.419938432869578016e+01
-1.415264634364471341e+01
-1.411757929017129953e+01
-1.412814085359938865e+01
-1.411448255494938309e+01
-1.409791131711747347e+01
-1.412306201172747500e+01
-1.416904458443560877e+01
-1.422610321410426870e+01
-1.423262794077311888e+01
-1.420753425002128623e+01
-1.421548977712098782e+01
-1.420873506900058381e+01
-1.417309788342113563e+01
-1.418015928404080839e+01
-1.418102390525245760e+01
-1.413774312542559564e+01
-1.413315170094391071e+01
-1.411931218860651427e+01
-1.414244945410705867e+01
-1.417231707458637047e+01
-1.417172668394216117e+01
-1.425298560586109886e+01
-1.422217089680820123e+01
-1.423516051535729510e+01
-1.415283433111282640e+01
-1.423942775649079628e+01
-1.418701809019461457e+01
-1.422734240490329150e+01
-1.423814162119630566e+01
-1.407055968112115885e+01
