# 2*np.log[MAD(r)] for 100 flights; 1000 steps per flight; run 29 of 50; mu: 2.50; seed: 28
-2.485673367440088555e+01
-2.273945497622291256e+01
-2.221724806344017011e+01
-2.191595893388469918e+01
-2.147747467136791144e+01
-2.095376076639671226e+01
-2.059141212837655033e+01
-2.046349714978736856e+01
-2.053942776334092812e+01
-2.057882339744605815e+01
-2.009216957844104101e+01
-2.001811852142082770e+01
-1.964071453072117635e+01
-1.964151885807068965e+01
-1.933115862893746240e+01
-1.916157763733697195e+01
-1.921506385086596680e+01
-1.932866210241470384e+01
-1.925919163496787334e+01
-1.932458283172620384e+01
-1.900571881518731132e+01
-1.911988469619533504e+01
-1.904167612352611627e+01
-1.884009142258181058e+01
-1.886661615093057520e+01
-1.884569533857178669e+01
-1.872924045964761675e+01
-1.853195975710801946e+01
-1.870815942709906921e+01
-1.841181894494105720e+01
-1.828415270734427267e+01
-1.832968289429889097e+01
-1.832672984186833176e+01
-1.797468235786477564e+01
-1.808259775356432186e+01
-1.795481527618795070e+01
-1.785226622577114952e+01
-1.790342372287348383e+01
-1.789281694244982646e+01
-1.777102633711843893e+01
-1.751459778358611175e+01
-1.746885889578722484e+01
-1.747780359696729136e+01
-1.746930491233558058e+01
-1.752272261144432619e+01
-1.768312732172186230e+01
-1.751428280705451002e+01
-1.751188947747771252e+01
-1.750452005049294257e+01
-1.752003846990037417e+01
-1.750184745278874843e+01
-1.739637499962805833e+01
-1.762329000182613470e+01
-1.747909303730425634e+01
-1.759063086286923649e+01
-1.764459065752550515e+01
-1.763069896041039186e+01
-1.757896331476683116e+01
-1.749906325977200439e+01
-1.755850823694439455e+01
-1.750923513540063681e+01
-1.752055506826332731e+01
-1.746804737519020634e+01
-1.751824211410831822e+01
-1.761247779572733663e+01
-1.748145767039086351e+01
-1.732118290024056861e+01
-1.724074303201494018e+01
-1.723560142085342406e+01
-1.730874763957601914e+01
-1.722322069754247309e+01
-1.731122385627272919e+01
-1.739476009122952505e+01
-1.728773369724585507e+01
-1.733423169981026035e+01
-1.727668713094691810e+01
-1.735050168452948682e+01
-1.725461306490114310e+01
-1.715090454100288753e+01
-1.725154225820114462e+01
-1.713048139297547934e+01
-1.716973377660325184e+01
-1.719840654824486847e+01
-1.731394003591965003e+01
-1.727162290287360946e+01
-1.722767394239095751e+01
-1.703276004656870768e+01
-1.708312691290646868e+01
-1.708074809041853115e+01
-1.711695446000889120e+01
-1.700438288088583860e+01
-1.687196339348999885e+01
-1.677329452748465144e+01
-1.675075775146379087e+01
-1.672990534435490062e+01
-1.670584159485399667e+01
-1.682840403985940370e+01
-1.681594852242375282e+01
-1.667958858667819300e+01
-1.663692717061401538e+01
-1.661034934822147235e+01
-1.664390406848178472e+01
-1.658121568414497560e+01
-1.659652993849510949e+01
-1.653716494055830211e+01
-1.649335391765001191e+01
-1.641795313050850780e+01
-1.639451967533705101e+01
-1.646021711199232840e+01
-1.649999886726937603e+01
-1.649972264695351498e+01
-1.641026843088256015e+01
-1.636628771265021243e+01
-1.641837930385669608e+01
-1.642344316337035437e+01
-1.640454431866856666e+01
-1.631044295711726022e+01
-1.614585699597665425e+01
-1.617939219346840929e+01
-1.617381295938074004e+01
-1.620390427365947872e+01
-1.619945941907511155e+01
-1.607116876522563942e+01
-1.601713931740776786e+01
-1.610687975558832363e+01
-1.610156459653538263e+01
-1.602180765899196047e+01
-1.600112384224799200e+01
-1.617858927715359485e+01
-1.610934460338461705e+01
-1.614061228360100486e+01
-1.607284595831249163e+01
-1.613624206870770195e+01
-1.617496027501298173e+01
-1.611142144007953902e+01
-1.612580192873458884e+01
-1.616686560833253239e+01
-1.615302338918138858e+01
-1.610530517482533241e+01
-1.617925552271464440e+01
-1.620450961765069664e+01
-1.623198214860394373e+01
-1.619713094204827897e+01
-1.618688486505273616e+01
-1.609286657350266481e+01
-1.609318067503195593e+01
-1.616196063447550202e+01
-1.604139203405288683e+01
-1.606380124557776412e+01
-1.612290038903070766e+01
-1.612905139260696075e+01
-1.621765071772150435e+01
-1.628769839353829596e+01
-1.625134700914003716e+01
-1.623701767229033877e+01
-1.610201431361850766e+01
-1.608928114441327395e+01
-1.608115401520544907e+01
-1.605494588893135344e+01
-1.601703500863454366e+01
-1.597894310309568588e+01
-1.616985917749064683e+01
-1.617558482801856812e+01
-1.618017862570204102e+01
-1.617763155142776910e+01
-1.619870508404112996e+01
-1.624487583806542546e+01
-1.631794180152513718e+01
-1.626857317923268553e+01
-1.621351440758130025e+01
-1.630930269606881566e+01
-1.631669902650744675e+01
-1.624170250554108819e+01
-1.618961282054812401e+01
-1.627296023335458131e+01
-1.644310319129969855e+01
-1.642872817160666443e+01
-1.630500738253701343e+01
-1.630989187508969707e+01
-1.629746614313180686e+01
-1.621711860122012183e+01
-1.626083388345364256e+01
-1.626396188733271586e+01
-1.622588556880393895e+01
-1.628533205943726259e+01
-1.622895608621597319e+01
-1.614768533227704594e+01
-1.613100179265991585e+01
-1.613711791905945958e+01
-1.617036872565567762e+01
-1.635942859253962922e+01
-1.639952057601946578e+01
-1.638212587131891596e+01
-1.646595311750003532e+01
-1.642701018129691093e+01
-1.635912019040496190e+01
-1.612502822671516967e+01
-1.611681699143025170e+01
-1.614425195131590485e+01
-1.618283384597263819e+01
-1.612342983796744988e+01
-1.619391629589461346e+01
-1.623457509378328467e+01
-1.622674959161855313e+01
-1.627616439560414463e+01
-1.621222286035316174e+01
-1.624251923353958915e+01
-1.626535530204796132e+01
-1.640259327220816488e+01
-1.637279573400060073e+01
-1.646301728865746128e+01
-1.632056309562502250e+01
-1.633464169475694305e+01
-1.644625307402655778e+01
-1.649280949839673127e+01
-1.659190247572189492e+01
-1.652411276223333303e+01
-1.644160275139801897e+01
-1.645436032059651765e+01
-1.644019858835964953e+01
-1.636463016549254590e+01
-1.631185778221957250e+01
-1.629051071488822799e+01
-1.628977763067781481e+01
-1.640302881575960114e+01
-1.613160978429601755e+01
-1.616914284219841491e+01
-1.616261876172268330e+01
-1.615652427141087344e+01
-1.618120521806231693e+01
-1.619334879137201000e+01
-1.623764848930429139e+01
-1.620729749425037980e+01
-1.618794035223152861e+01
-1.622928158356570094e+01
-1.626279753576545772e+01
-1.626993336395172562e+01
-1.623551340224457817e+01
-1.616372117987256729e+01
-1.602030131400351465e+01
-1.600976251424347652e+01
-1.604090103382001686e+01
-1.601930732710250282e+01
-1.606909076793068536e+01
-1.603228448577065635e+01
-1.603653801717594973e+01
-1.598445580247184417e+01
-1.593238252183585502e+01
-1.601198393645132967e+01
-1.588800372919231130e+01
-1.583294199973020611e+01
-1.590638552134534400e+01
-1.592134588448223909e+01
-1.602935000442484181e+01
-1.603961393282954973e+01
-1.599542852125770942e+01
-1.590502767617551250e+01
-1.607647927320984849e+01
-1.595025586540360152e+01
-1.585602785760903899e+01
-1.568124107730093364e+01
-1.566392008258580759e+01
-1.571737938595603090e+01
-1.585077815652732447e+01
-1.580380064118195094e+01
-1.581263155770707840e+01
-1.573683510367808225e+01
-1.575554780145647094e+01
-1.586022450481724455e+01
-1.576161256449923442e+01
-1.582652010749076865e+01
-1.578931638876118981e+01
-1.579838709689041742e+01
-1.574954509665654712e+01
-1.578970980441442684e+01
-1.576916917850124200e+01
-1.588980632187341158e+01
-1.592928853558135671e+01
-1.579964338897531739e+01
-1.567217156911965148e+01
-1.581634159689136432e+01
-1.565655683035509860e+01
-1.567164283968354610e+01
-1.576187432115829523e+01
-1.572569421976093196e+01
-1.573543476706917410e+01
-1.572498997595359960e+01
-1.573266566345360218e+01
-1.575291210831253075e+01
-1.576270405280817144e+01
-1.570163114534780568e+01
-1.568422778937690154e+01
-1.567441562184480652e+01
-1.557841894372370284e+01
-1.540248898023086177e+01
-1.545813159324080743e+01
-1.560819508058126459e+01
-1.556460698935881126e+01
-1.557402025056742190e+01
-1.563271104712787540e+01
-1.564396838670690215e+01
-1.567511470123560535e+01
-1.548441047167883156e+01
-1.563117489899317469e+01
-1.546994131603713818e+01
-1.544377314869545614e+01
-1.551581781734521392e+01
-1.550319762996464235e+01
-1.551044926694166648e+01
-1.556338745186071826e+01
-1.549120661563290824e+01
-1.554474935446102890e+01
-1.544659688604490988e+01
-1.553309442830060227e+01
-1.553086038726423013e+01
-1.551789068096284474e+01
-1.555619567069789966e+01
-1.563668788901686568e+01
-1.570233013288986257e+01
-1.567725061469593761e+01
-1.563822121899742790e+01
-1.560123875151790607e+01
-1.553671650728045428e+01
-1.549718155266172737e+01
-1.554501556112591309e+01
-1.556745618905126349e+01
-1.552478552226588349e+01
-1.561675674192972174e+01
-1.568012667488681267e+01
-1.560819306496174264e+01
-1.559456990993356662e+01
-1.566937491005957028e+01
-1.563840228930601484e+01
-1.563202851185667441e+01
-1.556822771809909689e+01
-1.555555278209158487e+01
-1.549552956579206509e+01
-1.549909521797017398e+01
-1.556196131750273537e+01
-1.550198181428073951e+01
-1.550673743749915801e+01
-1.558922469632538998e+01
-1.554937679091072944e+01
-1.553768503318661054e+01
-1.572153946215280307e+01
-1.577726290603043680e+01
-1.569510491167006982e+01
-1.560726310048096899e+01
-1.564403942472249298e+01
-1.557981548427606455e+01
-1.551625131960544657e+01
-1.559730730306938717e+01
-1.562421008433837066e+01
-1.565676710700878971e+01
-1.573741407857180974e+01
-1.572893164589878801e+01
-1.566086183053332803e+01
-1.564657560986556639e+01
-1.563430933469103223e+01
-1.563240276392136963e+01
-1.554292827657237197e+01
-1.559123863779722718e+01
-1.559211094107769746e+01
-1.565184133151209167e+01
-1.558114215756604004e+01
-1.551072450578805295e+01
-1.548356619943674239e+01
-1.542286083594295931e+01
-1.547622217400477673e+01
-1.549361331241073003e+01
-1.551593218685886200e+01
-1.552939757374573126e+01
-1.549760551188206925e+01
-1.548955442071082089e+01
-1.544466206263497199e+01
-1.539743125483760622e+01
-1.537619285379670409e+01
-1.528601509991180585e+01
-1.523039339609976750e+01
-1.529306412681060579e+01
-1.525160910359671185e+01
-1.526446706832770417e+01
-1.526758561536542125e+01
-1.530578476762234885e+01
-1.531321490510917194e+01
-1.535128245479638132e+01
-1.528074961586343861e+01
-1.529538199381195618e+01
-1.535235575845113232e+01
-1.536819874590773694e+01
-1.524409786070715533e+01
-1.507672857791930277e+01
-1.512367947007568603e+01
-1.509916608089835677e+01
-1.505620039263712862e+01
-1.504071553008872009e+01
-1.495610886840561449e+01
-1.506476367375686820e+01
-1.528665607285385697e+01
-1.539788752942257588e+01
-1.544433026807520548e+01
-1.520527797815292459e+01
-1.536999521595698326e+01
-1.528673754092632464e+01
-1.535770471498170942e+01
-1.532640947812026333e+01
-1.528250558284728911e+01
-1.523965587218261852e+01
-1.529065372097710807e+01
-1.527886442155517521e+01
-1.514284402220209280e+01
-1.505121085784204560e+01
-1.502236657682880150e+01
-1.498417862327708150e+01
-1.502537883902646776e+01
-1.505403958497768180e+01
-1.514427678939474653e+01
-1.505662769590733419e+01
-1.496857646664342489e+01
-1.487425994961648712e+01
-1.495274619393471660e+01
-1.487854909897179390e+01
-1.493610238383764610e+01
-1.498456836203372511e+01
-1.488739795118587317e+01
-1.492761575130667495e+01
-1.490835169145961459e+01
-1.486532246143383951e+01
-1.488333510491954215e+01
-1.487797602828203480e+01
-1.497894608035529096e+01
-1.500079228721430979e+01
-1.499369753536480587e+01
-1.493354414599068569e+01
-1.483885850930664851e+01
-1.491016426942274009e+01
-1.479430713659062135e+01
-1.483281473038065634e+01
-1.485299993727859480e+01
-1.475225132816713902e+01
-1.469881701703514665e+01
-1.470430714305963349e+01
-1.478472637744297558e+01
-1.476252420262838072e+01
-1.485834685938065114e+01
-1.480706813062019478e+01
-1.479775379863218809e+01
-1.481273774690256495e+01
-1.488399933648489970e+01
-1.483454428666578728e+01
-1.486605491140249313e+01
-1.488122213733763566e+01
-1.483585608299820713e+01
-1.488131255341511405e+01
-1.488513107327513829e+01
-1.482936278623718529e+01
-1.483210475288337626e+01
-1.482107750735205443e+01
-1.483148737342423829e+01
-1.485801828598519414e+01
-1.487602995714450138e+01
-1.492441917252886263e+01
-1.493169742403971156e+01
-1.494179570963955683e+01
-1.494668163768176505e+01
-1.490871777427442701e+01
-1.489655851172969037e+01
-1.494301866642373078e+01
-1.493428609845847355e+01
-1.486400728989119990e+01
-1.486008363477675687e+01
-1.492961354569843735e+01
-1.492140518735898524e+01
-1.486565917443130402e+01
-1.482760657745408928e+01
-1.483344492397499792e+01
-1.488759114944808992e+01
-1.488589272074677972e+01
-1.490480286997274817e+01
-1.483866383444406623e+01
-1.483431116306504549e+01
-1.488051052210991898e+01
-1.485015776575163393e+01
-1.481350127182181886e+01
-1.480237329079466413e+01
-1.480066055997539110e+01
-1.488507660992969406e+01
-1.490949581287846826e+01
-1.490275720510864943e+01
-1.485057108785633773e+01
-1.490657972164309264e+01
-1.500685659410893891e+01
-1.493840614044551351e+01
-1.486114721705067510e+01
-1.476496564131525702e+01
-1.475584316921227312e+01
-1.478503508485627371e+01
-1.480173802684005935e+01
-1.478233653245743362e+01
-1.471983412930304880e+01
-1.470283204146460498e+01
-1.470199704349686165e+01
-1.478965796574376412e+01
-1.480199927890133083e+01
-1.473849502222519270e+01
-1.474081475667115981e+01
-1.496802482569265358e+01
-1.495122724481056586e+01
-1.492207893966758547e+01
-1.493210963109474676e+01
-1.485006785165117549e+01
-1.482831882557870706e+01
-1.483140882042549080e+01
-1.473098923754161760e+01
-1.476960652804521601e+01
-1.476806232563810539e+01
-1.481273227013445215e+01
-1.468316077297092548e+01
-1.468706823889592705e+01
-1.476340521750418944e+01
-1.485781008190169672e+01
-1.487448379376622576e+01
-1.477683872363279427e+01
-1.473129299339899489e+01
-1.467257704079067082e+01
-1.466368336009334783e+01
-1.467622382348314325e+01
-1.469046418913150198e+01
-1.477649276628137898e+01
-1.475209573593504864e+01
-1.478479079799597784e+01
-1.484063049748873553e+01
-1.483373233663946245e+01
-1.469991927116618768e+01
-1.469308880240133952e+01
-1.468416619185389393e+01
-1.476556803074559632e+01
-1.475527842574215143e+01
-1.479715319093174841e+01
-1.479670664157822912e+01
-1.471911989628503292e+01
-1.469608089509111082e+01
-1.471785521121750406e+01
-1.471832100410956734e+01
-1.464000037907219642e+01
-1.461116269122188172e+01
-1.460603239513302398e+01
-1.472899159284701120e+01
-1.473702193641143232e+01
-1.471470754101274814e+01
-1.469827716761269798e+01
-1.473439196069235813e+01
-1.479939020049486054e+01
-1.475052745584843628e+01
-1.466903194619231066e+01
-1.465645655247411838e+01
-1.467733733500759996e+01
-1.470500224768514208e+01
-1.468995057045133557e+01
-1.477482052471920859e+01
-1.466804944244494635e+01
-1.464385263464096809e+01
-1.452056603872234852e+01
-1.455399265470349413e+01
-1.454864164677727700e+01
-1.455038368335304533e+01
-1.453528727721122138e+01
-1.456396019009810594e+01
-1.447853241781976585e+01
-1.445815539678087980e+01
-1.450638262886036500e+01
-1.441241256503922230e+01
-1.442020685672059699e+01
-1.439082495346972657e+01
-1.441590347674495298e+01
-1.434335096364067574e+01
-1.434958378578464888e+01
-1.434050518963962872e+01
-1.429245107778529267e+01
-1.428960751010214736e+01
-1.426341576477855178e+01
-1.432007668454828142e+01
-1.422763357181230326e+01
-1.422992244104520587e+01
-1.431873656952630114e+01
-1.433900165482013200e+01
-1.435647572155954421e+01
-1.433598460443607259e+01
-1.442112669834424921e+01
-1.441331957859827639e+01
-1.445935782716356499e+01
-1.433752877764951705e+01
-1.431362520244086767e+01
-1.447838277206053981e+01
-1.450348768705347879e+01
-1.439507036056381750e+01
-1.445486729679880078e+01
-1.443943654792411735e+01
-1.448702519023689561e+01
-1.446126208820505532e+01
-1.437671580748903466e+01
-1.438494858526399511e+01
-1.441138714564254286e+01
-1.440452817515233619e+01
-1.435640660345152675e+01
-1.439472765553676048e+01
-1.438354295242358738e+01
-1.426813501034315657e+01
-1.425077318046984232e+01
-1.428510012607402224e+01
-1.438848865924868292e+01
-1.436492324766366302e+01
-1.446111920064015344e+01
-1.445601408147549449e+01
-1.435598964642061226e+01
-1.434208826031448503e+01
-1.437708939597422919e+01
-1.437652153990269177e+01
-1.438941881428959135e+01
-1.439813322777383497e+01
-1.442010815892797204e+01
-1.439285182404812780e+01
-1.443153909267974200e+01
-1.439090703369530999e+01
-1.440375817634083688e+01
-1.439404974088998657e+01
-1.435771232284151999e+01
-1.436109077170011972e+01
-1.429269754117050972e+01
-1.433498739107522368e+01
-1.431205470512888134e+01
-1.430699011481486593e+01
-1.433584257633299508e+01
-1.429950243163139589e+01
-1.430511625579896418e+01
-1.417560228433706371e+01
-1.421636039491016490e+01
-1.416943365700298330e+01
-1.428663452329517725e+01
-1.426180875368919310e+01
-1.424859837094848558e+01
-1.427297820996506061e+01
-1.430445272822120018e+01
-1.429386280214048810e+01
-1.427374622984939379e+01
-1.433468685250148056e+01
-1.427983843493473515e+01
-1.422911371364221189e+01
-1.427499827108227493e+01
-1.428689922801201817e+01
-1.422984299734991076e+01
-1.420950445953108776e+01
-1.422044498229497833e+01
-1.419408821104325824e+01
-1.413611814461160598e+01
-1.413864054891924127e+01
-1.411071379186100394e+01
-1.406706990539261071e+01
-1.406627075121843973e+01
-1.401056989100634098e+01
-1.398922952477842685e+01
-1.393550978868243462e+01
-1.391810391212528941e+01
-1.387679633125792833e+01
-1.392131954827158857e+01
-1.388498095467120130e+01
-1.391960691632194269e+01
-1.395981172664523129e+01
-1.395882434505525183e+01
-1.395721202679672501e+01
-1.396803688625218776e+01
-1.396614131624071753e+01
-1.397124913232594778e+01
-1.401215653343731837e+01
-1.396474584333702396e+01
-1.386742333705884889e+01
-1.386926303882944644e+01
-1.389071749559999880e+01
-1.388459175456730144e+01
-1.389039932413995437e+01
-1.391123306068028675e+01
-1.390989307840420075e+01
-1.388688581149233237e+01
-1.388827746407389263e+01
-1.389156723205408284e+01
-1.387308679832495883e+01
-1.383668284969430573e+01
-1.381095265792854221e+01
-1.387974503480881872e+01
-1.389856442402145831e+01
-1.386626113941298577e+01
-1.388035469987737258e+01
-1.387095936028248033e+01
-1.383092097600326298e+01
-1.382076538504089314e+01
-1.383204188933949652e+01
-1.382720383568810085e+01
-1.380585765570094026e+01
-1.383783653553490289e+01
-1.383645609519228259e+01
-1.385554945676959981e+01
-1.382437623610690203e+01
-1.379547017397383613e+01
-1.379505454367196648e+01
-1.382292876699434103e+01
-1.378640498262744529e+01
-1.384696598604771900e+01
-1.379314838947316701e+01
-1.379017663684603257e+01
-1.379445269703981936e+01
-1.373555731557786075e+01
-1.385789661492533575e+01
-1.388040603610081014e+01
-1.385222919061776103e+01
-1.380295219609290491e+01
-1.384508917802299344e+01
-1.381750352002579341e+01
-1.383665310322416531e+01
-1.386387145486133399e+01
-1.387601909381574572e+01
-1.382930748901292617e+01
-1.384482025323343102e+01
-1.378783959590145614e+01
-1.377114001832238799e+01
-1.382496018624722822e+01
-1.383462343181306053e+01
-1.375790210792253632e+01
-1.374175600042599044e+01
-1.379213844580028514e+01
-1.380232902246914684e+01
-1.380381515316522290e+01
-1.373746376572820971e+01
-1.376285461874218186e+01
-1.375960820729782164e+01
-1.376004689543416681e+01
-1.378257641781410037e+01
-1.377115903377199047e+01
-1.378213381971582230e+01
-1.381218687386943422e+01
-1.379175139281857199e+01
-1.376722633206239976e+01
-1.381063150439607767e+01
-1.383791428014485270e+01
-1.382921032409310058e+01
-1.377903756683129721e+01
-1.384490532390285189e+01
-1.382768821568360096e+01
-1.392021265860480739e+01
-1.384604285470428486e+01
-1.386163093875284780e+01
-1.389584368486233146e+01
-1.389625619930600919e+01
-1.387440600306667982e+01
-1.385421963355432595e+01
-1.377983648169433017e+01
-1.380406215644115342e+01
-1.382157148527485369e+01
-1.380634022405090633e+01
-1.382081418516558813e+01
-1.384900657988210071e+01
-1.386340026099946598e+01
-1.388972369297695231e+01
-1.386575865198113888e+01
-1.383969924954613440e+01
-1.383297710462469965e+01
-1.380066571417578913e+01
-1.382078117281696450e+01
-1.389280497182543961e+01
-1.381685195652322307e+01
-1.380330126482577846e+01
-1.381334995357249085e+01
-1.383974402796091141e+01
-1.387522204311887819e+01
-1.387618856587702965e+01
-1.389079949794070323e+01
-1.379858309162328389e+01
-1.380235633179603383e+01
-1.376618104910758156e+01
-1.377285037792726108e+01
-1.377078287849698057e+01
-1.373941040764375643e+01
-1.374269160888976771e+01
-1.373071957314932234e+01
-1.372329359443944696e+01
-1.377784946076137906e+01
-1.377668462083562240e+01
-1.376113185572287989e+01
-1.379651026173305972e+01
-1.379496583516080932e+01
-1.381370414960231585e+01
-1.379439326255088361e+01
-1.376221968225132919e+01
-1.367969163895760332e+01
-1.375876989276354401e+01
-1.369730102318890630e+01
-1.369423740202569739e+01
-1.367681983359450726e+01
-1.364326470520435208e+01
-1.361556941603227067e+01
-1.362371351616799409e+01
-1.369088697134862187e+01
-1.373277580319580338e+01
-1.367919953815203549e+01
-1.366715720129726641e+01
-1.368191445821964436e+01
-1.371359026068599896e+01
-1.370429406183618859e+01
-1.375460328503426055e+01
-1.376295640588304536e+01
-1.374358072134751474e+01
-1.375436297871412528e+01
-1.377007183253732059e+01
-1.371484104560244788e+01
-1.363798127267257065e+01
-1.364194724038211781e+01
-1.364460205971306728e+01
-1.361695845083284695e+01
-1.366502716297514652e+01
-1.367320887251868200e+01
-1.372737881917687730e+01
-1.378133323483697126e+01
-1.375775562927853457e+01
-1.379491849664243475e+01
-1.379097328963088742e+01
-1.381934332684420497e+01
-1.381979715725005065e+01
-1.378768726490011787e+01
-1.379566802171995477e+01
-1.381232524845123599e+01
-1.384016680750556816e+01
-1.383893215387697850e+01
-1.381008337380710671e+01
-1.377629720197665719e+01
-1.379495660533643608e+01
-1.379555619501079278e+01
-1.375706185097171996e+01
-1.379160810896314260e+01
-1.379347760477739016e+01
-1.377100971820989272e+01
-1.380665439464757682e+01
-1.381974757483146377e+01
-1.380822947180209681e+01
-1.384466307982936684e+01
-1.395467864977394257e+01
-1.386806601669228733e+01
-1.385133903909996533e+01
-1.385547021184892280e+01
-1.376286269725189904e+01
-1.381751627499830981e+01
-1.387805843932527061e+01
-1.389990893807324390e+01
-1.389406277440495252e+01
-1.391379910064630820e+01
-1.388729997647011238e+01
-1.388155994606247035e+01
-1.388299722816753956e+01
-1.385064640994242779e+01
-1.386770664123156216e+01
-1.389990697807327891e+01
-1.375564472703014474e+01
-1.379437888220617481e+01
-1.377740899127729612e+01
-1.378315264992560785e+01
-1.375727745797279411e+01
-1.375134787381345092e+01
-1.375695898866906752e+01
-1.377906231478153565e+01
-1.375998624445552920e+01
-1.378000811946187376e+01
-1.370514093961099888e+01
-1.367315778464715947e+01
-1.365285883886797080e+01
-1.365098623078711171e+01
-1.365064613986053033e+01
-1.367634574358429411e+01
-1.366001054885703958e+01
-1.367194805338079711e+01
-1.367501348024995345e+01
-1.368839488804121274e+01
-1.368336681800744792e+01
-1.372844807193403938e+01
-1.373192581748231866e+01
-1.371374075571221240e+01
-1.377637760939824929e+01
-1.379327779386462893e+01
-1.378681388037474242e+01
-1.378625308702272179e+01
-1.378883151551507602e+01
-1.381127972133399417e+01
-1.377449903955555577e+01
-1.372314788094580607e+01
-1.372236926090721809e+01
-1.374880059739075477e+01
-1.369029152280574380e+01
-1.368351239226685401e+01
-1.376425044696765632e+01
-1.371141298265983366e+01
-1.368031399244519974e+01
-1.372900043208625931e+01
-1.372879279194946633e+01
-1.372980292217058818e+01
-1.372637489746708006e+01
-1.373072829900233494e+01
-1.373202232510524468e+01
-1.369115783023636546e+01
-1.367453210893561888e+01
-1.366724773624624767e+01
-1.367657748916112759e+01
-1.365995399852158521e+01
-1.363518946894303241e+01
-1.362657356871086733e+01
-1.364252742749860481e+01
-1.359963015210993653e+01
-1.358096322862607863e+01
-1.355037703954144845e+01
-1.354509780332129942e+01
-1.357656411929056972e+01
-1.360246873955711955e+01
-1.364589629005890181e+01
-1.363234365610463605e+01
-1.367385538925084276e+01
-1.366089990794445441e+01
-1.368411080652038336e+01
-1.368515419313908410e+01
-1.368028856420130701e+01
-1.371738085075057434e+01
-1.373236515514739509e+01
-1.366171483142736953e+01
-1.366880977128264441e+01
-1.368510542172936084e+01
-1.358240642279812072e+01
-1.359596512416912617e+01
-1.358782103995384993e+01
-1.364867863138602999e+01
-1.361580020099564692e+01
-1.364294661102245598e+01
-1.365189356328703951e+01
-1.360338751032016624e+01
-1.361937637619810815e+01
-1.363043295150106893e+01
-1.357912238895383261e+01
-1.358166419989490237e+01
-1.356116003359116284e+01
-1.356791537356481925e+01
-1.352854624698312591e+01
-1.352814941174893271e+01
-1.358861975344085060e+01
-1.357528090664768605e+01
-1.358855304632539962e+01
-1.361698965661995331e+01
-1.360197277347980638e+01
-1.360215011389198025e+01
-1.362237059784565751e+01
-1.361413020570018340e+01
-1.359516165311370628e+01
-1.359886395200871689e+01
-1.357802066873462721e+01
-1.353085771045162566e+01
-1.349403820926120900e+01
-1.347369256712741858e+01
-1.353656851703636832e+01
-1.351804945607851494e+01
-1.350787657561357236e+01
-1.350060361723587476e+01
-1.351536475352469679e+01
-1.352478150961959180e+01
-1.357007842618897442e+01
-1.350381051125226151e+01
-1.347946874074652257e+01
-1.345005914792178459e+01
-1.338833718788979787e+01
-1.340404974875273503e+01
-1.340352623329325787e+01
-1.348554787375117670e+01
-1.346331586005441672e+01
-1.339935315036717611e+01
-1.339781466976127788e+01
-1.344609041574590869e+01
-1.344604030838734765e+01
-1.345732525548904590e+01
-1.344207303844919821e+01
-1.343598586314873522e+01
-1.343444569880280071e+01
-1.344147669925478361e+01
-1.347350445748403835e+01
-1.346980773014420407e+01
-1.346082649138094389e+01
-1.351961115136817781e+01
-1.352305921126908039e+01
-1.354940603966247359e+01
-1.355214363899584207e+01
-1.355169875507848687e+01
-1.357462611559111565e+01
-1.349566606832997984e+01
-1.350538319106832397e+01
-1.348570265678604763e+01
-1.350505132097700667e+01
-1.356574342935086186e+01
-1.357788332680217813e+01
-1.356359673211130712e+01
