# 2*np.log[MAD(r)] for 100 flights; 1000 steps per flight; run 42 of 50; mu: 2.50; seed: 41
-2.446796093177485076e+01
-2.279725914179015689e+01
-2.261596405515741992e+01
-2.188776126319818260e+01
-2.137785748490735926e+01
-2.123651085655790283e+01
-2.125873155310691587e+01
-2.110046135621807650e+01
-2.112595199927340772e+01
-2.079881859691712620e+01
-2.060525629145414328e+01
-2.043032833288769368e+01
-2.018372024158613343e+01
-2.012635299102906572e+01
-1.998292659637131052e+01
-1.983943587238513473e+01
-1.973298238506595226e+01
-1.991137797272424592e+01
-1.988624408728321669e+01
-1.960447720396680182e+01
-1.955960352952771331e+01
-1.958309278754814642e+01
-1.937245194495493905e+01
-1.929649539793565793e+01
-1.907179081115805985e+01
-1.921408343628720417e+01
-1.933277805233823088e+01
-1.918680698598991796e+01
-1.902412814102956062e+01
-1.891783326149564459e+01
-1.843783243814079498e+01
-1.872328328069140824e+01
-1.872533187590547143e+01
-1.868669204970409226e+01
-1.861841880453108899e+01
-1.866763390460761229e+01
-1.852504855403008932e+01
-1.857217098064274552e+01
-1.850384782467190092e+01
-1.836120314408693233e+01
-1.827468205123586031e+01
-1.831608187407350385e+01
-1.831887638192493384e+01
-1.822937832640716138e+01
-1.839613964443745076e+01
-1.851415051300224945e+01
-1.851135620716072694e+01
-1.865181785536594106e+01
-1.847234739417616112e+01
-1.851452600950889504e+01
-1.826160208003224383e+01
-1.839563506459575493e+01
-1.839199199573985766e+01
-1.843360271871922862e+01
-1.830082659975146697e+01
-1.814054078006381232e+01
-1.832235098553602626e+01
-1.799076640769906632e+01
-1.803702273735416739e+01
-1.791655115066848936e+01
-1.788066733590262203e+01
-1.802470313685403269e+01
-1.787877164005762154e+01
-1.790342369776140075e+01
-1.789078220471013481e+01
-1.790515119101164032e+01
-1.782438906643992027e+01
-1.788631647572729122e+01
-1.789071482256341028e+01
-1.790759964078749178e+01
-1.780492477415084807e+01
-1.787376020320579784e+01
-1.787067753731293607e+01
-1.787940547510437383e+01
-1.767806522194169006e+01
-1.774889038742468372e+01
-1.790340958282782680e+01
-1.779967374288977311e+01
-1.776325680763100223e+01
-1.765389860934706689e+01
-1.763877233434325120e+01
-1.766591623170752001e+01
-1.754245919014396193e+01
-1.755463186126449315e+01
-1.747958624066828648e+01
-1.739844028017662225e+01
-1.740763055444388385e+01
-1.756261019531856604e+01
-1.749667072839650572e+01
-1.736831632472548748e+01
-1.730466588649118975e+01
-1.732730776932591610e+01
-1.734265292763621602e+01
-1.721698964055727998e+01
-1.717826965973569742e+01
-1.721199932936120547e+01
-1.713927702780160089e+01
-1.718337642632065965e+01
-1.721713159780009406e+01
-1.721531985343371574e+01
-1.722434442541843680e+01
-1.718110926787159443e+01
-1.714113106808417442e+01
-1.709532027806669774e+01
-1.703384609559039475e+01
-1.703186548366144848e+01
-1.718770181996847057e+01
-1.715650845036441652e+01
-1.705287752773709897e+01
-1.701663863644541053e+01
-1.696045714687232220e+01
-1.688379124873669213e+01
-1.692016472550569617e+01
-1.685904376707852848e+01
-1.707643023380034819e+01
-1.706537138774524820e+01
-1.704746429463804702e+01
-1.716384437698205190e+01
-1.709782334679714211e+01
-1.690325191767588464e+01
-1.702306735355837830e+01
-1.679935889791422099e+01
-1.690355534676791649e+01
-1.680495578619068553e+01
-1.678756553622951486e+01
-1.676189616075889788e+01
-1.672790381923249825e+01
-1.678934087990991486e+01
-1.668887869066535146e+01
-1.681137284708862722e+01
-1.682138571789612058e+01
-1.682159932132961799e+01
-1.693810183547594050e+01
-1.691397563142431082e+01
-1.690103738392848598e+01
-1.680407571634109942e+01
-1.672776284846709061e+01
-1.673736014136699879e+01
-1.673378944054896778e+01
-1.668710609057163907e+01
-1.681550837561507805e+01
-1.688026181257951563e+01
-1.700906215519402664e+01
-1.717318457305888302e+01
-1.706690312623474171e+01
-1.687753399671022336e+01
-1.701430712208047780e+01
-1.691037803239044379e+01
-1.689265621957492058e+01
-1.703774405549758697e+01
-1.698343514426339951e+01
-1.694325714373444924e+01
-1.680185651730947072e+01
-1.679917611313990022e+01
-1.665414231303667947e+01
-1.667347908930893752e+01
-1.670410563446261420e+01
-1.690821422062939661e+01
-1.671907569939752847e+01
-1.676208011451182855e+01
-1.664011682612630239e+01
-1.668009481186691900e+01
-1.671277743635363322e+01
-1.677612301763740632e+01
-1.672709141666026511e+01
-1.664438948313489064e+01
-1.664570890163240691e+01
-1.660473080170386240e+01
-1.673127512025658348e+01
-1.671021721470753718e+01
-1.674829348150091946e+01
-1.674034317078221790e+01
-1.669139956222688426e+01
-1.685873078391870905e+01
-1.678045945070728706e+01
-1.664507649420181323e+01
-1.653499656609164958e+01
-1.663964129395973046e+01
-1.653575014112021080e+01
-1.653338333621931966e+01
-1.647788925942360549e+01
-1.672916200343710358e+01
-1.672045311208663421e+01
-1.664729278026756631e+01
-1.651080685036184903e+01
-1.639339221930458379e+01
-1.634178117203756386e+01
-1.632333869329521292e+01
-1.643193092856424187e+01
-1.651235713407738359e+01
-1.633762832971446244e+01
-1.644437170675510984e+01
-1.646353314658558986e+01
-1.644863337580747142e+01
-1.644283775680630910e+01
-1.651461467462651811e+01
-1.635739502064067352e+01
-1.635274721177814072e+01
-1.635485387393507395e+01
-1.637369268171559611e+01
-1.650027866167668478e+01
-1.638744710999404930e+01
-1.635530018679950714e+01
-1.648609390986781165e+01
-1.659707062810646860e+01
-1.664406560797447199e+01
-1.670785015953644503e+01
-1.667311990081674367e+01
-1.663174745365348173e+01
-1.651396058114912435e+01
-1.643672842448590288e+01
-1.646884895485230516e+01
-1.648409934351163741e+01
-1.647138854096327165e+01
-1.639271088901826801e+01
-1.661171378656507613e+01
-1.672817250585541160e+01
-1.677834377716542491e+01
-1.678409914560195304e+01
-1.665560262759382582e+01
-1.660098151002616618e+01
-1.655964968627546696e+01
-1.640329640643451015e+01
-1.646069770916826869e+01
-1.637956536376283623e+01
-1.638078104981956074e+01
-1.636543263070040055e+01
-1.631132856633062644e+01
-1.622788136277703686e+01
-1.622353741552284845e+01
-1.632049062176722032e+01
-1.609849137157950949e+01
-1.612093246231800237e+01
-1.622749039656546799e+01
-1.628337553390250747e+01
-1.625847451591283388e+01
-1.620278724610015786e+01
-1.610083570693255695e+01
-1.614141346915949882e+01
-1.623645597933174756e+01
-1.603807915727296063e+01
-1.599681256752049308e+01
-1.601965190010225015e+01
-1.599932525340302902e+01
-1.592817908120521331e+01
-1.595802164237164611e+01
-1.606488955295471754e+01
-1.606655215937044190e+01
-1.607680391540902320e+01
-1.599044389228838448e+01
-1.603402636116059554e+01
-1.600752632540817899e+01
-1.603125552847061286e+01
-1.601895250727448072e+01
-1.593003106255483026e+01
-1.599330308401674117e+01
-1.592921115753920525e+01
-1.585417232615509420e+01
-1.574604622423043487e+01
-1.581197061858999930e+01
-1.571516936186631597e+01
-1.579083371382352574e+01
-1.551157733119946691e+01
-1.559517145354286960e+01
-1.555283835173162998e+01
-1.557198397759327868e+01
-1.550960030935546463e+01
-1.562771442094145335e+01
-1.562621232862514020e+01
-1.572359817758164802e+01
-1.574240439016573134e+01
-1.576449319490161827e+01
-1.578583165613984818e+01
-1.568256481657526535e+01
-1.561787941201461294e+01
-1.568531788280677475e+01
-1.564566308394741334e+01
-1.571707747356871820e+01
-1.572511757416212319e+01
-1.568842510780058497e+01
-1.564668151837250676e+01
-1.565060074819106184e+01
-1.566917508169597895e+01
-1.567298567372899143e+01
-1.561833445130192111e+01
-1.559885756985944205e+01
-1.559647924161209431e+01
-1.555469427914845504e+01
-1.553947630499985699e+01
-1.553596421373728020e+01
-1.571726663659396017e+01
-1.555349492219044016e+01
-1.557731584033536798e+01
-1.569893635611838612e+01
-1.580152037315597724e+01
-1.561450587134991785e+01
-1.556777794556507111e+01
-1.555574039781494555e+01
-1.551071855548778622e+01
-1.546499572984739324e+01
-1.549688368967886376e+01
-1.550234854654311611e+01
-1.551736155588413091e+01
-1.554115995580467491e+01
-1.551669607920045202e+01
-1.548704108131952673e+01
-1.554625646731459732e+01
-1.563561370736339207e+01
-1.564371767958071935e+01
-1.566656053511956870e+01
-1.560214051890312170e+01
-1.546421921028288438e+01
-1.555726453991843350e+01
-1.555657432550318831e+01
-1.565087280350341814e+01
-1.568299655659071057e+01
-1.575731709409159720e+01
-1.557464009178601216e+01
-1.564036508261207636e+01
-1.576627912665885489e+01
-1.563645816992680793e+01
-1.566962772136954563e+01
-1.560137379875124530e+01
-1.566534368108065678e+01
-1.562216339341822291e+01
-1.559537467880560691e+01
-1.550243215874824720e+01
-1.563023502436509737e+01
-1.561713895792974149e+01
-1.566745102295053904e+01
-1.556849478504488182e+01
-1.556795335587054829e+01
-1.555754608053786114e+01
-1.562283452589532828e+01
-1.559870444622684715e+01
-1.559341668230815614e+01
-1.554513796049393193e+01
-1.557961810350856346e+01
-1.568430791320817264e+01
-1.571993419968331906e+01
-1.581293469184845790e+01
-1.581929875207858949e+01
-1.578403570176874027e+01
-1.574875826947497792e+01
-1.578592873191434087e+01
-1.583646213614366083e+01
-1.586718113166254263e+01
-1.577084562723962335e+01
-1.572920563373873470e+01
-1.577098036806822279e+01
-1.580436189299602923e+01
-1.573877085566992484e+01
-1.562090874001551200e+01
-1.564091881615181734e+01
-1.565496595609249830e+01
-1.568586312221459700e+01
-1.568272919051321956e+01
-1.566220073535951762e+01
-1.571056136272779113e+01
-1.568616644812570549e+01
-1.567829285698069341e+01
-1.566741330958666012e+01
-1.567172965330443191e+01
-1.562949898416388805e+01
-1.570654142884519011e+01
-1.560853978702051492e+01
-1.568009924879019223e+01
-1.557830369711458829e+01
-1.560539268597796081e+01
-1.567099526524807906e+01
-1.557466976997893759e+01
-1.552174453666122389e+01
-1.549753606713702681e+01
-1.559651399265479377e+01
-1.553003351441240554e+01
-1.555992853145525778e+01
-1.557472123110270878e+01
-1.566541209275827384e+01
-1.562699965805464686e+01
-1.565721050683615267e+01
-1.555907475947723562e+01
-1.552134310738011536e+01
-1.552528292002013899e+01
-1.553556791339326537e+01
-1.544777607460438951e+01
-1.554196969353933078e+01
-1.548762909322714698e+01
-1.550533890667543169e+01
-1.548542923798683191e+01
-1.546922068894182445e+01
-1.546552143857793915e+01
-1.546933626683766505e+01
-1.540666911644664872e+01
-1.543750249816464759e+01
-1.539064985969800858e+01
-1.539452548870052517e+01
-1.537283586359193244e+01
-1.537961789275700220e+01
-1.546905632618118887e+01
-1.550682920659064656e+01
-1.556791551365262549e+01
-1.550344686002678252e+01
-1.543620051885966760e+01
-1.555013740908674613e+01
-1.555188264139974486e+01
-1.559149138491676823e+01
-1.564932473442014071e+01
-1.559326519816799284e+01
-1.561208764738638699e+01
-1.562709820689322981e+01
-1.556876540037601941e+01
-1.557922890237427183e+01
-1.560100427329348527e+01
-1.555807295864951989e+01
-1.552178250321466813e+01
-1.557105309277352312e+01
-1.540561263900458755e+01
-1.542540009921711786e+01
-1.533824923317048672e+01
-1.533681652373453197e+01
-1.537883832781555782e+01
-1.535894393767211064e+01
-1.539300522235554070e+01
-1.536772111248904693e+01
-1.550511834605672057e+01
-1.532347631699948920e+01
-1.535076548685699827e+01
-1.535000680183238231e+01
-1.535155523236318231e+01
-1.535951830594900436e+01
-1.531023639403658798e+01
-1.526256883386131058e+01
-1.525079849859731773e+01
-1.526391167188750053e+01
-1.529220325724698881e+01
-1.518148013765267734e+01
-1.520616410996240120e+01
-1.524805143474713098e+01
-1.519463369709536238e+01
-1.521788602345148789e+01
-1.525417458911861068e+01
-1.522574122150086318e+01
-1.525458887053404844e+01
-1.519188642329730499e+01
-1.522127016678255451e+01
-1.520573615502471654e+01
-1.520112705080947180e+01
-1.526681672567138115e+01
-1.532371347341411827e+01
-1.525313675746900799e+01
-1.524112936495031612e+01
-1.525879267024720320e+01
-1.524896374369597929e+01
-1.524425678938296080e+01
-1.523035090935507618e+01
-1.519048768960948159e+01
-1.517084069083592546e+01
-1.520373511288398483e+01
-1.519762275396171702e+01
-1.524489904962625708e+01
-1.514485410786839914e+01
-1.517025212971180892e+01
-1.516726476546160463e+01
-1.518322717593176918e+01
-1.514436494680683687e+01
-1.510264838076049543e+01
-1.508822546175714230e+01
-1.508146421570244300e+01
-1.515765402238048587e+01
-1.518905983541064586e+01
-1.512096048575386398e+01
-1.507822812602644014e+01
-1.507507581836797250e+01
-1.507195708630754538e+01
-1.505980830599980180e+01
-1.500496306285920944e+01
-1.502406171487554154e+01
-1.501536084503128166e+01
-1.507478156300086880e+01
-1.507241190410805132e+01
-1.505751907713206350e+01
-1.504112261739200207e+01
-1.500470695539946497e+01
-1.496155157358533394e+01
-1.496707131694829407e+01
-1.495327904547965758e+01
-1.496333022494915710e+01
-1.497873420837554548e+01
-1.505614557160178180e+01
-1.513727885216088076e+01
-1.514746477507054223e+01
-1.507800586199875070e+01
-1.512148743884696955e+01
-1.514576345896834120e+01
-1.511530187304648543e+01
-1.504657220957460417e+01
-1.504907999044559475e+01
-1.503735156276594154e+01
-1.502503259052456741e+01
-1.506643310979491801e+01
-1.503804824390150330e+01
-1.509137771680473961e+01
-1.511697888457503858e+01
-1.510978414724504582e+01
-1.508821663503383981e+01
-1.510149890886609647e+01
-1.507239479279896699e+01
-1.497689685844234830e+01
-1.496546419411028950e+01
-1.499764247480598733e+01
-1.497546772397652681e+01
-1.501511229861064045e+01
-1.496977468522525356e+01
-1.502950523601904820e+01
-1.503018921986216583e+01
-1.504256917559818518e+01
-1.500011260308121663e+01
-1.498569816393656495e+01
-1.496987437013680733e+01
-1.496370250079838193e+01
-1.494578270687160781e+01
-1.493868253576195038e+01
-1.491900936823219759e+01
-1.496598425586216408e+01
-1.493914546314397107e+01
-1.494837512982553029e+01
-1.505129387819843068e+01
-1.499041798358439870e+01
-1.494021999099642350e+01
-1.496263576957482933e+01
-1.496987834724036226e+01
-1.497995641450898319e+01
-1.498278133231031539e+01
-1.496240719826805510e+01
-1.497951611993324406e+01
-1.495487435283624755e+01
-1.496635498998019465e+01
-1.492242571083313685e+01
-1.481055850685537045e+01
-1.476169187580529574e+01
-1.475985287491612219e+01
-1.473182254765202259e+01
-1.476284610778756345e+01
-1.474827792940708804e+01
-1.472516964700439424e+01
-1.473192729859484196e+01
-1.475012234893399210e+01
-1.482048417476200086e+01
-1.475254626173085981e+01
-1.481536689401019302e+01
-1.479947618765463702e+01
-1.473965577495421186e+01
-1.475855891229986661e+01
-1.480151880439378687e+01
-1.480474086462769634e+01
-1.476687783275621868e+01
-1.480542519042416494e+01
-1.466185296828625440e+01
-1.469032097252775593e+01
-1.467760432195598419e+01
-1.474402034605227030e+01
-1.480360719531669034e+01
-1.481896941057389583e+01
-1.478735072795843486e+01
-1.479963219664269403e+01
-1.480269877799273104e+01
-1.472460765296376728e+01
-1.472737467230222563e+01
-1.470986096291214196e+01
-1.470018581866519725e+01
-1.471259845260303400e+01
-1.475573255442792941e+01
-1.461269135777324735e+01
-1.458342391185299647e+01
-1.458360505165918752e+01
-1.461183681125442924e+01
-1.457682193987204755e+01
-1.462362122995938485e+01
-1.464285256869127672e+01
-1.461367916356443963e+01
-1.457289074385005812e+01
-1.458688574294636986e+01
-1.463515082949642832e+01
-1.466826112445860808e+01
-1.461454208602452987e+01
-1.461129233129013905e+01
-1.460370117724744254e+01
-1.462100465266015270e+01
-1.457330230708903152e+01
-1.454347008720934475e+01
-1.457868603238847527e+01
-1.458990247583997935e+01
-1.462200531291550654e+01
-1.464340203504262306e+01
-1.462852255393704048e+01
-1.461853857785059141e+01
-1.454910861959804613e+01
-1.454205330253494388e+01
-1.457824180533173930e+01
-1.450918861499244628e+01
-1.454240551661880332e+01
-1.460248777315225688e+01
-1.462232721778021194e+01
-1.457413172233362175e+01
-1.451703982802930959e+01
-1.452621091444481216e+01
-1.451443020618605750e+01
-1.448323734979465982e+01
-1.449908513223630990e+01
-1.445733128416874713e+01
-1.445237984698393419e+01
-1.445722816863858640e+01
-1.450444061394061279e+01
-1.452387379974827120e+01
-1.444456925388243818e+01
-1.444617130685285389e+01
-1.445731600116010718e+01
-1.445453177770338193e+01
-1.448550438384602224e+01
-1.443794954483012738e+01
-1.446110325217824055e+01
-1.444812834985735783e+01
-1.456288074834103341e+01
-1.456048533358802111e+01
-1.442596883418386433e+01
-1.443713568331729569e+01
-1.443199647935776930e+01
-1.451145925826468996e+01
-1.445368451999116566e+01
-1.423228752295437260e+01
-1.425083069404662162e+01
-1.426038601303128672e+01
-1.427990173290991294e+01
-1.432049964152957067e+01
-1.427792750966297142e+01
-1.429793849339014855e+01
-1.446889012562532706e+01
-1.439973463574528267e+01
-1.439271490476533266e+01
-1.440090143174834125e+01
-1.436936837461384009e+01
-1.434433210623675237e+01
-1.438699834530648580e+01
-1.427784445206604680e+01
-1.421127526810757757e+01
-1.414445745810466626e+01
-1.413510739461106702e+01
-1.414971519926562138e+01
-1.422696158487258877e+01
-1.416916228019552193e+01
-1.418212884229478554e+01
-1.414375789687687224e+01
-1.414061532089720252e+01
-1.408125965619487729e+01
-1.410969927730164208e+01
-1.416146578785349064e+01
-1.413811844965843001e+01
-1.413770834444380498e+01
-1.413617465433594234e+01
-1.412680534470275084e+01
-1.409814041946192020e+01
-1.413113085853180095e+01
-1.419188553491160931e+01
-1.422168403026829075e+01
-1.417051799904521836e+01
-1.418994253715368359e+01
-1.416913526872717100e+01
-1.421496276383904522e+01
-1.418619043040045291e+01
-1.421601823884691562e+01
-1.426166821882566005e+01
-1.426157444125880325e+01
-1.427775409461225564e+01
-1.430531553713834114e+01
-1.427892896630068442e+01
-1.429421094688956195e+01
-1.421392691528298613e+01
-1.429964962196179634e+01
-1.428399419198843390e+01
-1.432922284639728616e+01
-1.428337222049112221e+01
-1.433338380792248756e+01
-1.435463766416710385e+01
-1.437571682079929225e+01
-1.436254032914670908e+01
-1.446036878502602896e+01
-1.452084903282634443e+01
-1.448960581184423368e+01
-1.447629424523682751e+01
-1.449546428445329482e+01
-1.450581666964428429e+01
-1.449868000558057446e+01
-1.432821909687666562e+01
-1.435973846559168798e+01
-1.437533191479717765e+01
-1.433332693638401700e+01
-1.436076562632395870e+01
-1.430167295089609603e+01
-1.427888178694034771e+01
-1.427194813517760608e+01
-1.426104449962158682e+01
-1.421805727179084933e+01
-1.422054888260830374e+01
-1.423221283003514337e+01
-1.428238062727021607e+01
-1.426447018271504952e+01
-1.431531879291747167e+01
-1.435021970412923409e+01
-1.435875611001362273e+01
-1.429934705856894439e+01
-1.430400037146090853e+01
-1.426927503720141566e+01
-1.427362309401645213e+01
-1.430044495231140367e+01
-1.428074738372928643e+01
-1.430520593729840151e+01
-1.438052868272843554e+01
-1.440107519403748881e+01
-1.442635206255944524e+01
-1.437602053068773600e+01
-1.434121642514210748e+01
-1.438074564474942640e+01
-1.441035943324775914e+01
-1.441418337149587003e+01
-1.439361935351856481e+01
-1.440076620013394226e+01
-1.439140442588625568e+01
-1.440697085456415394e+01
-1.442360339948034920e+01
-1.434851265772456586e+01
-1.438692469497050652e+01
-1.434710302008089222e+01
-1.437329605621788708e+01
-1.449070648268978267e+01
-1.450348639781916837e+01
-1.446613820927246863e+01
-1.439381356908520360e+01
-1.442064771774924203e+01
-1.444222689219716571e+01
-1.445609442856197013e+01
-1.450441026027110070e+01
-1.450694082506203486e+01
-1.458868105050516029e+01
-1.454347396379044532e+01
-1.451966175802087378e+01
-1.452229835491907473e+01
-1.453823696628555062e+01
-1.447661956503806735e+01
-1.447655027181549237e+01
-1.446650306403767594e+01
-1.445921494279934372e+01
-1.436305419536454586e+01
-1.437438309611417608e+01
-1.432875934957048969e+01
-1.448953419028173784e+01
-1.447123706170616053e+01
-1.446933897952602699e+01
-1.441055601478768544e+01
-1.439184148488471493e+01
-1.441163452683932711e+01
-1.444402099367988512e+01
-1.440625922996918362e+01
-1.437578717676877282e+01
-1.437985285000032754e+01
-1.436489297689846545e+01
-1.432268521250474080e+01
-1.439411507921103706e+01
-1.433177874655084771e+01
-1.432563831899569529e+01
-1.438500439118396912e+01
-1.440433469296916336e+01
-1.436465118843982580e+01
-1.430451440241995797e+01
-1.424537948731158288e+01
-1.424664148748800230e+01
-1.422204052029415244e+01
-1.426838763576366631e+01
-1.424261199053053772e+01
-1.423534963510136642e+01
-1.426140644355377063e+01
-1.432671807849710710e+01
-1.432893447018742350e+01
-1.434597378161427095e+01
-1.436367019264640632e+01
-1.442087396606636673e+01
-1.439657431637177964e+01
-1.440599798402453757e+01
-1.444795628198955129e+01
-1.434844967347089550e+01
-1.440258202327395765e+01
-1.438960559554574026e+01
-1.439853728377925179e+01
-1.443430208807374981e+01
-1.443147116800456686e+01
-1.439980291025111114e+01
-1.440189652719019442e+01
-1.442038660934880845e+01
-1.443655008394782868e+01
-1.435963026919136709e+01
-1.440862414741481246e+01
-1.441948948146831810e+01
-1.442714421597430707e+01
-1.446289128419031478e+01
-1.440287082056239498e+01
-1.444287215935047541e+01
-1.443818878065903100e+01
-1.444802913632769759e+01
-1.445801590319315899e+01
-1.439427613218351887e+01
-1.441371441203451376e+01
-1.439342019776685966e+01
-1.439986401724475940e+01
-1.449021668959858999e+01
-1.448010952910469840e+01
-1.446792742957847544e+01
-1.445773776158253909e+01
-1.450565272458617727e+01
-1.450225890371512705e+01
-1.448165091789880421e+01
-1.443916978395619388e+01
-1.444725182550565279e+01
-1.446651018912598552e+01
-1.456711481456433610e+01
-1.448077131336454570e+01
-1.445692795815142162e+01
-1.448065159762075815e+01
-1.450101600223584519e+01
-1.448258155498101907e+01
-1.449451991349121016e+01
-1.443001150940087562e+01
-1.440500590043009765e+01
-1.442066978615278039e+01
-1.440360248456707382e+01
-1.439490980407526166e+01
-1.441679299842052586e+01
-1.439602859452379846e+01
-1.448603539866222611e+01
-1.440487752902012630e+01
-1.432974098409970587e+01
-1.435492579509228328e+01
-1.436910252879208016e+01
-1.437486909032941007e+01
-1.431634376240227802e+01
-1.436358730852693810e+01
-1.436039374967568705e+01
-1.447502319842619656e+01
-1.445688176539839809e+01
-1.448116321742660695e+01
-1.446392073702468295e+01
-1.447505941121643147e+01
-1.454825892747623861e+01
-1.455450311817363485e+01
-1.450156081031894040e+01
-1.449888645760543682e+01
-1.450719063087541727e+01
-1.454933634017237054e+01
-1.452873903272956646e+01
-1.451389139215570090e+01
-1.448776406346655321e+01
-1.432118862386221458e+01
-1.438336753794790290e+01
-1.437042569003473957e+01
-1.445871634365357217e+01
-1.439281251899686076e+01
-1.437037422230828732e+01
-1.435720455325208000e+01
-1.435690372124068759e+01
-1.429508481948615817e+01
-1.433802677275086879e+01
-1.432553366991707833e+01
-1.435551808401465834e+01
-1.435287425628141200e+01
-1.437063123792877306e+01
-1.435679292025853293e+01
-1.430894718317179759e+01
-1.436492026021849888e+01
-1.429287980376871481e+01
-1.438011406347990651e+01
-1.433913753294725701e+01
-1.427026786695807736e+01
-1.428415519061988803e+01
-1.437398318577958456e+01
-1.435837555218585493e+01
-1.432558275735932440e+01
-1.431539373038912721e+01
-1.425493280777440930e+01
-1.428852068088703575e+01
-1.431766124304787091e+01
-1.430718570849625237e+01
-1.429875092771933254e+01
-1.428582970170533173e+01
-1.434696232843037400e+01
-1.436830663599109137e+01
-1.428446531923200880e+01
-1.427498183506839879e+01
-1.430652591397233842e+01
-1.431955270062325170e+01
-1.431671194043264173e+01
-1.429980384389662085e+01
-1.431231385597953398e+01
-1.438085942497217928e+01
-1.441294519377544070e+01
-1.423581952769708003e+01
-1.430875132922167481e+01
-1.434940097505207213e+01
-1.438962779081005472e+01
-1.433086813838757401e+01
-1.429848902828000234e+01
-1.428214131588281077e+01
-1.427992145248266276e+01
-1.439776288684224959e+01
-1.442904358983316904e+01
-1.438588102268310998e+01
-1.445500362657527127e+01
-1.439365274867026478e+01
-1.438406346733430929e+01
-1.439202316273668281e+01
-1.425241163759453400e+01
-1.426746795074443064e+01
-1.433594184300458885e+01
-1.430635149389618022e+01
-1.431753929180124629e+01
-1.433185235720127260e+01
-1.431633586057020935e+01
-1.429038273988680352e+01
-1.430158587531944470e+01
-1.425423115506903038e+01
-1.425860369289447327e+01
-1.426262524538627119e+01
-1.423728503732512074e+01
-1.430977239137511248e+01
-1.426576976290843213e+01
-1.428582126462524293e+01
-1.428137380844229654e+01
-1.431476800477438616e+01
-1.435396424606465793e+01
-1.435251468572703004e+01
-1.436934924140553704e+01
-1.434741560397682569e+01
-1.434210151794573207e+01
-1.434744245675080876e+01
-1.434013104017850537e+01
-1.433712840025556723e+01
-1.430651278506117485e+01
-1.437133328533559862e+01
-1.436019795683415445e+01
-1.436582273331121584e+01
-1.435212249451932109e+01
-1.442909412120805257e+01
-1.435224837961713895e+01
-1.431968703911545759e+01
-1.430735681174785157e+01
-1.430976391401733494e+01
-1.431104599646776698e+01
-1.426876028704142030e+01
-1.427882791395616380e+01
-1.424642718427141297e+01
-1.424125583767945891e+01
-1.426191137341279358e+01
-1.424166225492027493e+01
-1.423031495896546517e+01
-1.425259190922333197e+01
-1.421849108498877357e+01
-1.429963017168766015e+01
-1.431200473973048837e+01
-1.425518167701368810e+01
-1.425175890892852593e+01
-1.425843400355639368e+01
-1.425012419454158952e+01
-1.426860223812492556e+01
-1.424464524794844245e+01
-1.427653281324206702e+01
-1.424654631324203002e+01
-1.429383481517358945e+01
-1.436033876956522093e+01
-1.435473078802692193e+01
-1.424889442488192692e+01
-1.429063454073022932e+01
-1.427820696060345718e+01
-1.431731118101534150e+01
-1.429863713992061847e+01
-1.432492914736569567e+01
-1.432842454131093568e+01
-1.436903345588450165e+01
-1.435776602421004355e+01
-1.435403388527959834e+01
-1.433300623679219221e+01
-1.433459483715211569e+01
-1.441832797558557111e+01
-1.440562882378695697e+01
-1.438313620211559218e+01
-1.437700870618557225e+01
-1.442603274129307955e+01
-1.439825596397894536e+01
-1.438064713718418552e+01
-1.436196827387521324e+01
-1.433339003966162828e+01
-1.436482858947855767e+01
-1.437759617618302066e+01
-1.432191913081424062e+01
