# 2*np.log[MAD(r)] for 100 flights; 1000 steps per flight; run 22 of 50; mu: 2.50; seed: 21
-2.445173717441923955e+01
-2.319919973021280768e+01
-2.249196772639106712e+01
-2.217926990059917003e+01
-2.132360827555970317e+01
-2.134978711494574810e+01
-2.109802924966492910e+01
-2.125500716220458131e+01
-2.082507127262358537e+01
-2.036019547416698217e+01
-2.009169832576062120e+01
-2.003399260086980860e+01
-1.981257934739353743e+01
-1.996186794383799779e+01
-1.976419021128932130e+01
-1.975316116048566428e+01
-1.953856786951523716e+01
-1.949572013720019115e+01
-1.923044618294966668e+01
-1.947024688582410690e+01
-1.907968627385252702e+01
-1.886629154899832628e+01
-1.902339914610099569e+01
-1.893789829045533324e+01
-1.878726008703180739e+01
-1.873902565037705870e+01
-1.885835238659141311e+01
-1.874991943857679644e+01
-1.869485437866194388e+01
-1.859389612562532079e+01
-1.864874245754778670e+01
-1.885908342672145821e+01
-1.884048792395591576e+01
-1.888884911557669710e+01
-1.884761847412504920e+01
-1.864431246919879470e+01
-1.859781402822278906e+01
-1.878285919006889770e+01
-1.855404423153845528e+01
-1.846202269662230933e+01
-1.876423364893107859e+01
-1.850064822301641954e+01
-1.846475448196657965e+01
-1.854235635166072882e+01
-1.839407980908940488e+01
-1.833900644624425524e+01
-1.811112559518714704e+01
-1.819017678122912685e+01
-1.821320493255634432e+01
-1.805324657080782913e+01
-1.811667740046955188e+01
-1.829573996695881632e+01
-1.838054830060466216e+01
-1.819658785931361322e+01
-1.805620360877406583e+01
-1.802157377109810099e+01
-1.792533471966208936e+01
-1.803176191161648845e+01
-1.794302186203911020e+01
-1.799582836866176550e+01
-1.809643047988862463e+01
-1.791415187664540554e+01
-1.773802337680921681e+01
-1.785736485193423206e+01
-1.776577550989574306e+01
-1.774591008401142389e+01
-1.762616198568071368e+01
-1.755653529179656402e+01
-1.742967561057661285e+01
-1.734952771011558426e+01
-1.741276807543922445e+01
-1.746761573792865718e+01
-1.749093177550409095e+01
-1.741503515751601938e+01
-1.730211863136988626e+01
-1.738765154631740373e+01
-1.746282575104926948e+01
-1.726313254173395606e+01
-1.735428481759652186e+01
-1.716328481385640359e+01
-1.712955890593602248e+01
-1.731813883169416712e+01
-1.699686121118206472e+01
-1.706613074819632203e+01
-1.683277389719394179e+01
-1.705679052452193289e+01
-1.708250624486134228e+01
-1.715866654232717536e+01
-1.714539557738915931e+01
-1.724491867264648803e+01
-1.730497430587037044e+01
-1.719159377747770279e+01
-1.719603675667952558e+01
-1.709992857477992700e+01
-1.713310398549515412e+01
-1.704668122850497269e+01
-1.716478322115309396e+01
-1.710857542078424842e+01
-1.717615035617163954e+01
-1.712259351041700484e+01
-1.717485445193945992e+01
-1.721825300919419988e+01
-1.707317486232243198e+01
-1.712013603452690091e+01
-1.713323176006359461e+01
-1.718881194129346213e+01
-1.716681969677444997e+01
-1.706490698646721427e+01
-1.696735361509113460e+01
-1.697880334134086766e+01
-1.704887442274870679e+01
-1.693748612053096991e+01
-1.700290076460679600e+01
-1.715517988259838589e+01
-1.716809448759301304e+01
-1.707482414982598584e+01
-1.718959730671961950e+01
-1.723184780563726548e+01
-1.724164913878250616e+01
-1.724291690628440676e+01
-1.710485955521371793e+01
-1.719839341170986913e+01
-1.721333063941391117e+01
-1.718484979948230418e+01
-1.716652507762687208e+01
-1.719746875322652357e+01
-1.720685806646489269e+01
-1.710190136253780580e+01
-1.705876580431780098e+01
-1.709590168020420720e+01
-1.705225004078492645e+01
-1.701631258800529878e+01
-1.702514047580732282e+01
-1.690793666391493488e+01
-1.683608707065373267e+01
-1.711650705588004229e+01
-1.692585294393145645e+01
-1.689940289799996265e+01
-1.689684057297584729e+01
-1.695239468320033183e+01
-1.689108467304520289e+01
-1.705483143455262862e+01
-1.708120494307121007e+01
-1.713951502038676011e+01
-1.706587038850978999e+01
-1.693831224914650591e+01
-1.687931638385539301e+01
-1.688364064647185714e+01
-1.701963617650796579e+01
-1.710478010941429616e+01
-1.701434267931443500e+01
-1.699128618691849013e+01
-1.697055507387405626e+01
-1.668778450154188420e+01
-1.662292441111471319e+01
-1.670462139100128596e+01
-1.665179044130241692e+01
-1.674074811595292900e+01
-1.664914576416822811e+01
-1.666403004207112915e+01
-1.674198288129345968e+01
-1.664163605864349904e+01
-1.659206650994393328e+01
-1.658605872482326760e+01
-1.638579518357306952e+01
-1.630374254658795508e+01
-1.632611719780317472e+01
-1.629817606816610009e+01
-1.635890093131817835e+01
-1.633082595434252227e+01
-1.640669689741940829e+01
-1.642914060661178510e+01
-1.639521190093953251e+01
-1.642214976678293681e+01
-1.648989352642642814e+01
-1.647965368646751827e+01
-1.646093711119301162e+01
-1.650315886079399874e+01
-1.638783340230742525e+01
-1.635890815546637000e+01
-1.635838844613015297e+01
-1.655093154675452638e+01
-1.653058072027152292e+01
-1.654099674005210119e+01
-1.650821055422113304e+01
-1.655060961725393298e+01
-1.651261770019575437e+01
-1.652300370345049885e+01
-1.642573294628337521e+01
-1.633753151753563770e+01
-1.636191385730771231e+01
-1.625798682755616298e+01
-1.633031248535754898e+01
-1.623919564324302200e+01
-1.621768688008861403e+01
-1.623942574631847791e+01
-1.618977102585373729e+01
-1.622227774007284040e+01
-1.632158805957919867e+01
-1.623443506057174446e+01
-1.613322925133291363e+01
-1.614540742478764201e+01
-1.624036666997900724e+01
-1.605815101637913855e+01
-1.607263410041842633e+01
-1.600429207606879700e+01
-1.598805916814959538e+01
-1.594267336010131508e+01
-1.592729564519720853e+01
-1.593246217415527077e+01
-1.593376015724637185e+01
-1.591290703167447695e+01
-1.590237096096067404e+01
-1.606142457530473777e+01
-1.601412361419265551e+01
-1.604827700967263837e+01
-1.610183689247647365e+01
-1.603202676552862371e+01
-1.594775439915872006e+01
-1.597536569597468592e+01
-1.605751518646817999e+01
-1.593735402648478683e+01
-1.597389229271037259e+01
-1.599691172611657208e+01
-1.598134815058984159e+01
-1.600959298419343213e+01
-1.590667923478146228e+01
-1.579029098522040719e+01
-1.586248272705073248e+01
-1.580842705798944081e+01
-1.577967116339988252e+01
-1.594145650309500795e+01
-1.585886101731524711e+01
-1.581511061322446388e+01
-1.584138117084548192e+01
-1.598549297722209417e+01
-1.594768232728714352e+01
-1.602333033514340954e+01
-1.593557751741902351e+01
-1.587394799697262648e+01
-1.586857148841193776e+01
-1.588806276209198209e+01
-1.589412037465900873e+01
-1.592105019322887038e+01
-1.590139959404198500e+01
-1.584447756421646858e+01
-1.584069150636196177e+01
-1.575504840791703565e+01
-1.580896660056161984e+01
-1.583586971743104144e+01
-1.582225494290204537e+01
-1.587633508299947493e+01
-1.576814277234762152e+01
-1.569366092588883355e+01
-1.577231776594969226e+01
-1.580156849811235276e+01
-1.584778544212043272e+01
-1.593913170059511408e+01
-1.587252246339042294e+01
-1.587617868106868890e+01
-1.584747243374175163e+01
-1.582651923423346574e+01
-1.588920571624866263e+01
-1.594436514674403682e+01
-1.598126234589625305e+01
-1.596816819147800892e+01
-1.593691207373919383e+01
-1.584601201210559651e+01
-1.578937949791439088e+01
-1.568813593748444113e+01
-1.572912365959004433e+01
-1.579501065841092355e+01
-1.575292859109364052e+01
-1.573372403346255233e+01
-1.574725370066237851e+01
-1.577442223640786878e+01
-1.578388534322237824e+01
-1.585358031663303180e+01
-1.585690935882243302e+01
-1.581475578528276493e+01
-1.591652120364309830e+01
-1.595714546311404014e+01
-1.589005724841501710e+01
-1.589292233159318890e+01
-1.584334601238946938e+01
-1.584476695320659267e+01
-1.585072721828044173e+01
-1.591231856999647043e+01
-1.589882675312371596e+01
-1.586586379356882404e+01
-1.591920573072566647e+01
-1.594128093282201419e+01
-1.592005465610075454e+01
-1.591452302939476837e+01
-1.597024154335042923e+01
-1.603946759003581235e+01
-1.603743423035032478e+01
-1.598306382948145909e+01
-1.595231436495529032e+01
-1.585199106790178547e+01
-1.597962544145250341e+01
-1.578989569489260880e+01
-1.590298432840682885e+01
-1.590224606593470469e+01
-1.603083538206805869e+01
-1.600736244008745501e+01
-1.603553248085953342e+01
-1.599306222587984472e+01
-1.591006964366123633e+01
-1.586702509843257580e+01
-1.589696331841901156e+01
-1.587195540685314654e+01
-1.582090811715753809e+01
-1.587858854874614245e+01
-1.585200237019116010e+01
-1.583286787196959722e+01
-1.582985782117204110e+01
-1.582890791623675319e+01
-1.577398991322710309e+01
-1.577714918221370866e+01
-1.578249219435789463e+01
-1.585208356458231904e+01
-1.581494387942453805e+01
-1.583568525460886356e+01
-1.604052106763102614e+01
-1.608048199530949063e+01
-1.586547144309245105e+01
-1.602671632732581486e+01
-1.600466775809554321e+01
-1.610613890763177025e+01
-1.599759262098730694e+01
-1.610975852143761955e+01
-1.616090738985704789e+01
-1.602663664849610115e+01
-1.613162068416933792e+01
-1.619888002910192881e+01
-1.611627011064186021e+01
-1.617167237992867257e+01
-1.614712098644701754e+01
-1.613171956901778969e+01
-1.596673929168014361e+01
-1.598171801233832845e+01
-1.602465699824600165e+01
-1.592649407260113215e+01
-1.594933531277379046e+01
-1.597813964659832386e+01
-1.589213497208687365e+01
-1.605487744447309595e+01
-1.604056971926273789e+01
-1.587676573992202123e+01
-1.587204523891669794e+01
-1.575091000200228564e+01
-1.570020700916182399e+01
-1.597605519388007345e+01
-1.591533034425619597e+01
-1.589663703942331807e+01
-1.583604190404592593e+01
-1.587610856257971825e+01
-1.592387308132479617e+01
-1.604724156830289417e+01
-1.590034684945779375e+01
-1.595006279660504056e+01
-1.590560489353596729e+01
-1.591219679744745008e+01
-1.584976187934267777e+01
-1.584115577071564296e+01
-1.586771726305503982e+01
-1.592012515095843384e+01
-1.593890845602787110e+01
-1.598521368893817396e+01
-1.584189176453188352e+01
-1.580013009333360152e+01
-1.588128457113755587e+01
-1.590575270051211554e+01
-1.589208492307716369e+01
-1.582195908696090569e+01
-1.581607149250362987e+01
-1.586358217899248046e+01
-1.587352646936665934e+01
-1.586353376749997146e+01
-1.591004366506262357e+01
-1.581534784350811051e+01
-1.579028032293505568e+01
-1.600546697909525307e+01
-1.600845698745785839e+01
-1.601641751270073399e+01
-1.596115949783735033e+01
-1.604275194556180750e+01
-1.604193137179583672e+01
-1.600541868167953297e+01
-1.601498751494876061e+01
-1.586177555537319783e+01
-1.593276752379662931e+01
-1.585471405188935279e+01
-1.592030146539411106e+01
-1.582719550774839590e+01
-1.586378074304439245e+01
-1.584331412800121441e+01
-1.584532013808801310e+01
-1.582042790220334183e+01
-1.578435936050636634e+01
-1.577285921079195674e+01
-1.577221761356947205e+01
-1.574045625113193303e+01
-1.573610895612487681e+01
-1.561222352399458124e+01
-1.563609502794881223e+01
-1.569065130173368949e+01
-1.569820219003213957e+01
-1.576288462364249376e+01
-1.570190108384589145e+01
-1.579691756196870678e+01
-1.580195722557751914e+01
-1.580166028630531194e+01
-1.581857610491750776e+01
-1.574653759763389438e+01
-1.571622667754016511e+01
-1.562592397525048149e+01
-1.569584994962006164e+01
-1.566479626745742593e+01
-1.571133112454104896e+01
-1.575810088904405859e+01
-1.571952641001605677e+01
-1.570560121007113352e+01
-1.567857450420615706e+01
-1.563507276674380364e+01
-1.553475104005879004e+01
-1.556667172252713272e+01
-1.561539210166197833e+01
-1.557850813446949978e+01
-1.557568563336700507e+01
-1.554802570224057945e+01
-1.540620751444963865e+01
-1.543393292283056439e+01
-1.545688940495803543e+01
-1.540743364423911110e+01
-1.543057449019526928e+01
-1.553498275866574474e+01
-1.555139508867089759e+01
-1.548406314922601190e+01
-1.541359405619741629e+01
-1.536162459166801675e+01
-1.549978045754772893e+01
-1.548034098826679639e+01
-1.555468213049309689e+01
-1.558898336971715004e+01
-1.551332667092698259e+01
-1.531468506189149714e+01
-1.534585393580932866e+01
-1.540738653416723913e+01
-1.539096246895383402e+01
-1.528541082605585366e+01
-1.531693620122497990e+01
-1.529860368231700818e+01
-1.518689635559767304e+01
-1.523333762481493636e+01
-1.526999942763726104e+01
-1.520175681370327680e+01
-1.527604027184537827e+01
-1.524341767697985972e+01
-1.529632189216781235e+01
-1.525811493032959554e+01
-1.520329157882054361e+01
-1.525700191189978128e+01
-1.520106897024159842e+01
-1.524374620381557754e+01
-1.526995880381968718e+01
-1.524145473032535847e+01
-1.525421381622695449e+01
-1.526298930453975089e+01
-1.524497425196955191e+01
-1.532519548824704358e+01
-1.525744970410793755e+01
-1.526605986095612089e+01
-1.534743731196893535e+01
-1.540688218258589792e+01
-1.535284275097833806e+01
-1.534548235816896877e+01
-1.531271350693589461e+01
-1.539972027644859587e+01
-1.538629902367365432e+01
-1.542314926438164058e+01
-1.540539087509032967e+01
-1.538064233852965046e+01
-1.546383415823716057e+01
-1.544239954046318886e+01
-1.540624535039597909e+01
-1.535982648642299786e+01
-1.545640424586158801e+01
-1.539034177656754743e+01
-1.536244580178279229e+01
-1.528000598831613743e+01
-1.531382025309978800e+01
-1.525118001031034431e+01
-1.525702355383351438e+01
-1.532548215170846362e+01
-1.525507883670332099e+01
-1.526617053799018286e+01
-1.522192827757933209e+01
-1.519887894278867435e+01
-1.520317749779799854e+01
-1.522031226150300931e+01
-1.521654690893232242e+01
-1.520737177945530583e+01
-1.521133457474807216e+01
-1.512144954489166437e+01
-1.526075251994405058e+01
-1.532621750413995620e+01
-1.526090013535777778e+01
-1.521711871816955863e+01
-1.523100404023409205e+01
-1.523881835880918345e+01
-1.529581299281481499e+01
-1.527876828858016367e+01
-1.528095237932851802e+01
-1.523733230037374753e+01
-1.530879145741556613e+01
-1.520462177650178504e+01
-1.522907826025283029e+01
-1.524894209418542346e+01
-1.525406784472122190e+01
-1.529346987170603178e+01
-1.518192338026572585e+01
-1.500290413927600142e+01
-1.506290740808990058e+01
-1.510042680217051192e+01
-1.517686122174991858e+01
-1.515141304343720741e+01
-1.527831154536685254e+01
-1.527391935443032445e+01
-1.518892687636508398e+01
-1.529919063279066727e+01
-1.523483141171958266e+01
-1.518417192360712420e+01
-1.518872431354797747e+01
-1.515235587797944028e+01
-1.517692909876974738e+01
-1.515024507460362635e+01
-1.527214586330974200e+01
-1.523189566452411192e+01
-1.524380646230837399e+01
-1.522937501042238040e+01
-1.521309545698970034e+01
-1.514182874201628337e+01
-1.502446485247579844e+01
-1.516208896254994087e+01
-1.512231043141324349e+01
-1.508608074067349136e+01
-1.510791886276192209e+01
-1.504950217080420494e+01
-1.505646869250958986e+01
-1.513075817493936448e+01
-1.515935623158012646e+01
-1.516597337103128140e+01
-1.508706039718323133e+01
-1.509189563054552252e+01
-1.508510813412268803e+01
-1.508219965351960390e+01
-1.503158295440716152e+01
-1.506837365164191844e+01
-1.509045350003982655e+01
-1.511374435092329982e+01
-1.520225851363216840e+01
-1.523995724515155104e+01
-1.523855437727647377e+01
-1.517383256486776588e+01
-1.508819628402843094e+01
-1.508783284175796524e+01
-1.503734128114324520e+01
-1.502147215940768987e+01
-1.505831730525451384e+01
-1.505205265822620753e+01
-1.508839719388216771e+01
-1.516563355730286311e+01
-1.509791151879981719e+01
-1.509996909426390310e+01
-1.507952272951397354e+01
-1.503258568920487015e+01
-1.501798316123411503e+01
-1.506632454158353163e+01
-1.505237007399153804e+01
-1.511661274524366760e+01
-1.513660437480010046e+01
-1.515988392758402803e+01
-1.511209248571754848e+01
-1.499190870389390184e+01
-1.506623175396141079e+01
-1.515827439498178997e+01
-1.507618557631288958e+01
-1.506671283427667518e+01
-1.507897435635275230e+01
-1.513677210874670287e+01
-1.512329457548027456e+01
-1.517706290982386363e+01
-1.519165975529757873e+01
-1.519045632466115414e+01
-1.506387641720091963e+01
-1.501297261824461415e+01
-1.507289300174606161e+01
-1.508329750945357617e+01
-1.498315391281511921e+01
-1.498308758443882027e+01
-1.506186338252634904e+01
-1.508486581172357077e+01
-1.509822905468461585e+01
-1.506994792280473661e+01
-1.505091765866612796e+01
-1.501413392991141471e+01
-1.504937078810053741e+01
-1.509566562774497989e+01
-1.519144579418578545e+01
-1.505551723650835427e+01
-1.513747817522449601e+01
-1.505216853868095050e+01
-1.497333255272130614e+01
-1.502620750798541494e+01
-1.499205269740673607e+01
-1.500186289851212074e+01
-1.500864498498445343e+01
-1.499731452350910388e+01
-1.506907313505559287e+01
-1.489901608012614354e+01
-1.497173446113499296e+01
-1.498632823378164858e+01
-1.501591710857946538e+01
-1.509304738245705124e+01
-1.500695056025302598e+01
-1.502407015384859967e+01
-1.498498821168667661e+01
-1.495052481090382912e+01
-1.494013050455782121e+01
-1.502226307665187299e+01
-1.503978154704234704e+01
-1.502762018621593754e+01
-1.502166784527821264e+01
-1.500743846239264023e+01
-1.499710983893376159e+01
-1.496178813127284357e+01
-1.493997110049567034e+01
-1.500375595745972390e+01
-1.496759587902248434e+01
-1.493273839789179647e+01
-1.509417906444567947e+01
-1.506856290808647003e+01
-1.492581120016323659e+01
-1.494610245289555372e+01
-1.494381700262479740e+01
-1.492169665808584789e+01
-1.490226496569806081e+01
-1.492192703081670402e+01
-1.488290911903723313e+01
-1.482814367779965536e+01
-1.485178891333926643e+01
-1.493597516580743623e+01
-1.481417220066069973e+01
-1.485438346144312760e+01
-1.485234394398374391e+01
-1.486773792123856097e+01
-1.496149933892010964e+01
-1.495572433050343086e+01
-1.493007955670007370e+01
-1.487985202312678013e+01
-1.492296737585509092e+01
-1.493383744466465224e+01
-1.495923260478972061e+01
-1.496567143121626486e+01
-1.499139774503329470e+01
-1.500291289772905046e+01
-1.499834834103871906e+01
-1.492137538289300913e+01
-1.492230831719877315e+01
-1.490070435306219032e+01
-1.491043510582727372e+01
-1.492074475620074203e+01
-1.490641678216928412e+01
-1.490782643612934955e+01
-1.487562368224794263e+01
-1.491653125004656033e+01
-1.492165805632181197e+01
-1.492206878730501707e+01
-1.490557982585005092e+01
-1.495356306786095502e+01
-1.499264592380582961e+01
-1.507082185356196646e+01
-1.506351359432721715e+01
-1.500800696412662383e+01
-1.491929245602595877e+01
-1.486606813783921410e+01
-1.483236946749918062e+01
-1.484449157117926354e+01
-1.486283338546748567e+01
-1.491629777913256838e+01
-1.486852541905723335e+01
-1.486432862410747369e+01
-1.489484387888821360e+01
-1.487865356764311997e+01
-1.487176595006387458e+01
-1.485623169926137166e+01
-1.486280662475693504e+01
-1.483169883764410635e+01
-1.488127878964458795e+01
-1.478517745946188811e+01
-1.475814235967044752e+01
-1.479173291952483282e+01
-1.475083295268108152e+01
-1.477747417590394186e+01
-1.471656214251254013e+01
-1.472800025426132819e+01
-1.476036656542521541e+01
-1.479306583650111051e+01
-1.474740686590975614e+01
-1.470413951367309302e+01
-1.466317000806437854e+01
-1.464246425919492189e+01
-1.463184913136590914e+01
-1.466873893055340616e+01
-1.466093961352659392e+01
-1.463942201059716020e+01
-1.464844908897120312e+01
-1.466514146424028375e+01
-1.467085543936601866e+01
-1.463810332413032356e+01
-1.468021154626396374e+01
-1.466334497575582851e+01
-1.465649347860338381e+01
-1.464209497790906767e+01
-1.462582710456609902e+01
-1.457479911367439662e+01
-1.461146981648287557e+01
-1.461467664211869177e+01
-1.467207451877215973e+01
-1.469232924266483309e+01
-1.470899155510445588e+01
-1.473370017793401665e+01
-1.471907150294502031e+01
-1.468825018919388192e+01
-1.466835724770124116e+01
-1.470727369479973667e+01
-1.475911972134982797e+01
-1.477755264833482940e+01
-1.484087425174145380e+01
-1.484571395319511211e+01
-1.479682475185191137e+01
-1.476003129700290728e+01
-1.473036659081071420e+01
-1.482158738973002343e+01
-1.489224568812643312e+01
-1.483163067045435390e+01
-1.478332017159986478e+01
-1.470754107153708645e+01
-1.469069320914463894e+01
-1.466633647602008317e+01
-1.460881061625041255e+01
-1.462077536223916674e+01
-1.469173857800688587e+01
-1.460065188187528307e+01
-1.457212125275573733e+01
-1.458930689688815008e+01
-1.459666691933216676e+01
-1.464758318235986856e+01
-1.460587914616442617e+01
-1.459406887119714824e+01
-1.465772690737572503e+01
-1.467372151662411639e+01
-1.470403867009341603e+01
-1.476711766048513041e+01
-1.478922134642860620e+01
-1.477271846706214120e+01
-1.475762096087564146e+01
-1.476371381571013863e+01
-1.474968767977428286e+01
-1.472764508321570176e+01
-1.477335608882241935e+01
-1.476814776890507908e+01
-1.458089468872554839e+01
-1.462851015896765894e+01
-1.463481450092888281e+01
-1.463003745855105997e+01
-1.461467840126336704e+01
-1.465319036901198047e+01
-1.465702432041081060e+01
-1.468273986930208075e+01
-1.460799924922040738e+01
-1.459167903543395362e+01
-1.457850998427266376e+01
-1.460679869859339952e+01
-1.471088123481407450e+01
-1.474553220012547605e+01
-1.476859970653837095e+01
-1.465549667875019857e+01
-1.467253317218244391e+01
-1.464475779527896826e+01
-1.461244807058573514e+01
-1.468175210764754191e+01
-1.455336599879013981e+01
-1.454165681998207660e+01
-1.453842659304091178e+01
-1.464318749461621039e+01
-1.462457806287155826e+01
-1.463015456927201363e+01
-1.461994158634409047e+01
-1.464247614788873086e+01
-1.463541992874764297e+01
-1.465798115679158897e+01
-1.458207828677650220e+01
-1.449166621508324049e+01
-1.450658729480641540e+01
-1.452621574742491717e+01
-1.450266480396958535e+01
-1.442903826004147838e+01
-1.443468995022472434e+01
-1.444052928352492415e+01
-1.440883217609895794e+01
-1.440558790926963262e+01
-1.442348464437028888e+01
-1.440590188226394730e+01
-1.436015415817387897e+01
-1.445100514395871016e+01
-1.433343815873906557e+01
-1.439528445782719146e+01
-1.438017482990609786e+01
-1.440766982887378589e+01
-1.448367653325315452e+01
-1.448607322599449354e+01
-1.451899751657796145e+01
-1.447535764384785573e+01
-1.444131181533580133e+01
-1.439239669463376181e+01
-1.438788322099017947e+01
-1.446969090483102605e+01
-1.447353103836510257e+01
-1.446009117589174409e+01
-1.444950032267547080e+01
-1.442721819199074673e+01
-1.435377319379238870e+01
-1.438596116345951970e+01
-1.446523203492637144e+01
-1.437013559703410870e+01
-1.438981773652927920e+01
-1.441142863787881900e+01
-1.449314196147880374e+01
-1.453366598490138095e+01
-1.452965441611394581e+01
-1.451150100028429080e+01
-1.448961387490690988e+01
-1.443932145942786249e+01
-1.458733264746908986e+01
-1.453933122915813136e+01
-1.451851624577398781e+01
-1.453411190699505084e+01
-1.448940908983716191e+01
-1.433602042820705158e+01
-1.438904679322015845e+01
-1.445496961533965319e+01
-1.444750549241938486e+01
-1.447211578221160977e+01
-1.444495227834984519e+01
-1.441881367088254073e+01
-1.444653101091884473e+01
-1.444415230244059600e+01
-1.445605153584609326e+01
-1.440876947334543345e+01
-1.441971551958141262e+01
-1.436707506492899178e+01
-1.429673015244630996e+01
-1.433449457325192000e+01
-1.427720947971173615e+01
-1.433643062917482958e+01
-1.434617173683482960e+01
-1.430087564892054530e+01
-1.430829681493463212e+01
-1.436679503398061897e+01
-1.435339041851072572e+01
-1.436838742079934406e+01
-1.442345956092171377e+01
-1.438849543719399371e+01
-1.439606180090049747e+01
-1.436804972276386927e+01
-1.442260172507362626e+01
-1.442932721251227512e+01
-1.451763968195691668e+01
-1.453702785717656454e+01
-1.440552872301272380e+01
-1.441424044976419516e+01
-1.441378489811758712e+01
-1.440128748739473252e+01
-1.440039106824215409e+01
-1.438924796239555626e+01
-1.444427381258780052e+01
-1.445853285927388931e+01
-1.445004229919956451e+01
-1.447348191795750161e+01
-1.447467089047095889e+01
-1.452220910112815844e+01
-1.450123509828555513e+01
-1.439949274295166859e+01
-1.441500781854830748e+01
-1.440754820002645431e+01
-1.444575017151329455e+01
-1.450567022839408438e+01
-1.455720181312768347e+01
-1.451716363083178685e+01
-1.452374827660083234e+01
-1.450391792571726235e+01
-1.447731679951627726e+01
-1.450808612082411919e+01
-1.448919659229266976e+01
-1.452909339193330673e+01
-1.446129491274836099e+01
-1.444404872785438343e+01
-1.440328572303196175e+01
-1.442978463231186659e+01
-1.446274184816208574e+01
-1.445228385374594282e+01
-1.445939510021788976e+01
-1.449322010691760809e+01
-1.452785058955985065e+01
-1.447117061058140841e+01
-1.453331425793269460e+01
-1.455150298434605993e+01
-1.454853510331880173e+01
-1.452833890823183260e+01
-1.456859623735251752e+01
-1.456906244680639517e+01
-1.465424247485898235e+01
-1.463420080757588515e+01
-1.454599564114161936e+01
-1.453005332467729005e+01
-1.454203417487318184e+01
-1.455014859094436730e+01
-1.457425978030554958e+01
-1.455479464596881733e+01
-1.448068338668200283e+01
-1.450722635092185087e+01
-1.449243605174663152e+01
-1.439352733182200694e+01
-1.435673919035866852e+01
-1.438369049051866355e+01
-1.443768812733552132e+01
-1.439333486924249073e+01
-1.445246389418532829e+01
-1.447103159217498991e+01
-1.453314442524088967e+01
-1.452434792514668338e+01
-1.447760910614672270e+01
-1.454146046149395310e+01
-1.450908771418811227e+01
-1.441809569183571149e+01
-1.440147078719121687e+01
-1.450219055655190381e+01
-1.441976477637310516e+01
-1.441307439516758038e+01
-1.439946698690920002e+01
-1.434791157459738642e+01
-1.434815161984631793e+01
-1.432947990926127524e+01
-1.432769433566122430e+01
-1.432532586893181126e+01
-1.430910837557563831e+01
-1.433356548135552799e+01
-1.433637324762680798e+01
-1.428348482182568269e+01
-1.429046034119813413e+01
-1.429889884288289892e+01
-1.416068600312872938e+01
-1.415503533027228933e+01
-1.413851759359259219e+01
-1.418358936542736259e+01
-1.422966884148916478e+01
-1.428018250503039077e+01
-1.426440723232919972e+01
-1.424735496561781467e+01
-1.425363289398882038e+01
-1.429297733887165833e+01
-1.424728577871756308e+01
-1.409370585234620421e+01
-1.419028324045487999e+01
-1.416252921018467070e+01
-1.401529283210238397e+01
-1.402951135256573600e+01
-1.402651096057372193e+01
-1.412054729675934261e+01
-1.415854953767277102e+01
-1.414183084656653655e+01
-1.418961897050535015e+01
-1.419495770799671241e+01
-1.416544824395686852e+01
-1.417565043995593932e+01
-1.415396969950134576e+01
-1.414407849273360185e+01
-1.420552162742749758e+01
-1.420909455197401172e+01
-1.421170193671151516e+01
-1.423310259911491471e+01
-1.419843720374701768e+01
-1.410554434369062626e+01
-1.413635659216587825e+01
-1.416770926761138583e+01
-1.417179294591770145e+01
-1.410529770207970479e+01
