# 2*np.log[MAD(r)] for 100 flights; 1000 steps per flight; run 12 of 50; mu: 2.50; seed: 11
-2.453445590435554990e+01
-2.281702035949968277e+01
-2.243632192842024509e+01
-2.193620160869264168e+01
-2.166970544165878465e+01
-2.134756152510082927e+01
-2.100814644396919206e+01
-2.062552404223316316e+01
-2.075416023598407023e+01
-2.059098393145595907e+01
-2.060427782427055732e+01
-2.040163974747633802e+01
-2.010821393861314732e+01
-1.997131039008081288e+01
-1.979664648506902580e+01
-1.968053460909199259e+01
-1.959050324383584751e+01
-1.974944592999190363e+01
-1.968915250458053023e+01
-1.936726474303360135e+01
-1.921704011881732299e+01
-1.916767561441933410e+01
-1.928365067310724257e+01
-1.909597099416230748e+01
-1.902661389590575425e+01
-1.904194762032576804e+01
-1.864854754213315857e+01
-1.847775438193367492e+01
-1.844142793203381459e+01
-1.847392171620601786e+01
-1.857121122668004176e+01
-1.829854165287002843e+01
-1.830431346894006950e+01
-1.830845324933835983e+01
-1.822120465521929589e+01
-1.817128206529309153e+01
-1.795447675023253709e+01
-1.796310394430485502e+01
-1.771450148258692181e+01
-1.759487526330862295e+01
-1.747594981975077388e+01
-1.741974294331720685e+01
-1.748962192871295684e+01
-1.756827510159085293e+01
-1.771842876305990089e+01
-1.752011873042664902e+01
-1.758447318824831385e+01
-1.743943571228439282e+01
-1.747351467276898518e+01
-1.745895451517885633e+01
-1.753305791012230941e+01
-1.745673620717931129e+01
-1.742165671616461964e+01
-1.743677194468723357e+01
-1.760030874375308940e+01
-1.762027193529967306e+01
-1.740547155853367656e+01
-1.735131792321907440e+01
-1.734992572277139544e+01
-1.736475926615113607e+01
-1.735932745767523855e+01
-1.726719056126663787e+01
-1.736688366216115753e+01
-1.746922072274372439e+01
-1.756731533299693737e+01
-1.761608136214491793e+01
-1.777617997944642525e+01
-1.758265761663189863e+01
-1.754481142421742135e+01
-1.752995238663048738e+01
-1.744643872244672167e+01
-1.758543407882060805e+01
-1.767264142127564597e+01
-1.750998182550959825e+01
-1.751105915809037938e+01
-1.749605464715408232e+01
-1.747938877301844585e+01
-1.742715925625906692e+01
-1.756420800587131126e+01
-1.760852731337959654e+01
-1.750576586647385469e+01
-1.745269761874401482e+01
-1.719186376597478016e+01
-1.722926166614592347e+01
-1.720466201542666340e+01
-1.729587412783705602e+01
-1.710089146309385200e+01
-1.726092251243046505e+01
-1.739325854881521494e+01
-1.735122577804164479e+01
-1.738728140605133987e+01
-1.745022587153246363e+01
-1.740896366672771833e+01
-1.731717475952929064e+01
-1.725796342110041692e+01
-1.723516522240742077e+01
-1.719036707551416043e+01
-1.724461996652094342e+01
-1.718669005201441635e+01
-1.726381173279565573e+01
-1.714062030716949536e+01
-1.708831303462422113e+01
-1.699404677943139674e+01
-1.703290858011447284e+01
-1.707021035656973496e+01
-1.702614953922026686e+01
-1.716673837152574222e+01
-1.713325209899043600e+01
-1.709810062361688310e+01
-1.711651127828421792e+01
-1.705523355507102679e+01
-1.702427514098700811e+01
-1.692757295827368580e+01
-1.679137242688901566e+01
-1.680355740771062045e+01
-1.694265179915530339e+01
-1.661879775501831702e+01
-1.640355403418106306e+01
-1.648916137289630157e+01
-1.647892087857596621e+01
-1.641663422530782057e+01
-1.639908209922630178e+01
-1.629654621955173965e+01
-1.628907348724839821e+01
-1.631097857636597936e+01
-1.635186361217159501e+01
-1.654736921387923232e+01
-1.649430645765125547e+01
-1.642487475300776723e+01
-1.645309984288000393e+01
-1.637868526707963568e+01
-1.633475954777267347e+01
-1.626490760348664821e+01
-1.636922540919870528e+01
-1.648027805999414142e+01
-1.633251485646923484e+01
-1.637186074439114591e+01
-1.642435610031605364e+01
-1.648285876526080429e+01
-1.642959391280994552e+01
-1.628168745123449668e+01
-1.640195090874669859e+01
-1.635757448274882009e+01
-1.645188965457603203e+01
-1.645173777109796021e+01
-1.646768626382275613e+01
-1.647909901350186601e+01
-1.660852486194902866e+01
-1.659476287297992769e+01
-1.655453978027650308e+01
-1.657045050854654633e+01
-1.655078955783806549e+01
-1.654623409163136571e+01
-1.643137714165102992e+01
-1.640262249587348364e+01
-1.642792881253979687e+01
-1.641460173591989502e+01
-1.644899184012614057e+01
-1.642719420742070113e+01
-1.640616621602931247e+01
-1.652263561779600920e+01
-1.652819285319672105e+01
-1.658040112141337374e+01
-1.654695921275381565e+01
-1.652351915719189890e+01
-1.646648129035855135e+01
-1.648837285547136133e+01
-1.642211333038287790e+01
-1.642564986562706153e+01
-1.620765026275439524e+01
-1.622915057091131175e+01
-1.632016652073997776e+01
-1.625144368428422226e+01
-1.628691272023971592e+01
-1.624359014840008086e+01
-1.636050855394945813e+01
-1.624254150425302612e+01
-1.631862913477207755e+01
-1.609011913822600093e+01
-1.596015609928294587e+01
-1.601959409644230092e+01
-1.598487655334381152e+01
-1.583322527306685323e+01
-1.581360679521237245e+01
-1.584386449822632770e+01
-1.592747851283692739e+01
-1.602351068914115828e+01
-1.591100296130943548e+01
-1.591259032542105878e+01
-1.595420814982809610e+01
-1.587575785006781715e+01
-1.593372225114404728e+01
-1.595045508725391414e+01
-1.590819183615442256e+01
-1.580338917778313501e+01
-1.569761527061530515e+01
-1.569441992974775246e+01
-1.570167914346652438e+01
-1.566541873551835273e+01
-1.563700183841892510e+01
-1.565160139265724304e+01
-1.554855565427187614e+01
-1.557028292652995560e+01
-1.557478982883838903e+01
-1.553223538398404102e+01
-1.549142392421328296e+01
-1.557468406346676737e+01
-1.556843601442665559e+01
-1.562520493333229510e+01
-1.561797860526675130e+01
-1.566744930643901590e+01
-1.570529220183104613e+01
-1.572138609502845696e+01
-1.572548867321691368e+01
-1.569783284497123788e+01
-1.572734257484361109e+01
-1.573182650913578762e+01
-1.584666652041366497e+01
-1.591266012789755457e+01
-1.582928281763664735e+01
-1.588850502231239581e+01
-1.576676752257711023e+01
-1.577196497022637267e+01
-1.574314138326410983e+01
-1.579555876407823689e+01
-1.574145006913785494e+01
-1.586359517682881659e+01
-1.588202761295469223e+01
-1.588577075034129926e+01
-1.587814194161719428e+01
-1.583713351173826744e+01
-1.587110587084344360e+01
-1.581109625873588165e+01
-1.580637010054371139e+01
-1.587563760485539532e+01
-1.577467954597686450e+01
-1.577926827502715312e+01
-1.578463220650477083e+01
-1.576002735679730904e+01
-1.571382343395410608e+01
-1.578282039739582565e+01
-1.585938520686250008e+01
-1.583727785544513011e+01
-1.586101775581057360e+01
-1.576597684713857284e+01
-1.585324284941606798e+01
-1.583048624898479595e+01
-1.571610673286969018e+01
-1.561295541298999900e+01
-1.569703391874164211e+01
-1.557054713251013567e+01
-1.553271046654929499e+01
-1.551792528123140613e+01
-1.546603824337916677e+01
-1.554809796593580984e+01
-1.554260635709163552e+01
-1.552623350866022811e+01
-1.554597475181986077e+01
-1.552231953921073249e+01
-1.547743980229155447e+01
-1.560858257521086045e+01
-1.557842933358606174e+01
-1.553793529282723362e+01
-1.552350709787253535e+01
-1.549776833842526536e+01
-1.556820708616743509e+01
-1.562132906906861862e+01
-1.561737606982346271e+01
-1.564393950308274839e+01
-1.559977306278853426e+01
-1.562178788118865036e+01
-1.561824724241987639e+01
-1.561828274970308783e+01
-1.562348240136703836e+01
-1.554587213998042650e+01
-1.557216054970125185e+01
-1.556170511943050450e+01
-1.550661770225739744e+01
-1.541574290199122999e+01
-1.542359051216850929e+01
-1.540866438126605509e+01
-1.544848576059013290e+01
-1.549316690834315935e+01
-1.553174596825893339e+01
-1.561658142703238283e+01
-1.550484267447740905e+01
-1.547548821257525731e+01
-1.546722782538764918e+01
-1.541432043336205915e+01
-1.550522188143338731e+01
-1.547153892542390174e+01
-1.543360380011486477e+01
-1.549358996938181221e+01
-1.548486932698189555e+01
-1.548046807729284424e+01
-1.541889535043217840e+01
-1.552531607102200617e+01
-1.551477606915313423e+01
-1.552031297028357848e+01
-1.542519118120011257e+01
-1.537067870358647603e+01
-1.531351021193753503e+01
-1.531415844109356605e+01
-1.538025912588104127e+01
-1.548160990421651562e+01
-1.549175600113503215e+01
-1.554285132345465392e+01
-1.558834486728015811e+01
-1.558507183284072362e+01
-1.546068766415036855e+01
-1.544275657818061198e+01
-1.535358681554153826e+01
-1.534400336167933965e+01
-1.527263906642604674e+01
-1.526016351448727093e+01
-1.527979892892836133e+01
-1.524970899148686243e+01
-1.526281436128767055e+01
-1.525193479230072491e+01
-1.533442096966230928e+01
-1.520851316360832861e+01
-1.523170356224318489e+01
-1.516819512408850734e+01
-1.527863679036497579e+01
-1.517598426449610649e+01
-1.522192722320640357e+01
-1.513325444980110923e+01
-1.514961091235521806e+01
-1.515584195712249560e+01
-1.519496218582174052e+01
-1.531234124432753241e+01
-1.544906515250046652e+01
-1.543419724095559786e+01
-1.531588201240478142e+01
-1.539266717936550855e+01
-1.540830690647459456e+01
-1.544497089519748023e+01
-1.548870084504334166e+01
-1.548179752984453472e+01
-1.545522708285704816e+01
-1.534538692939276139e+01
-1.539212076981499422e+01
-1.533890974421869835e+01
-1.538649050917992867e+01
-1.533812937691903322e+01
-1.530098697906304572e+01
-1.531752461158680134e+01
-1.527095866374603439e+01
-1.525189063491539798e+01
-1.523354440682878419e+01
-1.515916973557147784e+01
-1.520362886027266391e+01
-1.519678616479842859e+01
-1.518019383351256124e+01
-1.522368225841140088e+01
-1.523333273172456437e+01
-1.523205366031578301e+01
-1.526074527375646106e+01
-1.528284843529764991e+01
-1.524187436139628637e+01
-1.528518377115655724e+01
-1.525955155455811862e+01
-1.508582557353956588e+01
-1.512170855936750868e+01
-1.520562471153845152e+01
-1.526311452298468829e+01
-1.514311396233492069e+01
-1.520031482477882712e+01
-1.516150177201557092e+01
-1.512876701613903130e+01
-1.508023147456161261e+01
-1.512959780036351276e+01
-1.512017253521632121e+01
-1.509400544428005198e+01
-1.507137475913954638e+01
-1.503696318402514009e+01
-1.513837496279944261e+01
-1.515029605401966961e+01
-1.520907542857927019e+01
-1.513387506567004692e+01
-1.533851272524422171e+01
-1.521049953115600317e+01
-1.532749177705471766e+01
-1.538969531808369773e+01
-1.539226146656873340e+01
-1.527139287000366963e+01
-1.534295439526784044e+01
-1.532430633555782507e+01
-1.526857041539674853e+01
-1.531341842059783609e+01
-1.535859433935368124e+01
-1.539932211670824280e+01
-1.524440365444254120e+01
-1.515589942450606209e+01
-1.523635115783286587e+01
-1.520122046506931923e+01
-1.511088889320018858e+01
-1.512218024371571801e+01
-1.506956720128396654e+01
-1.513147294357705164e+01
-1.512728913436073519e+01
-1.511544355639956549e+01
-1.509717433382348162e+01
-1.504854846031351556e+01
-1.507056097632297664e+01
-1.508924968096119024e+01
-1.508291122613688984e+01
-1.518427928317921527e+01
-1.526437001684217343e+01
-1.521923907529407671e+01
-1.524791072097236722e+01
-1.522941901889964456e+01
-1.518682415384437157e+01
-1.518482667580693324e+01
-1.526206664311674110e+01
-1.524296303668955410e+01
-1.528466348268589847e+01
-1.535651736075000606e+01
-1.533530811163898733e+01
-1.536658864222815346e+01
-1.545803164047877054e+01
-1.552941760646535485e+01
-1.557088669909549239e+01
-1.544368295310748529e+01
-1.546677494220663007e+01
-1.548558586959495820e+01
-1.533721231417755781e+01
-1.525188892131030194e+01
-1.532005317776581954e+01
-1.532381380294313367e+01
-1.529825031638652355e+01
-1.526897957135707173e+01
-1.524585276564770098e+01
-1.526331779315706072e+01
-1.528063045449738055e+01
-1.525090805006141714e+01
-1.526702578354572282e+01
-1.522351914070627110e+01
-1.521254809925360441e+01
-1.528374539348120997e+01
-1.527157003376099809e+01
-1.530502438329303239e+01
-1.527637797940682596e+01
-1.516624223669487392e+01
-1.511417416004083414e+01
-1.511698441027008855e+01
-1.529486635771860570e+01
-1.532106603183820503e+01
-1.529759273807705178e+01
-1.520548675840101893e+01
-1.529886486654255329e+01
-1.519499350247349767e+01
-1.518874519533613388e+01
-1.512753677335831703e+01
-1.508246141551820330e+01
-1.509718040901813829e+01
-1.509131092792387818e+01
-1.513739963440120384e+01
-1.515745412047429141e+01
-1.508568658629693182e+01
-1.504957577548333170e+01
-1.505936421873039599e+01
-1.508856968872615134e+01
-1.502413408368691705e+01
-1.508955857483331364e+01
-1.511815478743440799e+01
-1.500303853533724840e+01
-1.495648736642524312e+01
-1.493600059893983989e+01
-1.489533214413226858e+01
-1.493690350125326383e+01
-1.494315578429347191e+01
-1.498214886807381063e+01
-1.494202387971278156e+01
-1.499207234754243423e+01
-1.496601548338542464e+01
-1.492416675707258555e+01
-1.481167348792599903e+01
-1.477912192365855404e+01
-1.477695340974212357e+01
-1.476956331666490385e+01
-1.478451531659186813e+01
-1.475951349717852423e+01
-1.485323109300740008e+01
-1.488957631098118917e+01
-1.496333973858690314e+01
-1.481258184756715934e+01
-1.477956911351953195e+01
-1.479623117319497538e+01
-1.477665798833780642e+01
-1.476978425531707373e+01
-1.483252012720325119e+01
-1.490909607582342034e+01
-1.485577460610875100e+01
-1.483069486912039636e+01
-1.491734210733998900e+01
-1.481238013220407979e+01
-1.478002493497490732e+01
-1.481467428735896874e+01
-1.485462293364947151e+01
-1.489198214961530553e+01
-1.493007922697688450e+01
-1.486999348319377034e+01
-1.482928673744123671e+01
-1.478450220215257360e+01
-1.479545980599452903e+01
-1.488247316548816457e+01
-1.488282875739192868e+01
-1.494116517402536637e+01
-1.489370343864338508e+01
-1.485802835811721856e+01
-1.492257429390018864e+01
-1.478464227252178276e+01
-1.476283734235446587e+01
-1.475566072371153759e+01
-1.481430842244205692e+01
-1.482538179725534278e+01
-1.489071908569943403e+01
-1.489595307906490262e+01
-1.490163830549961865e+01
-1.491582391933157581e+01
-1.490828619402019051e+01
-1.483213316809403004e+01
-1.477649203513772314e+01
-1.471648664081221192e+01
-1.477242015267199271e+01
-1.479434077632750366e+01
-1.480152854401043783e+01
-1.477842867712625186e+01
-1.478022977745278332e+01
-1.474681510743884161e+01
-1.473952030230813826e+01
-1.472827094850965501e+01
-1.472862851752070945e+01
-1.476217210352425191e+01
-1.475900005313161145e+01
-1.475955281095187566e+01
-1.477412746232824681e+01
-1.478661559641487777e+01
-1.481923135449430440e+01
-1.481836958484612232e+01
-1.484246278373414896e+01
-1.475442163247927674e+01
-1.475260466234001200e+01
-1.464940545896382673e+01
-1.468797439189104992e+01
-1.464761453229527888e+01
-1.466872213583632956e+01
-1.475018618969389372e+01
-1.472850654340060750e+01
-1.475826149212330840e+01
-1.468072437811006026e+01
-1.472023288944557429e+01
-1.458477794740400668e+01
-1.459740655287875022e+01
-1.459172481129660426e+01
-1.460249337499443811e+01
-1.453290390005760990e+01
-1.463284439709043916e+01
-1.467901392476613509e+01
-1.451229818310154229e+01
-1.447181849836724865e+01
-1.463563048031681468e+01
-1.467881231690866173e+01
-1.467222156548469769e+01
-1.464420919073329763e+01
-1.461662069292078669e+01
-1.453178354941377393e+01
-1.450593812027948815e+01
-1.464848728540611233e+01
-1.469237147737231908e+01
-1.459817695454240116e+01
-1.467061355671818212e+01
-1.455447974628252261e+01
-1.452801717140800264e+01
-1.452176389264560186e+01
-1.456612174324784448e+01
-1.451879903336805278e+01
-1.449028669201796404e+01
-1.455458381319950867e+01
-1.459567108736212226e+01
-1.459902483777281290e+01
-1.456250868649789609e+01
-1.449845373174061613e+01
-1.448695048607596014e+01
-1.452528900650470867e+01
-1.454220241356523147e+01
-1.450974742058747324e+01
-1.449202650047365282e+01
-1.447435494363017305e+01
-1.447052547149920620e+01
-1.446097118751743515e+01
-1.451179987313318520e+01
-1.453297324437239091e+01
-1.447532395048769160e+01
-1.457633022752142971e+01
-1.466311958747878741e+01
-1.470162160660405348e+01
-1.464895239048759557e+01
-1.466711695936968418e+01
-1.468864199722406383e+01
-1.461230782674609152e+01
-1.450506389788625761e+01
-1.455243663147268052e+01
-1.459121805368618041e+01
-1.452225808988965206e+01
-1.455169310026647622e+01
-1.454009559188918566e+01
-1.454801321943088510e+01
-1.443514056227581044e+01
-1.436899977222568126e+01
-1.438332618854486888e+01
-1.440449912194319460e+01
-1.443048516332574849e+01
-1.441550585107677307e+01
-1.443622175463007018e+01
-1.438419908824861615e+01
-1.448519478704707097e+01
-1.451931506527385451e+01
-1.444999004842385659e+01
-1.447609093564681793e+01
-1.450987522075254432e+01
-1.457096222197859703e+01
-1.447231918609923618e+01
-1.440672287134856155e+01
-1.437027149869004639e+01
-1.439969434731163744e+01
-1.440476624843488196e+01
-1.449956807965300776e+01
-1.455071456619088721e+01
-1.452299900182213754e+01
-1.455448194357596847e+01
-1.459265409677514214e+01
-1.455681562660064898e+01
-1.446979338019603212e+01
-1.444143484522738952e+01
-1.446540408735109473e+01
-1.443331105854788632e+01
-1.435137555811542143e+01
-1.434270046535577059e+01
-1.436066242508297641e+01
-1.435768294454107874e+01
-1.436667790269495981e+01
-1.441358675606962692e+01
-1.445825778934808881e+01
-1.435184807305854449e+01
-1.436975873481483390e+01
-1.453400062995257080e+01
-1.449550748183200355e+01
-1.450041946713926144e+01
-1.455979801253488759e+01
-1.452138144976562195e+01
-1.450681900206889807e+01
-1.441534011883935662e+01
-1.446090112873918088e+01
-1.448938411084820110e+01
-1.446262242529519426e+01
-1.440866543482930240e+01
-1.445057199489642663e+01
-1.443010759049557734e+01
-1.445929809750217210e+01
-1.439097734205218515e+01
-1.446253041059642186e+01
-1.444247284569362400e+01
-1.452101585452872534e+01
-1.449362376882917403e+01
-1.449309924702905050e+01
-1.453276484008540415e+01
-1.451730702632903913e+01
-1.451082553336952508e+01
-1.447597898402292849e+01
-1.450535924752172257e+01
-1.446403693720769823e+01
-1.441565060970656909e+01
-1.426856616587944337e+01
-1.424131713860366411e+01
-1.422652136737421991e+01
-1.421277618663031106e+01
-1.420896266198741742e+01
-1.421971587259980652e+01
-1.423726705521242231e+01
-1.422694959519826696e+01
-1.417988123500846420e+01
-1.410452918922523224e+01
-1.409429845934543657e+01
-1.408908351125964131e+01
-1.412285087614715984e+01
-1.413559746391334926e+01
-1.414928416498546859e+01
-1.408640565421958435e+01
-1.404753207904388823e+01
-1.403845927235020241e+01
-1.406147514867530113e+01
-1.403215644155824293e+01
-1.410479570378290504e+01
-1.411481578845041263e+01
-1.414202546004780636e+01
-1.412381867771428112e+01
-1.413354190108240260e+01
-1.406934076386593091e+01
-1.407686138397139075e+01
-1.406616095410493372e+01
-1.414551536334306192e+01
-1.403912095797016946e+01
-1.401394274702073872e+01
-1.401873716655457258e+01
-1.399748540584415046e+01
-1.402227711292403889e+01
-1.400663881645697373e+01
-1.401854641688061243e+01
-1.402273851174742880e+01
-1.404122801456535363e+01
-1.400970555947329821e+01
-1.393598652765219015e+01
-1.396022554427073992e+01
-1.392716282149400442e+01
-1.388590535725617592e+01
-1.388165298753456511e+01
-1.387005211458411758e+01
-1.394121906791194299e+01
-1.393621940606195331e+01
-1.396056236987244326e+01
-1.394961948710029631e+01
-1.388742026525036621e+01
-1.390079087302717831e+01
-1.389674716071078819e+01
-1.390305132174389868e+01
-1.392571619196730381e+01
-1.391149482867597342e+01
-1.392700801514132003e+01
-1.393713306199446400e+01
-1.393662392076624990e+01
-1.392303789449626983e+01
-1.393709200885441568e+01
-1.392691983969055336e+01
-1.391732428664927923e+01
-1.392660705790783737e+01
-1.392999069239249543e+01
-1.393306003182738451e+01
-1.393597564302949365e+01
-1.388620280493410419e+01
-1.385726567000132725e+01
-1.390046105566935708e+01
-1.384701397352287167e+01
-1.386554419000875882e+01
-1.388248466801047520e+01
-1.392844169129667975e+01
-1.394889184402415161e+01
-1.394580216153214636e+01
-1.387609087513255623e+01
-1.383756912113296345e+01
-1.380328057511001560e+01
-1.378441075619772604e+01
-1.374039483879385415e+01
-1.372030861163500681e+01
-1.373652878493419038e+01
-1.371955658464301031e+01
-1.371195170865918556e+01
-1.376855989994559870e+01
-1.375574374703629665e+01
-1.375364639829224167e+01
-1.375207197116363389e+01
-1.364802058127438755e+01
-1.365823120444995986e+01
-1.364195808912981889e+01
-1.370843593902123914e+01
-1.371141526266208999e+01
-1.370472697196963807e+01
-1.368112494519144740e+01
-1.370791790805883537e+01
-1.366591576054975121e+01
-1.360906838025890764e+01
-1.361792098970138909e+01
-1.366270264253999933e+01
-1.366374698356507444e+01
-1.368088126410372851e+01
-1.368081418214647549e+01
-1.368505833714556097e+01
-1.368592014851073202e+01
-1.370288960802919043e+01
-1.368792555671807953e+01
-1.364854342431886103e+01
-1.367634257397673281e+01
-1.365314633618218920e+01
-1.366537588526770364e+01
-1.372791077319983799e+01
-1.368044023468504911e+01
-1.372779249375400212e+01
-1.368364414084878078e+01
-1.371196229343556716e+01
-1.366882455280986264e+01
-1.367755096816669180e+01
-1.365900863395050990e+01
-1.373842025906413156e+01
-1.374265177706742591e+01
-1.376428938881679542e+01
-1.379476767882687227e+01
-1.379866903126809774e+01
-1.378910369407025449e+01
-1.379426367031713241e+01
-1.382237061327289673e+01
-1.382863662271658178e+01
-1.384131329699154378e+01
-1.383268641536950305e+01
-1.377808188124372180e+01
-1.379445773695041666e+01
-1.379034858002147068e+01
-1.378137046341283778e+01
-1.367894318314167990e+01
-1.373016463271340548e+01
-1.373885527718310584e+01
-1.373861851248407717e+01
-1.373386205864408538e+01
-1.370800877739942081e+01
-1.371729202537973968e+01
-1.373266413903425409e+01
-1.372862024469005426e+01
-1.374381906533477249e+01
-1.373979457544441374e+01
-1.372709761402801831e+01
-1.372457685070642341e+01
-1.370597729456060421e+01
-1.371815793720131005e+01
-1.372264823202654149e+01
-1.371146836369225497e+01
-1.364909768075809460e+01
-1.369777199286922986e+01
-1.369681549011879973e+01
-1.370152490592858641e+01
-1.372080303413802582e+01
-1.372535546869025680e+01
-1.372338470101184527e+01
-1.365253896559487856e+01
-1.367665242424528316e+01
-1.365484466315900569e+01
-1.366940334861699569e+01
-1.366083667562233650e+01
-1.367629635312572489e+01
-1.373164480209936578e+01
-1.376720416281730941e+01
-1.377950190837186284e+01
-1.378788564128175587e+01
-1.383600346274324266e+01
-1.381326583780692729e+01
-1.380349576053486338e+01
-1.384167492467384974e+01
-1.383093411870798484e+01
-1.382741456226614041e+01
-1.382393712089887039e+01
-1.381593130680150416e+01
-1.383912412733268305e+01
-1.392664980272656550e+01
-1.390238278371482927e+01
-1.392585665556307717e+01
-1.391585384594821306e+01
-1.389225981395089526e+01
-1.390891780015967782e+01
-1.392030389380461841e+01
-1.390552502170046445e+01
-1.393496238490745931e+01
-1.386684091531008711e+01
-1.385791127819047475e+01
-1.382965369576550430e+01
-1.381684776056917663e+01
-1.383495139720984213e+01
-1.382994739908268045e+01
-1.385882710052332456e+01
-1.383626112786040885e+01
-1.384092608240310263e+01
-1.401118224292510561e+01
-1.396667676027923832e+01
-1.399103907477765496e+01
-1.405257778858628903e+01
-1.403246313727378691e+01
-1.395404012378290126e+01
-1.405299719117916979e+01
-1.404781708389026917e+01
-1.412993682719459265e+01
-1.410595691507052152e+01
-1.407553623907791973e+01
-1.411657148249718752e+01
-1.409794002762766496e+01
-1.409775094974782306e+01
-1.408805305741523739e+01
-1.405440158044639176e+01
-1.406050358221524910e+01
-1.410907065163533680e+01
-1.411971031160091883e+01
-1.411729065121935989e+01
-1.413331340354824128e+01
-1.412055312573136767e+01
-1.410655517058546771e+01
-1.414476194780355023e+01
-1.416122584071797874e+01
-1.414657119491588411e+01
-1.412371204920760803e+01
-1.417482420550399169e+01
-1.419063611762960164e+01
-1.407761512561669193e+01
-1.414913494199461574e+01
-1.417673855390515669e+01
-1.415818743797437129e+01
-1.419425780963080896e+01
-1.420349428668463254e+01
-1.425302209345219140e+01
-1.421654071152105026e+01
-1.421865873484528286e+01
-1.419857604648601246e+01
-1.420836904766325759e+01
-1.418748324987469722e+01
-1.416560082816071464e+01
-1.412788203623609995e+01
-1.413369307146531284e+01
-1.413858847525289697e+01
-1.411696384075923660e+01
-1.416762971103287860e+01
-1.415258490843776507e+01
-1.396154584997468895e+01
-1.393674308438002996e+01
-1.392185975841936418e+01
-1.393492454182000628e+01
-1.391358295197962036e+01
-1.390824499271754178e+01
-1.388304389838293496e+01
-1.390020585597846647e+01
-1.389189150819023588e+01
-1.389214968860543209e+01
-1.385942038427810630e+01
-1.386651010962429709e+01
-1.389950588097240392e+01
-1.393289970631230368e+01
-1.392228154977742172e+01
-1.399000550657228636e+01
-1.395685880541648061e+01
-1.392093883365991758e+01
-1.387473000838421733e+01
-1.386682714462309995e+01
-1.389975211981768233e+01
-1.393869157034153439e+01
-1.392835156601627666e+01
-1.392346357778094301e+01
-1.393824356632648787e+01
-1.390294271888267374e+01
-1.388120418942964740e+01
-1.384949868811154694e+01
-1.389516246315698034e+01
-1.388515622157206764e+01
-1.387418928439106658e+01
-1.386870880580252496e+01
-1.389839741725588063e+01
-1.392666925008679080e+01
-1.395535600916367258e+01
-1.394036295850239959e+01
-1.401873231379873452e+01
-1.409436072381534366e+01
-1.396777895753725751e+01
-1.399472600114250298e+01
-1.393539886386676052e+01
-1.392774918804168394e+01
-1.389993186032323891e+01
-1.393204942487370346e+01
-1.388679530304537124e+01
-1.389716974811320327e+01
-1.386135224331383498e+01
-1.386559440988845715e+01
-1.388760763516798846e+01
-1.390501325252814446e+01
-1.390987371133193840e+01
-1.385411136025991574e+01
-1.384598658697685991e+01
-1.380081288882051282e+01
-1.381224078964685731e+01
-1.383910736073649694e+01
-1.384467489792959860e+01
-1.383763143283036889e+01
-1.386790999623300813e+01
-1.390691381839344842e+01
-1.392265513209255801e+01
-1.392060051763831652e+01
-1.388346851655638048e+01
-1.387282093882934397e+01
-1.387260205739687535e+01
-1.386275180194432366e+01
-1.390196796332979190e+01
-1.391023296530698339e+01
-1.387055980421342305e+01
-1.378554044365580467e+01
-1.380365046079700697e+01
-1.378661233780257511e+01
-1.378362641023031721e+01
-1.378689052869700049e+01
-1.376931810944184598e+01
-1.377569120818953330e+01
-1.384336115639775677e+01
-1.378808677599141497e+01
-1.377604276417873841e+01
-1.372974350890524420e+01
-1.372634759151300266e+01
-1.370601078075151236e+01
-1.368611106515406384e+01
