# 2*np.log[MAD(r)] for 100 flights; 1000 steps per flight; run 41 of 50; mu: 2.50; seed: 40
-2.433160298316243697e+01
-2.240177529459703010e+01
-2.163754851021880299e+01
-2.145773002186857425e+01
-2.111234320186379421e+01
-2.110037035209568401e+01
-2.057609602932068427e+01
-2.050930737615313859e+01
-2.033857873511813352e+01
-2.003488983659549660e+01
-2.018705451781784177e+01
-2.002835715207925915e+01
-2.019861941189126497e+01
-1.987449714092358377e+01
-1.996739669816172125e+01
-1.984910466658901029e+01
-1.992368255651007658e+01
-1.976441696930764280e+01
-1.972371997864534521e+01
-1.949418199492657422e+01
-1.919868132859254928e+01
-1.911158929138778717e+01
-1.914664639064055152e+01
-1.926679639339088723e+01
-1.938972273775171828e+01
-1.946876269997417452e+01
-1.971345511161884190e+01
-1.941524313662739587e+01
-1.930969751681374902e+01
-1.909117321095560982e+01
-1.901371778722802475e+01
-1.895739402288765163e+01
-1.885684310174660538e+01
-1.855358900530834276e+01
-1.875480505702187983e+01
-1.870690990113360641e+01
-1.866794615571072313e+01
-1.876634582811248819e+01
-1.861448545143842992e+01
-1.850823019808364123e+01
-1.852308949290461015e+01
-1.849448738944604287e+01
-1.848510554537273265e+01
-1.837220125606612342e+01
-1.807051468338183753e+01
-1.809536011933652233e+01
-1.798338596654325983e+01
-1.802414972980178121e+01
-1.785272738538118276e+01
-1.798359102718685421e+01
-1.794830951905500882e+01
-1.786095539987235981e+01
-1.776006837821752171e+01
-1.787728890669736970e+01
-1.791809388094086231e+01
-1.802759068951876387e+01
-1.790568611716854619e+01
-1.778156926932147641e+01
-1.779072052018972983e+01
-1.788575284594532278e+01
-1.772230666839053015e+01
-1.766876207418722800e+01
-1.784866327797053387e+01
-1.779407554433755223e+01
-1.789501781265560254e+01
-1.774846210139086011e+01
-1.786802584050061427e+01
-1.786723541016421279e+01
-1.800093694453692095e+01
-1.782228364869242299e+01
-1.767875662684829408e+01
-1.762902614527029854e+01
-1.764617685515646173e+01
-1.753191443573018304e+01
-1.777333105331242891e+01
-1.799573299959743622e+01
-1.769092236853739308e+01
-1.788784021362884857e+01
-1.760139253039235285e+01
-1.758449381945646905e+01
-1.747793573372569398e+01
-1.730962735579744560e+01
-1.767757362573043878e+01
-1.739922500155256202e+01
-1.723903740655855188e+01
-1.727747129807851678e+01
-1.726386040344712569e+01
-1.728492086650944870e+01
-1.728620348462126799e+01
-1.729461174863908823e+01
-1.721455245130922407e+01
-1.723451741015931304e+01
-1.713174054471035035e+01
-1.725596152777107051e+01
-1.720177688782520775e+01
-1.711291738134585927e+01
-1.715421424746703494e+01
-1.716581072090282944e+01
-1.718956636410693051e+01
-1.722535485215427897e+01
-1.718738355469345791e+01
-1.728551577047697663e+01
-1.717306856534775861e+01
-1.724581420546998345e+01
-1.747031612647750975e+01
-1.721708292702744814e+01
-1.714106675705740912e+01
-1.717572445743308052e+01
-1.707384118696038300e+01
-1.704331456005150613e+01
-1.720425859642127975e+01
-1.692690360956624573e+01
-1.693725253414731569e+01
-1.708802665250756547e+01
-1.695428322850659342e+01
-1.699686597779590613e+01
-1.705675242912350598e+01
-1.705073252802147010e+01
-1.708734611704236173e+01
-1.698989373531356861e+01
-1.705934561538235883e+01
-1.707805391230142433e+01
-1.699585699151361240e+01
-1.710212372707412953e+01
-1.699088198397272009e+01
-1.695696880381299820e+01
-1.698463979941082513e+01
-1.696859759100862064e+01
-1.701328409626109917e+01
-1.694063788103640533e+01
-1.696537800456426126e+01
-1.701899576628759903e+01
-1.689004557605604262e+01
-1.682346833163483524e+01
-1.686238149973692657e+01
-1.668726690239469690e+01
-1.672528857955245130e+01
-1.670061185866313380e+01
-1.680000536622431540e+01
-1.678146295629749218e+01
-1.676955364131850246e+01
-1.670218219002216031e+01
-1.679328938630805723e+01
-1.677230772395843772e+01
-1.679801106798398180e+01
-1.684974180749431483e+01
-1.677527238969923218e+01
-1.682469126991805908e+01
-1.683075479991362400e+01
-1.673629767024664616e+01
-1.679331007008767074e+01
-1.664087088088516708e+01
-1.659667130176815775e+01
-1.651391102521552057e+01
-1.662054789927231724e+01
-1.648654108319355061e+01
-1.640582355911136858e+01
-1.643859647049447403e+01
-1.637195053512539644e+01
-1.646717429008644373e+01
-1.636069532685559125e+01
-1.642378563551671533e+01
-1.643734872661664781e+01
-1.645229471409922084e+01
-1.650069729992285517e+01
-1.650778324418164900e+01
-1.643226446220087311e+01
-1.644278678795858184e+01
-1.640890660946680413e+01
-1.632888739179744420e+01
-1.639841774045961742e+01
-1.634781555157938016e+01
-1.635053588924232315e+01
-1.640152960995831322e+01
-1.635031051253698209e+01
-1.617106879316488488e+01
-1.620285656535001451e+01
-1.613995229343681714e+01
-1.610770343232385571e+01
-1.612671947622204627e+01
-1.620592819218123992e+01
-1.612307135904140765e+01
-1.611967214403772175e+01
-1.612362703909643713e+01
-1.612795475960126268e+01
-1.614016770117583732e+01
-1.612440246240449326e+01
-1.603752087285942451e+01
-1.608199040508730704e+01
-1.612082820064861366e+01
-1.616411224241731048e+01
-1.622323976248073407e+01
-1.622882865393271601e+01
-1.625805101692153087e+01
-1.626047257461070927e+01
-1.624216278769718258e+01
-1.618576442691017903e+01
-1.627211099237492320e+01
-1.636341585312300140e+01
-1.638504060603785817e+01
-1.623054209444100593e+01
-1.609221199572530736e+01
-1.611289956017020231e+01
-1.617737636827769876e+01
-1.617390158779451070e+01
-1.619504380259442655e+01
-1.616959780741239427e+01
-1.619411090612594961e+01
-1.614233720420402207e+01
-1.608096405881304491e+01
-1.608514591568051344e+01
-1.608670784156142730e+01
-1.602644250169734264e+01
-1.591066556944183752e+01
-1.587888652980658222e+01
-1.584944928686800836e+01
-1.586929744746344184e+01
-1.591546337934437183e+01
-1.590027724887869987e+01
-1.584365951170854103e+01
-1.585800231493555401e+01
-1.583608094419507317e+01
-1.579255249466655009e+01
-1.570856147179905804e+01
-1.570652962699393740e+01
-1.567777439228255965e+01
-1.568997261698669732e+01
-1.571010333165663653e+01
-1.566774269219077631e+01
-1.577636129746550253e+01
-1.577988354342369171e+01
-1.580998118766327387e+01
-1.580795542038236157e+01
-1.589082873961593201e+01
-1.582728869993009013e+01
-1.577464552435794509e+01
-1.582243904110001509e+01
-1.577089134528837633e+01
-1.571889680528466648e+01
-1.563483320153835798e+01
-1.567451739876019801e+01
-1.561815027369883602e+01
-1.566074951288150352e+01
-1.562963108852023453e+01
-1.564287972598603460e+01
-1.565550384725398025e+01
-1.566854414680386931e+01
-1.562593075709277812e+01
-1.569024520583601934e+01
-1.561956843390496807e+01
-1.559241466527146081e+01
-1.555560691535597329e+01
-1.554945568425422842e+01
-1.562817388706726440e+01
-1.563789229789401602e+01
-1.558273988648384289e+01
-1.556562136269911356e+01
-1.555655013197926984e+01
-1.551612871808148419e+01
-1.562182229208356787e+01
-1.559603902929681496e+01
-1.554401057455690882e+01
-1.553913080125482260e+01
-1.557401979644139622e+01
-1.555832545100292208e+01
-1.548047457463895249e+01
-1.553801343029271642e+01
-1.560620235533332512e+01
-1.558120291287941761e+01
-1.566368188548801221e+01
-1.566653926536110575e+01
-1.558953055442692737e+01
-1.558312501885697365e+01
-1.558019539410548937e+01
-1.559224383460638919e+01
-1.566844144188546295e+01
-1.572108206687987142e+01
-1.564593940973941777e+01
-1.566959146792180491e+01
-1.560898507345553377e+01
-1.557486804495733246e+01
-1.551697401921432551e+01
-1.547590342162781774e+01
-1.548395477747403248e+01
-1.549985016717979214e+01
-1.549045054169584290e+01
-1.560834431783199072e+01
-1.557851694559988331e+01
-1.553223670035754012e+01
-1.544946191493802878e+01
-1.547830139336961430e+01
-1.550612529878186230e+01
-1.546387221698042680e+01
-1.544398813428246342e+01
-1.535503533159794820e+01
-1.540551417075125151e+01
-1.549816783778909723e+01
-1.548324184594352637e+01
-1.562591876803008617e+01
-1.554618481942413410e+01
-1.551971583602415272e+01
-1.551180293055528381e+01
-1.549249201422644795e+01
-1.539396901147146757e+01
-1.540194306766361798e+01
-1.537968857775924825e+01
-1.535866405585098526e+01
-1.547323097772504141e+01
-1.545954706532201861e+01
-1.540397921574830775e+01
-1.532250791761773456e+01
-1.533438843311445687e+01
-1.530869268936680960e+01
-1.533069615166237298e+01
-1.534318253100177998e+01
-1.531723360254829380e+01
-1.528681408536768949e+01
-1.533460750873578426e+01
-1.530680817601191457e+01
-1.556597271198265808e+01
-1.557773425609324036e+01
-1.553790544221916647e+01
-1.556848459753279457e+01
-1.556097920826136516e+01
-1.557980255802472769e+01
-1.555888048605888940e+01
-1.566431334946072695e+01
-1.552978359864779101e+01
-1.560645490640505528e+01
-1.553881200375654714e+01
-1.556883462394822892e+01
-1.547536776877753084e+01
-1.530856527646973575e+01
-1.541518810866963562e+01
-1.540124745430989783e+01
-1.537696957962599598e+01
-1.531436896680848747e+01
-1.535522900898655152e+01
-1.520661015346202660e+01
-1.525022061690800967e+01
-1.518703946368217395e+01
-1.523793352095758102e+01
-1.523922214746023762e+01
-1.524301045490193651e+01
-1.527116194689651252e+01
-1.530974002358972896e+01
-1.525976982454343478e+01
-1.532603161597194408e+01
-1.527655974872635802e+01
-1.529786104025761517e+01
-1.526289644649417809e+01
-1.516183389037448670e+01
-1.522788597470981564e+01
-1.526025634590308044e+01
-1.526836577321205013e+01
-1.527106114640161572e+01
-1.525533123967271187e+01
-1.524620447069610130e+01
-1.522550542231790693e+01
-1.525307140920479299e+01
-1.532137377937345590e+01
-1.533194534815229026e+01
-1.538768448796106370e+01
-1.536985377571024536e+01
-1.534631935933068547e+01
-1.541848662007760851e+01
-1.542190036977965129e+01
-1.538322145533439844e+01
-1.531628084486765040e+01
-1.530434769844143617e+01
-1.529954977931341098e+01
-1.529851538372818709e+01
-1.532463775132488415e+01
-1.536239199435027203e+01
-1.528904312810785271e+01
-1.533865891647852564e+01
-1.537187899477104480e+01
-1.534806041915410901e+01
-1.533214009027753200e+01
-1.533063551357558829e+01
-1.550363629718968994e+01
-1.519649953760970362e+01
-1.519310434188293968e+01
-1.528742982948407203e+01
-1.506952403690524811e+01
-1.507987803238169278e+01
-1.502222125097480721e+01
-1.502947784257916020e+01
-1.502789261537846066e+01
-1.501616808618694066e+01
-1.482935009000042825e+01
-1.490098969649260496e+01
-1.498023344472355411e+01
-1.494705928502666836e+01
-1.501486143343076840e+01
-1.495991054770197159e+01
-1.498848489816349172e+01
-1.511221961039117545e+01
-1.496031943197987069e+01
-1.495467351691424795e+01
-1.491576292073049537e+01
-1.499067769259445271e+01
-1.498483321753161235e+01
-1.496360326894355808e+01
-1.491538664986387452e+01
-1.491302541405097237e+01
-1.478914320682275196e+01
-1.480718579177653460e+01
-1.491203157679222713e+01
-1.486664448965648688e+01
-1.486152709793203641e+01
-1.485637319770479792e+01
-1.479280204813696464e+01
-1.478163957175999954e+01
-1.476717211210544889e+01
-1.470442963130729908e+01
-1.471499761354883518e+01
-1.471894814901876103e+01
-1.474075807314004471e+01
-1.477954862426149241e+01
-1.477392658292293248e+01
-1.476730560442051043e+01
-1.481063490198213550e+01
-1.480129685263553796e+01
-1.487026438901672520e+01
-1.487100099027573741e+01
-1.482887366611199020e+01
-1.483771302857037711e+01
-1.489043067824039213e+01
-1.491427643635486788e+01
-1.487536935302900787e+01
-1.486784426804333847e+01
-1.491532837816470192e+01
-1.491300866231582667e+01
-1.486498451079240368e+01
-1.487721775377900002e+01
-1.493641603942809404e+01
-1.492020404600428307e+01
-1.491413539219573536e+01
-1.489505197773163481e+01
-1.484134643849269786e+01
-1.489336431983256936e+01
-1.482657971241496497e+01
-1.492588887051676139e+01
-1.490167876718744111e+01
-1.485564311467868137e+01
-1.493997254086255033e+01
-1.498059064922192007e+01
-1.488987253724929971e+01
-1.493797110293392016e+01
-1.485935087917442310e+01
-1.484639165394276006e+01
-1.488231333014002011e+01
-1.490969274870905181e+01
-1.487842537889991767e+01
-1.497490057456108836e+01
-1.492018515749801466e+01
-1.492488327054200070e+01
-1.490860358603449320e+01
-1.496140905760584161e+01
-1.493237442301072626e+01
-1.500344980450115351e+01
-1.495278170842608567e+01
-1.495630154924498179e+01
-1.508344458277971789e+01
-1.506631650632797914e+01
-1.502856179256930602e+01
-1.502825330141102356e+01
-1.503423141947702746e+01
-1.494733175620740440e+01
-1.497467222095021455e+01
-1.491411827744116891e+01
-1.495244153124051500e+01
-1.494603908222557997e+01
-1.494443817960379839e+01
-1.492251341781733132e+01
-1.482420121528295986e+01
-1.485733453156268524e+01
-1.489801126920122343e+01
-1.487185147014453612e+01
-1.482646831501427620e+01
-1.483795269146438400e+01
-1.475413124414106392e+01
-1.477314510489517829e+01
-1.476951951217985837e+01
-1.478651101083803532e+01
-1.465377365057399750e+01
-1.467595493002740170e+01
-1.475423751719920595e+01
-1.474521449891551761e+01
-1.471723842580281527e+01
-1.476328954563845564e+01
-1.473285211841582054e+01
-1.472765795289277335e+01
-1.471297196673784669e+01
-1.469624930252732753e+01
-1.469798336527425242e+01
-1.472304770475489910e+01
-1.477451918292000244e+01
-1.478735699879469223e+01
-1.480148319904059129e+01
-1.483329055107749284e+01
-1.485507901737125103e+01
-1.481822032834661584e+01
-1.485491078609008930e+01
-1.484157817201383445e+01
-1.481003551595861545e+01
-1.485494981268428916e+01
-1.489145185172668562e+01
-1.484791155833875465e+01
-1.484822574088576275e+01
-1.486569343155760414e+01
-1.484025545336524310e+01
-1.477695986880597623e+01
-1.472105805624596009e+01
-1.469461812980519966e+01
-1.474659190325781033e+01
-1.473783310833057136e+01
-1.469477397210493308e+01
-1.475894386892360544e+01
-1.477527222794592987e+01
-1.480631651452755904e+01
-1.481358803399197122e+01
-1.483155553523744707e+01
-1.476445838558014678e+01
-1.478741322967240457e+01
-1.480400659301346700e+01
-1.475098432957302741e+01
-1.465377444959804976e+01
-1.470798430844495286e+01
-1.469124270022479450e+01
-1.472255543925601096e+01
-1.462386780602197334e+01
-1.454908955854286567e+01
-1.460880336109026523e+01
-1.463632612068661842e+01
-1.460119595448789909e+01
-1.463920497408021681e+01
-1.464418991413238658e+01
-1.463405492492941562e+01
-1.456261771807034933e+01
-1.454628012901211598e+01
-1.454489572373599948e+01
-1.459532950982015187e+01
-1.455182885909031398e+01
-1.460368958353330093e+01
-1.467506722369644834e+01
-1.456452035015769475e+01
-1.457986881024483772e+01
-1.447087112576953771e+01
-1.447209265633471631e+01
-1.455196281041211037e+01
-1.454586220102191518e+01
-1.457031032581789098e+01
-1.457457668168937737e+01
-1.454892917387926232e+01
-1.453416165959193940e+01
-1.449741269769562457e+01
-1.453289782900366411e+01
-1.454353160596533456e+01
-1.456367662908642657e+01
-1.445607920816052605e+01
-1.450912448194882209e+01
-1.454113871338651798e+01
-1.450256618133232323e+01
-1.450282666507714247e+01
-1.452735609400719419e+01
-1.463689673198574681e+01
-1.461664030318251584e+01
-1.463324286612284553e+01
-1.460669575444173063e+01
-1.459916879176026505e+01
-1.457355450892412208e+01
-1.454746236638611023e+01
-1.450745965831804618e+01
-1.444930442336363896e+01
-1.443082063598282616e+01
-1.441110347614452003e+01
-1.456488070835332493e+01
-1.461454109758846265e+01
-1.451611731055365695e+01
-1.453898430494125904e+01
-1.452880018753737268e+01
-1.448204275437270461e+01
-1.455221595855774375e+01
-1.459467724562303381e+01
-1.463021721308216883e+01
-1.460042063590770667e+01
-1.459909344461462588e+01
-1.456537625140335201e+01
-1.460813973433486268e+01
-1.461886425684230773e+01
-1.464100784111854381e+01
-1.467206341707005457e+01
-1.461617061561306130e+01
-1.452881519258230547e+01
-1.453630265493104190e+01
-1.454173339383359576e+01
-1.455546300393804593e+01
-1.452562801935210857e+01
-1.453348998590773711e+01
-1.460569130409564309e+01
-1.455773213350476780e+01
-1.452042103403764628e+01
-1.457436082256849907e+01
-1.455675233284176073e+01
-1.455236481432003970e+01
-1.452818256415555531e+01
-1.449306127103948860e+01
-1.447381822514431704e+01
-1.446218163679765212e+01
-1.444249781673440403e+01
-1.447060900353593915e+01
-1.447882452239274187e+01
-1.447493558714751671e+01
-1.451954261660387679e+01
-1.448287179002369740e+01
-1.449300458614638387e+01
-1.447173517513487084e+01
-1.440416393367316950e+01
-1.444622365496159766e+01
-1.440038935448650292e+01
-1.445641916690718354e+01
-1.449774604878601103e+01
-1.448372074521488351e+01
-1.453025841864695522e+01
-1.446594655714766908e+01
-1.446238741842330278e+01
-1.440952338639566221e+01
-1.443246434637802800e+01
-1.442929530803944438e+01
-1.445715018090198178e+01
-1.444064562319923262e+01
-1.447328331863444006e+01
-1.445163225714882849e+01
-1.444104458439878691e+01
-1.443049751451183482e+01
-1.440940496298781959e+01
-1.442103064465588602e+01
-1.442423689615351101e+01
-1.439402514253984222e+01
-1.441534889429828681e+01
-1.442848231883655963e+01
-1.442293284864483915e+01
-1.440399213597393668e+01
-1.438358463020028744e+01
-1.436847593654795219e+01
-1.441078086160283078e+01
-1.437149302206605128e+01
-1.437950150368455127e+01
-1.443912662892762988e+01
-1.443955607969692778e+01
-1.449162072537169621e+01
-1.445786272496554403e+01
-1.441698137257300694e+01
-1.441400013370942901e+01
-1.443156884642598570e+01
-1.434848800254402335e+01
-1.436958928642310340e+01
-1.445486322191585593e+01
-1.444961929008483992e+01
-1.439513167893043821e+01
-1.448041256517253395e+01
-1.452128723683722278e+01
-1.454882173143075086e+01
-1.453871082914615442e+01
-1.447611018962301799e+01
-1.447925337879153140e+01
-1.449498171380780853e+01
-1.453667257980226424e+01
-1.448702469335725240e+01
-1.448552512310109464e+01
-1.448089812151853195e+01
-1.452590002788542911e+01
-1.451852586732137063e+01
-1.454646794411603139e+01
-1.455268280984557272e+01
-1.458158565875045021e+01
-1.450146381029880516e+01
-1.449009336472541065e+01
-1.448999983609866504e+01
-1.451317934242221774e+01
-1.451786916475312772e+01
-1.452733836868207717e+01
-1.448344603136837172e+01
-1.448079758675376638e+01
-1.452092898164008972e+01
-1.458516442203353591e+01
-1.459927932573346077e+01
-1.460053979189776463e+01
-1.458593826954292361e+01
-1.460648011501783650e+01
-1.460934358886010465e+01
-1.461843573055345402e+01
-1.459001303556889440e+01
-1.450120436283711101e+01
-1.440268102729039157e+01
-1.440606342504460180e+01
-1.444122136502092246e+01
-1.446737477479680933e+01
-1.442122045217830895e+01
-1.439702683801296246e+01
-1.444365165645404936e+01
-1.444606018971918893e+01
-1.445035040548908079e+01
-1.441615462228658906e+01
-1.447125320981304242e+01
-1.443399673693640928e+01
-1.445132352255135366e+01
-1.450269627219076085e+01
-1.451292371695672934e+01
-1.453089002304749755e+01
-1.461104213781852756e+01
-1.458042106025897588e+01
-1.457316581102429609e+01
-1.454339330215535675e+01
-1.460301994242472290e+01
-1.462233891609622383e+01
-1.465382563272082805e+01
-1.462371875118756037e+01
-1.469170666767540290e+01
-1.438765653344697704e+01
-1.435831141944413147e+01
-1.435751631121283012e+01
-1.436479277920510533e+01
-1.434177664774437666e+01
-1.434524511290477378e+01
-1.433629162828554371e+01
-1.427969372298956152e+01
-1.431941779867957365e+01
-1.434728210127584092e+01
-1.435981593676079271e+01
-1.437297249368145025e+01
-1.433218639514001502e+01
-1.425146073649517753e+01
-1.423972204005653808e+01
-1.420597467346366116e+01
-1.421656322842702380e+01
-1.416540228603164309e+01
-1.419500845444776438e+01
-1.418593702356212916e+01
-1.416662938359953472e+01
-1.420941507339375320e+01
-1.427033288000172462e+01
-1.422746506759741791e+01
-1.422478171920778678e+01
-1.423729307553575651e+01
-1.430110791864768416e+01
-1.427602499985386331e+01
-1.428155436656213872e+01
-1.428829554754027775e+01
-1.429374490760801031e+01
-1.433111452036235711e+01
-1.433413869639190352e+01
-1.430379428388916097e+01
-1.433169147953789491e+01
-1.435165948734097974e+01
-1.432344286684452683e+01
-1.431721574879178682e+01
-1.427736763790417740e+01
-1.432024480761930540e+01
-1.433894580757011639e+01
-1.433879748011899302e+01
-1.430420758658846125e+01
-1.433515353000149872e+01
-1.430339388696190817e+01
-1.432416951452982623e+01
-1.441019946253045880e+01
-1.434791544474101599e+01
-1.433326546567214166e+01
-1.435361106550228172e+01
-1.438829877803218338e+01
-1.431626354778616417e+01
-1.430704472882467471e+01
-1.438615395349413006e+01
-1.434772251867039827e+01
-1.435124174638442085e+01
-1.447303929816025025e+01
-1.446854842191961943e+01
-1.434725097030726815e+01
-1.436868945458661173e+01
-1.442715560557851262e+01
-1.438413924616682849e+01
-1.441778643425085882e+01
-1.439492777814285773e+01
-1.434786187667576485e+01
-1.433071168123354155e+01
-1.429693396025175112e+01
-1.434136567342502033e+01
-1.428593331674504441e+01
-1.432027047533752118e+01
-1.431362187879842907e+01
-1.433859848449731089e+01
-1.436104519024443427e+01
-1.432983592344207402e+01
-1.427054615971266927e+01
-1.421340516019302669e+01
-1.424359759243600720e+01
-1.425765141751830534e+01
-1.430511568691835222e+01
-1.429784574563750787e+01
-1.430645589687381580e+01
-1.427251047818715080e+01
-1.427337723131862113e+01
-1.428870944100230744e+01
-1.427913190691505640e+01
-1.422006663776716451e+01
-1.425833610717806899e+01
-1.425749736849765092e+01
-1.428905452778665541e+01
-1.427914691887422727e+01
-1.428374430777186710e+01
-1.426284779725341778e+01
-1.423851139184334613e+01
-1.424131116040656231e+01
-1.424397505653169382e+01
-1.421029546827125856e+01
-1.417059390719079204e+01
-1.419803136059400472e+01
-1.421807301642029309e+01
-1.422325270873862735e+01
-1.423335785891313954e+01
-1.423307738629160646e+01
-1.422363492164197929e+01
-1.422005189259029123e+01
-1.419114440651894071e+01
-1.422390334207195828e+01
-1.423275819031041678e+01
-1.419605503597199814e+01
-1.420713639116913996e+01
-1.420295904951372101e+01
-1.420841336487519868e+01
-1.418704270286551505e+01
-1.418541763457126592e+01
-1.417364823944958196e+01
-1.411927067396380586e+01
-1.410391996784733060e+01
-1.408592130761060091e+01
-1.407542885050433057e+01
-1.405469568303716699e+01
-1.407921875272066359e+01
-1.408479171001838104e+01
-1.408742855762316637e+01
-1.414161472201000969e+01
-1.414223382548228436e+01
-1.419389162848525920e+01
-1.417992253245211565e+01
-1.418249464533540660e+01
-1.416885770800609023e+01
-1.422445642389942755e+01
-1.428533703022712409e+01
-1.424577119511316958e+01
-1.424252264179198768e+01
-1.419409996594498402e+01
-1.413065207228849651e+01
-1.416213523612669611e+01
-1.415338883269963155e+01
-1.415465462984333733e+01
-1.419952161116248135e+01
-1.411289973286237398e+01
-1.414480591095222195e+01
-1.411947937527075680e+01
-1.412568680335933280e+01
-1.417864861386380326e+01
-1.420365316683277435e+01
-1.425338524894582370e+01
-1.421023005301873354e+01
-1.420253737587099963e+01
-1.426316302440419292e+01
-1.423591332211626614e+01
-1.420710703880401304e+01
-1.419685622590242069e+01
-1.421710001598073880e+01
-1.421258751996290748e+01
-1.423174884058692768e+01
-1.421347307308557895e+01
-1.420157675307650180e+01
-1.425373194240654762e+01
-1.423303263723613021e+01
-1.427220289494929695e+01
-1.428618778722998961e+01
-1.426070177008740991e+01
-1.419117305069140933e+01
-1.423966882072366680e+01
-1.423022460464650685e+01
-1.425083711842892598e+01
-1.429066926177572761e+01
-1.425601479179092834e+01
-1.426262767393526332e+01
-1.425449621226471919e+01
-1.425684929616572028e+01
-1.422906818682321628e+01
-1.419270058853792094e+01
-1.419682879154302313e+01
-1.416546175322639556e+01
-1.419973511994440329e+01
-1.418007091815877985e+01
-1.416754492692799516e+01
-1.416514904355168092e+01
-1.419490326604984531e+01
-1.419889326773261473e+01
-1.417343737973421725e+01
-1.415731359722348515e+01
-1.419194663870225170e+01
-1.418929628899244477e+01
-1.419844672415285380e+01
-1.412556408731764535e+01
-1.408007684659629533e+01
-1.409180200760876289e+01
-1.405836836664558298e+01
-1.402106014378233745e+01
-1.406979365068541021e+01
-1.398979986489212379e+01
-1.399229677207312328e+01
-1.400431380446333662e+01
-1.401337614935745357e+01
-1.398516474742748272e+01
-1.400879363859198179e+01
-1.401881707180628389e+01
-1.404585922167776246e+01
-1.406985326206432418e+01
-1.408266726467842567e+01
-1.402313287394689567e+01
-1.402878753622723274e+01
-1.399342568853387725e+01
-1.412235151291773327e+01
-1.416052841147408259e+01
-1.416757873749810059e+01
-1.406081233477268455e+01
-1.402586707974469604e+01
-1.401231269799587054e+01
-1.404126867958191482e+01
-1.402438124723916069e+01
-1.394287744583120414e+01
-1.391983141729866880e+01
-1.387835523365525070e+01
-1.391995148076224531e+01
-1.391389421214652522e+01
-1.394979738214443721e+01
-1.395497625695233701e+01
-1.392771339959050003e+01
-1.394297051392328335e+01
-1.394024849655251330e+01
-1.392481679649653437e+01
-1.393259895990894393e+01
-1.394427034821185352e+01
-1.396094431800743507e+01
-1.393501996569444223e+01
-1.397009385176092877e+01
-1.395971850160172067e+01
-1.396423234642146127e+01
-1.394494527602225631e+01
-1.392008402267861733e+01
-1.395043729348890160e+01
-1.392680549606527229e+01
-1.399671056209967723e+01
-1.400425508750252490e+01
-1.399894392199039750e+01
-1.394982304232337178e+01
-1.401025411199488957e+01
-1.398515957591408920e+01
-1.397737198541750558e+01
-1.401546358269111181e+01
-1.401961198552582921e+01
-1.396169099382965761e+01
-1.395088229527580381e+01
-1.392995720326871023e+01
-1.401326334422295261e+01
-1.396749758370463290e+01
-1.401683791126853684e+01
-1.405128904412868707e+01
-1.403411372732432483e+01
-1.400921365406160923e+01
-1.401958678856298413e+01
-1.389899648093024709e+01
-1.397800268157675596e+01
-1.401744682756781302e+01
-1.402072010383570344e+01
-1.402821183231640312e+01
-1.404001258380298545e+01
-1.400319742984907734e+01
-1.396234150957119624e+01
-1.400166785135541581e+01
-1.404509960615020425e+01
-1.402450301808698008e+01
-1.387822958792056838e+01
-1.388914888786461965e+01
-1.385571994133419160e+01
-1.388348433507465174e+01
-1.390710473207132480e+01
-1.388545857664812289e+01
-1.381046111221012218e+01
-1.386817027950346670e+01
-1.382281411801105975e+01
-1.388894733096073608e+01
-1.400902843498787931e+01
-1.389459872985624500e+01
-1.391250410470195220e+01
-1.393858157424913280e+01
-1.392231550746905810e+01
