# 2*np.log[MAD(r)] for 100 flights; 1000 steps per flight; run 35 of 50; mu: 2.50; seed: 34
-2.429092848722910603e+01
-2.255373334304210431e+01
-2.184592021429330089e+01
-2.154829807180793821e+01
-2.122751343009528568e+01
-2.096185580508782209e+01
-2.080589015020046162e+01
-2.044722031330103817e+01
-2.013879408025702489e+01
-2.018658196364172497e+01
-2.002552029722058791e+01
-2.016398967869108816e+01
-1.989003045592826879e+01
-2.003259087976955755e+01
-1.991631659855445946e+01
-1.943114392349130526e+01
-1.952270829690999676e+01
-1.933098585067837760e+01
-1.892147082206100706e+01
-1.883825670415885511e+01
-1.885898075544492514e+01
-1.881279081920758145e+01
-1.896405861086282485e+01
-1.900352304709205953e+01
-1.905567221795799071e+01
-1.883747136499316355e+01
-1.884475659812300208e+01
-1.881836404012713970e+01
-1.882350733232536300e+01
-1.876436924108262261e+01
-1.895683641493813099e+01
-1.890388655939763041e+01
-1.886209415969605985e+01
-1.871385122305154880e+01
-1.864188591057394717e+01
-1.853855916319120567e+01
-1.846537008300279936e+01
-1.838509394506166217e+01
-1.834826840406928028e+01
-1.816396028865567303e+01
-1.809579861377483212e+01
-1.822329410077333378e+01
-1.837490194133464882e+01
-1.806045724375606554e+01
-1.797883768824870643e+01
-1.812062161497415147e+01
-1.837722726649900551e+01
-1.826494264010612412e+01
-1.808965931878893585e+01
-1.800494354324350255e+01
-1.781598255215712356e+01
-1.794064763213025060e+01
-1.777348740680652739e+01
-1.764707911149854525e+01
-1.770681792519325981e+01
-1.761629915069075381e+01
-1.758635902314428634e+01
-1.754630183177047797e+01
-1.734952911396799990e+01
-1.749628912488376642e+01
-1.765021054941178491e+01
-1.745110936807906299e+01
-1.745922349860386547e+01
-1.752452014176809314e+01
-1.739349416102706414e+01
-1.763237760515175623e+01
-1.756149433213267486e+01
-1.755013444770647268e+01
-1.778326887487802210e+01
-1.763237236095335092e+01
-1.779368051588695820e+01
-1.784574468384296964e+01
-1.782082620628883163e+01
-1.771276739074943407e+01
-1.799102295440298249e+01
-1.778901948157189850e+01
-1.767110548735464448e+01
-1.774704116530464404e+01
-1.766463890912745072e+01
-1.766679448135471020e+01
-1.771251192490764481e+01
-1.769735231298875178e+01
-1.774659009935243503e+01
-1.765927190164526905e+01
-1.759697983981135749e+01
-1.761513903376263457e+01
-1.754426467242103982e+01
-1.744742055004995507e+01
-1.748927723660499822e+01
-1.759246501893103698e+01
-1.739851194002368473e+01
-1.741874185154796351e+01
-1.741715453210249365e+01
-1.728635966210141817e+01
-1.718629112163062089e+01
-1.712536489628179126e+01
-1.734989390220596306e+01
-1.730197077342163325e+01
-1.726167294534300822e+01
-1.710229552653550655e+01
-1.726284706337448682e+01
-1.715357101633733095e+01
-1.706903065139244546e+01
-1.698845562067913662e+01
-1.699695695570199661e+01
-1.708045788330565173e+01
-1.703802239153315412e+01
-1.709750564903335501e+01
-1.716281375568114598e+01
-1.721441742634639027e+01
-1.723322565310770571e+01
-1.719826262812863149e+01
-1.692867577473527163e+01
-1.700993210394871014e+01
-1.705225402035752680e+01
-1.711161869006157588e+01
-1.706623302591766489e+01
-1.686370545356818340e+01
-1.691518562427395977e+01
-1.696743309928645260e+01
-1.689977751025580233e+01
-1.689075280163882198e+01
-1.689037049593765261e+01
-1.684770117264923783e+01
-1.695069562612071579e+01
-1.686323603466639653e+01
-1.686340517279752049e+01
-1.684804476804898243e+01
-1.688111378018215092e+01
-1.681000735257509859e+01
-1.677991776083989706e+01
-1.681912427018350797e+01
-1.676906976476535149e+01
-1.674428983867454690e+01
-1.679803120746817058e+01
-1.690396783010479709e+01
-1.682279815133797030e+01
-1.675981506703029211e+01
-1.672253166159729076e+01
-1.686469889126997046e+01
-1.671694828700075774e+01
-1.683777544987386676e+01
-1.676643953141503118e+01
-1.677277200137144675e+01
-1.675784407908098927e+01
-1.663831068488660492e+01
-1.674923143786163138e+01
-1.660519694687550896e+01
-1.673580769579054817e+01
-1.681876673689172463e+01
-1.664088907421902519e+01
-1.671163615588023887e+01
-1.674560342000772906e+01
-1.679494538897571942e+01
-1.687780568071256226e+01
-1.695512321592351768e+01
-1.685872438543291452e+01
-1.693378179105192416e+01
-1.693319250929495468e+01
-1.685755855535384740e+01
-1.673829157210379748e+01
-1.668615968037517305e+01
-1.675732929088237100e+01
-1.673117779410735650e+01
-1.672652707422491147e+01
-1.664124828740770212e+01
-1.670946170436111089e+01
-1.669883917716791899e+01
-1.671127639559066225e+01
-1.656384639425237637e+01
-1.661456885679412920e+01
-1.650274737592645025e+01
-1.651617288911467085e+01
-1.649950897974149555e+01
-1.654463785843456591e+01
-1.664878903444271430e+01
-1.660473433072447591e+01
-1.651590204406506146e+01
-1.669464516945069832e+01
-1.668208114912527051e+01
-1.676679398465745763e+01
-1.663519871880383150e+01
-1.677880504158910924e+01
-1.680718902792924752e+01
-1.694314572000714136e+01
-1.695829097196069668e+01
-1.690309946130953733e+01
-1.661023632030003938e+01
-1.665107452082696327e+01
-1.660355198930075460e+01
-1.667610462600553234e+01
-1.649385019273465147e+01
-1.649371680740066282e+01
-1.651377087936691979e+01
-1.651500107249614047e+01
-1.652210503925155649e+01
-1.651016604118141373e+01
-1.638376730350765342e+01
-1.642462778691677272e+01
-1.647961568277868594e+01
-1.646926067506435487e+01
-1.648364862919116902e+01
-1.657895175425197465e+01
-1.660736315815000452e+01
-1.654825967393757580e+01
-1.648292242306296629e+01
-1.644947926463981602e+01
-1.643538415814862219e+01
-1.648939787207449470e+01
-1.654283553685737473e+01
-1.656251828407390292e+01
-1.648012577306631954e+01
-1.642934417047279538e+01
-1.640142571708131314e+01
-1.635353096905498305e+01
-1.638706242762549081e+01
-1.627480124270100603e+01
-1.623469211749209151e+01
-1.628663092675582291e+01
-1.618617378104124072e+01
-1.627245242219202481e+01
-1.619239088771853474e+01
-1.633009306081165590e+01
-1.631657859780462871e+01
-1.635130996872439368e+01
-1.631507983265654715e+01
-1.633191424500198607e+01
-1.638097639947090300e+01
-1.641068734538369966e+01
-1.631274269795139276e+01
-1.628339548416178317e+01
-1.610338246618774249e+01
-1.608623000451170526e+01
-1.602619419418891766e+01
-1.605638790986797559e+01
-1.592038617941300060e+01
-1.595403876707996815e+01
-1.594556967346776055e+01
-1.581896890073586448e+01
-1.583457894900567275e+01
-1.589771838592951880e+01
-1.585044574305250720e+01
-1.590946985941531189e+01
-1.584291925462927253e+01
-1.562548856065758152e+01
-1.559270183524932918e+01
-1.556185375911298685e+01
-1.556868375595529130e+01
-1.562538678966823014e+01
-1.562402659028744623e+01
-1.564256554453471892e+01
-1.561324688812177541e+01
-1.575696126524323404e+01
-1.567054336303858797e+01
-1.569959395954350434e+01
-1.575934209578846179e+01
-1.575769782361675020e+01
-1.576724828886260177e+01
-1.575004794944990572e+01
-1.584679407408533969e+01
-1.585177918397617347e+01
-1.583265304482693914e+01
-1.592971085584260749e+01
-1.601151984853248322e+01
-1.591072148429022270e+01
-1.581972966506484823e+01
-1.575188773693805899e+01
-1.577298249677536290e+01
-1.567377749643767437e+01
-1.575570079726355566e+01
-1.573988153946520008e+01
-1.561956994018380840e+01
-1.562107070598731617e+01
-1.556160139682374499e+01
-1.559201046129254387e+01
-1.576941127896757955e+01
-1.560658194980149105e+01
-1.550589080720561874e+01
-1.548531927017634580e+01
-1.547257502198764456e+01
-1.553800109758666714e+01
-1.561187690416382523e+01
-1.556821028031150256e+01
-1.553536164985562174e+01
-1.554823255422190442e+01
-1.549940736563540256e+01
-1.544457485808176322e+01
-1.531756634444045773e+01
-1.535723796837410404e+01
-1.537923358709124244e+01
-1.539283131388872583e+01
-1.530095443412427691e+01
-1.535184717446485969e+01
-1.539541366158616675e+01
-1.539089449751537231e+01
-1.539770045152898703e+01
-1.543115066046189909e+01
-1.540660476654167610e+01
-1.540398564746911347e+01
-1.535748104649049672e+01
-1.539613602545276727e+01
-1.543070513315366910e+01
-1.536534161019122813e+01
-1.530924669879948574e+01
-1.531302292906909557e+01
-1.533780976662594142e+01
-1.526241878406886876e+01
-1.523702884436535676e+01
-1.531055072189751698e+01
-1.525669106717316481e+01
-1.519322353820956550e+01
-1.519652726431080403e+01
-1.518666194556835869e+01
-1.517146144757916559e+01
-1.516331543638496804e+01
-1.515630857391303010e+01
-1.516223471575123760e+01
-1.514214632689693651e+01
-1.520491972239901912e+01
-1.516468212528784321e+01
-1.521743538407272922e+01
-1.517873085975634417e+01
-1.516967194679497055e+01
-1.522148772893617341e+01
-1.515995410678248057e+01
-1.508727688770794728e+01
-1.511774896273776925e+01
-1.508104772931182502e+01
-1.507191841549613365e+01
-1.510665501611019579e+01
-1.506980319700100956e+01
-1.506259341448964939e+01
-1.507189580406882001e+01
-1.508355719184895349e+01
-1.506329354464089398e+01
-1.501114202440914269e+01
-1.497892835110374143e+01
-1.498299417095401687e+01
-1.498114756837063766e+01
-1.501321992797179661e+01
-1.496626253448465071e+01
-1.495186637689438669e+01
-1.494602711938967055e+01
-1.490668375210592878e+01
-1.492659162531460559e+01
-1.484019942846003737e+01
-1.483457066660779589e+01
-1.484975898235714631e+01
-1.490163653345716810e+01
-1.484798271202155640e+01
-1.483441642787870940e+01
-1.487779619654219054e+01
-1.488606712214092553e+01
-1.494500124563401577e+01
-1.492622456386217777e+01
-1.490890834728447345e+01
-1.486768140999235932e+01
-1.492055106719149471e+01
-1.494579416932813487e+01
-1.494375875421476607e+01
-1.488546922117539850e+01
-1.490397222368949315e+01
-1.485520991382723821e+01
-1.482684961533824897e+01
-1.485280679113048841e+01
-1.485370849463917331e+01
-1.481994696203263118e+01
-1.496410750763796571e+01
-1.494260724468210810e+01
-1.485074541431699124e+01
-1.484787659725696507e+01
-1.490703372459834242e+01
-1.488833284017215597e+01
-1.480842662471776627e+01
-1.484095034665549839e+01
-1.489297318613365562e+01
-1.491544930451521367e+01
-1.488978446896524588e+01
-1.488493601928566079e+01
-1.485929884257254585e+01
-1.487405341728601726e+01
-1.487682435140310666e+01
-1.487997808161364688e+01
-1.488149922860280228e+01
-1.487081340036641031e+01
-1.490090649527140876e+01
-1.491886165900950978e+01
-1.489704854971811976e+01
-1.484795525581626485e+01
-1.488639834074754020e+01
-1.494506162460004539e+01
-1.493655480035433847e+01
-1.492254857262346768e+01
-1.491956006113150579e+01
-1.487210019364481717e+01
-1.486104644488302284e+01
-1.490722041446680457e+01
-1.482083437911879997e+01
-1.482613627628146702e+01
-1.482754195430434763e+01
-1.487842247356147496e+01
-1.483532089347227689e+01
-1.486668722265655518e+01
-1.490304312569161560e+01
-1.485965988775855351e+01
-1.480361861860676775e+01
-1.482582937364601072e+01
-1.486567396377883732e+01
-1.479581237367035129e+01
-1.481708253064238789e+01
-1.492990117500340119e+01
-1.490264754247611734e+01
-1.489835578080665179e+01
-1.486533517429596429e+01
-1.489369001751281907e+01
-1.488015929255242042e+01
-1.487079682963977056e+01
-1.491721509446396254e+01
-1.490743291944717441e+01
-1.481254216606657614e+01
-1.477037444980644310e+01
-1.477568390354289107e+01
-1.480095940382825859e+01
-1.479923431951528379e+01
-1.477617962624467651e+01
-1.476686340537200692e+01
-1.477876559512391985e+01
-1.485233487415301745e+01
-1.483132318536845418e+01
-1.486834273379169424e+01
-1.485901701476244519e+01
-1.487578508240446418e+01
-1.489734239605942534e+01
-1.492276711498749542e+01
-1.494180604175384453e+01
-1.497415465012034907e+01
-1.498130378617544523e+01
-1.503132552043010683e+01
-1.500766780858039162e+01
-1.509217994158472997e+01
-1.512689633700338909e+01
-1.506523522512949853e+01
-1.502832437731380288e+01
-1.503633663787748986e+01
-1.497309565158750466e+01
-1.496295266125588697e+01
-1.496154592179485832e+01
-1.492577234793997931e+01
-1.490274521443222433e+01
-1.494032772256180763e+01
-1.496628593371583449e+01
-1.494675500867366758e+01
-1.496311409322571429e+01
-1.506575740993247869e+01
-1.499318254647732296e+01
-1.501112932658949539e+01
-1.503274541211212956e+01
-1.503248538586609229e+01
-1.506029315682833492e+01
-1.502607273096321450e+01
-1.518448771544751530e+01
-1.514722159238260879e+01
-1.513488345655714618e+01
-1.510754192685813280e+01
-1.511585774646876956e+01
-1.512645108606238864e+01
-1.513196782520647155e+01
-1.511279065412798595e+01
-1.507742011166293850e+01
-1.518633086781011343e+01
-1.516861897362275080e+01
-1.514329416259765893e+01
-1.511905534441718046e+01
-1.513220560191789410e+01
-1.508175134018861385e+01
-1.505521388789276038e+01
-1.506885556886462041e+01
-1.506621691435638510e+01
-1.509741643767071828e+01
-1.506958920261157786e+01
-1.508686465711035218e+01
-1.527150006611110911e+01
-1.520438798406578584e+01
-1.520805494498571164e+01
-1.529802610044624167e+01
-1.525511988926905182e+01
-1.526812699789550720e+01
-1.521115074175273563e+01
-1.521424698446007007e+01
-1.517599776147192436e+01
-1.513896117131141317e+01
-1.513064663454436243e+01
-1.513567508635098946e+01
-1.511794410133121858e+01
-1.516363594081982313e+01
-1.513459080941100510e+01
-1.515771380851507999e+01
-1.519242674765870227e+01
-1.527238837970934071e+01
-1.531242037133715428e+01
-1.528608397225005433e+01
-1.517492186196722947e+01
-1.523866385827136938e+01
-1.535017263283298483e+01
-1.532535876807534159e+01
-1.526451780390707036e+01
-1.534304415409065925e+01
-1.531653429028385460e+01
-1.530698992715373841e+01
-1.524050105392554855e+01
-1.528971479226587427e+01
-1.528732729457414230e+01
-1.536994987173962812e+01
-1.530957669295976764e+01
-1.534052441441703252e+01
-1.527780310914767092e+01
-1.526022154715974466e+01
-1.526392153866154366e+01
-1.537479788221918575e+01
-1.537973194643243957e+01
-1.546685609576713993e+01
-1.548278440805051304e+01
-1.541208543150414734e+01
-1.539075289533054836e+01
-1.535141995405274074e+01
-1.523316976800739653e+01
-1.519976107910269647e+01
-1.524982333991444250e+01
-1.517468388466689611e+01
-1.519182021048840525e+01
-1.515224426738642727e+01
-1.513884405803725208e+01
-1.522090074522392555e+01
-1.517016328175040130e+01
-1.521842056006299870e+01
-1.515608698332171400e+01
-1.512274596353974587e+01
-1.520832714293264765e+01
-1.521531994019446721e+01
-1.510818718932733340e+01
-1.512724759017802789e+01
-1.513772943043276520e+01
-1.513941819207768447e+01
-1.513437967839609932e+01
-1.512252894959650718e+01
-1.517615212094160348e+01
-1.516174549138447603e+01
-1.526650234510216464e+01
-1.524734539567508307e+01
-1.532203915839690289e+01
-1.533163459204117274e+01
-1.519347547312451674e+01
-1.516210813103405286e+01
-1.508345299279100082e+01
-1.514705799716804435e+01
-1.525431811660019044e+01
-1.517989615008443671e+01
-1.521524550150856214e+01
-1.517878377465121709e+01
-1.519874174606369621e+01
-1.511781102300339619e+01
-1.508712502867127370e+01
-1.512900445421088058e+01
-1.512851556508734419e+01
-1.497921341943533413e+01
-1.494989900743660627e+01
-1.494549250099333548e+01
-1.495790264159674443e+01
-1.495182120989037422e+01
-1.482664428142336099e+01
-1.482774164699552699e+01
-1.489931371818173034e+01
-1.492044586796725092e+01
-1.493879236998201954e+01
-1.492693529087589610e+01
-1.496093717832978953e+01
-1.497126354196348608e+01
-1.494438601290400648e+01
-1.494475732418239389e+01
-1.492066136260190135e+01
-1.493837419828332713e+01
-1.490255727094688787e+01
-1.494545946552558391e+01
-1.490618182919998169e+01
-1.490120983351957484e+01
-1.479891042020458158e+01
-1.485097904577015093e+01
-1.485219949106698856e+01
-1.477963141018996218e+01
-1.480070626940847589e+01
-1.477053547034518388e+01
-1.483208257151651743e+01
-1.479896142341018539e+01
-1.480316235484878185e+01
-1.480000341719072665e+01
-1.476543631200711992e+01
-1.474760884930224059e+01
-1.479641337191671724e+01
-1.478318803010609095e+01
-1.477532987749668969e+01
-1.479013560848817477e+01
-1.482196384535683542e+01
-1.477089017430686546e+01
-1.475415190108829400e+01
-1.472556217701364822e+01
-1.468083401928065967e+01
-1.472543640370728468e+01
-1.475154483380101844e+01
-1.478104825414859214e+01
-1.479968812801707223e+01
-1.479176197673971949e+01
-1.474319058906711533e+01
-1.475558847077867952e+01
-1.474799882225912029e+01
-1.470954798918814532e+01
-1.476471499443504953e+01
-1.475916156674298207e+01
-1.477066728859673184e+01
-1.482026749098623242e+01
-1.485163871758542697e+01
-1.484220265492100665e+01
-1.488494090378284262e+01
-1.489372448496487955e+01
-1.479618629278969522e+01
-1.474795836307385422e+01
-1.477854023273531681e+01
-1.477062908363974181e+01
-1.472517295458399822e+01
-1.471573913858842353e+01
-1.462114942649127691e+01
-1.462909294789026404e+01
-1.469010555580394595e+01
-1.472576062749259229e+01
-1.460653115088863174e+01
-1.454879815782200048e+01
-1.460482597726278797e+01
-1.462698078020211945e+01
-1.457227225404331605e+01
-1.455935071968271899e+01
-1.453938150435019416e+01
-1.452308173513915790e+01
-1.448060763742975254e+01
-1.447983000896448225e+01
-1.450644830978602862e+01
-1.453847554265473896e+01
-1.455373591489740193e+01
-1.457081664381321850e+01
-1.478739769261711778e+01
-1.467122569551566968e+01
-1.459743267954046431e+01
-1.460896696903561853e+01
-1.463060943089177179e+01
-1.476621402937939465e+01
-1.473146975406746861e+01
-1.479559925857528668e+01
-1.463021839281658742e+01
-1.463553330084025106e+01
-1.468235064882764895e+01
-1.469171446834508998e+01
-1.471029264282468496e+01
-1.465981482910422251e+01
-1.475868960503913208e+01
-1.480442522354353585e+01
-1.489344908822367053e+01
-1.487446604577738718e+01
-1.483336291897354897e+01
-1.478110535831107164e+01
-1.476403380368984664e+01
-1.480385405058789239e+01
-1.490594695781381063e+01
-1.490207963158242954e+01
-1.487924470299951984e+01
-1.490893751942307510e+01
-1.489293357121753480e+01
-1.488493782751620387e+01
-1.487241862282222904e+01
-1.477317484738388487e+01
-1.479359319198622380e+01
-1.474610872913157245e+01
-1.463655245533637839e+01
-1.458615959046772659e+01
-1.462748214735294816e+01
-1.462840486474076407e+01
-1.463357937142874121e+01
-1.462851055734661188e+01
-1.463515864260159027e+01
-1.462454382949287179e+01
-1.463678275311010246e+01
-1.453444908148052406e+01
-1.458043541995488290e+01
-1.459772025357308145e+01
-1.461160414543176600e+01
-1.459878262350770584e+01
-1.460897094955016051e+01
-1.457087253329347831e+01
-1.454968015537368053e+01
-1.456183852475738583e+01
-1.454120438608924104e+01
-1.456573723949942334e+01
-1.453938510145118279e+01
-1.452232552252205622e+01
-1.451362809163423329e+01
-1.453661620393573450e+01
-1.455193238393368027e+01
-1.456231898800898783e+01
-1.456234295621811192e+01
-1.463484835412304008e+01
-1.458666573384202714e+01
-1.458396472408868583e+01
-1.453480621687947760e+01
-1.452749403421090157e+01
-1.452058155432690256e+01
-1.451146880393941885e+01
-1.452387560725854065e+01
-1.452437805867566389e+01
-1.442624032305330495e+01
-1.441864153302520357e+01
-1.440428171257039658e+01
-1.438751655473065760e+01
-1.439547063026366303e+01
-1.437031180384510520e+01
-1.440220549860896426e+01
-1.442205650049185373e+01
-1.446848094878033208e+01
-1.443510904139287199e+01
-1.444363505748626508e+01
-1.454743065195129681e+01
-1.454830584710715158e+01
-1.450958955562978758e+01
-1.450946305795364566e+01
-1.456066286291108725e+01
-1.444290896878341357e+01
-1.447585014426874928e+01
-1.450822958143728236e+01
-1.455898314872756139e+01
-1.449178373542468989e+01
-1.447874396187756041e+01
-1.449476781346960941e+01
-1.446552686486349160e+01
-1.443522175636822702e+01
-1.444624434691978365e+01
-1.450193863649788639e+01
-1.444440449062017962e+01
-1.449076692276559442e+01
-1.452143911247065589e+01
-1.451347311780585514e+01
-1.452072749845751787e+01
-1.446375499711814960e+01
-1.448549180053549534e+01
-1.446342925569995863e+01
-1.448975163696972857e+01
-1.445848513831919036e+01
-1.446182883810628006e+01
-1.441216064525280949e+01
-1.440173557131911153e+01
-1.434916019417288169e+01
-1.433942814055297710e+01
-1.432800195103314600e+01
-1.431352902182939424e+01
-1.431595606560834000e+01
-1.432335205315619042e+01
-1.433828032290722376e+01
-1.431432433424034834e+01
-1.429046504407988394e+01
-1.427127873522158552e+01
-1.433372660738774940e+01
-1.431775770772526002e+01
-1.428990847993880919e+01
-1.430084494257652494e+01
-1.429149778361651357e+01
-1.441757732109650725e+01
-1.446811865243267547e+01
-1.446272857431238812e+01
-1.454889604214583620e+01
-1.445623492273556820e+01
-1.450179524359680627e+01
-1.452020329985699121e+01
-1.451326080240396443e+01
-1.447583130425401876e+01
-1.448180421076878055e+01
-1.445085749061961700e+01
-1.440312823039889878e+01
-1.436694059044665295e+01
-1.440047891860853291e+01
-1.441892878265913147e+01
-1.446438510551023526e+01
-1.447355760537706004e+01
-1.443573444347877199e+01
-1.453620804680320333e+01
-1.454577876318851715e+01
-1.455081675992232348e+01
-1.449665952486607523e+01
-1.442959190367648503e+01
-1.440774210009252521e+01
-1.439004750158588131e+01
-1.454505931114672634e+01
-1.451945798259872689e+01
-1.443951066428117613e+01
-1.445203449483365610e+01
-1.441149428513977959e+01
-1.445200179553818920e+01
-1.444246195144297040e+01
-1.446782101790405406e+01
-1.447824384646022011e+01
-1.448317993445141560e+01
-1.448752118961297342e+01
-1.447067573328363288e+01
-1.448918823301504410e+01
-1.442111455171245460e+01
-1.448434773089095273e+01
-1.445390343049091442e+01
-1.447709148644117327e+01
-1.449406450741010488e+01
-1.456744123892193699e+01
-1.459168481499580672e+01
-1.455428092833636100e+01
-1.463289122179169333e+01
-1.457320880662038931e+01
-1.461967361232629337e+01
-1.457968249444775921e+01
-1.459132821862838902e+01
-1.454910499088724762e+01
-1.454066653771837103e+01
-1.450081459303473075e+01
-1.447859980691247017e+01
-1.442847690610344458e+01
-1.442967359480612188e+01
-1.445729786911861048e+01
-1.445843325387693490e+01
-1.449384553288739497e+01
-1.447996893730008772e+01
-1.458542015251753199e+01
-1.461174002540077765e+01
-1.458570790457003419e+01
-1.460197681373236378e+01
-1.457930143556881042e+01
-1.464963665603984211e+01
-1.466977981716142310e+01
-1.464903485662014226e+01
-1.461615732889466912e+01
-1.465892951736603678e+01
-1.461812812035267406e+01
-1.463093608618488162e+01
-1.456931526154726875e+01
-1.450189316771668224e+01
-1.450784788831858663e+01
-1.456870743902940291e+01
-1.462726778357020940e+01
-1.468372097237109308e+01
-1.460619296013824098e+01
-1.456609437669215978e+01
-1.452878512657999899e+01
-1.460042994615716516e+01
-1.455382492804606542e+01
-1.453341848045917928e+01
-1.453487190842619903e+01
-1.453667270284773672e+01
-1.448353092541969467e+01
-1.447670929456884892e+01
-1.448312253913555203e+01
-1.446824599364319042e+01
-1.451089485725318973e+01
-1.446954326914677047e+01
-1.440925095739785178e+01
-1.436381735812060079e+01
-1.439853858789446228e+01
-1.436124343987797580e+01
-1.430058120339348804e+01
-1.430559945751270945e+01
-1.430458389380815731e+01
-1.437941624288651710e+01
-1.449484663303709553e+01
-1.446993954245929537e+01
-1.462164347359584937e+01
-1.460380554360525807e+01
-1.453765104234387096e+01
-1.452622280698630597e+01
-1.452315558890189529e+01
-1.450989164570376921e+01
-1.446883237962737034e+01
-1.445390891880237483e+01
-1.449886785783594512e+01
-1.446307772402922787e+01
-1.441982447372899578e+01
-1.443493070970345471e+01
-1.442153173804801014e+01
-1.441565224514384447e+01
-1.443571390215836381e+01
-1.445763967192438848e+01
-1.446032142258440167e+01
-1.447303781828306768e+01
-1.444729525057239705e+01
-1.447210223774471238e+01
-1.456414763793588563e+01
-1.457889069069281618e+01
-1.456968772202607809e+01
-1.456237451859097298e+01
-1.460069886753825763e+01
-1.462351789069695052e+01
-1.463632201942994016e+01
-1.448256981022895040e+01
-1.465362225730330437e+01
-1.457651483979747198e+01
-1.457952825879732295e+01
-1.455871979729043986e+01
-1.459537613867041195e+01
-1.455521814336793263e+01
-1.455038952597672086e+01
-1.457147252551222927e+01
-1.456562660321675473e+01
-1.454757129740715449e+01
-1.451425793968299693e+01
-1.452482307463886180e+01
-1.457264429573388753e+01
-1.454910897751833332e+01
-1.447579558989044912e+01
-1.443201693907306904e+01
-1.445198507153493139e+01
-1.434278196111984549e+01
-1.438042561019696208e+01
-1.444253497662084307e+01
-1.441768212898100110e+01
-1.440444895283690840e+01
-1.444596720932267964e+01
-1.443366675404634591e+01
-1.444631506588281944e+01
-1.448347151236652763e+01
-1.447725649343486154e+01
-1.442015979094622047e+01
-1.446400658388210836e+01
-1.441822868156285686e+01
-1.446797279316588281e+01
-1.446073230840201163e+01
-1.441051138734287385e+01
-1.441917521759516063e+01
-1.442278211350000916e+01
-1.448689097923355540e+01
-1.441827924717973453e+01
-1.441803972577826976e+01
-1.440204606771433937e+01
-1.443843050267885886e+01
-1.441214376853457857e+01
-1.434359063484349228e+01
-1.428399239686113731e+01
-1.425058679757285063e+01
-1.422423105252416953e+01
-1.422893334231149254e+01
-1.421004497909093978e+01
-1.416223043027006767e+01
-1.410301241016867735e+01
-1.411679737043922600e+01
-1.418668813706510079e+01
-1.422347348534274047e+01
-1.422671707703661426e+01
-1.414533716822442955e+01
-1.417419850820193616e+01
-1.409096722295239168e+01
-1.409542105976531090e+01
-1.409388373492983071e+01
-1.411803529744793906e+01
-1.413394336954457309e+01
-1.411030170169936504e+01
-1.412473937168741855e+01
-1.417100354036028520e+01
-1.416504415694113739e+01
-1.416541733589337682e+01
-1.417088465381215201e+01
-1.420878620119040470e+01
-1.418781154211715467e+01
-1.423799742752493636e+01
-1.417992330102069864e+01
-1.418360067156935322e+01
-1.400474061664850822e+01
-1.397699207275653066e+01
-1.396983716292963962e+01
-1.401634013629536213e+01
-1.390870297097691122e+01
-1.384017893403729005e+01
-1.379009219546334641e+01
-1.381617737289326087e+01
-1.382818714938675519e+01
-1.381252730282275998e+01
-1.383127682312399109e+01
-1.389706920572467830e+01
-1.388377202441371772e+01
-1.383680984339011921e+01
-1.385436004270611754e+01
-1.382417467870299177e+01
-1.380524811987267064e+01
-1.375409198614908313e+01
-1.375394386331062968e+01
-1.382027047737440206e+01
-1.381368584683347578e+01
-1.379458118309994674e+01
-1.379161351587275952e+01
-1.379428507532724524e+01
-1.379654000410947567e+01
-1.391768102007338825e+01
-1.388617708411788065e+01
-1.382544044563525709e+01
