# 2*np.log[MAD(r)] for 100 flights; 1000 steps per flight; run 6 of 50; mu: 2.50; seed: 5
-2.530272506802459631e+01
-2.387484057478869559e+01
-2.256537751980656026e+01
-2.201884891385120468e+01
-2.165013507868720666e+01
-2.132075754724386840e+01
-2.113201299983771264e+01
-2.080959242060007597e+01
-2.060811969628728590e+01
-2.025903648716670702e+01
-2.023823663227354430e+01
-2.037746723634086621e+01
-2.019462290452506892e+01
-2.017878366262432976e+01
-2.010609266069744550e+01
-1.999520132367654668e+01
-1.987361439714875644e+01
-1.940683690910378090e+01
-1.964311250407671849e+01
-1.938187873929150840e+01
-1.932458798131953159e+01
-1.933854554313798246e+01
-1.900759423297233042e+01
-1.902251634114922751e+01
-1.893871759631657525e+01
-1.874053364173060743e+01
-1.867867344732852075e+01
-1.858730323497129078e+01
-1.869851924078155747e+01
-1.865884940799260860e+01
-1.865808648199525521e+01
-1.850043908278838600e+01
-1.826878207152926237e+01
-1.827353973988352465e+01
-1.826216851381571971e+01
-1.822930266877540362e+01
-1.821415441466166030e+01
-1.825777080557180909e+01
-1.796392021050763077e+01
-1.804594385698043624e+01
-1.800989129186161719e+01
-1.799078429400941559e+01
-1.806380411217353910e+01
-1.785746608632075194e+01
-1.788907564131414674e+01
-1.781075085286125415e+01
-1.786068077868530324e+01
-1.790635610070059869e+01
-1.796430793253438551e+01
-1.797597913895234356e+01
-1.797720039041580620e+01
-1.790517717122982688e+01
-1.792099247551513486e+01
-1.802824130939936609e+01
-1.801168335528064546e+01
-1.804450066909568307e+01
-1.805529373440672458e+01
-1.811835584523104359e+01
-1.811469970407238250e+01
-1.804178033263067249e+01
-1.764610314478319353e+01
-1.773832854604810905e+01
-1.784005228824060652e+01
-1.777490179432921025e+01
-1.778499781553942327e+01
-1.759605043618335429e+01
-1.751848576288084658e+01
-1.742972910473921644e+01
-1.745358739668896320e+01
-1.765365580608703056e+01
-1.749687209388542186e+01
-1.744567371858460803e+01
-1.743502890210716316e+01
-1.744380216014014806e+01
-1.736888840614682294e+01
-1.727956036121613792e+01
-1.718255932325370594e+01
-1.712225982225737297e+01
-1.707125680101885479e+01
-1.709659174554795413e+01
-1.708734219450904845e+01
-1.704749376328220833e+01
-1.695196459666096089e+01
-1.702849676188055739e+01
-1.705542837540373924e+01
-1.689808480227124932e+01
-1.688209197584763288e+01
-1.694021397591875200e+01
-1.688197224746950198e+01
-1.700710494723165311e+01
-1.708491391342792198e+01
-1.711777650459668010e+01
-1.711930993781475507e+01
-1.708036737832138385e+01
-1.709192229541712393e+01
-1.696902589761279145e+01
-1.692814126067275282e+01
-1.705317402348142153e+01
-1.704412928639543168e+01
-1.704811172090916571e+01
-1.692382575232725728e+01
-1.688482767810113572e+01
-1.693358632771831651e+01
-1.699383265593311165e+01
-1.703217057865727924e+01
-1.685079981884153000e+01
-1.680158558443455163e+01
-1.678821153074038719e+01
-1.688223157238995142e+01
-1.682060455217427020e+01
-1.678113953785844004e+01
-1.677583889629224601e+01
-1.667878761453382808e+01
-1.682026159691894662e+01
-1.674347192932977890e+01
-1.663135403334469942e+01
-1.667455792400121339e+01
-1.670142570166012774e+01
-1.670911746208943427e+01
-1.663348844814705529e+01
-1.663167002490128255e+01
-1.662000403807312310e+01
-1.663209580243594488e+01
-1.645558092195153677e+01
-1.642182429489256279e+01
-1.633072544912511503e+01
-1.630035478708382612e+01
-1.633452873677275363e+01
-1.639397718903587275e+01
-1.643490948337641910e+01
-1.635906596919401679e+01
-1.643606112099608652e+01
-1.644498906136747252e+01
-1.643210192844724915e+01
-1.651351113675353233e+01
-1.642265996400414352e+01
-1.640590031090383505e+01
-1.649283663881745454e+01
-1.643991995890421975e+01
-1.640779544876946261e+01
-1.632036868319298861e+01
-1.627159201338072592e+01
-1.620155841824703913e+01
-1.612677354703662047e+01
-1.620362984629672098e+01
-1.610018347207217460e+01
-1.601728325489635552e+01
-1.597978560507366552e+01
-1.603092111564933830e+01
-1.598986114029037964e+01
-1.610780965894472061e+01
-1.606100754337209580e+01
-1.604288454096579741e+01
-1.606131243656073693e+01
-1.613184876788011124e+01
-1.610501932118614832e+01
-1.608330256938850411e+01
-1.610249718498046079e+01
-1.617826630677797439e+01
-1.622417154256093497e+01
-1.627729991679916566e+01
-1.624627796944579572e+01
-1.625726956995523764e+01
-1.624654567604291699e+01
-1.628040479627776449e+01
-1.618898894739089656e+01
-1.622027278461041888e+01
-1.627326513892496607e+01
-1.639034878455575850e+01
-1.633515310758422956e+01
-1.633126906349384910e+01
-1.625021545346426777e+01
-1.624361502699015958e+01
-1.618324809877907811e+01
-1.614310923694106492e+01
-1.623235806282275462e+01
-1.629277109507909671e+01
-1.624790878626613022e+01
-1.631068529167191983e+01
-1.626181699704148897e+01
-1.623384648467359526e+01
-1.617237243301412519e+01
-1.615490705707913932e+01
-1.618584324330667812e+01
-1.626021052632811603e+01
-1.630948918358645372e+01
-1.630171370219286686e+01
-1.624439581397396282e+01
-1.626303206284965697e+01
-1.634441158169189379e+01
-1.637523972843323961e+01
-1.627542730863944698e+01
-1.629189095051735592e+01
-1.634424046357984039e+01
-1.641789461768176750e+01
-1.643671722167306015e+01
-1.653448101121176705e+01
-1.654091960924289140e+01
-1.650973352522974125e+01
-1.648674766698692196e+01
-1.643498885079131711e+01
-1.646296256303634209e+01
-1.650940209988475615e+01
-1.639467433134015906e+01
-1.627293689577569680e+01
-1.623972966768363690e+01
-1.614137885770999503e+01
-1.615633717488694998e+01
-1.617414678059645539e+01
-1.617732598990290782e+01
-1.621814355160349663e+01
-1.620214144777429865e+01
-1.629840023337798982e+01
-1.628982486026137622e+01
-1.616239209896675177e+01
-1.624280639589199993e+01
-1.617447797858072533e+01
-1.619356961883845969e+01
-1.615022345581969532e+01
-1.618273905595408380e+01
-1.614627495628746701e+01
-1.608135113343704603e+01
-1.615890225467502006e+01
-1.621415800518631301e+01
-1.619750913888702115e+01
-1.616463337321567550e+01
-1.623190792635852731e+01
-1.613434392920015270e+01
-1.616594062874060711e+01
-1.613429287021291003e+01
-1.618150785888127885e+01
-1.614534058167971864e+01
-1.620975098653314816e+01
-1.621123723103323044e+01
-1.627354536518289052e+01
-1.625262024898873392e+01
-1.628237690369004298e+01
-1.627406801481356524e+01
-1.633040796433791897e+01
-1.636511615766949390e+01
-1.635317398823297097e+01
-1.629059418345599752e+01
-1.629898420262085779e+01
-1.628623863364628832e+01
-1.634153334047206485e+01
-1.647027866696187459e+01
-1.648341343824237981e+01
-1.640148198330398444e+01
-1.639427993549947971e+01
-1.634324936527658778e+01
-1.655442718632620114e+01
-1.634106932620888131e+01
-1.635856362791500018e+01
-1.636842536433494644e+01
-1.643619031842463940e+01
-1.637448362660604317e+01
-1.643859609757088691e+01
-1.653567419589890619e+01
-1.649728884166260556e+01
-1.646623178895938366e+01
-1.640140761917638201e+01
-1.643223896810192031e+01
-1.639982221592985567e+01
-1.627820493746039432e+01
-1.640524039523950250e+01
-1.625618353056763610e+01
-1.628759636457439441e+01
-1.634691526935439754e+01
-1.629263852518027278e+01
-1.645917478886562080e+01
-1.652788193984392251e+01
-1.647008185813760051e+01
-1.631905225111987079e+01
-1.645550543452560532e+01
-1.644132550301802098e+01
-1.621389343866799138e+01
-1.616357386662532392e+01
-1.618749916988172544e+01
-1.623809596730092508e+01
-1.628136114908282650e+01
-1.637347984514572374e+01
-1.638675848878938268e+01
-1.634529644623327371e+01
-1.624884949270352763e+01
-1.629641284232437215e+01
-1.629693771277642966e+01
-1.629537010515462470e+01
-1.640733037055700905e+01
-1.643878240835051230e+01
-1.630055421062946763e+01
-1.632381632359850698e+01
-1.619849622342126239e+01
-1.612885283925239932e+01
-1.614662594655515448e+01
-1.618936649147283191e+01
-1.623196374125189223e+01
-1.621368614555123600e+01
-1.621061060855294045e+01
-1.614831310592012414e+01
-1.629655413828857746e+01
-1.626783436196077304e+01
-1.623408272169043087e+01
-1.619244934421054793e+01
-1.621371231056191675e+01
-1.617584501799106889e+01
-1.612661659134540315e+01
-1.614908307217580941e+01
-1.605730654535017266e+01
-1.613986326936218063e+01
-1.605784860981484385e+01
-1.614549123286606047e+01
-1.621838522072373223e+01
-1.620230131766307835e+01
-1.606175066453965883e+01
-1.613277015660597513e+01
-1.612950270468643055e+01
-1.619002676438498156e+01
-1.615744466629746867e+01
-1.618299844311804847e+01
-1.607542026064533758e+01
-1.613286995304629556e+01
-1.614488741413222428e+01
-1.615534270851610543e+01
-1.611431660753751061e+01
-1.613127570602052074e+01
-1.612801756573667333e+01
-1.601455108219834500e+01
-1.600176525766207192e+01
-1.610530664152886970e+01
-1.606051961750769763e+01
-1.594625045126821306e+01
-1.586144087461649832e+01
-1.590227728859016310e+01
-1.591107204956672661e+01
-1.592934282775887844e+01
-1.586978237554236060e+01
-1.583542070153978720e+01
-1.581432154512569888e+01
-1.593079966990065444e+01
-1.598523936254916755e+01
-1.593217651774662080e+01
-1.591288451809038129e+01
-1.585557073098759595e+01
-1.595542723995650292e+01
-1.592187652169829448e+01
-1.591283551858673384e+01
-1.583226516218255853e+01
-1.581602995254440813e+01
-1.588777152903651846e+01
-1.589449998095813932e+01
-1.591731956605443621e+01
-1.593665002268662967e+01
-1.598325722100005208e+01
-1.588836732876468005e+01
-1.589905563187693005e+01
-1.578160378622854765e+01
-1.575605699327664588e+01
-1.566895660318399486e+01
-1.571119199339097605e+01
-1.579431974651291704e+01
-1.587609236196426110e+01
-1.576513584748128061e+01
-1.574499015201464225e+01
-1.569780627035991927e+01
-1.583701228373256420e+01
-1.584235069748305236e+01
-1.580718149514482818e+01
-1.585374690596787062e+01
-1.586399074990550417e+01
-1.581046742234448566e+01
-1.573369593167636360e+01
-1.573325161564802066e+01
-1.576888803515392112e+01
-1.565528357925967917e+01
-1.567435326958933040e+01
-1.568274953857364729e+01
-1.584861964303187776e+01
-1.584513238004490354e+01
-1.581265900721788320e+01
-1.572815436074910522e+01
-1.574398059491524116e+01
-1.573479350094570961e+01
-1.571263495057582738e+01
-1.576576353494745852e+01
-1.572754869729623550e+01
-1.575996391583925949e+01
-1.578371396371465885e+01
-1.575714777445676340e+01
-1.572546470418944686e+01
-1.572483421510618129e+01
-1.562241430480064963e+01
-1.565250567445004926e+01
-1.566219188172802923e+01
-1.538503633264958559e+01
-1.536218763188339587e+01
-1.541237962683742246e+01
-1.552571135881255771e+01
-1.550995599580284434e+01
-1.555828063791807914e+01
-1.560896321299748735e+01
-1.562836526726206010e+01
-1.562077174163858651e+01
-1.557510452558256198e+01
-1.546674220212798723e+01
-1.549939258457183300e+01
-1.558236638985705369e+01
-1.556901191179680133e+01
-1.555752343346808431e+01
-1.552543199183797640e+01
-1.546692543281795196e+01
-1.537985357641137441e+01
-1.546223090488038565e+01
-1.550142225529801365e+01
-1.556266251831941183e+01
-1.553051617219460567e+01
-1.543216885939585303e+01
-1.536143503486098183e+01
-1.538776687550711308e+01
-1.528484157850584957e+01
-1.537909124030523600e+01
-1.533204117980112713e+01
-1.537498351023427823e+01
-1.544835672321221232e+01
-1.530638523014681596e+01
-1.533176322794880342e+01
-1.541826241791794416e+01
-1.537367737887328545e+01
-1.541031918162131475e+01
-1.550395705756623244e+01
-1.551060611121203436e+01
-1.547947676627691038e+01
-1.541775679589405890e+01
-1.539361393125813038e+01
-1.543020697041641220e+01
-1.537825077112226957e+01
-1.541172670237203768e+01
-1.549470410197028691e+01
-1.547671861371690483e+01
-1.535660061147807376e+01
-1.525594165853189921e+01
-1.538066638865059232e+01
-1.524911625416815397e+01
-1.519786892562186686e+01
-1.517312957777021687e+01
-1.517312134408599711e+01
-1.522815917504800076e+01
-1.521805362978967935e+01
-1.516389863205134780e+01
-1.519120789003135386e+01
-1.519408820260511028e+01
-1.517588914791698151e+01
-1.526356519510688869e+01
-1.515195510666769785e+01
-1.512096995690072809e+01
-1.524020719277968539e+01
-1.522619987759842353e+01
-1.525263599843597717e+01
-1.526270566639546722e+01
-1.521775739715265630e+01
-1.518403932719391136e+01
-1.528518469562326842e+01
-1.530057277436994312e+01
-1.541303913726881092e+01
-1.542064077764457330e+01
-1.554629427737944880e+01
-1.553478228849342635e+01
-1.549372488104040713e+01
-1.531619007920023812e+01
-1.532895723703949464e+01
-1.514664433288348633e+01
-1.515589664178155083e+01
-1.517241184773916984e+01
-1.514945054864612750e+01
-1.514125956697543529e+01
-1.513825268115848210e+01
-1.515063468305098482e+01
-1.510725974774718949e+01
-1.511411174923400402e+01
-1.510856192339344695e+01
-1.506477783802957049e+01
-1.504181303833463978e+01
-1.507877462912143329e+01
-1.503375942804860088e+01
-1.490323486085442539e+01
-1.492734673519046140e+01
-1.491431962383071230e+01
-1.493281462180227237e+01
-1.490937848610582073e+01
-1.486000198429854002e+01
-1.484289620593172465e+01
-1.481346378101760131e+01
-1.479347999196253305e+01
-1.487250012418903466e+01
-1.480180492533859393e+01
-1.480939687077904487e+01
-1.485602314041715388e+01
-1.484845818872578604e+01
-1.488295039380504114e+01
-1.492551626383177954e+01
-1.481219224431147019e+01
-1.481803504596927112e+01
-1.483747763698836053e+01
-1.485591152675488935e+01
-1.483591194546469616e+01
-1.482601851287623163e+01
-1.484938571981722610e+01
-1.481353010713925755e+01
-1.478878621198584398e+01
-1.480113140842157016e+01
-1.480869308251832628e+01
-1.477290777258982502e+01
-1.475869562168030491e+01
-1.471651329752167747e+01
-1.477711569777234146e+01
-1.477252792842242179e+01
-1.477117261141266091e+01
-1.473531243948063896e+01
-1.475446230378507195e+01
-1.477748258484000843e+01
-1.478941540596109583e+01
-1.479844818568861697e+01
-1.472668507046172515e+01
-1.469053975664504819e+01
-1.465753029546712405e+01
-1.462660308982039226e+01
-1.460480873044722827e+01
-1.472855420595337428e+01
-1.469367039343440950e+01
-1.466698611084803616e+01
-1.464771822041570459e+01
-1.465824473298530073e+01
-1.469528472413096054e+01
-1.473850083312499848e+01
-1.471410604608178474e+01
-1.472189835405752945e+01
-1.473885539419609891e+01
-1.473298767968959488e+01
-1.469463053850719803e+01
-1.473655279112225358e+01
-1.475287080410740259e+01
-1.472470888150390245e+01
-1.468242068258179778e+01
-1.470525881613703589e+01
-1.474160519381619139e+01
-1.475846834361782278e+01
-1.480286090790349007e+01
-1.480684079322564806e+01
-1.479582258276512796e+01
-1.476515874791929583e+01
-1.476786782027606471e+01
-1.477048251859795869e+01
-1.480105029574239772e+01
-1.481903688886707116e+01
-1.477026134070912455e+01
-1.478730254598733040e+01
-1.476024359853277446e+01
-1.475625010373939716e+01
-1.479678168515686210e+01
-1.477194778107474882e+01
-1.479680352692728107e+01
-1.484396250611355050e+01
-1.480909917183580404e+01
-1.478811429773329955e+01
-1.479770829724810710e+01
-1.476623241836846390e+01
-1.481365878206824505e+01
-1.479293577224568068e+01
-1.479112532795339163e+01
-1.479037267664087985e+01
-1.475602261389276570e+01
-1.486015665916257333e+01
-1.483840231001925325e+01
-1.482742009472619493e+01
-1.481269662657959962e+01
-1.475739622403711238e+01
-1.474964464683186094e+01
-1.477844452462544211e+01
-1.477551907926361707e+01
-1.479871979833858298e+01
-1.478064318270827293e+01
-1.482479513067583810e+01
-1.479384587851939514e+01
-1.477086896259450555e+01
-1.480723571669828331e+01
-1.479644241117139458e+01
-1.477503715897439562e+01
-1.474619059499651463e+01
-1.479968591265136268e+01
-1.482502830756436651e+01
-1.484437021519977939e+01
-1.472520939401473328e+01
-1.470316019905548366e+01
-1.470027181549250095e+01
-1.463654927366693137e+01
-1.469080900001722689e+01
-1.473839911741016273e+01
-1.469498050093892516e+01
-1.470512539212007042e+01
-1.467563185393438374e+01
-1.467548839506935465e+01
-1.466616166180609504e+01
-1.467161161593830698e+01
-1.465499693961651673e+01
-1.467874837866406423e+01
-1.469662244284891450e+01
-1.471769210455934207e+01
-1.474168427259624004e+01
-1.473354856029604321e+01
-1.471399451819680415e+01
-1.470203662331158867e+01
-1.470298902479630776e+01
-1.467941400755963244e+01
-1.467627274585067454e+01
-1.457926064715110748e+01
-1.462709800431309759e+01
-1.464165704414869396e+01
-1.465488628570654406e+01
-1.452202721927164397e+01
-1.455976819208981254e+01
-1.458625832078639206e+01
-1.461764074279363435e+01
-1.464853738167619390e+01
-1.456806862853597551e+01
-1.462913615558699121e+01
-1.459607555011791469e+01
-1.456786908285084792e+01
-1.458469540039721046e+01
-1.454935523103689121e+01
-1.453099561157059583e+01
-1.456624491259705856e+01
-1.448795994471981174e+01
-1.452012633685065346e+01
-1.460570025568427965e+01
-1.458875594003250775e+01
-1.458841740867782732e+01
-1.460582892164649849e+01
-1.460552415094875300e+01
-1.458478807946295142e+01
-1.457536662152946505e+01
-1.458679802264019187e+01
-1.456399294770609032e+01
-1.457718642394815944e+01
-1.455887169534315362e+01
-1.449989554810852965e+01
-1.450398954273198093e+01
-1.452548444743464273e+01
-1.452152415897499438e+01
-1.449824393750057716e+01
-1.450234838602252907e+01
-1.451696840019179646e+01
-1.453788360293895643e+01
-1.458804009905163568e+01
-1.462095786392525021e+01
-1.462469890532862493e+01
-1.462408626691828850e+01
-1.464781523847492117e+01
-1.462510779119664051e+01
-1.458287628882645492e+01
-1.458199229876864322e+01
-1.456030721552192730e+01
-1.450986922632155540e+01
-1.447917913513539645e+01
-1.454022799134845734e+01
-1.454854316352947130e+01
-1.448954264037175932e+01
-1.441315572672461620e+01
-1.444359303618279533e+01
-1.447860648487731083e+01
-1.450718163511695202e+01
-1.456520924187772614e+01
-1.464604533125039509e+01
-1.457258701246922428e+01
-1.455560964543754388e+01
-1.460644592425066968e+01
-1.461130961244969662e+01
-1.460273892863661160e+01
-1.465133489389887167e+01
-1.460706031201546296e+01
-1.461711605579215778e+01
-1.459647793144378625e+01
-1.448368372699601281e+01
-1.445839490062569155e+01
-1.444921355997387558e+01
-1.446757497878987309e+01
-1.449115290603777417e+01
-1.448896020738883372e+01
-1.451384154356942524e+01
-1.450463674691184579e+01
-1.453885144064301826e+01
-1.456480197024528067e+01
-1.457993361559001677e+01
-1.457710917245077376e+01
-1.454179875627878715e+01
-1.451568473347017907e+01
-1.455681022141103043e+01
-1.451593598389809259e+01
-1.447387476265656403e+01
-1.450552243239670958e+01
-1.450299392202074600e+01
-1.453762627820200493e+01
-1.454123696750457029e+01
-1.455528298265422826e+01
-1.454462973434364592e+01
-1.451694795543672178e+01
-1.449468433025229785e+01
-1.447083501400404160e+01
-1.447469513259813390e+01
-1.451494454324922145e+01
-1.453319245744911292e+01
-1.453622019774881835e+01
-1.455117213852939173e+01
-1.454393140986802990e+01
-1.460362274832884033e+01
-1.457951726454493802e+01
-1.458226903761374338e+01
-1.453298310343812361e+01
-1.450913639138034306e+01
-1.453784198638193281e+01
-1.452326500907485674e+01
-1.456074267642839892e+01
-1.458865868111752384e+01
-1.456327981615818778e+01
-1.457015435375355139e+01
-1.470827491602895876e+01
-1.468392441173133989e+01
-1.458273217917235876e+01
-1.451796738666240927e+01
-1.442196069510024259e+01
-1.435846277629138790e+01
-1.443503652303239626e+01
-1.444275731832655296e+01
-1.443340941940619082e+01
-1.451198994786041041e+01
-1.446304865656350813e+01
-1.447182693309783375e+01
-1.441384616620443104e+01
-1.437068364617382343e+01
-1.439191907916106139e+01
-1.435521311390805721e+01
-1.435129833898731100e+01
-1.435453903922517505e+01
-1.436260968144872230e+01
-1.424770989846366298e+01
-1.431463010678591452e+01
-1.435442310611072081e+01
-1.438506523811724414e+01
-1.434584667718003814e+01
-1.432506436177374809e+01
-1.431937953754528969e+01
-1.433887621421680514e+01
-1.429852022350866392e+01
-1.436001854741628314e+01
-1.432413424003610558e+01
-1.433160929968325803e+01
-1.433407396123487132e+01
-1.434804389835951000e+01
-1.434128725389048320e+01
-1.430682562708954819e+01
-1.433697705090407482e+01
-1.431884209756256965e+01
-1.437736775633335640e+01
-1.442149706305803747e+01
-1.440670224366063223e+01
-1.441734984225266558e+01
-1.442315117518516310e+01
-1.442932978191438309e+01
-1.445805195062653858e+01
-1.444798038655954997e+01
-1.443711129008717364e+01
-1.445039392016240143e+01
-1.446592280554763477e+01
-1.455219145714910667e+01
-1.453208169843023256e+01
-1.452736847459886427e+01
-1.453503535803652014e+01
-1.455821954993491651e+01
-1.453514010335753426e+01
-1.445603979083217894e+01
-1.447455951008452146e+01
-1.443537501318354721e+01
-1.436098925188502129e+01
-1.436678572576679258e+01
-1.438349951524791592e+01
-1.439419528993688147e+01
-1.436420925493280443e+01
-1.435286676493224967e+01
-1.437026652248922431e+01
-1.431759641132555672e+01
-1.432315636948468907e+01
-1.437729930336946715e+01
-1.443549118093684314e+01
-1.435471166013979172e+01
-1.436977802300579476e+01
-1.435180828010659404e+01
-1.426739305972951399e+01
-1.427052048856212352e+01
-1.424051863101825965e+01
-1.424141631842700662e+01
-1.421914092260126772e+01
-1.415125836297776907e+01
-1.415491253784000314e+01
-1.417998160316759915e+01
-1.419170978013408480e+01
-1.422735272216586822e+01
-1.427627635408941309e+01
-1.426767954802100036e+01
-1.429180561373639335e+01
-1.425645331320958320e+01
-1.433915750442119474e+01
-1.438198362943119513e+01
-1.437377655083249728e+01
-1.432642584887464743e+01
-1.428217970724791108e+01
-1.425962989346088783e+01
-1.423673309742495086e+01
-1.427202433949886995e+01
-1.426262118616934416e+01
-1.425163132271699951e+01
-1.426500743516830383e+01
-1.426009858635581296e+01
-1.429746025500198137e+01
-1.428161193241754923e+01
-1.429625323010655968e+01
-1.426585974080970232e+01
-1.430189620052200894e+01
-1.432376896559941493e+01
-1.430836123739423904e+01
-1.431113057398937549e+01
-1.429574036879920840e+01
-1.431222616806735282e+01
-1.429861483541870015e+01
-1.433724963709772382e+01
-1.424848738843279783e+01
-1.428943024644572013e+01
-1.424553128826328674e+01
-1.424755776651743311e+01
-1.423204658843693871e+01
-1.418671817911963196e+01
-1.426258224547430942e+01
-1.431427789056722588e+01
-1.430289070066567803e+01
-1.428472197131009302e+01
-1.429993815019533621e+01
-1.425874165978303409e+01
-1.427038754287977262e+01
-1.425212121607911975e+01
-1.423965334205594147e+01
-1.412948579981383901e+01
-1.411463118088823165e+01
-1.411200879868342462e+01
-1.414816756725089064e+01
-1.411559880161220271e+01
-1.407494598104353578e+01
-1.399385830136526288e+01
-1.400476629533234352e+01
-1.410996624549441414e+01
-1.409761779670785486e+01
-1.413649788025109366e+01
-1.413681318287389210e+01
-1.421779426722894613e+01
-1.422230871166465072e+01
-1.418859952375753331e+01
-1.419409381515209212e+01
-1.419253444616549409e+01
-1.421292153094314159e+01
-1.420292561783631058e+01
-1.424775509218090264e+01
-1.426587895349204516e+01
-1.427381825525030301e+01
-1.422708067601538673e+01
-1.425099472014769120e+01
-1.422993222836109872e+01
-1.428582006971218554e+01
-1.428314921404897753e+01
-1.424404423347592363e+01
-1.421023170446744288e+01
-1.419933198913997607e+01
-1.416606602527211933e+01
-1.415090838386545613e+01
-1.409937822707690991e+01
-1.406264122177644182e+01
-1.415612493900325042e+01
-1.411062217700729171e+01
-1.412595322881341886e+01
-1.414759938310154119e+01
-1.413945855379691885e+01
-1.414902116525198039e+01
-1.409895537510863228e+01
-1.409017089693367097e+01
-1.406716849050578766e+01
-1.405335496833167319e+01
-1.405553681922951270e+01
-1.412496673607999043e+01
-1.414612308331982859e+01
-1.415132215010321381e+01
-1.409141412743466582e+01
-1.403592553390559949e+01
-1.407000616951422955e+01
-1.410776776645609409e+01
-1.408051655799226509e+01
-1.405057379437021758e+01
-1.398797608442770546e+01
-1.399487026198352879e+01
-1.400093416495017529e+01
-1.402146150655863721e+01
-1.400792833173408170e+01
-1.399128086143565675e+01
-1.401546042685384741e+01
-1.396599175430760020e+01
-1.397493070506112822e+01
-1.390975821850038585e+01
-1.400087270435497899e+01
-1.402608095315680359e+01
-1.406490334155640198e+01
-1.406798962118043228e+01
-1.405760534297600017e+01
-1.414712578232079210e+01
-1.413895298285950197e+01
-1.412026236248970257e+01
-1.405572677293020867e+01
-1.406421242271080274e+01
-1.405861471395000883e+01
-1.405320580779770623e+01
-1.403575375929155022e+01
-1.403898207040666790e+01
-1.398875668842693010e+01
-1.399393385215955199e+01
-1.395254775254831436e+01
-1.391403862044013628e+01
-1.393515896039086144e+01
-1.386171437090817982e+01
-1.386344097653205765e+01
-1.381599608359504039e+01
-1.383512017194068378e+01
-1.383806040371052681e+01
-1.381533720495395912e+01
-1.384697452339720947e+01
-1.386448470228425123e+01
-1.386225324471942955e+01
-1.385748838729821664e+01
-1.381441918819722048e+01
-1.380408420268357261e+01
-1.379891090663724640e+01
-1.377097449571540722e+01
-1.379794446385223416e+01
-1.380856967958851023e+01
-1.385070492813055942e+01
-1.383851447998691242e+01
-1.385321534102745034e+01
-1.388415288648204182e+01
-1.391514962641103459e+01
-1.393289832230311376e+01
-1.395585200889799005e+01
-1.391577711107100868e+01
-1.393799373466490898e+01
-1.383814492361539905e+01
-1.383372767423730920e+01
-1.382485204835065673e+01
-1.384148837738097626e+01
-1.390107995347242564e+01
-1.394538265819723755e+01
-1.395642194483511922e+01
-1.392172386397354344e+01
-1.390080466701147976e+01
-1.390411150162283249e+01
-1.396426838429612793e+01
-1.395066204678309241e+01
-1.386108512965861372e+01
-1.386288788587516585e+01
-1.384953218115252760e+01
-1.385428412180946367e+01
-1.389416721154205980e+01
-1.392319645400414352e+01
-1.396863130806007725e+01
-1.398165655188459944e+01
-1.404445223485282668e+01
-1.406644617182241674e+01
-1.410460857479574059e+01
-1.425362988497400529e+01
-1.426563689485183595e+01
-1.427500128618381581e+01
-1.421615622625064645e+01
-1.427779271730347155e+01
-1.426313008785261793e+01
-1.425885163318887017e+01
-1.429770838813120371e+01
-1.431780335585323449e+01
-1.431018102685485793e+01
-1.432904520295248219e+01
-1.435816139071037867e+01
-1.433969846543459603e+01
-1.432823598440433166e+01
-1.430613022221476527e+01
-1.435982683460755815e+01
-1.434296833313697483e+01
-1.439373802503143907e+01
-1.437758056501855286e+01
-1.437370581038149098e+01
-1.431751560283370672e+01
-1.432896701074113999e+01
