# 2*np.log[MAD(r)] for 100 flights; 1000 steps per flight; run 27 of 50; mu: 2.50; seed: 26
-2.486917633459977850e+01
-2.313681053441515090e+01
-2.170463848275734264e+01
-2.163198109863404284e+01
-2.119628991071778046e+01
-2.087191087796731281e+01
-2.087123971316188076e+01
-2.078312861534423206e+01
-2.046705049296606305e+01
-2.001125469301010540e+01
-1.973644028116185112e+01
-1.990464945911296013e+01
-1.969801508066793616e+01
-1.955038977976358083e+01
-1.946628529974795896e+01
-1.928741669853032903e+01
-1.898303462173304368e+01
-1.898280938105653703e+01
-1.892281078068473121e+01
-1.910142008066188879e+01
-1.932870674856695459e+01
-1.924318024650652248e+01
-1.915648827012081057e+01
-1.925224989327713132e+01
-1.908479447658466910e+01
-1.908969301139285335e+01
-1.890072404166430076e+01
-1.906056974539658455e+01
-1.890674684106002346e+01
-1.887062621113632588e+01
-1.893453029878942928e+01
-1.885228840119678040e+01
-1.878102462312631005e+01
-1.879472021217785027e+01
-1.877463082607348710e+01
-1.853291107459011400e+01
-1.871205094950357761e+01
-1.859768313990439736e+01
-1.859927025940886480e+01
-1.845766951514794485e+01
-1.834930495737095058e+01
-1.817980014661201338e+01
-1.818836489421883229e+01
-1.831969459773609898e+01
-1.831415992082272126e+01
-1.831113673195553204e+01
-1.819261934202526731e+01
-1.815696979865587224e+01
-1.832974603093747490e+01
-1.833732970271003282e+01
-1.811457030633028609e+01
-1.826907883723578863e+01
-1.832643172611648197e+01
-1.815680839808128511e+01
-1.837555378581599186e+01
-1.828197831884763147e+01
-1.784955626125879036e+01
-1.771774239381104010e+01
-1.777948964241665308e+01
-1.776565913265211094e+01
-1.783532256374790848e+01
-1.762694414439492618e+01
-1.769865270693718884e+01
-1.758994683142591953e+01
-1.738833944584936475e+01
-1.714934674879545540e+01
-1.720593538489396224e+01
-1.724601432676793777e+01
-1.737595641429042104e+01
-1.725005110157558619e+01
-1.732904213834472529e+01
-1.723416249345205031e+01
-1.716190877178712526e+01
-1.731752000391301394e+01
-1.726167498872135297e+01
-1.729280678100656843e+01
-1.726694157447082034e+01
-1.722483463004043358e+01
-1.721464964043711632e+01
-1.716381210077119945e+01
-1.712323741636840779e+01
-1.715406828644354675e+01
-1.720015784373673284e+01
-1.720763311274630425e+01
-1.731878734034940592e+01
-1.711972541195035546e+01
-1.709601545501471165e+01
-1.706408258229475550e+01
-1.714542367286158253e+01
-1.704015747504345057e+01
-1.702210825318150000e+01
-1.698759901155423435e+01
-1.696414165764851489e+01
-1.699070635291793607e+01
-1.698930717633851017e+01
-1.676981570530676180e+01
-1.675548097466188935e+01
-1.684561996086119606e+01
-1.686094223191612329e+01
-1.674099031190199938e+01
-1.674192010250903095e+01
-1.677466389886404485e+01
-1.674947953606984541e+01
-1.680896324338257486e+01
-1.673220452826125637e+01
-1.671603156051683570e+01
-1.668221450125710348e+01
-1.667384532515824702e+01
-1.668986005790679883e+01
-1.673308849044838453e+01
-1.655136537448776934e+01
-1.668767924751360354e+01
-1.669547878383708550e+01
-1.675457879544214634e+01
-1.681384742418004308e+01
-1.668416602173187613e+01
-1.665786898734530297e+01
-1.658177994057798799e+01
-1.667444854877786753e+01
-1.674033693931608369e+01
-1.678652331629835359e+01
-1.666954123256448383e+01
-1.666029064579875296e+01
-1.663491367045746827e+01
-1.656524293964131544e+01
-1.658051922113019927e+01
-1.658594911726572008e+01
-1.665036269248134460e+01
-1.655918382475560335e+01
-1.655973616895798273e+01
-1.655235289163866597e+01
-1.645117639284754318e+01
-1.642274242608268153e+01
-1.644348364280017805e+01
-1.653214240197728202e+01
-1.645363199301356971e+01
-1.637882272620090163e+01
-1.631353774336220042e+01
-1.640714102743155678e+01
-1.646972718609477937e+01
-1.647722717979377904e+01
-1.652327338224435493e+01
-1.642550545199323864e+01
-1.643472408365192905e+01
-1.646054071760276472e+01
-1.637176025985192496e+01
-1.636419654447468730e+01
-1.627114954173963923e+01
-1.635934968852190252e+01
-1.641831867580637194e+01
-1.645504695838798170e+01
-1.652183636528275912e+01
-1.656913391274463976e+01
-1.661405444381197327e+01
-1.651213993443740691e+01
-1.663848727520495174e+01
-1.662162808670333192e+01
-1.679188849315778143e+01
-1.670384122589479148e+01
-1.667612879207442944e+01
-1.653853903563286210e+01
-1.648261745046837490e+01
-1.644783882423255861e+01
-1.640718698018235600e+01
-1.619665725588545868e+01
-1.620660173151954453e+01
-1.613723707808546592e+01
-1.615194753612880874e+01
-1.609981447884317163e+01
-1.610518603297811069e+01
-1.615504218472004538e+01
-1.614233683637087680e+01
-1.611115473367928530e+01
-1.616543108386857241e+01
-1.610212146069720163e+01
-1.616869388591805290e+01
-1.617629084128102335e+01
-1.611162350007331767e+01
-1.611754992202295966e+01
-1.609560812456097878e+01
-1.613288034585563935e+01
-1.615293473407851010e+01
-1.618585274089057435e+01
-1.622765255618647728e+01
-1.624901438019566768e+01
-1.639207771083195908e+01
-1.660888963039009170e+01
-1.662423268060148729e+01
-1.660532264254035439e+01
-1.660093212331896240e+01
-1.654131185015381433e+01
-1.643432024509167633e+01
-1.649073470941142361e+01
-1.647165601482361552e+01
-1.640568725362509639e+01
-1.645393364596417030e+01
-1.648374047169588863e+01
-1.646819275247165493e+01
-1.641795497356125466e+01
-1.650638024483284738e+01
-1.641956929157317902e+01
-1.640832055194274020e+01
-1.655199666543686376e+01
-1.644294312547415515e+01
-1.644490241798093422e+01
-1.647941766999243285e+01
-1.646469530672344916e+01
-1.639912376745851219e+01
-1.644689443405165719e+01
-1.641988242159688127e+01
-1.647672222804175490e+01
-1.633290834765865895e+01
-1.648199798941930183e+01
-1.644428567898374283e+01
-1.645130252740800714e+01
-1.645790749021799471e+01
-1.640485678384853330e+01
-1.637090897482842777e+01
-1.636763242550619069e+01
-1.637250899694666373e+01
-1.645275163817720454e+01
-1.631845444564146774e+01
-1.641754480103460523e+01
-1.634443750919915317e+01
-1.640858615161693024e+01
-1.639140877808103269e+01
-1.634808970668638040e+01
-1.624062358827092822e+01
-1.635163875685844204e+01
-1.625652049837962565e+01
-1.626713295501038203e+01
-1.631017251292508163e+01
-1.629651690317886548e+01
-1.633609516924774141e+01
-1.628229782328471131e+01
-1.631900031344821045e+01
-1.634096075960538386e+01
-1.625135562288868130e+01
-1.614598468858513058e+01
-1.622990107688499606e+01
-1.621719085000592742e+01
-1.622475067347146194e+01
-1.615220055256040865e+01
-1.620209468483102455e+01
-1.608257269655147326e+01
-1.611102424513366671e+01
-1.618392409632321005e+01
-1.621820407823697252e+01
-1.623735152239068569e+01
-1.615805928462738450e+01
-1.609356987832284602e+01
-1.614641160565676259e+01
-1.607625945360317488e+01
-1.610267294411617911e+01
-1.613482296629416268e+01
-1.620509831405004419e+01
-1.597721133749205968e+01
-1.593061286570952717e+01
-1.599214477815098512e+01
-1.609943902080141243e+01
-1.608534352919255639e+01
-1.616921187112551195e+01
-1.619693412949094835e+01
-1.597292001171183351e+01
-1.598331231269352415e+01
-1.593553978286603545e+01
-1.588954748324089650e+01
-1.590983093703357021e+01
-1.589882676126927308e+01
-1.593258011365046833e+01
-1.601991208426892399e+01
-1.596974945926311307e+01
-1.592919545047202057e+01
-1.601156937812679715e+01
-1.610110643433939259e+01
-1.601931235191054625e+01
-1.591250129879171915e+01
-1.600050900158221978e+01
-1.588138135153082864e+01
-1.593323669668469300e+01
-1.593478576061721341e+01
-1.587140777413486248e+01
-1.579291707516720678e+01
-1.594066041765616681e+01
-1.598636375447770419e+01
-1.598117894775435843e+01
-1.590975573728407788e+01
-1.598362462603800793e+01
-1.587294455437275609e+01
-1.583521511890942257e+01
-1.569854013428959227e+01
-1.567444082270168337e+01
-1.571326235736233556e+01
-1.565057845285449112e+01
-1.570328534936932030e+01
-1.574543568765534118e+01
-1.569426096639620560e+01
-1.573196670140056064e+01
-1.574579617583455615e+01
-1.567822705857386012e+01
-1.572882319345603364e+01
-1.571963836894349420e+01
-1.561123563781939971e+01
-1.548165978910450136e+01
-1.555172836962812433e+01
-1.558583145993642027e+01
-1.556114279172205528e+01
-1.564709152243010237e+01
-1.561129942806722504e+01
-1.566345414824336757e+01
-1.565474778178977289e+01
-1.567249182926125783e+01
-1.570611036624982226e+01
-1.574449770120957659e+01
-1.565904238048796593e+01
-1.563783952169064762e+01
-1.567166270993908128e+01
-1.565178234539230928e+01
-1.568235731756190532e+01
-1.575824798620103806e+01
-1.581088170481842781e+01
-1.570882125830271114e+01
-1.565852184820622739e+01
-1.567581705544257709e+01
-1.544450857264248889e+01
-1.542796154884347892e+01
-1.549929108029103020e+01
-1.559817530399122631e+01
-1.556716661131343926e+01
-1.563989356417542531e+01
-1.552663268403734342e+01
-1.546711685969600758e+01
-1.548597141815759493e+01
-1.553110263530431112e+01
-1.547401626957630327e+01
-1.543138795755042558e+01
-1.541006850180797727e+01
-1.538441928124905189e+01
-1.543006440974799709e+01
-1.540890538339719207e+01
-1.527399550389018046e+01
-1.532575153322989614e+01
-1.528938442916516216e+01
-1.530824841071611253e+01
-1.515128437950136941e+01
-1.517227785834984033e+01
-1.505182911106738075e+01
-1.507620868329538233e+01
-1.505219718296270770e+01
-1.502046449109877280e+01
-1.498825345450260116e+01
-1.501961830049751789e+01
-1.500667789236977612e+01
-1.501787163178611806e+01
-1.495582877513892051e+01
-1.496556846576263489e+01
-1.496931837450392777e+01
-1.498010026863673261e+01
-1.497904630247352742e+01
-1.495483146790038909e+01
-1.499055343541222562e+01
-1.502002063046499991e+01
-1.502854327414828361e+01
-1.503021605509491820e+01
-1.496867197897184631e+01
-1.500286309451907840e+01
-1.494793532956582993e+01
-1.496798882658025143e+01
-1.495309277715352181e+01
-1.491105449899764857e+01
-1.494713848566228798e+01
-1.502388430208269732e+01
-1.501120790665031457e+01
-1.500258942082162328e+01
-1.501234144559641415e+01
-1.499663100605489774e+01
-1.500802046033256332e+01
-1.506254914374553877e+01
-1.493013193321019827e+01
-1.497608477585126252e+01
-1.493225607664403931e+01
-1.488349081226236414e+01
-1.485994953398438234e+01
-1.501224783738598845e+01
-1.494918884729189656e+01
-1.502109391846316733e+01
-1.499028808363602394e+01
-1.495893633653409616e+01
-1.498727660200372114e+01
-1.497488387496551709e+01
-1.502902608210099622e+01
-1.501532783960193740e+01
-1.496493880591619074e+01
-1.501078004997048865e+01
-1.500809602340506643e+01
-1.494719279072664264e+01
-1.492400210639319980e+01
-1.497710372646779220e+01
-1.498516444760519839e+01
-1.497403737625510267e+01
-1.496925112536449021e+01
-1.501720193735818221e+01
-1.502194726868463803e+01
-1.501087401623554030e+01
-1.500090254525858846e+01
-1.499422276818600785e+01
-1.501604189392383581e+01
-1.513463794263525486e+01
-1.509085434710150508e+01
-1.502458635487429284e+01
-1.506053898249758305e+01
-1.504158173088135264e+01
-1.499280904938838965e+01
-1.500091691753148204e+01
-1.501857996771967763e+01
-1.511376226783207599e+01
-1.515870121128627801e+01
-1.512625154980388054e+01
-1.514529340510847000e+01
-1.519097138918993650e+01
-1.523988437721425093e+01
-1.520804015392289088e+01
-1.517502663603085367e+01
-1.516748989084883092e+01
-1.515417075714683470e+01
-1.523826495391764091e+01
-1.528147700050269542e+01
-1.524952310607647199e+01
-1.520495301499077634e+01
-1.521182636062939686e+01
-1.519358426336948220e+01
-1.521004385005547732e+01
-1.518377067325339524e+01
-1.513494826550749295e+01
-1.513240244106082599e+01
-1.515229904114519854e+01
-1.514621662221152576e+01
-1.510797235833397600e+01
-1.510542326081518816e+01
-1.518233172131348674e+01
-1.518796837932721822e+01
-1.513598527933560689e+01
-1.519974717187712976e+01
-1.515789360678718900e+01
-1.504019611432138603e+01
-1.505400687649627045e+01
-1.507066522877405212e+01
-1.508703023519749564e+01
-1.501109732031821231e+01
-1.501026111885701120e+01
-1.504564521136770949e+01
-1.505135946588286444e+01
-1.496477599822857130e+01
-1.478787327045091793e+01
-1.483745649364603914e+01
-1.487932968397377564e+01
-1.485109499883392914e+01
-1.485720818814981747e+01
-1.482156460655317254e+01
-1.487254761548813420e+01
-1.490868355771314313e+01
-1.487263893303308215e+01
-1.483790294223539519e+01
-1.478811172411698216e+01
-1.474871487421547478e+01
-1.481386707756396248e+01
-1.481557463079391646e+01
-1.479256042945179850e+01
-1.479918980386264060e+01
-1.484026035957185385e+01
-1.482547742232658372e+01
-1.478801051018467838e+01
-1.479832478366262194e+01
-1.481088349011364258e+01
-1.480149817229382769e+01
-1.479732369838801986e+01
-1.474572364426770932e+01
-1.464292924646631455e+01
-1.458824480040961724e+01
-1.457711168428734538e+01
-1.460291703267764163e+01
-1.459079408967338232e+01
-1.469780521030425113e+01
-1.461415537927258335e+01
-1.463758425627030846e+01
-1.458105028991693608e+01
-1.461515917376105378e+01
-1.461548315315652324e+01
-1.463777604538185884e+01
-1.469754175915137751e+01
-1.468749306756821404e+01
-1.469402248387544496e+01
-1.474278704745350943e+01
-1.469874171072993363e+01
-1.472354775344509648e+01
-1.470676157177407539e+01
-1.470387096074960454e+01
-1.471055997903057033e+01
-1.474053937100425671e+01
-1.475168298134162548e+01
-1.474544805332058495e+01
-1.482244539991697785e+01
-1.483662095928146840e+01
-1.484377315599746971e+01
-1.481650343148415239e+01
-1.483284625158058745e+01
-1.482458216540999807e+01
-1.478928777805521477e+01
-1.483033376612359255e+01
-1.474628103529843237e+01
-1.478668844086914902e+01
-1.478393088267426592e+01
-1.483481020292557595e+01
-1.481200251955707081e+01
-1.484776137109866490e+01
-1.482260906510842524e+01
-1.485479912134411329e+01
-1.476802108564033311e+01
-1.471502079351319203e+01
-1.467995848550292948e+01
-1.483187527561680241e+01
-1.472623635829740785e+01
-1.475313176004422822e+01
-1.473143817317631665e+01
-1.475666464965685876e+01
-1.471167620387917196e+01
-1.472168680663060236e+01
-1.473654375130559124e+01
-1.471542259324051116e+01
-1.472395947917294912e+01
-1.475329939805260260e+01
-1.473751554986903933e+01
-1.474006134222255149e+01
-1.475153593230751703e+01
-1.473938086511643597e+01
-1.475497311347283969e+01
-1.477586393033510781e+01
-1.478135285614576766e+01
-1.480819410737540132e+01
-1.480373581624948365e+01
-1.468824099680738904e+01
-1.468816059134579000e+01
-1.468104504508473340e+01
-1.460883119875688507e+01
-1.461287033337112007e+01
-1.463355148400404993e+01
-1.463254603092604000e+01
-1.464086055234110617e+01
-1.462807483821891807e+01
-1.462908612200952874e+01
-1.468142695424275068e+01
-1.465280475779831271e+01
-1.466172031472665971e+01
-1.463703452110005365e+01
-1.463083300733442194e+01
-1.461242263266079178e+01
-1.466680613850489756e+01
-1.465009676947432737e+01
-1.466980135497986382e+01
-1.464105987564785316e+01
-1.465916815087902769e+01
-1.470890346504184265e+01
-1.468197527160311111e+01
-1.466816170657567753e+01
-1.467614478555019630e+01
-1.462865518746348492e+01
-1.461521116262204956e+01
-1.456279532713428182e+01
-1.461012861233544413e+01
-1.462348688837305311e+01
-1.459661743607324169e+01
-1.465131193497788153e+01
-1.462888185906840555e+01
-1.465548663431068199e+01
-1.469219247805845541e+01
-1.468979526269691860e+01
-1.469695431403221875e+01
-1.471450533865155919e+01
-1.471137759452484239e+01
-1.461114160450557797e+01
-1.459363124295077796e+01
-1.463380337486605853e+01
-1.460314484582452010e+01
-1.456009675166654738e+01
-1.450185093434864392e+01
-1.448743327329555264e+01
-1.458454836851205449e+01
-1.454151958831787184e+01
-1.456305520646305318e+01
-1.454462084939710209e+01
-1.457103430148499434e+01
-1.455701957425635484e+01
-1.457069909211241132e+01
-1.457365154309479571e+01
-1.455520608034514929e+01
-1.457215237146613696e+01
-1.455273126979162512e+01
-1.457614774020803772e+01
-1.460282698192241924e+01
-1.459519548064887218e+01
-1.465461674626975608e+01
-1.461596416510440477e+01
-1.459558650127464041e+01
-1.457889959902347954e+01
-1.449198438974849523e+01
-1.447251320888598336e+01
-1.459461172645761806e+01
-1.467862586216922338e+01
-1.461878843685472162e+01
-1.456431785388474687e+01
-1.461388231256888304e+01
-1.466088319079559277e+01
-1.462347324564303008e+01
-1.462669629666643800e+01
-1.457050908690790791e+01
-1.463211429462014657e+01
-1.476965072554317615e+01
-1.472049307978165089e+01
-1.476684842768748318e+01
-1.471755514622507555e+01
-1.471897008068460622e+01
-1.477801842926787579e+01
-1.473242886733168966e+01
-1.478373082001197680e+01
-1.466001443765959777e+01
-1.470161593214508855e+01
-1.451110218687514397e+01
-1.436046469868683673e+01
-1.431746871045777247e+01
-1.434244103546767590e+01
-1.432700692726647418e+01
-1.434779913150723729e+01
-1.439048974755123034e+01
-1.442145634038508817e+01
-1.440746039610991325e+01
-1.448087526548841630e+01
-1.453161924388314574e+01
-1.454653417795325865e+01
-1.461890604089226287e+01
-1.466168225311945150e+01
-1.464805553185550835e+01
-1.460073962232900691e+01
-1.461459386973704433e+01
-1.450182452056379390e+01
-1.448128989616288642e+01
-1.447715063743785890e+01
-1.448824289862093906e+01
-1.454067864112360553e+01
-1.450149427389910883e+01
-1.455885807726346748e+01
-1.455840541297491519e+01
-1.459082924794480540e+01
-1.454587705515817220e+01
-1.450631328408167064e+01
-1.456849340328810882e+01
-1.465408574047548562e+01
-1.452755462007632126e+01
-1.467271024505863330e+01
-1.466119458641673745e+01
-1.463465565613426023e+01
-1.474702974234727115e+01
-1.472698082354036764e+01
-1.472837475105805538e+01
-1.464389117735495383e+01
-1.470329043036480954e+01
-1.475276121040577237e+01
-1.471459247184535535e+01
-1.464445534522842962e+01
-1.463601374775524988e+01
-1.472165988781763879e+01
-1.473345573941536379e+01
-1.470941709947362064e+01
-1.469780438592410121e+01
-1.476410338628920726e+01
-1.476373492012540645e+01
-1.476009204983181355e+01
-1.482540914679740141e+01
-1.479782127686205762e+01
-1.479405330626829951e+01
-1.480004204859656092e+01
-1.471063378481149364e+01
-1.476391696173727297e+01
-1.475746663396290970e+01
-1.473727725413891143e+01
-1.477373190272043146e+01
-1.473109241746298714e+01
-1.469652826643384991e+01
-1.461609208581356611e+01
-1.464226901557450411e+01
-1.460496387472264956e+01
-1.461436265934650613e+01
-1.462320216121689143e+01
-1.473441094519064976e+01
-1.471167889465346867e+01
-1.466804550996005574e+01
-1.471397831493551500e+01
-1.471198062820134389e+01
-1.473159837728523414e+01
-1.477530598792184691e+01
-1.476368774746992862e+01
-1.463615522379519795e+01
-1.462872189268515122e+01
-1.458718748990896508e+01
-1.460210134471580545e+01
-1.460552109142508392e+01
-1.458676960352452312e+01
-1.461705291884733349e+01
-1.455712063253020006e+01
-1.455207520640752961e+01
-1.456350841396432649e+01
-1.460206682424076341e+01
-1.452161428473926819e+01
-1.463602990030498496e+01
-1.468533650372729227e+01
-1.457757636973265747e+01
-1.457646723748235296e+01
-1.469477360725604242e+01
-1.468840967702529632e+01
-1.465829045110097262e+01
-1.471286284259167587e+01
-1.468107946910285655e+01
-1.467002872940744496e+01
-1.468135288468736377e+01
-1.469889006021350752e+01
-1.472264278168572638e+01
-1.477151207547432854e+01
-1.477969392110287039e+01
-1.483019735972694342e+01
-1.476553649213616204e+01
-1.476152876689383575e+01
-1.482774997174457532e+01
-1.478644861688341372e+01
-1.471380889688987104e+01
-1.474102514074562364e+01
-1.466674537241582321e+01
-1.461273313678951702e+01
-1.463400301201337861e+01
-1.466635653864754474e+01
-1.469622705331208223e+01
-1.470726263845532422e+01
-1.470843372521708226e+01
-1.472394046013736890e+01
-1.472729789622081142e+01
-1.477721945683026661e+01
-1.479042192768102204e+01
-1.482421886631307117e+01
-1.480493941754116527e+01
-1.480863970297373911e+01
-1.486848300322192351e+01
-1.470619243913449026e+01
-1.470290261496297290e+01
-1.465307767959659735e+01
-1.462078246214165134e+01
-1.459209840905237243e+01
-1.460149478608669504e+01
-1.455779175804467052e+01
-1.470487507240737735e+01
-1.448426529085186409e+01
-1.447534007938602407e+01
-1.449646050503752015e+01
-1.464428272606153136e+01
-1.464354225769768014e+01
-1.453097657397029785e+01
-1.452781071439419947e+01
-1.455406774825140559e+01
-1.440127342832797908e+01
-1.443086752205466183e+01
-1.444375180205149611e+01
-1.454918535462061335e+01
-1.454348434807785218e+01
-1.450468559007917690e+01
-1.453939121304696691e+01
-1.448072048763513919e+01
-1.450833777506204925e+01
-1.449913551554259605e+01
-1.452632783092511026e+01
-1.450889404873677435e+01
-1.444524051967177947e+01
-1.434696085756103479e+01
-1.444327916555743307e+01
-1.446012195174677117e+01
-1.447171824065181234e+01
-1.444593560778483621e+01
-1.448284642741679029e+01
-1.445555887057247801e+01
-1.446325228458305112e+01
-1.441174519813530175e+01
-1.439858181014824368e+01
-1.443275219151831479e+01
-1.442742596199902749e+01
-1.443851283632574933e+01
-1.443471599265143368e+01
-1.445075294967043611e+01
-1.450965568736632605e+01
-1.458282995080550570e+01
-1.457399759335578082e+01
-1.455251049083413406e+01
-1.458147320531897506e+01
-1.451064625025134980e+01
-1.453957958789574789e+01
-1.451013980658900593e+01
-1.455286461946410803e+01
-1.449351305597238060e+01
-1.440230314468210793e+01
-1.441803249591640146e+01
-1.439962144923740617e+01
-1.437641454173834532e+01
-1.436424535616049525e+01
-1.436400523642560501e+01
-1.431535782797484835e+01
-1.434180267016994570e+01
-1.432607000526050456e+01
-1.431581033028142613e+01
-1.432847182349830994e+01
-1.435811716918629166e+01
-1.438444655040598619e+01
-1.434755332998613042e+01
-1.436212054949122141e+01
-1.434455618952350164e+01
-1.433336766121399464e+01
-1.435144944235353215e+01
-1.440037190468855677e+01
-1.433394273831467380e+01
-1.432567386738304371e+01
-1.427018781981943185e+01
-1.424411076379176677e+01
-1.428257298402037456e+01
-1.428901017348508518e+01
-1.425367544910817230e+01
-1.428994026825929531e+01
-1.427606393376826510e+01
-1.424944456552234229e+01
-1.426817369688243886e+01
-1.428850343852517923e+01
-1.424333735231433451e+01
-1.426891437489443781e+01
-1.435178991389745740e+01
-1.436044754642992238e+01
-1.441193375983117519e+01
-1.438752028304416442e+01
-1.434300927986894614e+01
-1.438294328402904121e+01
-1.436725574844014375e+01
-1.444643505172588149e+01
-1.446572336184583918e+01
-1.447600389617457850e+01
-1.452763066256834712e+01
-1.441540480968575721e+01
-1.443795030415181735e+01
-1.439188791722106053e+01
-1.442523572833885837e+01
-1.446393849454317326e+01
-1.431931129240767397e+01
-1.428525695320629829e+01
-1.428752200201221001e+01
-1.432497153089083142e+01
-1.436038020586775765e+01
-1.428935778444497728e+01
-1.423230430374962552e+01
-1.422982588846578977e+01
-1.412778261565159532e+01
-1.406657284998343371e+01
-1.407991951858178759e+01
-1.410074074398628774e+01
-1.414328939542582297e+01
-1.416905316109649426e+01
-1.414825418830213266e+01
-1.414650498703044512e+01
-1.414887033209479483e+01
-1.415796762142076659e+01
-1.417685737778322341e+01
-1.411643873570687724e+01
-1.411898240141696093e+01
-1.410688414405013624e+01
-1.415022736617443577e+01
-1.414039072368379557e+01
-1.414054948617869378e+01
-1.422680604630902046e+01
-1.415697819223452747e+01
-1.418225841541320698e+01
-1.418721223807222032e+01
-1.429279464054124560e+01
-1.424742674351636218e+01
-1.421046977966204850e+01
-1.423286284415431346e+01
-1.416634282186803517e+01
-1.416577470593098909e+01
-1.426410010067084322e+01
-1.433167338263289636e+01
-1.434393415997113763e+01
-1.430330702191367109e+01
-1.431320023420365750e+01
-1.432535184781608706e+01
-1.432962358744712361e+01
-1.436973551374133251e+01
-1.434370074998873967e+01
-1.427322520002512363e+01
-1.426741090846391025e+01
-1.426449672022435244e+01
-1.425658850820649093e+01
-1.430577351520960150e+01
-1.427806017652124204e+01
-1.422943137538689840e+01
-1.425052043725215611e+01
-1.428857433600502169e+01
-1.429855520854172291e+01
-1.429585202953998824e+01
-1.431540575056987841e+01
-1.434520357295699178e+01
-1.436553496037800137e+01
-1.434081754686103949e+01
-1.435488679770734421e+01
-1.437922913725464014e+01
-1.422803114824296955e+01
-1.425783623734328565e+01
-1.427440295885088695e+01
-1.426248272766003922e+01
-1.425125047634180397e+01
-1.426552757107143066e+01
-1.431426754586497552e+01
-1.430778210945811502e+01
-1.417464830682402877e+01
-1.415680632819625373e+01
-1.420237087655645425e+01
-1.421154621311134925e+01
-1.420203678087483290e+01
-1.422385197019102598e+01
-1.422785713745198777e+01
-1.427154489680201621e+01
-1.428762069277165381e+01
-1.431364362881785190e+01
-1.427206451287337963e+01
-1.423073241007124956e+01
-1.423259264429526993e+01
-1.422114184284835048e+01
-1.421765472609946457e+01
-1.421559552161439655e+01
-1.425438154772608890e+01
-1.426018852838965500e+01
-1.427209306791800003e+01
-1.423083046635782800e+01
-1.423086362783655545e+01
-1.421156685761420313e+01
-1.420499980903544568e+01
-1.421269794553240651e+01
-1.424877176751065200e+01
-1.426171770704418407e+01
-1.425937856507429302e+01
-1.426558851853158139e+01
-1.435488639420579560e+01
-1.432928588429138195e+01
-1.434477330140283513e+01
-1.435289427609099278e+01
-1.436682122945538076e+01
-1.435023252039607833e+01
-1.426006630202247116e+01
-1.423494395274040514e+01
-1.422068979809478151e+01
-1.425220173628308551e+01
-1.414071027160241201e+01
-1.412982402857473474e+01
-1.417079147896548186e+01
-1.409954329017365460e+01
-1.412475420809386684e+01
-1.418158362795519345e+01
-1.413576540996625575e+01
-1.414954688773115521e+01
-1.412433955826906562e+01
-1.411798083818761818e+01
-1.409300407545705802e+01
-1.410866134266805538e+01
-1.413084460773084494e+01
-1.412944354148001480e+01
-1.411942650399661403e+01
-1.408866288537069877e+01
-1.410025685092702474e+01
-1.412523854829248293e+01
-1.409973613316677721e+01
-1.414845191362634580e+01
-1.416244100700085085e+01
-1.410591810297242610e+01
-1.411367340276898474e+01
-1.410822774650156930e+01
-1.411383229525707250e+01
-1.414038191099809438e+01
-1.422304207397152709e+01
-1.424830858568124548e+01
-1.423577461393511356e+01
-1.425179333236701495e+01
-1.428905873738787591e+01
-1.433685063337494725e+01
-1.433717577765998463e+01
-1.432157208556540340e+01
-1.432194101748666348e+01
-1.431896958352841942e+01
-1.432107117549037589e+01
-1.431588324702578774e+01
-1.431238401865784482e+01
-1.434236183542415333e+01
-1.432369987659661348e+01
