# 2*np.log[MAD(r)] for 100 flights; 1000 steps per flight; run 8 of 50; mu: 2.50; seed: 7
-2.457807439810245853e+01
-2.258190950724027957e+01
-2.202968303278353801e+01
-2.165908628047824180e+01
-2.160262780818127482e+01
-2.075606933171995294e+01
-2.070908489678847175e+01
-2.010282309661697653e+01
-2.022695085300770756e+01
-2.010324289520084662e+01
-1.994531885638005164e+01
-1.968998901924510747e+01
-1.954495033874373178e+01
-1.942362789037073156e+01
-1.908567194770933284e+01
-1.935830134849276973e+01
-1.913905856411838968e+01
-1.887966152834650657e+01
-1.890379106295801748e+01
-1.865795786169424630e+01
-1.865191452818700313e+01
-1.855007255787971943e+01
-1.861044356395542820e+01
-1.872925304043933181e+01
-1.874846902332969734e+01
-1.864678668126089534e+01
-1.871243729876218964e+01
-1.865079762339211911e+01
-1.886465061421318623e+01
-1.854585481232128430e+01
-1.854873936178801586e+01
-1.857618233676188169e+01
-1.855339887491571105e+01
-1.845799328642679882e+01
-1.857698443230780683e+01
-1.843745030508653215e+01
-1.822549814695294756e+01
-1.806978366052672058e+01
-1.791424782130727422e+01
-1.798493020114087315e+01
-1.785555003504263993e+01
-1.778694564726665561e+01
-1.793517042832887398e+01
-1.794526412951706362e+01
-1.800022339820648654e+01
-1.792050758282493561e+01
-1.788961710017413509e+01
-1.772417466506723116e+01
-1.784264323752759296e+01
-1.767118753692545141e+01
-1.775903327571895574e+01
-1.772083169493620858e+01
-1.761963278870323180e+01
-1.754069692263812996e+01
-1.753177145343705945e+01
-1.747969466582611631e+01
-1.750814278311993988e+01
-1.741196770949395756e+01
-1.727507056653717044e+01
-1.737552264530423685e+01
-1.733641031429269219e+01
-1.725062725624730220e+01
-1.713877033456211407e+01
-1.717125244127075945e+01
-1.722134814148914117e+01
-1.719409218474361367e+01
-1.713479761879235141e+01
-1.712079008118735857e+01
-1.723240337152842372e+01
-1.717396684508656435e+01
-1.714751856277512232e+01
-1.729520382775788079e+01
-1.719981119619645682e+01
-1.724042135430750022e+01
-1.717463282538428260e+01
-1.730555698519675545e+01
-1.731652888103739230e+01
-1.739938099994929743e+01
-1.745472216309597968e+01
-1.746519058119191925e+01
-1.729494215781203792e+01
-1.731910854972651492e+01
-1.714959780819288682e+01
-1.721277252060914620e+01
-1.722746710633765233e+01
-1.698730399343025610e+01
-1.680761651088547026e+01
-1.685351724192189238e+01
-1.670596721394130313e+01
-1.684637414992820936e+01
-1.674784794129356058e+01
-1.662627832772546554e+01
-1.661518051250859784e+01
-1.654619755623718191e+01
-1.655301659205724363e+01
-1.660836544345559318e+01
-1.663421709123144865e+01
-1.655604326997204367e+01
-1.657830263737884380e+01
-1.656876627338945340e+01
-1.655327123142847512e+01
-1.661169017898035349e+01
-1.663783501702729239e+01
-1.668801953820396733e+01
-1.658841010393389936e+01
-1.665910680782355513e+01
-1.670297951098203271e+01
-1.669693207756965236e+01
-1.677835560438007789e+01
-1.661215830131163429e+01
-1.660434729198218662e+01
-1.663303532148561814e+01
-1.663661136942845786e+01
-1.664990388443143488e+01
-1.671636622789999649e+01
-1.681745744369848339e+01
-1.691726907997946938e+01
-1.701710388443050803e+01
-1.692756889981601987e+01
-1.700552497406958707e+01
-1.689778978154619082e+01
-1.691145696147417254e+01
-1.682881944425657395e+01
-1.675423503701862415e+01
-1.680637634480631704e+01
-1.665052482640501452e+01
-1.659817800412369238e+01
-1.669637991803868715e+01
-1.684336312526037815e+01
-1.699327324250311477e+01
-1.706829847563043501e+01
-1.709113753282799664e+01
-1.702978793976388516e+01
-1.716038253780895673e+01
-1.703053774172247614e+01
-1.708207851522467635e+01
-1.699368943906267759e+01
-1.677577771277458751e+01
-1.681273850669187198e+01
-1.665926881420993055e+01
-1.658353375409829411e+01
-1.665534595342402113e+01
-1.660725081937915704e+01
-1.663302249142161315e+01
-1.664237045605803900e+01
-1.660350446994617002e+01
-1.672308527953063617e+01
-1.674544817207307901e+01
-1.665311908140718700e+01
-1.669889424508692954e+01
-1.653350320031222154e+01
-1.633386982115986896e+01
-1.636169262761936594e+01
-1.623219826173960456e+01
-1.625352136061997044e+01
-1.639198078067814279e+01
-1.635153135938737634e+01
-1.639701860749838147e+01
-1.635460661509122815e+01
-1.630166893778261183e+01
-1.636964490911677217e+01
-1.634075274039580705e+01
-1.624795752491063894e+01
-1.617350472684750784e+01
-1.618682502239757426e+01
-1.607232769769602143e+01
-1.604364590121373624e+01
-1.597152784113415969e+01
-1.599324824853577809e+01
-1.602413788876850376e+01
-1.604317327219248313e+01
-1.623153430842542377e+01
-1.616632532815103218e+01
-1.613743106620017187e+01
-1.610194647907549381e+01
-1.612854156069822054e+01
-1.595878244341258245e+01
-1.590500935325211529e+01
-1.586509197312076225e+01
-1.587684702950086013e+01
-1.601803720457334990e+01
-1.595352530637446797e+01
-1.603678691052283867e+01
-1.602983334575772645e+01
-1.598358086132883571e+01
-1.594876696139234618e+01
-1.603548311115285685e+01
-1.602595952913796395e+01
-1.597928813021596461e+01
-1.594980628917891252e+01
-1.590488431599289321e+01
-1.595035535300233853e+01
-1.604052345055740147e+01
-1.597886256008198913e+01
-1.593168324512767242e+01
-1.590115671952572463e+01
-1.575455582545569833e+01
-1.572771209679696014e+01
-1.585703532815068151e+01
-1.590613530064024950e+01
-1.594708730296124344e+01
-1.580200572451047059e+01
-1.582798155174339882e+01
-1.576314288994633550e+01
-1.577359213885979017e+01
-1.578189899421845688e+01
-1.575886438380066679e+01
-1.569168171577124937e+01
-1.571710313006520465e+01
-1.563416593397985821e+01
-1.559328227722206961e+01
-1.550333542116523944e+01
-1.547030010722425786e+01
-1.562358389368001177e+01
-1.558319229151733687e+01
-1.553177331619307644e+01
-1.547566915055970860e+01
-1.554197089478451943e+01
-1.552074882699692182e+01
-1.550254424648620066e+01
-1.548491732625492290e+01
-1.552220456747546784e+01
-1.547397229809453911e+01
-1.551758192017758908e+01
-1.547489843525230491e+01
-1.544600391099357140e+01
-1.543414888563934362e+01
-1.539541179205693133e+01
-1.537313977581288782e+01
-1.543247021017369391e+01
-1.542810216768805809e+01
-1.540353950765213753e+01
-1.536152492383805601e+01
-1.534007741739575081e+01
-1.538864889002243252e+01
-1.538035275163107585e+01
-1.533617138606265407e+01
-1.531245453302579485e+01
-1.532856225863148047e+01
-1.531376841997172633e+01
-1.536641607451280578e+01
-1.540232877548814017e+01
-1.528338317426501547e+01
-1.521109750018444373e+01
-1.530636739487932729e+01
-1.531050230965155023e+01
-1.531457537147776726e+01
-1.532769309646254641e+01
-1.530968583711912956e+01
-1.531991388347078953e+01
-1.524856701137276715e+01
-1.536051692198222085e+01
-1.523934786716152878e+01
-1.525388707090798412e+01
-1.533062647163434455e+01
-1.536789574459401919e+01
-1.533058471966303671e+01
-1.516384486389309139e+01
-1.511421383971894450e+01
-1.506661646623195239e+01
-1.501789506156804066e+01
-1.497382455717901095e+01
-1.503936738260625106e+01
-1.500162771969496056e+01
-1.503600216261422240e+01
-1.506763403711353178e+01
-1.513511192824696039e+01
-1.516738387102852670e+01
-1.514434674087772947e+01
-1.519784594588931803e+01
-1.520706559241987321e+01
-1.516785504768730242e+01
-1.515793136171582489e+01
-1.520881781982885883e+01
-1.522816118502932348e+01
-1.521282368197575607e+01
-1.526062100833278379e+01
-1.524565482803382466e+01
-1.521556199674212095e+01
-1.517616412269759607e+01
-1.507480425182471606e+01
-1.510566779809287929e+01
-1.510983339145687765e+01
-1.511230749286104924e+01
-1.499405576277992047e+01
-1.506257287557701652e+01
-1.517625735753671101e+01
-1.522968969586864496e+01
-1.513523273921044421e+01
-1.510483062799500331e+01
-1.514846870062583228e+01
-1.513501274328077706e+01
-1.511780265409473856e+01
-1.503349643839674776e+01
-1.505857390308205446e+01
-1.504401076770583856e+01
-1.512715579807703214e+01
-1.521459775381307367e+01
-1.518739343852790036e+01
-1.517420437819762391e+01
-1.511822377332791234e+01
-1.504753150685542273e+01
-1.497236851867100604e+01
-1.495087181495705053e+01
-1.495103164783219896e+01
-1.498373231103576941e+01
-1.496849377384094026e+01
-1.496246228020505065e+01
-1.493977235121362845e+01
-1.486357263147290730e+01
-1.487475229141354838e+01
-1.481522797476839592e+01
-1.476887310463635927e+01
-1.473436393429404490e+01
-1.491439704683480549e+01
-1.496555166853502783e+01
-1.491086462910864263e+01
-1.486359088275603568e+01
-1.482407494788779800e+01
-1.479645335860563904e+01
-1.475952440443783864e+01
-1.474120058532479050e+01
-1.479193974078595453e+01
-1.473529093777100663e+01
-1.474645131774108009e+01
-1.479229504142311669e+01
-1.483509540900017143e+01
-1.481034814888554685e+01
-1.480171938515198704e+01
-1.481123073225267994e+01
-1.485030590715548193e+01
-1.482115823255574227e+01
-1.486587711300554382e+01
-1.483567739273069286e+01
-1.484885346052355537e+01
-1.487632377588605515e+01
-1.487605821361680292e+01
-1.485252623732337263e+01
-1.487251748313815369e+01
-1.483817033242162609e+01
-1.487661711739169768e+01
-1.486506038663349116e+01
-1.486089146245731207e+01
-1.485260217119126480e+01
-1.481111626280380378e+01
-1.480478704815655000e+01
-1.480970674057224734e+01
-1.478467202692718274e+01
-1.479718281255179235e+01
-1.475527374805421665e+01
-1.478073368803750931e+01
-1.467320301947698802e+01
-1.466003874362032455e+01
-1.456777009515118593e+01
-1.456428642226862635e+01
-1.455062811104817833e+01
-1.448159291647473523e+01
-1.449387857590803463e+01
-1.455693920774962180e+01
-1.459076469953910049e+01
-1.460468724511552452e+01
-1.464298372951667915e+01
-1.466107707572472307e+01
-1.457795205081238521e+01
-1.460369067494542961e+01
-1.463229432530259899e+01
-1.462379500008908195e+01
-1.457456520867959959e+01
-1.461398205168323372e+01
-1.462292713498483820e+01
-1.459275075501876273e+01
-1.455246684101924615e+01
-1.444022125598226580e+01
-1.443309887564900151e+01
-1.448598600905005895e+01
-1.448637687651777561e+01
-1.444530691090495722e+01
-1.444581934137239898e+01
-1.447179433287893069e+01
-1.446624410216387702e+01
-1.444970321398421298e+01
-1.437372244986683612e+01
-1.441184293123182592e+01
-1.442835880436080842e+01
-1.442122864757535261e+01
-1.449419469773725844e+01
-1.446817637009588253e+01
-1.450310006048623279e+01
-1.450439600523185035e+01
-1.458771387467245262e+01
-1.457042431085223555e+01
-1.461328986359519888e+01
-1.463355077273225113e+01
-1.471060700962319956e+01
-1.458929765075699692e+01
-1.464231262299932190e+01
-1.464779633356458532e+01
-1.474486604570211767e+01
-1.461414439596350512e+01
-1.464756654338856379e+01
-1.465280495151477069e+01
-1.464904736571380717e+01
-1.467844272622078350e+01
-1.469731449040958182e+01
-1.469260470730883483e+01
-1.473181816421417523e+01
-1.469157218698244805e+01
-1.470265621110102749e+01
-1.467277838075304075e+01
-1.471007846522647178e+01
-1.473330261188037227e+01
-1.468445689412848054e+01
-1.469248098181578044e+01
-1.467087111951194522e+01
-1.463663470161029956e+01
-1.461375323417045280e+01
-1.457495467734490013e+01
-1.462031631846504887e+01
-1.451657270179513581e+01
-1.462530793968161724e+01
-1.451828613760539710e+01
-1.456474740022169989e+01
-1.464138880289371691e+01
-1.460035353424349935e+01
-1.466511953232593868e+01
-1.460823189920502330e+01
-1.462032442795502440e+01
-1.459156085056194030e+01
-1.461354347745242421e+01
-1.456260185125482565e+01
-1.455225058076384492e+01
-1.456407553221830398e+01
-1.456084978423242582e+01
-1.453606800407120758e+01
-1.466384488330492175e+01
-1.464834081854258585e+01
-1.470597673787526993e+01
-1.474359446175580501e+01
-1.474866088811070952e+01
-1.476149531616322008e+01
-1.478811517288572652e+01
-1.478263066365996004e+01
-1.482953328962769923e+01
-1.479435260507591288e+01
-1.483478525135100945e+01
-1.483435831038476316e+01
-1.483949410634663124e+01
-1.487001051939725293e+01
-1.482525844363336631e+01
-1.486086658645127123e+01
-1.487106145822798986e+01
-1.492212810622766206e+01
-1.495681138841550251e+01
-1.494327628901115901e+01
-1.492103869876597777e+01
-1.496038198349534021e+01
-1.496006419196394965e+01
-1.495804326727103017e+01
-1.485669361803572208e+01
-1.489753295260556953e+01
-1.483960699837686370e+01
-1.480654242320833802e+01
-1.484887771228819453e+01
-1.487171646382489953e+01
-1.474737409378845854e+01
-1.473072277806224406e+01
-1.472735597966025800e+01
-1.483898168076501811e+01
-1.480207769885502067e+01
-1.474476478720974093e+01
-1.473685280557629618e+01
-1.473258092129385943e+01
-1.473164021157852943e+01
-1.473129311570735922e+01
-1.476632471740953179e+01
-1.485502535353146847e+01
-1.483876191901637398e+01
-1.485561218070427181e+01
-1.483623523017096346e+01
-1.485313035200207743e+01
-1.493949879781722068e+01
-1.484589154814088552e+01
-1.487409360520437929e+01
-1.487261074011012951e+01
-1.486041638495357198e+01
-1.484322234904770887e+01
-1.480848726773162127e+01
-1.480936450778394686e+01
-1.486042157982181955e+01
-1.494071401802868060e+01
-1.494893069840230382e+01
-1.482722227349177757e+01
-1.484616421873040970e+01
-1.483655896324820134e+01
-1.485013507344956096e+01
-1.486259853261889496e+01
-1.475303474517413704e+01
-1.471634928858117597e+01
-1.472681345551438881e+01
-1.469157983658723232e+01
-1.467955471511736398e+01
-1.468486316525165769e+01
-1.467678599707787690e+01
-1.467906366665391715e+01
-1.465083553664448779e+01
-1.465321173545000910e+01
-1.464947562279635207e+01
-1.463358780525499903e+01
-1.468078128089945089e+01
-1.466079954606739300e+01
-1.463083439319093415e+01
-1.463027008333637546e+01
-1.468350412889467549e+01
-1.470938127167021747e+01
-1.469539042030835674e+01
-1.470069456936694507e+01
-1.469391461337005644e+01
-1.460253068649023511e+01
-1.468690372621149365e+01
-1.470127340630687129e+01
-1.469187337776333813e+01
-1.471280557209512274e+01
-1.470492061810364426e+01
-1.465402498797488740e+01
-1.466455109246966515e+01
-1.458604173052288644e+01
-1.464028355704891915e+01
-1.460141892273787967e+01
-1.464763036384879058e+01
-1.458604373158547673e+01
-1.457060687512658426e+01
-1.455916081504741477e+01
-1.457183197718823386e+01
-1.472024572398783704e+01
-1.472338845434781440e+01
-1.463483036063783871e+01
-1.459253841010815123e+01
-1.461692420383909408e+01
-1.461343209767182216e+01
-1.460092273491694925e+01
-1.463312239891762978e+01
-1.467622714322845923e+01
-1.479811264507846147e+01
-1.480192632928346086e+01
-1.482277498392910076e+01
-1.479245361902873057e+01
-1.479267259888789177e+01
-1.480481888655119782e+01
-1.472387858122120541e+01
-1.470700872287953587e+01
-1.469411870790050756e+01
-1.464325707539641286e+01
-1.465419025762914806e+01
-1.465190423576341772e+01
-1.465824320139655867e+01
-1.471517455645406613e+01
-1.471862267431219884e+01
-1.464968498902475247e+01
-1.468886044915207734e+01
-1.470463465707927142e+01
-1.467859216060083760e+01
-1.449112035380563768e+01
-1.452117649314362779e+01
-1.458467883523188569e+01
-1.458384830276120603e+01
-1.460586845883343443e+01
-1.460099299164400577e+01
-1.472528288560926057e+01
-1.476938499977686980e+01
-1.473750626471288783e+01
-1.468827520483047167e+01
-1.471032412551154778e+01
-1.464359420640410647e+01
-1.464691957244186682e+01
-1.463558093368854074e+01
-1.460539902134437718e+01
-1.462836338814554793e+01
-1.459304672887015286e+01
-1.457871593596595261e+01
-1.462002565435959589e+01
-1.465962769451336456e+01
-1.465114778063233381e+01
-1.465782890980545794e+01
-1.468405761322744496e+01
-1.468721878343488463e+01
-1.468086110646408038e+01
-1.469598715815904910e+01
-1.469059209909378971e+01
-1.473458225140270628e+01
-1.474811094653014720e+01
-1.469278520357620188e+01
-1.470977984497319468e+01
-1.469329618534628246e+01
-1.473546963099277640e+01
-1.476258904709802167e+01
-1.471472079938361155e+01
-1.461447989368430278e+01
-1.461487196646497111e+01
-1.463275868435784943e+01
-1.463745815121257365e+01
-1.465292443962079538e+01
-1.459310084343769987e+01
-1.466072789416443634e+01
-1.462858889150235342e+01
-1.465637693621181725e+01
-1.461451668261228320e+01
-1.460173969333299127e+01
-1.459505292804972854e+01
-1.454856898071394866e+01
-1.465593780733494889e+01
-1.461026905545280563e+01
-1.459585553221321952e+01
-1.458059363840644984e+01
-1.459488147417876647e+01
-1.459892852676686736e+01
-1.463520948153893819e+01
-1.461166884861617454e+01
-1.458608998519093269e+01
-1.463599026240998668e+01
-1.464750236438315412e+01
-1.460498197533414810e+01
-1.461243926611629895e+01
-1.464175908059783282e+01
-1.465187386402629777e+01
-1.462858231285778032e+01
-1.457751539882864300e+01
-1.452516060379232421e+01
-1.448636619464290298e+01
-1.448145470522519318e+01
-1.434766005147033496e+01
-1.431431757809292904e+01
-1.428716780155546751e+01
-1.423697118475922352e+01
-1.423254656094815473e+01
-1.430404057728009981e+01
-1.428392581779841208e+01
-1.432167116137276963e+01
-1.430176578751636463e+01
-1.430755147791991533e+01
-1.433028818492150158e+01
-1.433527410896390819e+01
-1.431449539028538886e+01
-1.431754891693237042e+01
-1.434899744843945157e+01
-1.431168999081974391e+01
-1.440577457655785309e+01
-1.435703802200514190e+01
-1.434864606280689436e+01
-1.441994145061335608e+01
-1.434807493901841546e+01
-1.434384486002009673e+01
-1.432600785554211065e+01
-1.437544749287365597e+01
-1.438543165979229066e+01
-1.447928015863222129e+01
-1.449755649294354320e+01
-1.445550796073279720e+01
-1.434729290742219199e+01
-1.435234186932489564e+01
-1.443186708066859225e+01
-1.443976013808316949e+01
-1.437463807301508822e+01
-1.436015711420864882e+01
-1.435803693631380007e+01
-1.438000065102487213e+01
-1.432854427623719573e+01
-1.433214319808555359e+01
-1.436263505851649569e+01
-1.435578188924943177e+01
-1.429088383047182553e+01
-1.414004599783007521e+01
-1.411499485193203185e+01
-1.413479484712130585e+01
-1.420938241486087250e+01
-1.422419253639940528e+01
-1.421020872248930189e+01
-1.414608103084673729e+01
-1.406537433705535811e+01
-1.409780015822009069e+01
-1.409026597825690175e+01
-1.409069521480775400e+01
-1.414086913660318601e+01
-1.412289532166950146e+01
-1.407973773406025941e+01
-1.407054083603951788e+01
-1.417500765314561306e+01
-1.425890726898052563e+01
-1.426273000304463068e+01
-1.428599561461786749e+01
-1.428316714895006179e+01
-1.427097064244885338e+01
-1.426097428670671441e+01
-1.429299817077870571e+01
-1.426668256158804482e+01
-1.426446296588979301e+01
-1.427972467444604909e+01
-1.423801468049395424e+01
-1.426293714820533687e+01
-1.424338106014770311e+01
-1.421989272117504122e+01
-1.421618170554075711e+01
-1.422889556566216918e+01
-1.420013266437212884e+01
-1.418804289568396015e+01
-1.412818643339113578e+01
-1.411658901601365557e+01
-1.411599081268893485e+01
-1.412770534960145596e+01
-1.409702714721312411e+01
-1.412367264107083287e+01
-1.410349100782939935e+01
-1.406639167792431167e+01
-1.402545376848142666e+01
-1.401992979980571796e+01
-1.405139993319149916e+01
-1.403992949384043420e+01
-1.402150280513586189e+01
-1.401910024443005653e+01
-1.400240837206467681e+01
-1.401578375739252458e+01
-1.400944993094505087e+01
-1.395726880977358419e+01
-1.393863534564099638e+01
-1.396774769977886521e+01
-1.399528878386312236e+01
-1.398286588348714332e+01
-1.390077398164428502e+01
-1.392769543366900820e+01
-1.400233109524337927e+01
-1.397397838301055550e+01
-1.400063833404728264e+01
-1.390822757576920488e+01
-1.400337564597489504e+01
-1.397170106778906451e+01
-1.395896569090539430e+01
-1.394616219984186323e+01
-1.393100933204298819e+01
-1.395003323959319808e+01
-1.383819682844004362e+01
-1.386567061827036973e+01
-1.384686841351080488e+01
-1.386035897697107799e+01
-1.386038982816875453e+01
-1.384916205095947817e+01
-1.386157845924886622e+01
-1.381667307336459061e+01
-1.377199479417812711e+01
-1.377015785964677086e+01
-1.386246428802872188e+01
-1.383141783741953290e+01
-1.377070855140054917e+01
-1.381980164745532136e+01
-1.377344022443161542e+01
-1.380128487987184016e+01
-1.376794091461760416e+01
-1.376823426303023723e+01
-1.379843004635934101e+01
-1.383247770833896872e+01
-1.381773019577399531e+01
-1.382259568531983263e+01
-1.377957140593909635e+01
-1.390710239704871753e+01
-1.385734810490830604e+01
-1.383981244925524479e+01
-1.385908855356057323e+01
-1.386578388415670915e+01
-1.385424395096407046e+01
-1.383127597894460692e+01
-1.384366030809854031e+01
-1.382980686041205942e+01
-1.382868182548309299e+01
-1.383193285516503401e+01
-1.387504201051586605e+01
-1.387936647103711785e+01
-1.390676220376817973e+01
-1.387000744253845319e+01
-1.390886652325514383e+01
-1.389156879880286688e+01
-1.391479474869445809e+01
-1.385595244662150449e+01
-1.385280341449253072e+01
-1.383093582472258376e+01
-1.385123702742928664e+01
-1.376314741494813276e+01
-1.374252040893763294e+01
-1.376016732573568291e+01
-1.382183951474475769e+01
-1.376814579791336435e+01
-1.378552412448659226e+01
-1.376944952785526510e+01
-1.376572794999696114e+01
-1.374842660279509410e+01
-1.375894853379010208e+01
-1.377203760532794519e+01
-1.380304339871769237e+01
-1.381748356770908615e+01
-1.376791401446453733e+01
-1.378953020087502424e+01
-1.378207305102918667e+01
-1.381202209891851851e+01
-1.382179741871020440e+01
-1.380746372948367906e+01
-1.392304761908127553e+01
-1.391856012759044603e+01
-1.394249538295853696e+01
-1.391873935550044905e+01
-1.394507731967603270e+01
-1.392662957233169330e+01
-1.393029439425782279e+01
-1.394127772908546881e+01
-1.392673889772469487e+01
-1.392303132085832296e+01
-1.390888960126146756e+01
-1.387613384236687608e+01
-1.387961855878681305e+01
-1.391137335503093198e+01
-1.390882371492214453e+01
-1.395459405058434754e+01
-1.385041634432493218e+01
-1.382792701408245151e+01
-1.380733297046387698e+01
-1.382236495128752551e+01
-1.380355977025911329e+01
-1.384056462008329547e+01
-1.378614358611047486e+01
-1.384576458949318933e+01
-1.382175882443504378e+01
-1.380589832587417654e+01
-1.377968817287597858e+01
-1.384286313679815095e+01
-1.383696671963287450e+01
-1.384705245718873812e+01
-1.387178542062243203e+01
-1.382955008440865896e+01
-1.379713107109797399e+01
-1.376477217142944554e+01
-1.379315862451926833e+01
-1.377060174951899185e+01
-1.373662693281039715e+01
-1.374607916086588943e+01
-1.373252671212741838e+01
-1.373901306946488710e+01
-1.372925783304250302e+01
-1.373258951062113553e+01
-1.370384906243624989e+01
-1.371823543779853694e+01
-1.370500835716922516e+01
-1.372537742604378863e+01
-1.375939809256918700e+01
-1.370137801714874826e+01
-1.366900677644870932e+01
-1.364001620526865111e+01
-1.369624230916591578e+01
-1.366018979636650066e+01
-1.361173003880199595e+01
-1.364658287844549633e+01
-1.363735658344601198e+01
-1.362326997254904803e+01
-1.361889187481617292e+01
-1.357809808221379555e+01
-1.359309668688726269e+01
-1.361311203553247751e+01
-1.360978590845962444e+01
-1.360474682727548412e+01
-1.362031351941595503e+01
-1.362678407987892726e+01
-1.361104353238153308e+01
-1.363776449081221820e+01
-1.363761888523189469e+01
-1.364332935705612826e+01
-1.365910796697656515e+01
-1.367428562612183107e+01
-1.365212842301001572e+01
-1.367314224786849763e+01
-1.367313035909496755e+01
-1.365137291844980361e+01
-1.366611051837872459e+01
-1.366174307175668545e+01
-1.366030982155332296e+01
-1.366486361066690414e+01
-1.367622300542025648e+01
-1.361039451140646506e+01
-1.361244516840439722e+01
-1.358840556665787425e+01
-1.356434839505345558e+01
-1.361901205695978589e+01
-1.362909211858890757e+01
-1.362886570817264698e+01
-1.359755615623312330e+01
-1.362298595212479846e+01
-1.365759365723014618e+01
-1.365432046822644452e+01
-1.361490945433386734e+01
-1.363975105876765781e+01
-1.365809278536647575e+01
-1.365309046637192658e+01
-1.363274773908030824e+01
-1.362977882003125174e+01
-1.364421076710048020e+01
-1.366810000958764704e+01
-1.368242463066190595e+01
-1.371185307033227119e+01
-1.372269716328939637e+01
-1.374118951048000170e+01
-1.371865728728435840e+01
-1.367417041059222704e+01
-1.367206951453931829e+01
-1.366792088222673129e+01
-1.364016885549050073e+01
-1.364468595513091742e+01
-1.363918317368524846e+01
-1.365091730418478555e+01
-1.363647768081450273e+01
-1.357119994511923800e+01
-1.352738494531424962e+01
-1.356099488512813878e+01
-1.355536065113830801e+01
-1.349666514011525997e+01
-1.348376749928968721e+01
-1.351033622484919583e+01
-1.354279366669357820e+01
-1.352390184849279642e+01
-1.349359385879328421e+01
-1.348453157484160236e+01
-1.361830573936624234e+01
-1.356185715897025723e+01
-1.360165041814529729e+01
-1.365996153247069778e+01
-1.364565700448780206e+01
-1.369159294496696688e+01
-1.369377319047476149e+01
-1.375400470666816943e+01
-1.378453193823249912e+01
-1.363663201213160292e+01
-1.363681799222830016e+01
-1.369210932533176539e+01
-1.366385156240703935e+01
-1.365061574834638058e+01
-1.354616671708349074e+01
-1.357339126806450835e+01
-1.359528214239869293e+01
-1.361409325898509870e+01
-1.364341942044936573e+01
-1.365513795956860932e+01
-1.367640054812932426e+01
-1.368277322452448352e+01
-1.368600482549355846e+01
-1.371108474608601391e+01
-1.369337312277469998e+01
-1.366752886777559084e+01
-1.358523329897780130e+01
-1.366354333324561132e+01
-1.365726485699453541e+01
-1.367755039512480941e+01
-1.363605854443309795e+01
-1.363002081807634092e+01
-1.362898027651065114e+01
-1.360421375610170003e+01
-1.358691139266159809e+01
-1.364094856464359573e+01
-1.374134380346284345e+01
-1.372879199458150445e+01
-1.373270168718336848e+01
-1.373653894756875005e+01
-1.372604087141948526e+01
-1.376890564611552392e+01
-1.369155209474214629e+01
-1.372046265409630195e+01
-1.371299308027625408e+01
-1.372578039177533782e+01
-1.371356686985596696e+01
-1.373383625218277082e+01
-1.372761335303225039e+01
-1.367655284270631100e+01
-1.369529960528783796e+01
-1.365082201362799807e+01
-1.363843617074039294e+01
-1.359017967909733393e+01
-1.356147945057233706e+01
-1.351845015630656199e+01
-1.349086670934800303e+01
-1.356722701610362058e+01
-1.363241368272553267e+01
-1.360924236766780382e+01
-1.363523231407666358e+01
-1.357009352301048644e+01
-1.357510415371244683e+01
-1.364361775346775651e+01
-1.363714711800453827e+01
-1.354343332927449595e+01
-1.358322836247969079e+01
-1.358535980141951427e+01
-1.356742572712827233e+01
-1.359289102182080988e+01
-1.356755088839108048e+01
-1.357928412034594601e+01
-1.356345386889954696e+01
-1.353705070884562289e+01
-1.354397549323696026e+01
-1.358896329427419047e+01
