# 2*np.log[MAD(r)] for 100 flights; 1000 steps per flight; run 3 of 50; mu: 2.50; seed: 2
-2.433210657074995353e+01
-2.227687665803322048e+01
-2.146719396829890769e+01
-2.150978556475570613e+01
-2.145043258745209158e+01
-2.161574579345097646e+01
-2.091171008095472672e+01
-2.074239276550684252e+01
-2.078426969948295522e+01
-2.073744726421841378e+01
-2.040094311309702846e+01
-2.016987929837863192e+01
-1.982971205994191166e+01
-1.990529481537300072e+01
-1.963784603662331918e+01
-1.934535426324882934e+01
-1.920729050196420928e+01
-1.929301944456438278e+01
-1.924662055326055921e+01
-1.920470884184055294e+01
-1.937937042532388432e+01
-1.898533209148247280e+01
-1.911851333248889162e+01
-1.910017431817474431e+01
-1.926228610507162031e+01
-1.917320597000070137e+01
-1.895194861451274093e+01
-1.896150492874036431e+01
-1.896355047566421348e+01
-1.894347969173433910e+01
-1.870658157458530013e+01
-1.878563561110380320e+01
-1.876891194936613161e+01
-1.859399069356048884e+01
-1.873641454951904350e+01
-1.866455761662258084e+01
-1.851467866773498727e+01
-1.838711712020911548e+01
-1.838983216574052904e+01
-1.833119765596697803e+01
-1.810690314050264504e+01
-1.808643278539866728e+01
-1.809639277420641079e+01
-1.821855933884440049e+01
-1.813490678355628560e+01
-1.809943678894979158e+01
-1.811515834349365761e+01
-1.813216115661660410e+01
-1.802353905193776740e+01
-1.785550262881907813e+01
-1.757482053172230607e+01
-1.782070383039611983e+01
-1.759912452790631576e+01
-1.771402068251772022e+01
-1.766095219780349268e+01
-1.755453670137800515e+01
-1.759648122184473351e+01
-1.763853598856066540e+01
-1.757755478897140478e+01
-1.769236141280698860e+01
-1.756269312481309086e+01
-1.744998652699119646e+01
-1.739547557422945090e+01
-1.743833959792608823e+01
-1.742730949123229323e+01
-1.726376239782424449e+01
-1.728522214047292138e+01
-1.740482571912332688e+01
-1.725448832551296263e+01
-1.716787785481077222e+01
-1.705802785134915567e+01
-1.694969492644200315e+01
-1.683672784898008246e+01
-1.685671973659551526e+01
-1.678475945900873612e+01
-1.673454615088588326e+01
-1.673850597703639309e+01
-1.675467220011760361e+01
-1.677093880616377319e+01
-1.686110910538564411e+01
-1.686547561812711038e+01
-1.687672024353419431e+01
-1.700733110639338719e+01
-1.693937221096032175e+01
-1.702674438557666292e+01
-1.688199719973167845e+01
-1.675416195728907809e+01
-1.688045729220405278e+01
-1.677285564160472475e+01
-1.686216973532471286e+01
-1.676877966871800751e+01
-1.686885458184267605e+01
-1.682817244794942013e+01
-1.695414628586681971e+01
-1.703656479218705044e+01
-1.685870354331699517e+01
-1.686731948303833306e+01
-1.679078435661052282e+01
-1.668985588239878126e+01
-1.653430576085116144e+01
-1.652918467174075090e+01
-1.646831983059318816e+01
-1.647968754133196967e+01
-1.645998619565330401e+01
-1.654775852101748157e+01
-1.657917336806321629e+01
-1.659569455084727707e+01
-1.662091191521600919e+01
-1.658860280536547194e+01
-1.661265102899091062e+01
-1.676521280420017135e+01
-1.682301513191510267e+01
-1.676366592401914346e+01
-1.678244518064389368e+01
-1.686071785768381659e+01
-1.690699074579803352e+01
-1.683934285843864131e+01
-1.680649286030342182e+01
-1.681420792964519961e+01
-1.668806937273762614e+01
-1.664282836922202335e+01
-1.666994377118077253e+01
-1.666301222403874860e+01
-1.663243163608609265e+01
-1.664551729683183723e+01
-1.669132182458134750e+01
-1.651185344964076052e+01
-1.650883810720397804e+01
-1.645778282638557855e+01
-1.643842650573391140e+01
-1.640728815406768248e+01
-1.640719226838507439e+01
-1.643714981125164698e+01
-1.656013421166050748e+01
-1.651070900276024389e+01
-1.658687681226476229e+01
-1.658233546754969012e+01
-1.658659411869274081e+01
-1.666633352662641343e+01
-1.664997201704477092e+01
-1.656153516689249017e+01
-1.661848751340155061e+01
-1.656536770305942241e+01
-1.657712010266201830e+01
-1.663821291698411997e+01
-1.664706801380206258e+01
-1.664239645962788927e+01
-1.664042682673339968e+01
-1.670467100632860280e+01
-1.674627773268921871e+01
-1.664872880165719948e+01
-1.652042550424495104e+01
-1.657473240204945952e+01
-1.664536903574653337e+01
-1.668445978818244768e+01
-1.659546058300333371e+01
-1.655225561624468966e+01
-1.658968154222772640e+01
-1.661138264912189655e+01
-1.656306659660414482e+01
-1.681703280883338891e+01
-1.680788499127155688e+01
-1.676049866735261773e+01
-1.682318008323185055e+01
-1.677873329389452906e+01
-1.669122396481002824e+01
-1.665810414623522462e+01
-1.671230466027184747e+01
-1.659047384592074792e+01
-1.657579325890561250e+01
-1.626527395358611727e+01
-1.627237816342732657e+01
-1.636384824336820643e+01
-1.631419868877412682e+01
-1.634734270840614556e+01
-1.616284850331677347e+01
-1.612991942600013928e+01
-1.617814203386832972e+01
-1.621968621034002211e+01
-1.613568373788540455e+01
-1.614648664916393273e+01
-1.617532972908795230e+01
-1.622433954008603152e+01
-1.617489075206535531e+01
-1.623223579022817731e+01
-1.607129880269405220e+01
-1.614727344986108548e+01
-1.615958684498377806e+01
-1.610986880349141970e+01
-1.625605024012723732e+01
-1.628208943028856481e+01
-1.640637995459027820e+01
-1.638465341211583137e+01
-1.636600859776577366e+01
-1.635289192164326977e+01
-1.651722938603570157e+01
-1.645855497842737947e+01
-1.641031720932637583e+01
-1.631115243692391559e+01
-1.612593627107299099e+01
-1.613355511336900250e+01
-1.621848023157584606e+01
-1.620072826682228140e+01
-1.607811049869780717e+01
-1.610222224467165830e+01
-1.615198096199536337e+01
-1.611752014217448092e+01
-1.623310591921033108e+01
-1.617128887417548100e+01
-1.619588232292846541e+01
-1.610034386682576724e+01
-1.612387252890472666e+01
-1.599592685004984283e+01
-1.593418505338922309e+01
-1.594423847135387895e+01
-1.605489055475909410e+01
-1.609307348983444896e+01
-1.617139001261171671e+01
-1.616694212053035784e+01
-1.626202944968297714e+01
-1.625961505656742290e+01
-1.631349487811291965e+01
-1.636840862041544042e+01
-1.622795446154644949e+01
-1.621114158440506614e+01
-1.625218122720213643e+01
-1.621335896826832368e+01
-1.621293523605807962e+01
-1.610615946247907004e+01
-1.614452727514994734e+01
-1.612944629693909704e+01
-1.604427654447310303e+01
-1.610948647288891422e+01
-1.608939820196918191e+01
-1.590601302995440314e+01
-1.592385611765241471e+01
-1.583668710998993312e+01
-1.588192773319256546e+01
-1.585282699170566367e+01
-1.583862787687342433e+01
-1.582120970390614367e+01
-1.586881489220787422e+01
-1.574845799951874703e+01
-1.587484291587181673e+01
-1.592085582488381590e+01
-1.597247004793188907e+01
-1.598786053442395350e+01
-1.584280120625705912e+01
-1.576616016262132192e+01
-1.594788598660593593e+01
-1.592304817411258178e+01
-1.587544570837614799e+01
-1.590625991369580738e+01
-1.593555810656337002e+01
-1.594778477779262005e+01
-1.588090073778919553e+01
-1.574978357864601541e+01
-1.579230316863272776e+01
-1.579615368046777490e+01
-1.577940518831563743e+01
-1.598227904377781528e+01
-1.594848521967889354e+01
-1.593010590376703028e+01
-1.591777861450063547e+01
-1.584191655722968228e+01
-1.587311898601765314e+01
-1.583506135121036706e+01
-1.594290170691760622e+01
-1.576655022824649599e+01
-1.570687005803210745e+01
-1.582219171996749019e+01
-1.581441185660654547e+01
-1.579560357021508743e+01
-1.578509923893689226e+01
-1.575030372101897846e+01
-1.585733682203693995e+01
-1.571689777760265727e+01
-1.583317944236360120e+01
-1.577122216176155689e+01
-1.576417140784752746e+01
-1.575441789099117074e+01
-1.572735935583670397e+01
-1.569790906078669046e+01
-1.573271259339176531e+01
-1.575338688619775063e+01
-1.569751834128168788e+01
-1.570712265363215643e+01
-1.573887018175336650e+01
-1.585221553703505037e+01
-1.582632384979987705e+01
-1.579209322675651350e+01
-1.572697465964010810e+01
-1.563654400026768343e+01
-1.566830119004323763e+01
-1.574148351694882741e+01
-1.564906904569471635e+01
-1.573059757195542652e+01
-1.574578835681644939e+01
-1.567873447200972947e+01
-1.564822156188203550e+01
-1.562267463424461766e+01
-1.557073929994398398e+01
-1.551920183875394699e+01
-1.557804908284983014e+01
-1.562203818195973426e+01
-1.559914591488967339e+01
-1.557247412237057560e+01
-1.564425123402829954e+01
-1.561259017167557595e+01
-1.561824651977610401e+01
-1.561973243324129257e+01
-1.565682146180599510e+01
-1.566649639183090059e+01
-1.562108419915013791e+01
-1.555725277170349230e+01
-1.566547714323048268e+01
-1.560103970317436328e+01
-1.553245906513177310e+01
-1.547714536302549071e+01
-1.554917226072813108e+01
-1.549715818704334147e+01
-1.551266185566139910e+01
-1.562109139534432778e+01
-1.559145526073189991e+01
-1.569103001590633539e+01
-1.562583285484009288e+01
-1.563779715215891919e+01
-1.558353123925196115e+01
-1.558091240429656210e+01
-1.559169200179791481e+01
-1.565364244495134294e+01
-1.568763542711239367e+01
-1.559805969136038151e+01
-1.559971625659030714e+01
-1.578833346680670502e+01
-1.585668631499182268e+01
-1.583390095485594351e+01
-1.565038484930176566e+01
-1.562460652333133027e+01
-1.568447557587818331e+01
-1.570844418373166995e+01
-1.571482767712285344e+01
-1.573386820045528012e+01
-1.562514380807568415e+01
-1.552894602529551271e+01
-1.548443253406083819e+01
-1.545649339092648589e+01
-1.550627123765473669e+01
-1.553009655604676098e+01
-1.552676065411205819e+01
-1.556622691218113808e+01
-1.550583630927079071e+01
-1.553392815339043587e+01
-1.553054542842925301e+01
-1.547003654623705415e+01
-1.569071840457886147e+01
-1.554904428044573628e+01
-1.551613454826634886e+01
-1.560048742363806085e+01
-1.564920550448448289e+01
-1.557345102541377457e+01
-1.560303697013128144e+01
-1.559824489989383345e+01
-1.557771401737716310e+01
-1.555941793004588369e+01
-1.558874230217413270e+01
-1.550521789360904101e+01
-1.546821555767426482e+01
-1.542828445591476694e+01
-1.553000034684702513e+01
-1.568784691610340332e+01
-1.558089482248972502e+01
-1.559926097698941305e+01
-1.560309547906445538e+01
-1.562113513354480610e+01
-1.565320452450846567e+01
-1.553955939040761436e+01
-1.561291337395024748e+01
-1.544644365327004643e+01
-1.544806054790914551e+01
-1.546658888207752547e+01
-1.555204671165224894e+01
-1.557166520781117036e+01
-1.548137780552912801e+01
-1.550921012715445180e+01
-1.545495773822272589e+01
-1.551512693699126544e+01
-1.547187690002512106e+01
-1.544083237484660387e+01
-1.546884402429375172e+01
-1.550737060719028726e+01
-1.550517112704772238e+01
-1.561348149348141590e+01
-1.552541612788456149e+01
-1.550756704953169418e+01
-1.551693125876774104e+01
-1.552558618351839925e+01
-1.556576244805956577e+01
-1.554176009879673259e+01
-1.557063004685896779e+01
-1.556758141726447597e+01
-1.550805047770430534e+01
-1.556208991538799147e+01
-1.559865425263443584e+01
-1.554625526155169446e+01
-1.551047124848129855e+01
-1.551132333386118312e+01
-1.550661614375654551e+01
-1.545641564821504410e+01
-1.548872068956833381e+01
-1.545510501313902019e+01
-1.535744153688987268e+01
-1.539866970821087477e+01
-1.530969651717176561e+01
-1.537470764888607810e+01
-1.543694198146219421e+01
-1.546565675866671619e+01
-1.537387526673222737e+01
-1.520659927799927758e+01
-1.528532736365183631e+01
-1.528564595284102445e+01
-1.529458117778232840e+01
-1.534109595923135672e+01
-1.548088610188046310e+01
-1.541169065401561156e+01
-1.525471076088701849e+01
-1.525903613250560653e+01
-1.528228585787009841e+01
-1.536816445726049274e+01
-1.533241897424634992e+01
-1.527799136033190130e+01
-1.527764966482059705e+01
-1.531783456905727192e+01
-1.525239267103026108e+01
-1.524215537959525868e+01
-1.527231326099403752e+01
-1.517951417746249732e+01
-1.519483904251391948e+01
-1.512143389697932783e+01
-1.518434622682896062e+01
-1.515109174252182989e+01
-1.507772994351022966e+01
-1.500115841824916174e+01
-1.508040875660566549e+01
-1.507322482847800060e+01
-1.510741262025985243e+01
-1.503366106316114070e+01
-1.500769911600967887e+01
-1.498495436546412662e+01
-1.499270467797638240e+01
-1.503076140972324559e+01
-1.506583859327091268e+01
-1.500858552369800414e+01
-1.501241848071906659e+01
-1.506555798040529304e+01
-1.501001463670461078e+01
-1.505567103240036886e+01
-1.501500935219495680e+01
-1.496052031801238336e+01
-1.499263455695808567e+01
-1.503445055142451636e+01
-1.503753163922507419e+01
-1.510786427355489714e+01
-1.500411826845920693e+01
-1.501844198031326627e+01
-1.501546162823719222e+01
-1.501652181520945994e+01
-1.505135694431014670e+01
-1.507725371884898280e+01
-1.505497189351950915e+01
-1.503607542917396245e+01
-1.504726410063884501e+01
-1.501880707235707391e+01
-1.503386390365663416e+01
-1.502189473450382806e+01
-1.497305199961267519e+01
-1.497930421781428478e+01
-1.494403954681929569e+01
-1.482258846479580860e+01
-1.482191235248096106e+01
-1.482476411132222260e+01
-1.485528263421105954e+01
-1.482521030726345401e+01
-1.479911363846208872e+01
-1.477157177846683567e+01
-1.484938113033480711e+01
-1.487957636932300609e+01
-1.484797864308450599e+01
-1.482911453195754348e+01
-1.484817062243316244e+01
-1.487872107228473872e+01
-1.481396866716273664e+01
-1.480325951402149443e+01
-1.475736943752182917e+01
-1.472224083500582381e+01
-1.469901809721440955e+01
-1.473505077631838311e+01
-1.473457306751877205e+01
-1.474655335968912695e+01
-1.483507796032639270e+01
-1.480357412004231499e+01
-1.481828713895466443e+01
-1.483767227143689915e+01
-1.485910720758438330e+01
-1.485310065510326183e+01
-1.475892181352632981e+01
-1.476125573061232643e+01
-1.476849500698147466e+01
-1.470294946980181372e+01
-1.464944116684319475e+01
-1.463918862159152567e+01
-1.466833104576160451e+01
-1.468470378146102107e+01
-1.466638874979715546e+01
-1.467232433544933023e+01
-1.461429215688453809e+01
-1.475407299474363754e+01
-1.470122020759897730e+01
-1.472943704700238676e+01
-1.475866986055298291e+01
-1.477461612950611425e+01
-1.476629036078254664e+01
-1.466618979957624802e+01
-1.463110899106638563e+01
-1.463374595809643353e+01
-1.460030282435506521e+01
-1.458242560515433972e+01
-1.465549491451014852e+01
-1.464227777321352342e+01
-1.463354957318282779e+01
-1.460076864090510362e+01
-1.459967000446328989e+01
-1.460985772995051768e+01
-1.460064129069801986e+01
-1.459781131979352686e+01
-1.458800389446425427e+01
-1.461934285656006161e+01
-1.460648335885046123e+01
-1.463777372266524246e+01
-1.462449227240149519e+01
-1.460502060638256339e+01
-1.463608685529420050e+01
-1.459757523618900166e+01
-1.458989926306677098e+01
-1.457929409805726095e+01
-1.459842340706521036e+01
-1.456408230386945313e+01
-1.461104699885502534e+01
-1.460287707037636906e+01
-1.462229299964585039e+01
-1.461405414160406657e+01
-1.466460482504359319e+01
-1.468280862141017096e+01
-1.469847760707182616e+01
-1.471156942418286739e+01
-1.468286843588280810e+01
-1.469803110235208443e+01
-1.471167430022277678e+01
-1.473801868342940224e+01
-1.474280508017696434e+01
-1.474273130403994969e+01
-1.468366375491198283e+01
-1.473547786937513138e+01
-1.476273806353216500e+01
-1.476557666610470498e+01
-1.471920695654444344e+01
-1.477645112420988305e+01
-1.479607864492708380e+01
-1.475821667391933723e+01
-1.474283811224722562e+01
-1.477805475115074962e+01
-1.474652900635192587e+01
-1.475068155669593573e+01
-1.473755886731022180e+01
-1.480281091119084103e+01
-1.484990056886298149e+01
-1.488728559713505106e+01
-1.476590283491012912e+01
-1.482848244215937505e+01
-1.484971934669911064e+01
-1.488288520761822120e+01
-1.486878126362114472e+01
-1.477882844800925533e+01
-1.478370503076528841e+01
-1.480403554038316827e+01
-1.470291834927642505e+01
-1.471798916980433702e+01
-1.466314747016815723e+01
-1.464806569045337703e+01
-1.453344017376632991e+01
-1.451258740228883148e+01
-1.452274004366359605e+01
-1.447885672787067790e+01
-1.444107892292613826e+01
-1.439016286997793870e+01
-1.444833621813767621e+01
-1.450983930456326298e+01
-1.449142546533991016e+01
-1.445789824408584145e+01
-1.444129718768832404e+01
-1.446298729145887130e+01
-1.445258912180106314e+01
-1.449205022207246607e+01
-1.446206760616875719e+01
-1.445819653928598214e+01
-1.445529409688788647e+01
-1.441062704790129345e+01
-1.441235897940003596e+01
-1.446641135778773446e+01
-1.444395039928101099e+01
-1.449790986703139595e+01
-1.450823557246840068e+01
-1.446239875514291207e+01
-1.455358136769640609e+01
-1.455858484555007060e+01
-1.444204118599159514e+01
-1.434937011122757511e+01
-1.438849062217924768e+01
-1.436088626715573824e+01
-1.429005189704075462e+01
-1.419056137026082354e+01
-1.431854589606722250e+01
-1.432159795841394967e+01
-1.423543741117697614e+01
-1.429830630113253598e+01
-1.427409066017548156e+01
-1.434764834613974394e+01
-1.436419079836913326e+01
-1.436884906674370654e+01
-1.431160877362768780e+01
-1.428904858278171375e+01
-1.425027335320767996e+01
-1.422535630341112167e+01
-1.417082013490914782e+01
-1.418822178582845517e+01
-1.416277838862987437e+01
-1.408344972319286725e+01
-1.405849236980039585e+01
-1.400743366543819413e+01
-1.404651870052699714e+01
-1.405039150130149039e+01
-1.413213565209122002e+01
-1.409174457545755565e+01
-1.412494784025166261e+01
-1.413300876617523905e+01
-1.414368122812570405e+01
-1.415482092441629192e+01
-1.411000119650257467e+01
-1.408566861431726025e+01
-1.406548920903476940e+01
-1.407638257739511189e+01
-1.405793824483741439e+01
-1.404142379635786142e+01
-1.401923397684878125e+01
-1.399363821327627200e+01
-1.399975489041591636e+01
-1.407603389165309160e+01
-1.413048074994031289e+01
-1.412855758994119526e+01
-1.415338215240309339e+01
-1.414786752132175529e+01
-1.418389165441920774e+01
-1.424303030701996065e+01
-1.412402936122700758e+01
-1.411715110697378428e+01
-1.411581384395825722e+01
-1.411561002046105351e+01
-1.411564667055706757e+01
-1.412273123946463294e+01
-1.414209991880938766e+01
-1.413666338223699270e+01
-1.407815883428471793e+01
-1.412066076199494979e+01
-1.405227660635999598e+01
-1.410225706530850687e+01
-1.417767025336698872e+01
-1.415367109348270702e+01
-1.411285168668797319e+01
-1.416086111532903047e+01
-1.414889707735561686e+01
-1.416725252652608980e+01
-1.415056706859582292e+01
-1.415500608237044311e+01
-1.412462998222863675e+01
-1.412847354270551925e+01
-1.410025954973867179e+01
-1.410338004452224681e+01
-1.409248604551575568e+01
-1.412599083922801313e+01
-1.411109910223686370e+01
-1.410017401360567213e+01
-1.412240389936727603e+01
-1.411139868404636566e+01
-1.409357485160035139e+01
-1.414507000324270969e+01
-1.412380744696672430e+01
-1.422470770473391788e+01
-1.414026509470523507e+01
-1.415643799833954120e+01
-1.415222643970277971e+01
-1.418602903156754813e+01
-1.417980475275958163e+01
-1.418896862558061756e+01
-1.417426471838892432e+01
-1.416746532912770107e+01
-1.414699045958231416e+01
-1.413535011418873744e+01
-1.412203179967873723e+01
-1.412734064543983159e+01
-1.414278939072948660e+01
-1.414090008058249204e+01
-1.405659775785921717e+01
-1.411870394293253916e+01
-1.411041265965561564e+01
-1.411865230605126165e+01
-1.420687043534091565e+01
-1.419409019156332263e+01
-1.418791927495427352e+01
-1.407634565673888538e+01
-1.409691499389606584e+01
-1.409738724518203590e+01
-1.409503615696574919e+01
-1.409094331894478458e+01
-1.404022979030376206e+01
-1.406820770580800861e+01
-1.407726842950550861e+01
-1.406217777783969858e+01
-1.404302093617243408e+01
-1.402987513616059445e+01
-1.426158402249092205e+01
-1.424224666863704947e+01
-1.415153927113454380e+01
-1.413286026708082765e+01
-1.412849581958409573e+01
-1.410614791100704402e+01
-1.409116751416923741e+01
-1.413715122777596456e+01
-1.415135197917517296e+01
-1.412769590746648873e+01
-1.410722701229010845e+01
-1.412053956157497758e+01
-1.416796170931874776e+01
-1.414717789915382262e+01
-1.419212092465495978e+01
-1.417254654961344862e+01
-1.415247374728342145e+01
-1.414838286904998199e+01
-1.413465634982531682e+01
-1.411157963492445511e+01
-1.407911402167349024e+01
-1.403905220738759851e+01
-1.403711497101386563e+01
-1.399185707575146864e+01
-1.391640025173314577e+01
-1.385818142026691824e+01
-1.388346980583781409e+01
-1.389553522279638997e+01
-1.386391892354150990e+01
-1.385452101900766309e+01
-1.382235744723898385e+01
-1.383875707867429661e+01
-1.380646500493340945e+01
-1.380562676154621471e+01
-1.380777374045917405e+01
-1.382444139737953215e+01
-1.383210349584306620e+01
-1.385031128479936768e+01
-1.379979563483663796e+01
-1.381330260062958715e+01
-1.381527588667870532e+01
-1.377654313705773603e+01
-1.378550628069942441e+01
-1.378119123189008555e+01
-1.381764074117656627e+01
-1.375440326902141308e+01
-1.377709819083400156e+01
-1.376236168946071459e+01
-1.374946695816653808e+01
-1.376641858137401719e+01
-1.376037574027525423e+01
-1.374323602286320778e+01
-1.372019767776415833e+01
-1.369380240901638857e+01
-1.367453591181225292e+01
-1.367482397031314711e+01
-1.366283314034935437e+01
-1.366066789606822418e+01
-1.365244771143167846e+01
-1.362847374064982908e+01
-1.364707922147510821e+01
-1.368704371441858569e+01
-1.369611986608786403e+01
-1.368501305971584792e+01
-1.367315346399643339e+01
-1.363874082710026236e+01
-1.362035679835522295e+01
-1.360858119381512132e+01
-1.362105778514262511e+01
-1.363476661532377676e+01
-1.363962769671763198e+01
-1.361925204267890166e+01
-1.366623490097008720e+01
-1.364826491275953657e+01
-1.366137618426535205e+01
-1.364902318502133660e+01
-1.364604723456900714e+01
-1.362012600762017023e+01
-1.364127695107630878e+01
-1.363437831072502782e+01
-1.364963604378354489e+01
-1.357932362560946871e+01
-1.356936236941806051e+01
-1.353578047119644268e+01
-1.349063734531516445e+01
-1.344353669146216035e+01
-1.346251610590288195e+01
-1.348551056653437996e+01
-1.349132007373190589e+01
-1.349212868171811586e+01
-1.344353663302360324e+01
-1.346206631617783778e+01
-1.347748756506864254e+01
-1.349566459898957227e+01
-1.350303098029330862e+01
-1.350458144663224402e+01
-1.352288685482990083e+01
-1.356788192123995707e+01
-1.357009230214596585e+01
-1.357105111304399081e+01
-1.357831251792639016e+01
-1.358641526818494505e+01
-1.360316244201237268e+01
-1.360133390417073329e+01
-1.359581218560128058e+01
-1.358805288601329764e+01
-1.358683662126396463e+01
-1.358714769760822172e+01
-1.361773909040880071e+01
-1.362223023094796481e+01
-1.359280889272228166e+01
-1.360859201010364217e+01
-1.362261564065888031e+01
-1.359475393168359680e+01
-1.358310212371993053e+01
-1.358978827663900191e+01
-1.360672374762125791e+01
-1.359377645618189767e+01
-1.357340697358592330e+01
-1.355864355830390089e+01
-1.352920671879049586e+01
-1.356251685215895009e+01
-1.358610390921301203e+01
-1.355946377315892803e+01
-1.362022771285294631e+01
-1.358273993403538249e+01
-1.360923223136012972e+01
-1.355845361855575959e+01
-1.357754436901824491e+01
-1.353228060155695722e+01
-1.356285364449755271e+01
-1.354014733679940363e+01
-1.351441703196370092e+01
-1.355585988142108533e+01
-1.356805896100455655e+01
-1.361581236572981091e+01
-1.360260654715709272e+01
-1.351323360729975320e+01
-1.350238648673052921e+01
-1.347813753935159831e+01
-1.347887562701124509e+01
-1.346329927259164450e+01
-1.344473809487082683e+01
-1.341051536435720770e+01
-1.343400330844052171e+01
-1.346644243030450738e+01
-1.344063244546418368e+01
-1.345849134617944109e+01
-1.351285965241804732e+01
-1.351460445793529885e+01
-1.352750465806665403e+01
-1.356820923068638685e+01
-1.357150795394920095e+01
-1.355361130628759092e+01
-1.354351273062322392e+01
-1.353866187482350725e+01
-1.352497295015183454e+01
-1.353059430175938793e+01
-1.351722390780796168e+01
-1.347939254663382691e+01
-1.348625017970448070e+01
-1.343989039488472059e+01
-1.344112956891231292e+01
-1.346033498536488082e+01
-1.343846271890270039e+01
-1.350173791533887169e+01
-1.349562674416829644e+01
-1.353091800459731786e+01
-1.350898097542396492e+01
-1.355386734995821385e+01
-1.356162319983395470e+01
-1.356849883466990825e+01
-1.358467127112967532e+01
-1.359717119808172470e+01
-1.362088772083300903e+01
-1.364663612650569391e+01
-1.364714040491997515e+01
-1.364102634712411444e+01
-1.361508293760715560e+01
-1.360240524368185255e+01
-1.362061943570372335e+01
-1.363979502885448625e+01
-1.360804097812614089e+01
-1.358571011956893848e+01
-1.360587327875794550e+01
-1.361596178312692373e+01
-1.360581560430093084e+01
-1.363332832484233492e+01
-1.361612848186725522e+01
-1.362644950723264081e+01
-1.367935370118991401e+01
-1.368418861120891528e+01
-1.358273192157222553e+01
-1.358088362360724233e+01
-1.359885957837318848e+01
-1.360411551376226136e+01
-1.356184990196890006e+01
-1.356387572344671355e+01
-1.359061596607746658e+01
-1.361028238194264439e+01
-1.368009052269280801e+01
-1.364768298304554328e+01
-1.363494705909807614e+01
-1.362292180948455034e+01
-1.360033700871328577e+01
-1.355738149829468320e+01
-1.368967613030796571e+01
-1.369568346067387310e+01
-1.373966130228349236e+01
-1.372018509204904113e+01
-1.371683801847336071e+01
-1.359016737116748885e+01
-1.355679402156934721e+01
-1.364483958290609422e+01
-1.361279066331814036e+01
-1.356364752398645024e+01
-1.356000177481813651e+01
-1.361913411521754114e+01
-1.358451627924117844e+01
-1.357326202447067587e+01
-1.359851692076135343e+01
-1.357746855059098756e+01
-1.364538617962519496e+01
-1.364791979232171748e+01
-1.365330865704240004e+01
-1.365798263608929020e+01
-1.363668600414861309e+01
-1.372799754494561775e+01
-1.370748783115881153e+01
-1.371012931752624375e+01
-1.367915165030233027e+01
-1.367286098996474131e+01
-1.366261761910450545e+01
-1.367168377872901530e+01
-1.368466979332287359e+01
-1.370631719689615480e+01
-1.373721204712353483e+01
-1.368251821642622446e+01
-1.364244404326253424e+01
-1.363519409618264433e+01
-1.362192980758270622e+01
-1.367172499449312184e+01
-1.367190404586199470e+01
-1.362559760761048899e+01
-1.365679571404433013e+01
-1.362606002318471354e+01
-1.365057193965711768e+01
-1.365988085870992563e+01
-1.368883133849803535e+01
-1.366235621216792318e+01
-1.370529651580007169e+01
-1.361664564030281710e+01
-1.363188973508964175e+01
-1.364248492204358598e+01
-1.366214274531803063e+01
-1.367754187188219639e+01
-1.363428680082298250e+01
-1.370585214837654142e+01
-1.372189614542172720e+01
-1.370592668401091352e+01
-1.371908744248513301e+01
-1.373847421484796349e+01
-1.365952973798447267e+01
-1.368026096302336825e+01
-1.372613837635093326e+01
-1.373415826934382622e+01
-1.372466551944237345e+01
-1.369738948253711364e+01
-1.376834514918406072e+01
-1.374109241368970480e+01
-1.372452058227141158e+01
