# 2*np.log[MAD(r)] for 100 flights; 1000 steps per flight; run 1 of 50; mu: 2.50; seed: 0
-2.506354485820000733e+01
-2.309383759981416873e+01
-2.230894670000914459e+01
-2.198307084574184245e+01
-2.178947887295427321e+01
-2.102543654930541450e+01
-2.117220270145661587e+01
-2.084361794864653561e+01
-2.065199209920018220e+01
-2.053796766176342103e+01
-2.036823717403643386e+01
-2.015378245144909286e+01
-2.012153589105153273e+01
-2.002687687587429366e+01
-1.966835217323251328e+01
-1.934986769551166574e+01
-1.911561524693358294e+01
-1.893609333730667998e+01
-1.890303991247154869e+01
-1.900900210358947007e+01
-1.883808655690280887e+01
-1.857110766515350875e+01
-1.870056236786786030e+01
-1.852210994884682549e+01
-1.848439778753524365e+01
-1.848338143047736182e+01
-1.828136734830330568e+01
-1.825471388902977310e+01
-1.835923787143627095e+01
-1.828066159580256667e+01
-1.824318641358870252e+01
-1.832738432485738400e+01
-1.838051067088312962e+01
-1.846481655150154566e+01
-1.843538553344294684e+01
-1.828468243220938660e+01
-1.838867225352869639e+01
-1.841099967356066713e+01
-1.831557030084206517e+01
-1.813705768983206212e+01
-1.824076601956566890e+01
-1.824070640407928678e+01
-1.806045755859292257e+01
-1.795253023115053992e+01
-1.792721624381158207e+01
-1.796619493867257589e+01
-1.792037048889963202e+01
-1.800539682742298808e+01
-1.793839746681055658e+01
-1.773766768869780819e+01
-1.785700339806913206e+01
-1.790423637613838537e+01
-1.801316520988239489e+01
-1.791348829669141551e+01
-1.779223824511075946e+01
-1.793993694544927209e+01
-1.808690568345379646e+01
-1.811079207057080964e+01
-1.803531184736769788e+01
-1.789663682264110278e+01
-1.799745635605069793e+01
-1.795090021527015267e+01
-1.788696836297523873e+01
-1.783359693180722161e+01
-1.795234263208724101e+01
-1.800030548576257061e+01
-1.790861026357915975e+01
-1.816546470577798189e+01
-1.817466355675221479e+01
-1.828020697129552730e+01
-1.801878493509351742e+01
-1.808104110979835610e+01
-1.797353052399870421e+01
-1.797643443646163419e+01
-1.788312470396727250e+01
-1.775839198070483960e+01
-1.783905826729829158e+01
-1.772519460299270477e+01
-1.759662202095680072e+01
-1.764103920319967500e+01
-1.738325564669286649e+01
-1.742771027721783028e+01
-1.742655804234410866e+01
-1.733515669441635509e+01
-1.723211265720437879e+01
-1.718491690542370876e+01
-1.712790071144561566e+01
-1.726267223186724920e+01
-1.710680946872985686e+01
-1.709686385777519391e+01
-1.709035296014741334e+01
-1.715967523370943582e+01
-1.724799401553153899e+01
-1.741170591803226486e+01
-1.736460492335342920e+01
-1.742918764496582185e+01
-1.737309809310637121e+01
-1.729874342875672610e+01
-1.740714289330078657e+01
-1.747638733904834751e+01
-1.732646460397856814e+01
-1.718861620968360171e+01
-1.723442208902070760e+01
-1.719275840065583694e+01
-1.720621005455227248e+01
-1.714993383798771376e+01
-1.720773233254606183e+01
-1.723294577466509025e+01
-1.717742859720405590e+01
-1.717262446637550610e+01
-1.706331779934942361e+01
-1.706425043562511590e+01
-1.711749665470231463e+01
-1.706725147788613128e+01
-1.698526820994128528e+01
-1.682694074242860083e+01
-1.662236950559924864e+01
-1.674447234197455714e+01
-1.676500951043829346e+01
-1.668769714378096936e+01
-1.663062377963479577e+01
-1.654813020339648233e+01
-1.675865788671879741e+01
-1.684740903477090157e+01
-1.671406223329387686e+01
-1.678575045411971445e+01
-1.659324441341181711e+01
-1.663735644814250492e+01
-1.663361935368300237e+01
-1.680169123921182717e+01
-1.674917386149286713e+01
-1.676411595576281499e+01
-1.676944291274416088e+01
-1.668171108368465028e+01
-1.676296056114776079e+01
-1.691014127366610964e+01
-1.682159433068835597e+01
-1.685795011822843747e+01
-1.686559805430653824e+01
-1.672270259775310919e+01
-1.661558923548781408e+01
-1.642494536174108077e+01
-1.647730901342951526e+01
-1.646293644091041486e+01
-1.645060006264260721e+01
-1.646079573773461391e+01
-1.646507568552389245e+01
-1.640555266309763027e+01
-1.645964607421103665e+01
-1.641964981800962420e+01
-1.645617958050251417e+01
-1.642760395333824519e+01
-1.638737499932375741e+01
-1.643460476190044517e+01
-1.640961764637094333e+01
-1.630812805421294698e+01
-1.632788295075653551e+01
-1.635094211496182481e+01
-1.649132201645597462e+01
-1.656695000064893364e+01
-1.648256509306886741e+01
-1.643391445201126189e+01
-1.640914235955067113e+01
-1.631166805493660377e+01
-1.618478069391093044e+01
-1.623313887890154206e+01
-1.628252036112410295e+01
-1.632072953867523424e+01
-1.630232522114617666e+01
-1.626766113589553697e+01
-1.627516255427325831e+01
-1.622032380779869953e+01
-1.623761421227889201e+01
-1.620006441766829397e+01
-1.615177190421903930e+01
-1.618130531722211174e+01
-1.611579388604421581e+01
-1.613710776522675872e+01
-1.610660239106696423e+01
-1.614792611249842835e+01
-1.611478482587419236e+01
-1.598698629852818520e+01
-1.594872666070894773e+01
-1.591866358674456983e+01
-1.590904511715051761e+01
-1.585392245692292335e+01
-1.595235707524316915e+01
-1.594949641939154716e+01
-1.601380496356812699e+01
-1.596243454617791180e+01
-1.600465421816064193e+01
-1.600541416423127927e+01
-1.601004731773696577e+01
-1.602631505313870264e+01
-1.605814216293775942e+01
-1.613135373775683234e+01
-1.608916607997658232e+01
-1.601422284140066310e+01
-1.602322165113425356e+01
-1.612445493791685180e+01
-1.597871516269705516e+01
-1.592368085753393281e+01
-1.593817664285966451e+01
-1.592167299401525682e+01
-1.598327783371999011e+01
-1.601378179053184070e+01
-1.597096466014137128e+01
-1.593183830646306021e+01
-1.599167366707511384e+01
-1.599480028785415264e+01
-1.602830639310007399e+01
-1.594520252115507120e+01
-1.569135493337590681e+01
-1.562813044655455208e+01
-1.572158146100711917e+01
-1.570456819124285275e+01
-1.568760908036408352e+01
-1.564171406326178015e+01
-1.560792747245817580e+01
-1.564584570915784667e+01
-1.581053256447445143e+01
-1.575119896255885443e+01
-1.577336597105016835e+01
-1.565982512079285272e+01
-1.557061977214526394e+01
-1.551660271408782421e+01
-1.545504973412895033e+01
-1.554260591619574505e+01
-1.560925168464285484e+01
-1.569622532509898605e+01
-1.579108936832915155e+01
-1.586590757252925776e+01
-1.576693724593765822e+01
-1.565262314811012700e+01
-1.562134263860916050e+01
-1.564810630566893579e+01
-1.562502808494741835e+01
-1.558540322426982527e+01
-1.549873090683927224e+01
-1.553950390097021739e+01
-1.554285861385845635e+01
-1.547304246341331257e+01
-1.547963351696189527e+01
-1.548107347148056689e+01
-1.556161339542262745e+01
-1.552812815619035902e+01
-1.550545974254361781e+01
-1.553418662772324765e+01
-1.553058201790858384e+01
-1.552439297994298073e+01
-1.546460906705089755e+01
-1.554681419512531448e+01
-1.558190891800233580e+01
-1.554477343759376495e+01
-1.556197639228402529e+01
-1.554385782154827744e+01
-1.554438168618118254e+01
-1.551620873675627443e+01
-1.548105858032820592e+01
-1.551716468126924475e+01
-1.555159849092199309e+01
-1.561825081018710826e+01
-1.557097107198205066e+01
-1.567112520541981091e+01
-1.574453656348465636e+01
-1.563445819484013732e+01
-1.546408443957838053e+01
-1.538888614750704420e+01
-1.541505302820697665e+01
-1.536461495001700150e+01
-1.534960478350232727e+01
-1.541840970677641387e+01
-1.545723541320631078e+01
-1.544965668976441364e+01
-1.537169663882654902e+01
-1.543647201824362902e+01
-1.540455355967070084e+01
-1.535358974766686480e+01
-1.539255540782213494e+01
-1.546253690049575269e+01
-1.547802935066030194e+01
-1.556461375243139500e+01
-1.551207075501311650e+01
-1.549764073621577865e+01
-1.537907871456102171e+01
-1.553473685214081890e+01
-1.531952142925801219e+01
-1.531509969722765874e+01
-1.533695135789485775e+01
-1.547561965620253410e+01
-1.541450109959821368e+01
-1.547716057585688709e+01
-1.542501235393181425e+01
-1.542158576622200883e+01
-1.544360944459845086e+01
-1.542181454922360473e+01
-1.537334005546708759e+01
-1.542877411296908363e+01
-1.544404573054720231e+01
-1.549218715130816015e+01
-1.552860603515671656e+01
-1.552553825514329766e+01
-1.550844590764716635e+01
-1.550105813974825431e+01
-1.558012271294754392e+01
-1.556450179148650648e+01
-1.560821301544056539e+01
-1.556190668720252823e+01
-1.552012155130822890e+01
-1.540445851108501429e+01
-1.536482112504933362e+01
-1.536688451745797757e+01
-1.533098174158103078e+01
-1.535834139541326415e+01
-1.528246210495770008e+01
-1.530068229417785730e+01
-1.538597713017984070e+01
-1.537501791772510984e+01
-1.538981763368164124e+01
-1.538090833707169125e+01
-1.538225664989811925e+01
-1.538857750651848733e+01
-1.538910368824478958e+01
-1.538516575542165477e+01
-1.530183983016167559e+01
-1.528205615954798091e+01
-1.544077337538620398e+01
-1.547628140047335243e+01
-1.547734605068906433e+01
-1.548626695227896555e+01
-1.544705266507368613e+01
-1.547411788182368575e+01
-1.544543592237019070e+01
-1.545574922996746281e+01
-1.547530308430593138e+01
-1.543910293139810719e+01
-1.546263406618941794e+01
-1.552273713275684841e+01
-1.553918425940738324e+01
-1.537890274620726139e+01
-1.551149744710876988e+01
-1.548377620640592589e+01
-1.545324514768573998e+01
-1.555935006909707141e+01
-1.551261613868629397e+01
-1.542251217057378909e+01
-1.552341148916718083e+01
-1.549259755539695682e+01
-1.552462846505575200e+01
-1.552573484211796107e+01
-1.551701689547468810e+01
-1.552558495623853752e+01
-1.559748333430878020e+01
-1.558127907768945875e+01
-1.556351847004377120e+01
-1.558473971569829608e+01
-1.556036442096234929e+01
-1.552074617341261309e+01
-1.548947070251823632e+01
-1.555353156451651309e+01
-1.561217078550023274e+01
-1.556841503203238553e+01
-1.559941382659509657e+01
-1.560834774216135479e+01
-1.567654484359498390e+01
-1.560894338283939931e+01
-1.565465098975444391e+01
-1.558232349322500987e+01
-1.569815558550463486e+01
-1.561340935416878217e+01
-1.563678021636804516e+01
-1.554706368867137023e+01
-1.556479674864403862e+01
-1.557217025782901842e+01
-1.545280323044376303e+01
-1.539384790145826365e+01
-1.542834753748900845e+01
-1.540477197678454324e+01
-1.540088005185259057e+01
-1.536893356562259960e+01
-1.540509301454824076e+01
-1.532542572296441996e+01
-1.533477599259164847e+01
-1.535178985396666818e+01
-1.531946662379877822e+01
-1.532591286229304117e+01
-1.524707444363832387e+01
-1.527459050118704553e+01
-1.523232051792611408e+01
-1.517534918535167066e+01
-1.523787841336601545e+01
-1.526542476844471175e+01
-1.521849882309694735e+01
-1.517271747645328439e+01
-1.516062906501374918e+01
-1.507017733275561433e+01
-1.515668859372225796e+01
-1.508937343169366052e+01
-1.507335086347928232e+01
-1.498813819708186479e+01
-1.510301253391122422e+01
-1.506909674374299968e+01
-1.508737857862782761e+01
-1.502515848344231486e+01
-1.511282679243376315e+01
-1.514107636706520132e+01
-1.508778869288653190e+01
-1.513392757213899564e+01
-1.515481132640527306e+01
-1.518553096227161880e+01
-1.520363020332227144e+01
-1.518325244030936894e+01
-1.516028135673978383e+01
-1.524179415920480807e+01
-1.523356266172988427e+01
-1.517116156825391826e+01
-1.512544490822527798e+01
-1.513613011549469256e+01
-1.508026930667528553e+01
-1.512509187015210799e+01
-1.511967478030711831e+01
-1.513149507330939336e+01
-1.513113525004519566e+01
-1.505026232098697925e+01
-1.508400418229385309e+01
-1.516288380656078516e+01
-1.512746870371199570e+01
-1.511425884779256634e+01
-1.513143210769738545e+01
-1.513571508140086586e+01
-1.514025878875834152e+01
-1.511184735926209655e+01
-1.505171045695583665e+01
-1.509869980076171103e+01
-1.509581766620854459e+01
-1.505273107449458969e+01
-1.503638203543055063e+01
-1.505115248270734973e+01
-1.504740697916219005e+01
-1.499599782006083970e+01
-1.504078956954700885e+01
-1.500532014346291554e+01
-1.488886553266243595e+01
-1.485735464721441978e+01
-1.488784258978321517e+01
-1.492707307281593287e+01
-1.493450846605247229e+01
-1.504910908049749985e+01
-1.490532488251080245e+01
-1.483297208074712081e+01
-1.479550878806335845e+01
-1.480692697522782453e+01
-1.464356639288150674e+01
-1.477632501081896521e+01
-1.478306786857737265e+01
-1.478768251385139187e+01
-1.484715368863870211e+01
-1.487279702112511082e+01
-1.488512283345027498e+01
-1.480303971420547526e+01
-1.481841661893809636e+01
-1.487256951583280085e+01
-1.493512904424874677e+01
-1.493795172914039249e+01
-1.502704590567311094e+01
-1.504458987595137209e+01
-1.507957009979238805e+01
-1.506630516874116310e+01
-1.509170317814539075e+01
-1.507281580024850243e+01
-1.509512917419951528e+01
-1.514240298258068407e+01
-1.514096331912002569e+01
-1.516442795661303222e+01
-1.517560569317554986e+01
-1.516006080705591330e+01
-1.517803368275791343e+01
-1.520273289940604400e+01
-1.517391726550325615e+01
-1.508835203468916397e+01
-1.510378167944514161e+01
-1.505861004419602800e+01
-1.508988400663726281e+01
-1.513046097234787268e+01
-1.507523371088517905e+01
-1.500106705653706562e+01
-1.502052354318988314e+01
-1.501844109892862100e+01
-1.494303618400119760e+01
-1.488035554844343622e+01
-1.500371771239339580e+01
-1.512419560582298672e+01
-1.508072337210271563e+01
-1.509993006728901044e+01
-1.511214806362703911e+01
-1.512793457433910582e+01
-1.507409256240192263e+01
-1.507814813329501824e+01
-1.504640712952670079e+01
-1.506923293914041828e+01
-1.508251578544934013e+01
-1.504520034640838944e+01
-1.499509558037270551e+01
-1.515507629147280255e+01
-1.517376639569483920e+01
-1.499632550638317596e+01
-1.489962021890909583e+01
-1.493184728734032873e+01
-1.493271523890047270e+01
-1.500267141228386159e+01
-1.505112292796819951e+01
-1.504904406133320727e+01
-1.514973422576889739e+01
-1.512831485068615578e+01
-1.515162215084243869e+01
-1.520545000559311788e+01
-1.523052556488515030e+01
-1.527871842695200044e+01
-1.528829279292750520e+01
-1.526380361657915330e+01
-1.522114396589196517e+01
-1.517549451376441461e+01
-1.528053006114088141e+01
-1.514567827912877718e+01
-1.507029416094122354e+01
-1.501497726724360327e+01
-1.503235850287243025e+01
-1.501759556093274917e+01
-1.499910885634058744e+01
-1.500608847125803891e+01
-1.498552224499147911e+01
-1.501715632630137698e+01
-1.501967369365266336e+01
-1.502948304630715981e+01
-1.490976635438893361e+01
-1.493273917074214374e+01
-1.494928943390678810e+01
-1.501008287047216783e+01
-1.490229539859502061e+01
-1.500049051806236378e+01
-1.499530431632490668e+01
-1.491301227619200809e+01
-1.493399774815703651e+01
-1.491541607839607408e+01
-1.486165567838208723e+01
-1.484017083679113291e+01
-1.485294756680185202e+01
-1.492526559971075351e+01
-1.490799524800642750e+01
-1.496094540947678553e+01
-1.497265824627450570e+01
-1.492266800356898138e+01
-1.496292556061552403e+01
-1.497909218308004853e+01
-1.500342874783533276e+01
-1.497679949037845581e+01
-1.514333048184154151e+01
-1.502725127285287776e+01
-1.501672112499135459e+01
-1.509338317828989773e+01
-1.499963598017641431e+01
-1.502363087225841021e+01
-1.501870367067865963e+01
-1.493417218080473852e+01
-1.492158545808448089e+01
-1.492531214039972376e+01
-1.493632701342663971e+01
-1.486168766001793706e+01
-1.478621022614534297e+01
-1.483361925245783652e+01
-1.477780911898138960e+01
-1.478351866602338482e+01
-1.480346037134847670e+01
-1.474175914731556958e+01
-1.474592278892068187e+01
-1.480169788307822287e+01
-1.475222015256991526e+01
-1.479692662006760706e+01
-1.477916149953541769e+01
-1.478384279563672443e+01
-1.473733486911202384e+01
-1.472305973806874135e+01
-1.473073114992524779e+01
-1.462689441733085438e+01
-1.461631188316999364e+01
-1.467508281268582238e+01
-1.471567518874792135e+01
-1.472574033906356128e+01
-1.473761186575587523e+01
-1.475907437908045949e+01
-1.472849502251772513e+01
-1.463841864637161194e+01
-1.470930525911334463e+01
-1.476588185350506954e+01
-1.477744234244749499e+01
-1.485340882150779152e+01
-1.485674712889489868e+01
-1.481957270605812127e+01
-1.481736450080800438e+01
-1.491076894991676305e+01
-1.487461967567955945e+01
-1.479654936097495543e+01
-1.479392595893146556e+01
-1.476025782815720611e+01
-1.471940077926997859e+01
-1.474028560482080152e+01
-1.474915237462321826e+01
-1.471694898149618602e+01
-1.469891919619053233e+01
-1.474477865051384384e+01
-1.471678775174678577e+01
-1.475674264883965314e+01
-1.474160892779917731e+01
-1.470431997676940128e+01
-1.464680136076342265e+01
-1.460819029596415675e+01
-1.458719007001865187e+01
-1.451054539605666349e+01
-1.456032617955295194e+01
-1.463309559503639612e+01
-1.464065720549308125e+01
-1.463294443283944268e+01
-1.474168103349112258e+01
-1.469198434885912796e+01
-1.469799636718498270e+01
-1.452100185966924073e+01
-1.448337326546609205e+01
-1.447782840028479079e+01
-1.446627243261019302e+01
-1.446340176105929309e+01
-1.443598183956382108e+01
-1.443558482017532718e+01
-1.443029196004408199e+01
-1.445572805193584109e+01
-1.438049784601185621e+01
-1.441682833523022289e+01
-1.438144246004206472e+01
-1.438952338171334233e+01
-1.436952884275091691e+01
-1.438154260703988818e+01
-1.446243561215823803e+01
-1.443948021729206310e+01
-1.438793617023824289e+01
-1.442705407795472361e+01
-1.444268443426303961e+01
-1.442851489375865270e+01
-1.439254666303632213e+01
-1.445973117212382952e+01
-1.446775778027601866e+01
-1.441176184797739701e+01
-1.444817672162742994e+01
-1.454657069102179534e+01
-1.446107911690571335e+01
-1.447649242491067767e+01
-1.446041962110564150e+01
-1.452070038036111299e+01
-1.457279391363866239e+01
-1.453535042845417458e+01
-1.448581044702420861e+01
-1.445645965035436298e+01
-1.443853670643956555e+01
-1.437762162226334972e+01
-1.434627726548624693e+01
-1.437962684825951243e+01
-1.448780573025242724e+01
-1.450776911616449460e+01
-1.450282636304100414e+01
-1.452798103200565194e+01
-1.452562134645989467e+01
-1.454857399156938591e+01
-1.444299079754363291e+01
-1.444991557778371849e+01
-1.444987470458615952e+01
-1.447750043033441258e+01
-1.444929118316753502e+01
-1.452462081242335401e+01
-1.452876549117854132e+01
-1.451614106252769965e+01
-1.447639388096966684e+01
-1.443736107541171343e+01
-1.439477467082350692e+01
-1.440457501811816421e+01
-1.438647300936703388e+01
-1.436361572211760240e+01
-1.437390361620844637e+01
-1.437681971117227953e+01
-1.441340353578775968e+01
-1.446210900876906891e+01
-1.448228969537153610e+01
-1.449527636880128867e+01
-1.451080607084316476e+01
-1.457481253167805058e+01
-1.458963759758672296e+01
-1.463407564191941646e+01
-1.462006737263072154e+01
-1.456990502043035107e+01
-1.451464830659265459e+01
-1.450370482598346378e+01
-1.437776682759897362e+01
-1.436041025363330625e+01
-1.438399033204419020e+01
-1.427126245592445564e+01
-1.427798079150225519e+01
-1.427163480882451374e+01
-1.435247719983619419e+01
-1.434959984018127344e+01
-1.434757636497053390e+01
-1.436753873339980281e+01
-1.435661477075582759e+01
-1.436397027387979186e+01
-1.432722654649315963e+01
-1.431919772454447504e+01
-1.428270744762362909e+01
-1.425619737065629522e+01
-1.423036996201745374e+01
-1.435213033561631590e+01
-1.413830351297572463e+01
-1.415817217399038341e+01
-1.416064515848690597e+01
-1.417771336968765183e+01
-1.416231965352225153e+01
-1.414456723498682145e+01
-1.418005078775501637e+01
-1.416869827069334775e+01
-1.413854585356881444e+01
-1.411132362588681843e+01
-1.410177309061512751e+01
-1.408363358469813420e+01
-1.407443046106438800e+01
-1.405511251243213522e+01
-1.403278151692301634e+01
-1.402476402368603381e+01
-1.401054875370572184e+01
-1.400658933148866403e+01
-1.408821115967430870e+01
-1.409316083595265390e+01
-1.410883988812822309e+01
-1.408899371327470185e+01
-1.412176197442480863e+01
-1.411514479672682221e+01
-1.409275524523741296e+01
-1.409122875416358234e+01
-1.409519219063515116e+01
-1.411023912528231072e+01
-1.411030232541434692e+01
-1.410388900388803712e+01
-1.408994917521077284e+01
-1.409358754653484169e+01
-1.405835883283015164e+01
-1.407718273009464127e+01
-1.413654084523915877e+01
-1.415247946410405255e+01
-1.426371712472349174e+01
-1.422700118833332716e+01
-1.422990423885336142e+01
-1.421239567092307077e+01
-1.426375842529240501e+01
-1.434676358869631407e+01
-1.428492556506676792e+01
-1.426341890904303611e+01
-1.422430006694308169e+01
-1.408414094561018004e+01
-1.420232456702205681e+01
-1.424434497340847550e+01
-1.409219263326866489e+01
-1.415917718211427356e+01
-1.417647216405477018e+01
-1.417109112326793685e+01
-1.416542738241052568e+01
-1.420654237794881425e+01
-1.419444391902951708e+01
-1.422204333695124312e+01
-1.421497731259658437e+01
-1.426841860502348780e+01
-1.425968045392699679e+01
-1.433285560248896928e+01
-1.430813354790266878e+01
-1.438681367302154079e+01
-1.445691940717764723e+01
-1.440923027199632855e+01
-1.436669820293694144e+01
-1.432163730500025700e+01
-1.421298216683738502e+01
-1.423140532104645573e+01
-1.426026410090468488e+01
-1.424160061496704799e+01
-1.426443176367458676e+01
-1.428368327136709226e+01
-1.420857592791436019e+01
-1.414877775490120193e+01
-1.407929458510261256e+01
-1.408522231430173477e+01
-1.402983830231479878e+01
-1.408918603908151290e+01
-1.407997920847384776e+01
-1.405083400180049225e+01
-1.405209789440330681e+01
-1.404696467255699410e+01
-1.403310468546958134e+01
-1.403305827580271092e+01
-1.401159412155040229e+01
-1.397144083342563725e+01
-1.399068741696702567e+01
-1.401664572808911480e+01
-1.400213814200207274e+01
-1.406402954468232203e+01
-1.407247164350277657e+01
-1.403473462936012872e+01
-1.408074646117196060e+01
-1.409659774031663737e+01
-1.405427158384829944e+01
-1.402581562272303550e+01
-1.402042363045234907e+01
-1.399251502085075494e+01
-1.392953155465787063e+01
-1.398382419489235318e+01
-1.403383388703911550e+01
-1.403035788430476494e+01
-1.401567618152979833e+01
-1.402399054920432953e+01
-1.401625661830074066e+01
-1.402268836653284190e+01
-1.400454509984113116e+01
-1.400345314368456151e+01
-1.396910942463018479e+01
-1.400684512657589842e+01
-1.396482886058630690e+01
-1.398025767660625718e+01
-1.396586064924471060e+01
-1.403435272416520085e+01
-1.407792033110883168e+01
-1.409863641316169414e+01
-1.406573437915635694e+01
-1.411173537525569799e+01
-1.407328292591881969e+01
-1.403828211373827806e+01
-1.407091007046708420e+01
-1.409584314251589454e+01
-1.413141855036998429e+01
-1.413102202824599551e+01
-1.408792716581725912e+01
-1.409183881337171940e+01
-1.405203092553483479e+01
-1.404118284224424151e+01
-1.410889810869460881e+01
-1.409576133957961908e+01
-1.409596102138517537e+01
-1.409992796915495994e+01
-1.411097095476470287e+01
-1.416004815109478265e+01
-1.417306477144163246e+01
-1.417031686258366285e+01
-1.423163836674161153e+01
-1.414577260115458479e+01
-1.413652040901002493e+01
-1.411710402413046417e+01
-1.410584579807773586e+01
-1.412656933347906829e+01
-1.411263415049576686e+01
-1.407216958048022626e+01
-1.411023661981224109e+01
-1.406999368040097131e+01
-1.407856744775510016e+01
-1.389936584774019046e+01
-1.390635556380347992e+01
-1.391345812560529005e+01
-1.393722108585540198e+01
-1.395598245214911692e+01
-1.423185120514163593e+01
-1.422543129376434834e+01
-1.415848397623238242e+01
-1.414249552420706557e+01
-1.412915368537363747e+01
-1.408783394620618523e+01
-1.404110089432528241e+01
-1.401549996428729372e+01
-1.402408534472600010e+01
-1.403840978919483184e+01
-1.407186720637155908e+01
-1.405294857198821035e+01
-1.408555154820985322e+01
-1.407885477245053352e+01
-1.409919071631397891e+01
-1.411417802620890782e+01
-1.396034158271558212e+01
-1.391197177900028059e+01
-1.391463228716396294e+01
-1.391231075187907607e+01
-1.389042526124014287e+01
-1.391898591556355846e+01
-1.386754564569396209e+01
-1.389994520156538549e+01
-1.389323660367801061e+01
-1.388581600209343314e+01
-1.390548857869085353e+01
-1.392097671840462247e+01
-1.391572226077929386e+01
-1.389363447463480838e+01
-1.389524139938921365e+01
-1.392417623904236379e+01
-1.396376089036358259e+01
-1.397458168466707029e+01
-1.396087049382478185e+01
-1.408429390368754142e+01
-1.410553273755886394e+01
-1.405744882865443657e+01
-1.408405545546246707e+01
-1.404445114958335061e+01
-1.404598612799922286e+01
-1.403809304603954544e+01
-1.403774683457462480e+01
-1.401727566475596021e+01
-1.406926973844786133e+01
-1.398798894970151174e+01
-1.404688972171229011e+01
-1.406477247048131396e+01
-1.407183966109561091e+01
-1.406714126720138580e+01
-1.403355215502888242e+01
-1.404600042464310228e+01
-1.399454374027411951e+01
-1.401222626062941323e+01
-1.402605064805585755e+01
-1.400989704111953849e+01
-1.402154127484275570e+01
-1.393270213587287643e+01
-1.393380496325247542e+01
-1.390850260197973576e+01
-1.391611791595292580e+01
-1.387411107452803272e+01
-1.385546130427566958e+01
-1.395028032943042540e+01
-1.396709596380473961e+01
-1.396532094753375119e+01
-1.396337936991742268e+01
-1.385788131974780768e+01
-1.397041551886922406e+01
-1.400084231436706972e+01
-1.388462700092769708e+01
-1.390419464116588877e+01
-1.391437703838911588e+01
-1.393173087481458872e+01
-1.387168796649312519e+01
-1.385470365065929421e+01
-1.383025559589618503e+01
-1.382082892813258290e+01
-1.382755229922122098e+01
-1.385480693126695328e+01
-1.385060336895767641e+01
-1.375338267954604810e+01
-1.374228284712571835e+01
-1.372779207938472723e+01
-1.376791712821240132e+01
-1.372996430425159176e+01
-1.372650562172093558e+01
-1.373188767979117131e+01
-1.384365130185587134e+01
-1.382880404362526683e+01
-1.376192718186399411e+01
-1.372146799785985039e+01
-1.365758122583083534e+01
-1.363434932548805456e+01
-1.363630730414997849e+01
-1.374425959411670384e+01
-1.370841514356060387e+01
-1.375018743844301206e+01
-1.376891972941266218e+01
-1.377504301879006476e+01
-1.379086096433010056e+01
-1.371400132173228315e+01
-1.371118793744476960e+01
-1.370861539905819804e+01
-1.366648399454536644e+01
-1.361483423908243928e+01
-1.364062683850420044e+01
-1.361394250302737774e+01
-1.357173023089547570e+01
-1.358113162036140409e+01
-1.352906567372575175e+01
-1.351663284639481155e+01
-1.352216517172598387e+01
-1.355796802917101118e+01
-1.356648266886777776e+01
-1.354779789181682936e+01
-1.355259794250715544e+01
-1.356303961028460314e+01
-1.358687485100860037e+01
-1.354164453562101755e+01
-1.353241747622086955e+01
-1.352487094880818574e+01
-1.354463170625666635e+01
-1.351401478478466522e+01
-1.351690309538159873e+01
-1.351744298671049194e+01
-1.351157764838538533e+01
-1.352172746910074963e+01
-1.349332974647159311e+01
-1.351385133303884345e+01
-1.348324485494516090e+01
-1.346370283124390888e+01
