# 2*np.log[MAD(r)] for 100 flights; 1000 steps per flight; run 30 of 50; mu: 2.50; seed: 29
-2.448426236341190787e+01
-2.337684496514708954e+01
-2.228740503166270059e+01
-2.210544016999763528e+01
-2.146106506534013292e+01
-2.097009970028241099e+01
-2.069385659855132786e+01
-2.051615458988552732e+01
-2.059211825675320284e+01
-2.051349577002163826e+01
-2.035639352724010820e+01
-2.006746385256438714e+01
-1.968177512484647806e+01
-1.985846833015068569e+01
-1.938175764893388831e+01
-1.899329085474467149e+01
-1.910103049281703491e+01
-1.927175730107770946e+01
-1.901628552292288177e+01
-1.890065805753521389e+01
-1.848450431369881386e+01
-1.861901700957366756e+01
-1.883763783897524391e+01
-1.878018312730009498e+01
-1.862218561069409617e+01
-1.854230166968012128e+01
-1.858695852010119154e+01
-1.833033699085826740e+01
-1.855185946935538510e+01
-1.850466643496828212e+01
-1.833923786921979726e+01
-1.847972375052202310e+01
-1.843353824034928934e+01
-1.842836977682507182e+01
-1.855275344570000939e+01
-1.857582881187994772e+01
-1.835490498836670525e+01
-1.829732476470184821e+01
-1.844650381876943257e+01
-1.837723423022551827e+01
-1.838568895642344003e+01
-1.825362915347417569e+01
-1.829999541051099143e+01
-1.846342788656630063e+01
-1.833819550638518692e+01
-1.817988823512088459e+01
-1.811770594822934299e+01
-1.798261108351191950e+01
-1.782895469791963095e+01
-1.777118993705897054e+01
-1.797952406200017705e+01
-1.789690309292784676e+01
-1.808289859079290096e+01
-1.798217272496937369e+01
-1.804045322553626818e+01
-1.811667114143725854e+01
-1.813068418261423531e+01
-1.815795482994481702e+01
-1.810948953430067832e+01
-1.809194161562171743e+01
-1.803939456346652648e+01
-1.812846048893169737e+01
-1.798158613021016095e+01
-1.794016417171948063e+01
-1.796424614550243604e+01
-1.795217054566581183e+01
-1.783515332580883594e+01
-1.778733221353582650e+01
-1.774826062162003026e+01
-1.779069714629659060e+01
-1.776672324024340810e+01
-1.789480186056152533e+01
-1.790083230441223350e+01
-1.785593071389322972e+01
-1.770807658073695734e+01
-1.763356887927100658e+01
-1.757504589243282211e+01
-1.771030050305393289e+01
-1.767695025236720241e+01
-1.773445534859014927e+01
-1.765223802802818298e+01
-1.761775737607552372e+01
-1.753588428441261726e+01
-1.757772827587286457e+01
-1.755590029466578272e+01
-1.749451193099597646e+01
-1.756254304074031225e+01
-1.749987327331914244e+01
-1.746859156727985507e+01
-1.751853280259885892e+01
-1.756532456689366128e+01
-1.729869847113997494e+01
-1.738303973499505162e+01
-1.734280535613786256e+01
-1.741615033582180416e+01
-1.762071552810473918e+01
-1.762447241425986277e+01
-1.750788644354069135e+01
-1.741924932775391355e+01
-1.746039108298864662e+01
-1.737151265970823744e+01
-1.746197803792332692e+01
-1.739773811893278932e+01
-1.739445764130254801e+01
-1.756895744238741131e+01
-1.752210285368660436e+01
-1.764364703597927075e+01
-1.747294089914919368e+01
-1.737489674232012860e+01
-1.730904223114695739e+01
-1.721121364003984411e+01
-1.727508929456096709e+01
-1.724081244657331524e+01
-1.709444369381765227e+01
-1.727511886541203268e+01
-1.714379575504551667e+01
-1.703300159759093546e+01
-1.711317703360158760e+01
-1.708197497896956563e+01
-1.704933263906343299e+01
-1.697435405194571700e+01
-1.698930218295886618e+01
-1.684335909332783032e+01
-1.673824966464344399e+01
-1.671357042809048465e+01
-1.665929780628595225e+01
-1.656242514493270335e+01
-1.664409815271656257e+01
-1.668281124331353382e+01
-1.655907966820050703e+01
-1.653487148999608181e+01
-1.656442076630055027e+01
-1.672369282445888317e+01
-1.659440076892497373e+01
-1.674867548761219638e+01
-1.666259750722119648e+01
-1.669436700186454203e+01
-1.662711219002214591e+01
-1.654253386130995551e+01
-1.659630472696726144e+01
-1.654378755442042603e+01
-1.650092181590452611e+01
-1.652040160354197695e+01
-1.642024060180823142e+01
-1.646785296267304588e+01
-1.654754283856370733e+01
-1.656434902719665203e+01
-1.655928360537477317e+01
-1.656596161569706638e+01
-1.658022904499436834e+01
-1.656552400013368498e+01
-1.658846388997239174e+01
-1.660281439024670647e+01
-1.657967680694898149e+01
-1.659669860878545933e+01
-1.656107514927429136e+01
-1.646551464341560234e+01
-1.645394179896822351e+01
-1.649503832631485167e+01
-1.661360916860405368e+01
-1.660634691984366995e+01
-1.667794191539518422e+01
-1.668221561626952365e+01
-1.660898008017284511e+01
-1.655014969244519207e+01
-1.657704050216197089e+01
-1.669114710597708395e+01
-1.656343671108644955e+01
-1.658357583386233358e+01
-1.651830113418714774e+01
-1.647941808261927576e+01
-1.640351180906757378e+01
-1.631497056761405773e+01
-1.635246881022606402e+01
-1.636781441286701266e+01
-1.630449124957238993e+01
-1.638381489323965923e+01
-1.630753746644257518e+01
-1.636352956467769815e+01
-1.634480363064526287e+01
-1.639097390519213704e+01
-1.644202581639700611e+01
-1.649443525793092391e+01
-1.629187119670461215e+01
-1.643718250374057277e+01
-1.636126432167469602e+01
-1.626286846743656511e+01
-1.612219494338104653e+01
-1.616490284425569968e+01
-1.621433956441418545e+01
-1.623028813090245848e+01
-1.623909652823121164e+01
-1.628713026796852503e+01
-1.626931950423840334e+01
-1.625285379386500750e+01
-1.614421256821229633e+01
-1.612271761184064900e+01
-1.612530071099310547e+01
-1.615191399998542821e+01
-1.614648759903790420e+01
-1.620583456332689565e+01
-1.621314716967294700e+01
-1.621708443262384236e+01
-1.640559563019247591e+01
-1.639915201416558332e+01
-1.643642382684939207e+01
-1.641036913483988258e+01
-1.633001414234344750e+01
-1.630192990338699488e+01
-1.630641924229019324e+01
-1.613322496783021620e+01
-1.611687042982875795e+01
-1.619709538414259598e+01
-1.631960645512835839e+01
-1.635098063181875006e+01
-1.625832171686038663e+01
-1.631387859590756406e+01
-1.629452083571158383e+01
-1.639894914896848377e+01
-1.642674422246106403e+01
-1.641383200116222696e+01
-1.639174961988265267e+01
-1.636866853457825144e+01
-1.626039053368368670e+01
-1.623196779347367880e+01
-1.622452286758372253e+01
-1.627754747770343968e+01
-1.623013413042429676e+01
-1.611551607326261149e+01
-1.614157647438601728e+01
-1.606740521292288548e+01
-1.611386324884551513e+01
-1.607775188092529461e+01
-1.604356601912738967e+01
-1.602419418880721480e+01
-1.610063743784047574e+01
-1.601157187676909288e+01
-1.605388887932504360e+01
-1.608274111074382517e+01
-1.605254908997424579e+01
-1.603416120457174188e+01
-1.608550511470134481e+01
-1.602605638585486858e+01
-1.602209761098913177e+01
-1.594969841835489888e+01
-1.600467563629419132e+01
-1.605952848346281314e+01
-1.618064346236835149e+01
-1.608092373427796318e+01
-1.608520903936389601e+01
-1.601679272425387879e+01
-1.616119050600342888e+01
-1.612168193645489822e+01
-1.597284264793220387e+01
-1.593979340181776649e+01
-1.596120658667760850e+01
-1.606083917034017006e+01
-1.604065716636520733e+01
-1.609252875636344626e+01
-1.598661504665043154e+01
-1.591142138506141279e+01
-1.585028365385228355e+01
-1.593373699099510254e+01
-1.587346696763281351e+01
-1.593032669034651505e+01
-1.575920740113400953e+01
-1.572861253292315276e+01
-1.580399675903541024e+01
-1.575224236168159564e+01
-1.574300735303538090e+01
-1.577334446093515119e+01
-1.587309058506380488e+01
-1.594124550161004450e+01
-1.587383216584143852e+01
-1.588601204551122059e+01
-1.597247733778857715e+01
-1.578169679596773989e+01
-1.587471833977861380e+01
-1.580257048453669100e+01
-1.565911226297842873e+01
-1.563470176908029785e+01
-1.564372821393371105e+01
-1.567339244676908017e+01
-1.565365012998723770e+01
-1.563848706470989924e+01
-1.568715169530713816e+01
-1.573714379716280654e+01
-1.573602869633545431e+01
-1.571975400255445443e+01
-1.569331620788127779e+01
-1.565742876086578228e+01
-1.566320864661752488e+01
-1.566045810623009515e+01
-1.568402318876931467e+01
-1.571601167835594914e+01
-1.573035119879338772e+01
-1.574418971744890960e+01
-1.574213076815695089e+01
-1.574469390890488363e+01
-1.575323504825315268e+01
-1.572940774012498366e+01
-1.580265088962898545e+01
-1.585147441440846094e+01
-1.582008501184566818e+01
-1.582202987340523848e+01
-1.585062457794755986e+01
-1.586807337982750887e+01
-1.588269499077384772e+01
-1.577089798952029120e+01
-1.575457797771910862e+01
-1.575663149332864954e+01
-1.578489564481995977e+01
-1.573371617527963906e+01
-1.573763402317510440e+01
-1.579619747430843546e+01
-1.575142365214493623e+01
-1.560143794365298753e+01
-1.558499513257760682e+01
-1.553577247915446158e+01
-1.556706934106026452e+01
-1.546922716331429015e+01
-1.551772436701844171e+01
-1.557201498791500960e+01
-1.547355206004336203e+01
-1.557713056646278282e+01
-1.568437662493819218e+01
-1.570675877788837660e+01
-1.567795942367705564e+01
-1.551412156817523957e+01
-1.555179552858746383e+01
-1.546253451128250589e+01
-1.542936809625991756e+01
-1.545896520174974142e+01
-1.541588723748491141e+01
-1.537327026145361053e+01
-1.540534775698746905e+01
-1.536212219774429855e+01
-1.540181290658640911e+01
-1.541549937774781043e+01
-1.541292893301944389e+01
-1.535071260902287982e+01
-1.533518692164833652e+01
-1.540656761032334998e+01
-1.536002460909805123e+01
-1.537272643796170613e+01
-1.526488581746363948e+01
-1.528089000780083317e+01
-1.529982680968977071e+01
-1.533982540991226884e+01
-1.536370371243343058e+01
-1.548185594229047979e+01
-1.549722940555567519e+01
-1.550006612628344094e+01
-1.556908920831206089e+01
-1.540360693675173209e+01
-1.546248532465502379e+01
-1.542430950359759656e+01
-1.552576757473944369e+01
-1.551509025359304239e+01
-1.552259057437714240e+01
-1.559393797218032063e+01
-1.562995961253263388e+01
-1.547338086559854453e+01
-1.555408737353396909e+01
-1.557831524121685085e+01
-1.548990086708823455e+01
-1.546911328451277967e+01
-1.552875651675068625e+01
-1.553080820984826182e+01
-1.555065242416426585e+01
-1.551515149302821683e+01
-1.542383809961406449e+01
-1.533193716109329152e+01
-1.528872273923302672e+01
-1.512137643684528854e+01
-1.522345357994249326e+01
-1.523709107499207427e+01
-1.513100710813990624e+01
-1.532025995841237531e+01
-1.532297540805383029e+01
-1.530641541446113862e+01
-1.529488059855466808e+01
-1.529758287875902667e+01
-1.533418076402294083e+01
-1.528587256493681501e+01
-1.528934910599492980e+01
-1.526438489608414173e+01
-1.526719022910415724e+01
-1.524165645419856752e+01
-1.524016104469401789e+01
-1.523279780920013948e+01
-1.525726709008833737e+01
-1.532478827997733717e+01
-1.531028520206551846e+01
-1.535478045008515657e+01
-1.532993960939354494e+01
-1.534977158538938724e+01
-1.539157118253045375e+01
-1.536627397339376344e+01
-1.537810767433559889e+01
-1.536505652375270436e+01
-1.534359664803161216e+01
-1.537788741690575556e+01
-1.545459782429814943e+01
-1.555753182433244852e+01
-1.552274719477316012e+01
-1.542723796742704323e+01
-1.553276475099309550e+01
-1.555893555941461415e+01
-1.552544098467557987e+01
-1.543915870250530809e+01
-1.545429890509899096e+01
-1.549836384329232963e+01
-1.536673237365471500e+01
-1.542083492186097970e+01
-1.533178982120760558e+01
-1.540931040443229882e+01
-1.536239175663932599e+01
-1.527534408404179445e+01
-1.524996020007293396e+01
-1.507401076788985606e+01
-1.524802142216372225e+01
-1.520660494116003925e+01
-1.524661067149989258e+01
-1.530162147474802126e+01
-1.526649313929037177e+01
-1.522735751065088650e+01
-1.515405393039270976e+01
-1.513915505492451530e+01
-1.509643999066424058e+01
-1.508717993871863428e+01
-1.506499295385884274e+01
-1.511179028048729123e+01
-1.490020369153631563e+01
-1.489950524948859290e+01
-1.475168663338429553e+01
-1.476503739243854163e+01
-1.470023197743792487e+01
-1.469850325844148919e+01
-1.474518059886862886e+01
-1.476744060777545720e+01
-1.476882807213744897e+01
-1.479567870894728188e+01
-1.480493522673999429e+01
-1.475148583412710401e+01
-1.480777445317935914e+01
-1.486485910669782307e+01
-1.494869831470873933e+01
-1.490146794266012797e+01
-1.486593182328889284e+01
-1.482679244866564794e+01
-1.480496253301322440e+01
-1.473913582536892797e+01
-1.472984764715326556e+01
-1.468423415682491573e+01
-1.469926226623806897e+01
-1.474870138752803683e+01
-1.466984923171052557e+01
-1.481035265525694555e+01
-1.483550733891916273e+01
-1.488135128770484172e+01
-1.484956455073622728e+01
-1.496004176962293997e+01
-1.497816858251730920e+01
-1.498926074884285775e+01
-1.497856069818421076e+01
-1.500729150025000536e+01
-1.493048413270205721e+01
-1.490596204116238255e+01
-1.492821701645800125e+01
-1.493210691929209410e+01
-1.495135418556161433e+01
-1.497379891580094657e+01
-1.497799431546109084e+01
-1.495924705895486539e+01
-1.496101877873859642e+01
-1.492351292250645756e+01
-1.491100654343473408e+01
-1.494822354808567866e+01
-1.493912250288923893e+01
-1.498473820552673352e+01
-1.503452937565760905e+01
-1.496548339665088534e+01
-1.494890421666953806e+01
-1.491471241117867308e+01
-1.494260970717997417e+01
-1.486116864335241239e+01
-1.495834109924040334e+01
-1.498551987395928364e+01
-1.494760304038885401e+01
-1.489825912268875996e+01
-1.480726005427735004e+01
-1.472467932553566250e+01
-1.467463173173466373e+01
-1.474993602972011431e+01
-1.482654107282351319e+01
-1.492717759692029311e+01
-1.481247951080603897e+01
-1.486112588874872209e+01
-1.488007883197824555e+01
-1.504150817579456145e+01
-1.504454765781812853e+01
-1.510073741642271195e+01
-1.511259050948791227e+01
-1.513657592296469900e+01
-1.523462757452620941e+01
-1.523465757830075695e+01
-1.513389761026108893e+01
-1.517222415143497649e+01
-1.514990305369006407e+01
-1.511291296468689005e+01
-1.511097029199985187e+01
-1.511686261263935016e+01
-1.517229269165340000e+01
-1.513088266163148532e+01
-1.511995911916185165e+01
-1.510013474263451982e+01
-1.518717528087007018e+01
-1.504114042068188795e+01
-1.507433121278369725e+01
-1.508752781332802506e+01
-1.503522582752486692e+01
-1.510461188439137992e+01
-1.504432062871054576e+01
-1.502224017481193385e+01
-1.502262771638673300e+01
-1.503425021626612335e+01
-1.500758594369877841e+01
-1.503571245938936052e+01
-1.507576843789953180e+01
-1.508680126429869084e+01
-1.500711027663599673e+01
-1.498141872142149467e+01
-1.503527632042984230e+01
-1.494867825433235353e+01
-1.490968745139169016e+01
-1.492877620538524397e+01
-1.490226032802766554e+01
-1.495534552466679123e+01
-1.495657530537935109e+01
-1.492840247540226173e+01
-1.488892263655671222e+01
-1.491860199443192414e+01
-1.494215459022851888e+01
-1.492048457246616877e+01
-1.487485593672457362e+01
-1.482894607316137758e+01
-1.477235355969971486e+01
-1.478356751454144025e+01
-1.475507580613089686e+01
-1.482039848760751255e+01
-1.482429767137667476e+01
-1.483325318744996224e+01
-1.480074289930352016e+01
-1.492878593016755318e+01
-1.493958337452953344e+01
-1.501296342511968618e+01
-1.491688722590363092e+01
-1.487912532335942473e+01
-1.485681012626653263e+01
-1.488476472666013528e+01
-1.497123438009052698e+01
-1.495705270943101439e+01
-1.502244432096011728e+01
-1.497846453444617509e+01
-1.501713861772996594e+01
-1.495433095745640451e+01
-1.495309667002141119e+01
-1.494947506962219919e+01
-1.477713842718170767e+01
-1.477212817485650476e+01
-1.480593292826938701e+01
-1.481565605989750267e+01
-1.487789444690620222e+01
-1.488255920875937477e+01
-1.485964774135439548e+01
-1.484984273938564847e+01
-1.486778087634457357e+01
-1.487826581509691515e+01
-1.485815836781852184e+01
-1.482592436882169729e+01
-1.481248074977750129e+01
-1.477748205740488174e+01
-1.476306787203982473e+01
-1.485362954533324142e+01
-1.484057149146342169e+01
-1.477728670697671909e+01
-1.474930476893826636e+01
-1.475109162065590773e+01
-1.461087597038623898e+01
-1.473723572447292440e+01
-1.480317445078613403e+01
-1.478034154386542909e+01
-1.477015378570053983e+01
-1.481003518178672351e+01
-1.476251186633441392e+01
-1.476319658876708374e+01
-1.474731649466653138e+01
-1.476200166549636172e+01
-1.475282947390540400e+01
-1.468413215565344743e+01
-1.476265855932890503e+01
-1.473950755633302734e+01
-1.472964690593169124e+01
-1.476105768850534972e+01
-1.477431589542600854e+01
-1.484393355834252937e+01
-1.485208661460051616e+01
-1.484270886798699429e+01
-1.488423080142212562e+01
-1.481870146305629454e+01
-1.483665086304125147e+01
-1.481414799454988263e+01
-1.485525653828895187e+01
-1.486415500216678431e+01
-1.483951359308096229e+01
-1.479974946529101132e+01
-1.479242770234939996e+01
-1.477217799184713165e+01
-1.479680928010172281e+01
-1.471776752842073321e+01
-1.475624366479632954e+01
-1.465806190410491361e+01
-1.455527857006394399e+01
-1.464445244545870040e+01
-1.468634511116640162e+01
-1.467310626882076363e+01
-1.466528286557692695e+01
-1.462364267503829751e+01
-1.465754474972147747e+01
-1.459795134831964525e+01
-1.460521236099081221e+01
-1.465471304731575408e+01
-1.465109896433338932e+01
-1.475007680234988605e+01
-1.484545991374152329e+01
-1.475620914636790992e+01
-1.472068754834728210e+01
-1.469020748761375472e+01
-1.470523855933242885e+01
-1.478156338441776896e+01
-1.476760941761387080e+01
-1.462008753380128923e+01
-1.465482140377745424e+01
-1.464824070085362173e+01
-1.461672007995392164e+01
-1.461921438292836584e+01
-1.464011413395898309e+01
-1.468262994713555614e+01
-1.470256478857731608e+01
-1.469624919260802898e+01
-1.467511922340142938e+01
-1.468442935804665872e+01
-1.464037274912523579e+01
-1.464869394953467641e+01
-1.462486053715397283e+01
-1.455943680149639263e+01
-1.457759383957150945e+01
-1.454856016006080921e+01
-1.454665136776866774e+01
-1.449022353006670372e+01
-1.455342718610723907e+01
-1.459965061846138923e+01
-1.460090753848891687e+01
-1.458942247671928349e+01
-1.463998293314104338e+01
-1.461797186452821151e+01
-1.461285040429213922e+01
-1.460388305891090788e+01
-1.460392280483866045e+01
-1.460233457752590169e+01
-1.461161234801201836e+01
-1.449315329943623176e+01
-1.452869374632737554e+01
-1.454039351966189919e+01
-1.450599461462025808e+01
-1.450902318355034559e+01
-1.447229521476042002e+01
-1.446670250320333118e+01
-1.444592343213345487e+01
-1.449933269401233282e+01
-1.449087768284398337e+01
-1.447271128892682590e+01
-1.445734899674438090e+01
-1.444849026788736701e+01
-1.443032208661647608e+01
-1.445334323123217857e+01
-1.444987587889007408e+01
-1.448708752403551792e+01
-1.447129421972076813e+01
-1.450150961766021851e+01
-1.453511435696069398e+01
-1.452656804550347758e+01
-1.448966356956273849e+01
-1.452377730182367443e+01
-1.453033585272092587e+01
-1.456861999983283873e+01
-1.446085791716549096e+01
-1.448189305346672384e+01
-1.446627778986700186e+01
-1.449556126466078432e+01
-1.449137808947937778e+01
-1.447776824096873938e+01
-1.451100544438023654e+01
-1.451259212397982168e+01
-1.451050374640976237e+01
-1.451627458221972056e+01
-1.454641595137627874e+01
-1.452901333056512101e+01
-1.450508078230124021e+01
-1.449674032609137520e+01
-1.448332095413239529e+01
-1.445956002399036500e+01
-1.446294591147286468e+01
-1.442804049182798742e+01
-1.441668500562231436e+01
-1.443635402058029626e+01
-1.445493730120359643e+01
-1.447069831840516940e+01
-1.443131958880389476e+01
-1.445468998728510002e+01
-1.446282163717983416e+01
-1.454151065559831935e+01
-1.452970420856130929e+01
-1.453911273884518351e+01
-1.453802498720516034e+01
-1.456575166160811285e+01
-1.458252303334700173e+01
-1.459355035348026419e+01
-1.460748697287993103e+01
-1.453036450893040055e+01
-1.450218395271858185e+01
-1.452368082237864044e+01
-1.460698087392231947e+01
-1.466190829708657439e+01
-1.459084837789396261e+01
-1.461061839386724159e+01
-1.459589853760641454e+01
-1.465020951618573797e+01
-1.464900912165374436e+01
-1.458506277221602865e+01
-1.456684417600849812e+01
-1.455083164616684144e+01
-1.441963632117830585e+01
-1.444743024456708547e+01
-1.447793163579535403e+01
-1.451892291561092385e+01
-1.445377078292822404e+01
-1.449416858228826932e+01
-1.449281314334078452e+01
-1.454765290034163350e+01
-1.460865611140381759e+01
-1.455489156656008198e+01
-1.462362511758495209e+01
-1.463204945280828362e+01
-1.451976942289093131e+01
-1.443053471243336716e+01
-1.443741336340614545e+01
-1.444809416772593380e+01
-1.445988409614991177e+01
-1.444855911401323745e+01
-1.446210342612749322e+01
-1.453434020089291856e+01
-1.456154139115469981e+01
-1.456035540586320920e+01
-1.454010637724395139e+01
-1.449906042828436625e+01
-1.450248988232265113e+01
-1.448133855257678171e+01
-1.447205625910523530e+01
-1.451808514643341219e+01
-1.457863144726118065e+01
-1.461260654094527389e+01
-1.464631815002835502e+01
-1.454656188163010100e+01
-1.458659706001409262e+01
-1.465320703680104053e+01
-1.452189832812761594e+01
-1.453378665155134719e+01
-1.451970690521540241e+01
-1.451808387010476409e+01
-1.450492680022538217e+01
-1.446107779313834385e+01
-1.449347101695628837e+01
-1.447819828376800544e+01
-1.447945513496717140e+01
-1.446832439642628465e+01
-1.447151247689581588e+01
-1.444271483401004552e+01
-1.445181176935661505e+01
-1.443307431323462886e+01
-1.445077396229093658e+01
-1.447506454858815772e+01
-1.443249164977885357e+01
-1.447737024307975595e+01
-1.436935117761705527e+01
-1.440992784440812891e+01
-1.441387982232405207e+01
-1.437318989098382360e+01
-1.444030894505780260e+01
-1.438999368250045308e+01
-1.438009978168175529e+01
-1.441711901460785406e+01
-1.442348963815924989e+01
-1.436976659332963990e+01
-1.432750907998702594e+01
-1.436915089474801199e+01
-1.434926216176906166e+01
-1.435456159970243739e+01
-1.432467190322108586e+01
-1.430280465145497537e+01
-1.439566109181608056e+01
-1.435867783871164072e+01
-1.438319681445140397e+01
-1.444278535100266581e+01
-1.440525941276019317e+01
-1.434557454776736485e+01
-1.433775071291754699e+01
-1.437283477115440355e+01
-1.433909705455172734e+01
-1.432425491848836607e+01
-1.433561642640137102e+01
-1.434277553934967919e+01
-1.429846775119421132e+01
-1.430354698018778947e+01
-1.429889353885997672e+01
-1.426172525897957577e+01
-1.421395557756540917e+01
-1.422714832824430964e+01
-1.425214695873160764e+01
-1.422163416367791022e+01
-1.422807852608310064e+01
-1.422952179999248123e+01
-1.423414608803653358e+01
-1.421065889701136520e+01
-1.424338870014491576e+01
-1.422013002018731243e+01
-1.422355145063957416e+01
-1.425571571375112789e+01
-1.421399343975518015e+01
-1.419610875156386776e+01
-1.421145206584569287e+01
-1.418635111061126963e+01
-1.419492205824199083e+01
-1.413899849608713311e+01
-1.411546552835029189e+01
-1.411556038864109119e+01
-1.410088648639334075e+01
-1.407318255078947367e+01
-1.409739699509682076e+01
-1.409473772614541964e+01
-1.408850045488084390e+01
-1.410363344690757437e+01
-1.408768852524426762e+01
-1.407384012647177229e+01
-1.412295104278547164e+01
-1.409902517999496219e+01
-1.411193203138842200e+01
-1.404826044701727561e+01
-1.409773676521356123e+01
-1.414085016524796679e+01
-1.415947707457028848e+01
-1.418143149638606282e+01
-1.421234515965873513e+01
-1.421874650327933054e+01
-1.424230909084129770e+01
-1.421178036890110619e+01
-1.423206188127779370e+01
-1.434309167588120104e+01
-1.437755231622621999e+01
-1.434928010403494092e+01
-1.440360819911076895e+01
-1.436323501939657454e+01
-1.428131711614373955e+01
-1.424466972073560278e+01
-1.427653715723788785e+01
-1.423498906055646351e+01
-1.421926051392445345e+01
-1.419617043599826012e+01
-1.415018942816969094e+01
-1.423618054490567175e+01
-1.419315312221831071e+01
-1.413947004759047488e+01
-1.410045538022826861e+01
-1.414838399639900501e+01
-1.412494563794551894e+01
-1.415788682895684225e+01
-1.403024726329886995e+01
-1.411419737040827371e+01
-1.412324138863072243e+01
-1.415955856902553656e+01
-1.412836129370884564e+01
-1.412404096433571610e+01
-1.411164528463765855e+01
-1.410615711692464025e+01
-1.401665584550937638e+01
-1.398532794480654573e+01
-1.395874369108436497e+01
-1.396191066594462349e+01
-1.405490472687497849e+01
-1.412119097719733141e+01
-1.408659042548700135e+01
-1.407587491381799794e+01
-1.402479402383913687e+01
-1.403934954150773962e+01
-1.402845681979180803e+01
-1.409913904386979766e+01
-1.409440085714664193e+01
-1.403551654778725322e+01
-1.427096061755425715e+01
-1.437448409140252359e+01
-1.437431762847210059e+01
-1.438448518326836201e+01
-1.440471433542137092e+01
-1.444461457714538177e+01
-1.435792983687940172e+01
-1.434838825835903187e+01
-1.435607965992134538e+01
-1.433688725616814352e+01
-1.437309122773688408e+01
-1.440928013857865153e+01
-1.438035991130272073e+01
-1.444825968407379690e+01
-1.441564375088418437e+01
-1.439988562882463086e+01
-1.435124788978136401e+01
-1.441211137417292676e+01
-1.438675830792491261e+01
-1.437859357422714446e+01
-1.440187615373801044e+01
-1.440445414904784904e+01
-1.443891521741708850e+01
-1.439169261922219434e+01
-1.433672543647928066e+01
-1.435938256628726961e+01
-1.438290877046644667e+01
-1.436862754191165159e+01
-1.443474650573642037e+01
-1.439208599733854754e+01
-1.441781971087372405e+01
-1.439516944079607086e+01
-1.431026943659542994e+01
-1.442831893290901846e+01
-1.442698108548141711e+01
-1.447023565301631898e+01
-1.446542196840746008e+01
-1.439976012795128035e+01
-1.439994232473071989e+01
-1.438147938268820347e+01
-1.435286810478119968e+01
-1.436185082333112994e+01
-1.430413388356144466e+01
-1.431216809570877757e+01
-1.426836653196797577e+01
-1.421646132580251631e+01
-1.422745874332496463e+01
-1.422767946201705591e+01
-1.428114194983883678e+01
-1.422793478431287539e+01
-1.423517712467011442e+01
-1.422832807095314678e+01
-1.418080177923062735e+01
-1.415931976842566087e+01
-1.410229972024120393e+01
-1.405533092122855621e+01
-1.407674617520390825e+01
-1.410311281870697542e+01
-1.410127727616262838e+01
-1.411876970566910749e+01
-1.405964781969920807e+01
-1.402266183791632059e+01
-1.403322900965991771e+01
-1.403963381879807137e+01
-1.402065621056031119e+01
-1.400951427403048832e+01
-1.399954720594913837e+01
-1.400577468244938473e+01
-1.403545338603439596e+01
-1.402082461069323038e+01
-1.394252755008831279e+01
-1.395768035517518868e+01
-1.397883884801271392e+01
-1.399691413531311213e+01
-1.402836935222673098e+01
-1.400723765833479106e+01
-1.400119831457423558e+01
-1.398352025263472775e+01
-1.401623331592841382e+01
-1.394625061053548087e+01
-1.399228026592591867e+01
-1.403644611796608643e+01
-1.405589674584863680e+01
-1.404217667253972834e+01
-1.396393921491738865e+01
-1.393810113107404192e+01
-1.395580538844844476e+01
-1.396144892830789175e+01
-1.398485915050937223e+01
-1.408753303146761127e+01
-1.405996648489000656e+01
