# 2*np.log[MAD(r)] for 100 flights; 1000 steps per flight; run 46 of 50; mu: 2.50; seed: 45
-2.462109242243572282e+01
-2.265381173187016373e+01
-2.204745916937449834e+01
-2.143450466313539593e+01
-2.108720619313078615e+01
-2.081484421548429253e+01
-2.096442949198238637e+01
-2.082991697393499919e+01
-2.059268936433138109e+01
-2.037807255953457286e+01
-2.010384510765338106e+01
-2.003269648922987045e+01
-2.012374821775661360e+01
-1.998928973672120790e+01
-1.984033873051948405e+01
-1.981599089616883802e+01
-1.967822863194534833e+01
-1.981610516993370297e+01
-1.964102334171709074e+01
-1.964074453179557977e+01
-1.937119313037495516e+01
-1.940466781673133312e+01
-1.953072117176787259e+01
-1.961135358561055142e+01
-1.938463149598672430e+01
-1.961539929612398225e+01
-1.922378322889883506e+01
-1.904621192165879506e+01
-1.886523520259247988e+01
-1.878377120912442777e+01
-1.880292538859126950e+01
-1.875050758642444393e+01
-1.860449173825710645e+01
-1.871402240547944373e+01
-1.861014854090170445e+01
-1.862716891191277924e+01
-1.833903750024747481e+01
-1.854121965850985632e+01
-1.848768628469333919e+01
-1.842407685035415099e+01
-1.845974877635127953e+01
-1.837990306476548596e+01
-1.850695228484751098e+01
-1.841748060948959420e+01
-1.849927982882921640e+01
-1.841412181246151292e+01
-1.839050569951434611e+01
-1.829727507202367320e+01
-1.831959244712894375e+01
-1.848556567420227736e+01
-1.845961935076863725e+01
-1.854204409144483989e+01
-1.842572684701324803e+01
-1.816956460030085907e+01
-1.818948325098348917e+01
-1.798272191839384959e+01
-1.810771234473349622e+01
-1.782976774852160062e+01
-1.788287340317732443e+01
-1.789285910923256750e+01
-1.787141818744841260e+01
-1.785389889262508945e+01
-1.785362442171219399e+01
-1.790968830391169320e+01
-1.788502282522194875e+01
-1.784173045072306962e+01
-1.786436505773045624e+01
-1.775608205759214187e+01
-1.780151305136614681e+01
-1.776526740849442731e+01
-1.777750025709885051e+01
-1.778643361650319932e+01
-1.769068123212384336e+01
-1.764889982220696751e+01
-1.774162914250804590e+01
-1.758187857817925348e+01
-1.770804313348964953e+01
-1.751247112526775851e+01
-1.750780096819397968e+01
-1.764667296519527895e+01
-1.765517721449672095e+01
-1.762176611679762317e+01
-1.761724288828910190e+01
-1.745406440627936817e+01
-1.739636175788896466e+01
-1.728515389149040971e+01
-1.726599241861268652e+01
-1.716723526538495648e+01
-1.723653240183726609e+01
-1.727044349705699133e+01
-1.732140777925773634e+01
-1.733220225787644964e+01
-1.718196882504638623e+01
-1.727393082265823665e+01
-1.734351163035798393e+01
-1.735529589803952177e+01
-1.737469572581299460e+01
-1.744620845291703048e+01
-1.754029505697480928e+01
-1.741974290786306412e+01
-1.715992128959438290e+01
-1.721961931355231457e+01
-1.725226104227001755e+01
-1.726937061723935329e+01
-1.725352616010205509e+01
-1.722036266192168341e+01
-1.712061822286378643e+01
-1.709534606600432838e+01
-1.708771999132478214e+01
-1.709236235767290779e+01
-1.720959421666375988e+01
-1.719404980638160296e+01
-1.714334591455095946e+01
-1.707869647400909585e+01
-1.710615578418286731e+01
-1.709001605783747380e+01
-1.715673503486371487e+01
-1.699425112298388640e+01
-1.720653010244443593e+01
-1.693629150732571631e+01
-1.685486924450108503e+01
-1.706004974099501936e+01
-1.691611033470599068e+01
-1.695048817380427764e+01
-1.699669752797255384e+01
-1.702338837441548947e+01
-1.706641172629220193e+01
-1.710120030172510752e+01
-1.707634578362247524e+01
-1.701108676749610282e+01
-1.699964433449128620e+01
-1.698109826802442512e+01
-1.702948206857120184e+01
-1.700754796295638371e+01
-1.697882089362666136e+01
-1.702212341376859328e+01
-1.701498079276505848e+01
-1.708999673189445190e+01
-1.707909146932165356e+01
-1.707413329635310362e+01
-1.706267984395913828e+01
-1.697858297653555226e+01
-1.704624924590634194e+01
-1.703796621511417086e+01
-1.697104324132368802e+01
-1.684507599651134768e+01
-1.693452248491364287e+01
-1.687759359724057262e+01
-1.676793271837928145e+01
-1.681783159752064805e+01
-1.682251926774319628e+01
-1.683799671977017098e+01
-1.696831305804244039e+01
-1.690307723221654967e+01
-1.683532618111615164e+01
-1.701609734351628944e+01
-1.684447212068811339e+01
-1.685826166572923057e+01
-1.678056304166455348e+01
-1.682668900770702436e+01
-1.685080876835605679e+01
-1.680099203697886523e+01
-1.673854699510934196e+01
-1.678862089496709942e+01
-1.682385255853864692e+01
-1.691368683771987946e+01
-1.685668557862651795e+01
-1.684937641907477257e+01
-1.675406905242305200e+01
-1.674954113721627635e+01
-1.677733012746167063e+01
-1.673689454940603127e+01
-1.676800001067835666e+01
-1.686176863742537080e+01
-1.682501067801736028e+01
-1.690726744610297416e+01
-1.689291700724778167e+01
-1.689989157914754969e+01
-1.696244253212934083e+01
-1.681300425556295508e+01
-1.671884046391080147e+01
-1.673993174937400497e+01
-1.674579693378683132e+01
-1.669525212384516877e+01
-1.667955453959146794e+01
-1.663327664671363593e+01
-1.667642137038250283e+01
-1.676581551916536128e+01
-1.667214353621162459e+01
-1.667794365710318516e+01
-1.651724338313359652e+01
-1.651639913960123707e+01
-1.657829959057870184e+01
-1.644497066399955187e+01
-1.644099539239183017e+01
-1.644116939663744148e+01
-1.636432067931415091e+01
-1.642915845058171698e+01
-1.646851391728226588e+01
-1.668381972710710670e+01
-1.668904944771011500e+01
-1.671659772323872772e+01
-1.676822863144393239e+01
-1.669100480830557487e+01
-1.664748231263458322e+01
-1.664394041701146065e+01
-1.674687778780590719e+01
-1.673943739723867097e+01
-1.663154520441705841e+01
-1.668679512915819174e+01
-1.667709701613103945e+01
-1.664337841442300814e+01
-1.666305904452224596e+01
-1.652819127100360674e+01
-1.649747546667104103e+01
-1.647925786266599246e+01
-1.651381289214792503e+01
-1.647012700212421166e+01
-1.638498469683782588e+01
-1.652316632466576607e+01
-1.656647477310336924e+01
-1.662963019211805360e+01
-1.642665665354456195e+01
-1.631455056105959045e+01
-1.629904024165552201e+01
-1.627090135111513192e+01
-1.638706787718685121e+01
-1.642379737585427435e+01
-1.625514262330815995e+01
-1.624617179903788156e+01
-1.622557560921297437e+01
-1.629155784858129508e+01
-1.620054008971965587e+01
-1.623598955091902596e+01
-1.612289198651156497e+01
-1.617884728254868421e+01
-1.616955275419249105e+01
-1.618121126269102561e+01
-1.623795660758619164e+01
-1.626440127224561394e+01
-1.627940866199781667e+01
-1.626417786948184485e+01
-1.619815879970157368e+01
-1.622838729310563721e+01
-1.621671932863453947e+01
-1.620641167545557693e+01
-1.623638749903956935e+01
-1.618519718770144422e+01
-1.625586659902159070e+01
-1.629419291852003937e+01
-1.636265462852191277e+01
-1.642164492043781010e+01
-1.644197592337245695e+01
-1.649198893989126802e+01
-1.631439680367036971e+01
-1.630984708271631334e+01
-1.626561734390179481e+01
-1.633449219133995101e+01
-1.631193469529977236e+01
-1.628792417064083153e+01
-1.636324269224622796e+01
-1.630694324131685846e+01
-1.631892215016777214e+01
-1.635633871912986947e+01
-1.631628420801329327e+01
-1.636309600778231399e+01
-1.626897204828997445e+01
-1.624411909384518893e+01
-1.629107279630733629e+01
-1.624438158915653574e+01
-1.632957135698551809e+01
-1.632149583388054026e+01
-1.645977484260667012e+01
-1.638341109447296517e+01
-1.647659268235020846e+01
-1.644747687946376047e+01
-1.641603714590084451e+01
-1.629654307906842803e+01
-1.629284427234174615e+01
-1.630054716122349134e+01
-1.629278553003836905e+01
-1.622879322847935768e+01
-1.633107829046173620e+01
-1.628540165350253943e+01
-1.628262862219051144e+01
-1.628086242865087740e+01
-1.630763715742660125e+01
-1.630528674011117474e+01
-1.626160514161187720e+01
-1.635758745729139463e+01
-1.626668667720561245e+01
-1.626594082129956220e+01
-1.620032655353754691e+01
-1.626983715950584752e+01
-1.621991401313957581e+01
-1.610446397248936634e+01
-1.614909666682035549e+01
-1.627581907998310484e+01
-1.614979741851519179e+01
-1.613504840338562829e+01
-1.612409992627025801e+01
-1.623937227157169616e+01
-1.607199467553257222e+01
-1.598228014462324076e+01
-1.600711801298782433e+01
-1.600712615734534339e+01
-1.600147517567235056e+01
-1.603613855119440856e+01
-1.607782811336988971e+01
-1.610881719421657010e+01
-1.617182239743019423e+01
-1.609331411279618962e+01
-1.608230272354272827e+01
-1.608133619818805471e+01
-1.604652316914501142e+01
-1.611943721068153224e+01
-1.612707565036456359e+01
-1.609631389522900236e+01
-1.610810158522578917e+01
-1.622138045460739164e+01
-1.621367874720598223e+01
-1.628708755141174436e+01
-1.639630219580343251e+01
-1.638024706034427069e+01
-1.638061877092233587e+01
-1.621464284578127035e+01
-1.632321649542997832e+01
-1.629738821127450166e+01
-1.627193967603374247e+01
-1.631512091311989820e+01
-1.616578177528604954e+01
-1.605227648553900721e+01
-1.614148016211746395e+01
-1.603548490771533608e+01
-1.605885812193667306e+01
-1.605113440631870958e+01
-1.596942929339527062e+01
-1.594437313674752232e+01
-1.590176455133622646e+01
-1.584428750111685957e+01
-1.584980916705421095e+01
-1.578903201428590997e+01
-1.574898172887442982e+01
-1.573503582029557357e+01
-1.573674931223390949e+01
-1.574963213652261729e+01
-1.570663082268582400e+01
-1.569933305970042703e+01
-1.566476898051577571e+01
-1.568715365432676556e+01
-1.574737299095462717e+01
-1.581861322933263736e+01
-1.578089428528496541e+01
-1.568388994770271871e+01
-1.571269982117140351e+01
-1.565754251002800501e+01
-1.565122647832207470e+01
-1.560288931975397908e+01
-1.553638306751289733e+01
-1.548547247015985739e+01
-1.547083154356603707e+01
-1.543991822936476588e+01
-1.544836395704074405e+01
-1.544290298700465947e+01
-1.544971795126189207e+01
-1.547910872332941068e+01
-1.548970073483123855e+01
-1.546397892995706513e+01
-1.566046276230918899e+01
-1.560452209718629746e+01
-1.572907627613478709e+01
-1.559338991018689136e+01
-1.559293383077014639e+01
-1.573753314973952833e+01
-1.559334189682055261e+01
-1.565832521950101430e+01
-1.564810336999888563e+01
-1.575889974074683231e+01
-1.561939585110715001e+01
-1.557922761696620206e+01
-1.560097939183545179e+01
-1.568246069462785819e+01
-1.557758001125960767e+01
-1.563298030854601350e+01
-1.561760818150889918e+01
-1.564697822798931526e+01
-1.558803214026289652e+01
-1.556292372685765280e+01
-1.545512391383618933e+01
-1.545424158904692469e+01
-1.534375061322793954e+01
-1.544519405989492356e+01
-1.538352343716164761e+01
-1.527243176885029463e+01
-1.528044379473793235e+01
-1.530012001243933284e+01
-1.529610388472776883e+01
-1.534633140909402726e+01
-1.535339282229279156e+01
-1.533508986248540573e+01
-1.538570041043228009e+01
-1.532439244289316704e+01
-1.550140749150192931e+01
-1.548316071156063067e+01
-1.543194043170872476e+01
-1.543457346908848571e+01
-1.542189652223148499e+01
-1.534811563760106523e+01
-1.536188978135349004e+01
-1.534239108333421875e+01
-1.529722148225018685e+01
-1.523894314736211797e+01
-1.528426146972115873e+01
-1.535185779812982787e+01
-1.532826678437118950e+01
-1.530438288111866463e+01
-1.529108841611940051e+01
-1.536404234130831981e+01
-1.532778729614952873e+01
-1.538847694111791853e+01
-1.537009232683144155e+01
-1.537377124222906843e+01
-1.533973697047149010e+01
-1.529007265761511292e+01
-1.530136306025072201e+01
-1.532078691143278881e+01
-1.540525342668213504e+01
-1.534820213976519909e+01
-1.537865910458170760e+01
-1.528951884840359376e+01
-1.528139887194338264e+01
-1.534781428384666491e+01
-1.528600813401535063e+01
-1.525667801903223264e+01
-1.526011947679226388e+01
-1.516902388344041874e+01
-1.517121526245099972e+01
-1.518703285257512547e+01
-1.522383774029239056e+01
-1.520709030827042696e+01
-1.510595361932566405e+01
-1.512481796526545708e+01
-1.514119498409423770e+01
-1.513280363480003032e+01
-1.512327196290611653e+01
-1.515417020980008012e+01
-1.518048496353231691e+01
-1.501204310381148410e+01
-1.498716048037121595e+01
-1.498616262035672086e+01
-1.502182555003018827e+01
-1.500917874041079969e+01
-1.508903815841906138e+01
-1.512091249223695044e+01
-1.507028835164318536e+01
-1.508483671384453828e+01
-1.480648314270755606e+01
-1.486888536023370122e+01
-1.485732600612997700e+01
-1.494483820989349532e+01
-1.489690728470750791e+01
-1.506632265738320697e+01
-1.512327965727623358e+01
-1.511493990636011731e+01
-1.504807720555502293e+01
-1.503904371212604119e+01
-1.502980254388041814e+01
-1.498504059550410616e+01
-1.511838901374929023e+01
-1.512609955323779687e+01
-1.513575645550356796e+01
-1.523634052420707086e+01
-1.523164188035953792e+01
-1.525558901774673437e+01
-1.513237694669762234e+01
-1.519197067126916423e+01
-1.519390956214882848e+01
-1.516945890743672187e+01
-1.510882542025487396e+01
-1.513817605787494003e+01
-1.514436502704600862e+01
-1.506212676301630005e+01
-1.493612377813949443e+01
-1.491378262950476952e+01
-1.495427101914958179e+01
-1.496500513112266084e+01
-1.492304290980991155e+01
-1.491915228277463434e+01
-1.490483711695204150e+01
-1.495590078689523317e+01
-1.488958064378399726e+01
-1.489051390664813646e+01
-1.493253057430293396e+01
-1.494674411597362251e+01
-1.497862913156944842e+01
-1.502898182695164309e+01
-1.500393002524972985e+01
-1.500093435738036085e+01
-1.500024996906604358e+01
-1.499580349096254217e+01
-1.500880941583744033e+01
-1.500105015297168798e+01
-1.493548901938802587e+01
-1.494359751551418292e+01
-1.497603961498898251e+01
-1.491406878255794943e+01
-1.490104313191101504e+01
-1.491305441730443526e+01
-1.493495214973592944e+01
-1.487382612015322714e+01
-1.482385611620299848e+01
-1.475743710780914597e+01
-1.475379141107159420e+01
-1.477182973216355855e+01
-1.467539691273763403e+01
-1.466742463445502231e+01
-1.465352280714700228e+01
-1.463239662429683818e+01
-1.460463615395084602e+01
-1.457890799861047526e+01
-1.466865129203072371e+01
-1.463706229945231208e+01
-1.462263135155968641e+01
-1.469155524693422876e+01
-1.460192996287699785e+01
-1.464518841430875007e+01
-1.462487320248373912e+01
-1.477036925504177667e+01
-1.473456010154257179e+01
-1.475944523732699487e+01
-1.473639965327710399e+01
-1.464478714357058386e+01
-1.465303520943417048e+01
-1.471357365446407428e+01
-1.466301218913807602e+01
-1.461492169401472729e+01
-1.458451197773195140e+01
-1.460501793502523782e+01
-1.468342868330138629e+01
-1.474065547424867972e+01
-1.472779912343714948e+01
-1.474897311308319381e+01
-1.473457581899555358e+01
-1.476385243541188252e+01
-1.483351226440093384e+01
-1.479695648385467166e+01
-1.477793000693965730e+01
-1.476127343055819630e+01
-1.480413067718770037e+01
-1.478976630148261506e+01
-1.473344271000429906e+01
-1.468737430728748627e+01
-1.476405761534404171e+01
-1.462149584213597819e+01
-1.463093944070857688e+01
-1.463934774996037902e+01
-1.464086166699329894e+01
-1.456984747833890026e+01
-1.453335285251534081e+01
-1.451323706301990590e+01
-1.449643845403129738e+01
-1.451181360098849815e+01
-1.448981158058433749e+01
-1.446377397337741755e+01
-1.443283198683392676e+01
-1.441072133705089975e+01
-1.455613716581773609e+01
-1.454133048575643450e+01
-1.453527832398660813e+01
-1.456763146131434361e+01
-1.457252563953674773e+01
-1.462954683501371100e+01
-1.455724383662972166e+01
-1.453284240096893321e+01
-1.454082874904800704e+01
-1.454701532392455832e+01
-1.458657292576609166e+01
-1.449369911089730500e+01
-1.452563003066261871e+01
-1.459188929639549848e+01
-1.457858163769598470e+01
-1.452918598841256426e+01
-1.450674997720389214e+01
-1.450182950218813716e+01
-1.442476512351248807e+01
-1.439838341607481809e+01
-1.443404917626064865e+01
-1.443755704589558597e+01
-1.438282909027505063e+01
-1.440373489460938394e+01
-1.442029967342419283e+01
-1.443114741905767140e+01
-1.437613843406752601e+01
-1.438639336089826060e+01
-1.437998341217264020e+01
-1.441033175954978951e+01
-1.436926745730219679e+01
-1.453504955813344779e+01
-1.432175361288489945e+01
-1.431560835230483342e+01
-1.430134396935364371e+01
-1.431212265487786084e+01
-1.435361569746669907e+01
-1.437505044418277045e+01
-1.435598954627822188e+01
-1.448808480411931576e+01
-1.445865636792584397e+01
-1.441174328551874773e+01
-1.449929192412757395e+01
-1.449817170692114310e+01
-1.451023170282464214e+01
-1.452554145136379304e+01
-1.445957378309210384e+01
-1.445708253370679230e+01
-1.453728925951404527e+01
-1.457880827595489492e+01
-1.460016252830228645e+01
-1.454097403844676961e+01
-1.460667636463783481e+01
-1.462564926269821797e+01
-1.456530717050066137e+01
-1.459807811038533387e+01
-1.456887108979728751e+01
-1.458989594268532386e+01
-1.459108758552009988e+01
-1.457248988134173828e+01
-1.464875634165171903e+01
-1.466734767099534942e+01
-1.466361973712280431e+01
-1.470775705023198299e+01
-1.473702843883723901e+01
-1.465782559986697997e+01
-1.462432375605092361e+01
-1.454573972996323761e+01
-1.453360973127746192e+01
-1.457563657668173995e+01
-1.461744558273468542e+01
-1.454629378705690712e+01
-1.463999333568012062e+01
-1.465391923052197676e+01
-1.462137653019899552e+01
-1.456748313191429745e+01
-1.459915737794881174e+01
-1.460903066225838742e+01
-1.462962205373213465e+01
-1.462909975992882927e+01
-1.462382786150877401e+01
-1.466476923306685620e+01
-1.466860755905948821e+01
-1.463619689757691766e+01
-1.464687541326295950e+01
-1.459704308312196197e+01
-1.455646960980497617e+01
-1.456781473639899538e+01
-1.453636557499247495e+01
-1.460246966175502870e+01
-1.456306744987511692e+01
-1.463960025005034638e+01
-1.454786498322802224e+01
-1.459316539907459997e+01
-1.463972849781880470e+01
-1.466599680026916275e+01
-1.463368606670968752e+01
-1.463947812785207603e+01
-1.455656209081772623e+01
-1.448481185172335017e+01
-1.443295855798781524e+01
-1.444854971322376791e+01
-1.441461937442985963e+01
-1.442353817259552962e+01
-1.444593667810546123e+01
-1.447242472082793974e+01
-1.445626591775057257e+01
-1.453034603138905645e+01
-1.448784695922107701e+01
-1.449330680276964323e+01
-1.452113818237565646e+01
-1.454481535410192450e+01
-1.452882218645642354e+01
-1.454394212459822100e+01
-1.454033072050881970e+01
-1.457082733746008962e+01
-1.457582552997715197e+01
-1.455725422166674754e+01
-1.459858985142346199e+01
-1.457542639505780713e+01
-1.450346114842482415e+01
-1.449066861091863423e+01
-1.455589306965250174e+01
-1.439576154328217505e+01
-1.429661354460979084e+01
-1.428934637804760222e+01
-1.425920396231357401e+01
-1.429185611353391394e+01
-1.429104927955109261e+01
-1.428318887870698717e+01
-1.430619812317151052e+01
-1.431067441408388241e+01
-1.429827614400440972e+01
-1.429540455867132387e+01
-1.434054510967261109e+01
-1.432503167594781424e+01
-1.428554072697886745e+01
-1.422482142928154225e+01
-1.425052594032474396e+01
-1.423786378735737301e+01
-1.421618435629564914e+01
-1.424879125061758067e+01
-1.425615229691016062e+01
-1.425783852647388805e+01
-1.426304698937068949e+01
-1.420984454800677632e+01
-1.423676589420726479e+01
-1.424878521674434317e+01
-1.426231712065187018e+01
-1.426351550726099049e+01
-1.428533123135082228e+01
-1.425551055142618395e+01
-1.425610078063253638e+01
-1.429029939349559974e+01
-1.431468908211102864e+01
-1.430958742750557988e+01
-1.433921625910573106e+01
-1.433491698911857704e+01
-1.432410988880484837e+01
-1.430309687324251300e+01
-1.432622011571741361e+01
-1.427471777522709928e+01
-1.430601529062627897e+01
-1.439038097659299886e+01
-1.430487947185895159e+01
-1.434394851773832613e+01
-1.433533145217018401e+01
-1.424230891955584610e+01
-1.421626590298728487e+01
-1.422177003901670034e+01
-1.422558570286484247e+01
-1.423934480278946424e+01
-1.424715892715271259e+01
-1.423364419906638823e+01
-1.424890151948570782e+01
-1.430964074898506766e+01
-1.431297650346321149e+01
-1.434293672628518124e+01
-1.434553379303657117e+01
-1.442018933765803368e+01
-1.442991892886013261e+01
-1.447226798316270724e+01
-1.443712033015491514e+01
-1.442649972277504666e+01
-1.443190204955989842e+01
-1.446044724592292852e+01
-1.444607544313121217e+01
-1.448100356872303074e+01
-1.451249013124303744e+01
-1.447592544265614123e+01
-1.444451458510407171e+01
-1.448815625239620353e+01
-1.452377159752414215e+01
-1.454521033401250207e+01
-1.450364209794905435e+01
-1.448048678797470501e+01
-1.440917970956626171e+01
-1.445585187395491999e+01
-1.445371333086747967e+01
-1.444487987789080741e+01
-1.452158430802946398e+01
-1.442717861879292407e+01
-1.437259994652224471e+01
-1.438371679029333805e+01
-1.436377733334570728e+01
-1.435293722977963959e+01
-1.434536153392658342e+01
-1.439243688704220148e+01
-1.436936462929998726e+01
-1.440428931976914662e+01
-1.443087381628730803e+01
-1.440780131444351397e+01
-1.434451218401520123e+01
-1.441300346284466727e+01
-1.438029981274789826e+01
-1.433984578184674774e+01
-1.438991646987413908e+01
-1.436442018238676965e+01
-1.442421625708297306e+01
-1.439376661875715158e+01
-1.441035308797254721e+01
-1.438390200965067045e+01
-1.438290409956953297e+01
-1.436942910716715005e+01
-1.436835416533354959e+01
-1.440201461506625691e+01
-1.444900272164691124e+01
-1.452526916337649077e+01
-1.453258417958906534e+01
-1.452992050776751931e+01
-1.454656696615145428e+01
-1.458900114489107835e+01
-1.465590338977190754e+01
-1.452448362400250836e+01
-1.445866306452984951e+01
-1.453049664264099228e+01
-1.451547773331249402e+01
-1.456043592158982491e+01
-1.450711470125946612e+01
-1.454675727371612304e+01
-1.448994812753771377e+01
-1.447497407237142930e+01
-1.440992837076584365e+01
-1.445887086633295660e+01
-1.446660776854055364e+01
-1.440371495631300114e+01
-1.437291903355360390e+01
-1.432759195210755543e+01
-1.429698683839904483e+01
-1.434409475641329301e+01
-1.441737529682493424e+01
-1.439523595357283270e+01
-1.448988253792393621e+01
-1.454540618314872269e+01
-1.446847618613215936e+01
-1.446612935154849566e+01
-1.447544352238316456e+01
-1.443336542487631213e+01
-1.445761543703946650e+01
-1.445434409066181480e+01
-1.449368674371180177e+01
-1.442839969183428472e+01
-1.442146537478381951e+01
-1.449749642875281097e+01
-1.447042371793410886e+01
-1.437777665163051388e+01
-1.437433682610716090e+01
-1.446729281395474054e+01
-1.445831759925652804e+01
-1.447249634505589810e+01
-1.445031741894040600e+01
-1.438074317636356980e+01
-1.439234247730671257e+01
-1.437127619843093917e+01
-1.444230932648471821e+01
-1.442883415330221730e+01
-1.438314607487617280e+01
-1.438065550246245472e+01
-1.434742211083404939e+01
-1.432620079411820235e+01
-1.432317167644248634e+01
-1.436001293633129627e+01
-1.436712300914175344e+01
-1.434766369342839099e+01
-1.433360518478182044e+01
-1.435493571875323404e+01
-1.440019605145329606e+01
-1.441547601991503491e+01
-1.449300992236330110e+01
-1.446989978395667364e+01
-1.441444634809014147e+01
-1.443997412823533111e+01
-1.443026644747377141e+01
-1.446684195566876596e+01
-1.431183133800515606e+01
-1.438491466162427734e+01
-1.434155037691361834e+01
-1.430337756170703933e+01
-1.434341824954622346e+01
-1.435380694663016854e+01
-1.434092238507114558e+01
-1.436085005513672641e+01
-1.431658061028622164e+01
-1.436240269345939780e+01
-1.438260512508756150e+01
-1.428262256294429733e+01
-1.431389212470627292e+01
-1.433107508905355232e+01
-1.431108470923338771e+01
-1.428288122986545083e+01
-1.431118609442000356e+01
-1.429952615281618300e+01
-1.431170846178657818e+01
-1.432314613010166937e+01
-1.429916277458248786e+01
-1.429732544229962876e+01
-1.425162681322573732e+01
-1.425495007458561858e+01
-1.428804271488425925e+01
-1.429178388069695771e+01
-1.429664434802187145e+01
-1.431171125547423095e+01
-1.433527389379961647e+01
-1.435638284866266723e+01
-1.441024165478004271e+01
-1.431318042141814750e+01
-1.425770238281099545e+01
-1.426004572338110243e+01
-1.428974874349209045e+01
-1.428670907750746899e+01
-1.423032924620373585e+01
-1.426803568199804140e+01
-1.426176690730513918e+01
-1.425344182284575290e+01
-1.428032873548357706e+01
-1.426033433805380035e+01
-1.424203128859681833e+01
-1.429481462713914475e+01
-1.424235879857544873e+01
-1.420241127029243700e+01
-1.415687760645845472e+01
-1.408405701178496194e+01
-1.415107198946834188e+01
-1.418199688735132291e+01
-1.412731689324795603e+01
-1.412754339650544644e+01
-1.407095036577917213e+01
-1.404862278212605631e+01
-1.400991856613060627e+01
-1.395127494607044483e+01
-1.398182109284077335e+01
-1.400726715270825373e+01
-1.402243851637670602e+01
-1.396901814563388911e+01
-1.398439877681413712e+01
-1.400563317880524394e+01
-1.399144046657287532e+01
-1.399275662252305885e+01
-1.402165309668172988e+01
-1.402470826101443535e+01
-1.400190494693723409e+01
-1.400844461378308914e+01
-1.401241058312124110e+01
-1.394885739457124352e+01
-1.406561465909729769e+01
-1.403377659527470200e+01
-1.400905276334531990e+01
-1.397130110848435791e+01
-1.394797270416277435e+01
-1.392367047047274653e+01
-1.387089706891549312e+01
-1.391624063037906467e+01
-1.394327294480592982e+01
-1.396558157483449492e+01
-1.395376590512682924e+01
-1.391827782646779532e+01
-1.400879948806103492e+01
-1.396672131205772693e+01
-1.395238878735804988e+01
-1.395708489315081557e+01
-1.400175211278358667e+01
-1.399665691662091582e+01
-1.402079365921153986e+01
-1.400904317552075362e+01
-1.401519014092921367e+01
-1.399260680160641890e+01
-1.399583302287184061e+01
-1.400205347138489387e+01
-1.398072191508852136e+01
-1.397740118566830247e+01
-1.394784381511003524e+01
-1.400945346666057922e+01
-1.397666452187404751e+01
-1.393730606862781585e+01
-1.400895234726108285e+01
-1.399971188732601490e+01
-1.398057283817299101e+01
-1.394928877675594592e+01
-1.395672957398396008e+01
-1.391813556595303680e+01
-1.393947934240568109e+01
-1.398298542146343237e+01
-1.396867878183076783e+01
-1.396791292483917424e+01
-1.395281339226985473e+01
-1.401569040542866063e+01
-1.397650743885130886e+01
-1.394564648404664631e+01
-1.395261565645843582e+01
-1.396694591861180790e+01
-1.391482667372314452e+01
-1.389027171990757559e+01
-1.388469587648105019e+01
-1.385682342920795129e+01
-1.384893580440711069e+01
-1.381844267905105994e+01
-1.379006748202115773e+01
-1.380455260319770083e+01
-1.380358507448335814e+01
-1.382375273864355769e+01
-1.387206492062695951e+01
-1.388723564775405706e+01
-1.394936073986985647e+01
-1.392425912490984352e+01
-1.391196162039526207e+01
-1.396559385645929119e+01
-1.391160705929211794e+01
-1.392396679061701548e+01
-1.393069273525967233e+01
-1.392865837141726537e+01
-1.396039067871674533e+01
-1.395789691488468875e+01
-1.399026673386256547e+01
-1.399578343810159176e+01
