# 2*np.log[MAD(r)] for 100 flights; 1000 steps per flight; run 13 of 50; mu: 2.50; seed: 12
-2.454382665572343214e+01
-2.272806988756417468e+01
-2.205079202127751614e+01
-2.161989254477068201e+01
-2.149328353477963560e+01
-2.112920347591319725e+01
-2.079547194045524705e+01
-2.055295399938841427e+01
-1.987480693873382975e+01
-2.011307016853535501e+01
-1.989028879445122300e+01
-1.991508306675029516e+01
-1.983222497261911599e+01
-1.961713123344764398e+01
-1.956179098795609406e+01
-1.959118484832071161e+01
-1.961390587924229578e+01
-1.962930725930573317e+01
-1.947649782397352425e+01
-1.928542625245595232e+01
-1.904954065249665263e+01
-1.902716543609436783e+01
-1.912724272642972778e+01
-1.904581969717854761e+01
-1.911333744286721981e+01
-1.908539839450165232e+01
-1.906320960263608910e+01
-1.881926894583703813e+01
-1.896539848061452460e+01
-1.904323165664397166e+01
-1.889867935003715615e+01
-1.915371938700769405e+01
-1.900618697346965646e+01
-1.902966415736151973e+01
-1.883819289888775117e+01
-1.895116204794814863e+01
-1.869149351590198904e+01
-1.879462539258613063e+01
-1.877473164720219856e+01
-1.868720873556431883e+01
-1.855509596875705824e+01
-1.860354335136307924e+01
-1.853551141718471484e+01
-1.862213066575468545e+01
-1.840885574934058155e+01
-1.849225113390196285e+01
-1.852707847432390764e+01
-1.848926926613178523e+01
-1.855931287476033376e+01
-1.833620278267392578e+01
-1.841362519140049514e+01
-1.841911444561176481e+01
-1.825295114611922997e+01
-1.818884464508334275e+01
-1.822887469241863201e+01
-1.814265722921754787e+01
-1.808303443342630246e+01
-1.824014363845214604e+01
-1.819278325333995383e+01
-1.828313380344617656e+01
-1.833441481702750764e+01
-1.818150645320133307e+01
-1.821592036707199114e+01
-1.812343038531561845e+01
-1.784316037173002201e+01
-1.789843254036186693e+01
-1.766525991457961808e+01
-1.761568319186219256e+01
-1.787529189765315252e+01
-1.780436086863883460e+01
-1.780996946216536259e+01
-1.789618596547367346e+01
-1.787846757209099380e+01
-1.811334528708558622e+01
-1.802145668884273633e+01
-1.790700810079247773e+01
-1.796430323234161719e+01
-1.772233418285676620e+01
-1.764441745069775536e+01
-1.768608815069708839e+01
-1.773724490709635404e+01
-1.763839557773471611e+01
-1.758284033621077214e+01
-1.758987620188045398e+01
-1.761058186056182606e+01
-1.761915323821724044e+01
-1.736693768217860168e+01
-1.744523374474287536e+01
-1.748248367941254600e+01
-1.771693012947581636e+01
-1.743855814180635733e+01
-1.755729799403655633e+01
-1.749867674301104614e+01
-1.738905350857785237e+01
-1.751738102920032958e+01
-1.748446232942942657e+01
-1.761938230604311073e+01
-1.743837304430283552e+01
-1.721509748814807850e+01
-1.723365875827150617e+01
-1.738479447021076751e+01
-1.747067801488802985e+01
-1.736858264897119852e+01
-1.747617859399547768e+01
-1.753239772379579975e+01
-1.777471872710785306e+01
-1.755623555991322604e+01
-1.766541894466027074e+01
-1.760163368570295361e+01
-1.770415712028188793e+01
-1.758197477238756434e+01
-1.757464601505190416e+01
-1.760767450664355493e+01
-1.757690892933384319e+01
-1.751003618935161299e+01
-1.756835852546637611e+01
-1.746257280880081808e+01
-1.756887358849699510e+01
-1.736042678807014283e+01
-1.735120575280425115e+01
-1.731476595470101998e+01
-1.732954094824611602e+01
-1.744914336356992024e+01
-1.736922238378679495e+01
-1.735899770392644470e+01
-1.738721280806180047e+01
-1.719938904861814777e+01
-1.703742567970870780e+01
-1.708132814067668548e+01
-1.707037826101586120e+01
-1.709127203038996967e+01
-1.703155575762178842e+01
-1.708219402026623257e+01
-1.719698564727133316e+01
-1.720782497305102510e+01
-1.708812809446736125e+01
-1.695852273624187490e+01
-1.685104864743897579e+01
-1.684351427570068438e+01
-1.701196610954139743e+01
-1.685734850080467950e+01
-1.698047299359908635e+01
-1.694273680616566935e+01
-1.701814873604631018e+01
-1.698842750868094598e+01
-1.690874931072498200e+01
-1.699656411619116980e+01
-1.688624672399623705e+01
-1.674924182705751363e+01
-1.680685661604134395e+01
-1.703192066509222613e+01
-1.706689247628481354e+01
-1.702753029471725199e+01
-1.709457473385503690e+01
-1.704819161748179113e+01
-1.704608711545269628e+01
-1.704482924550021394e+01
-1.697781834215783903e+01
-1.701516761951955559e+01
-1.690481587592473289e+01
-1.694176023043930712e+01
-1.708234157657028973e+01
-1.711418793979702357e+01
-1.696395887355260612e+01
-1.686196944952552457e+01
-1.677826196753231613e+01
-1.676520711499654226e+01
-1.690018488783261930e+01
-1.669700868925388448e+01
-1.672042098414066302e+01
-1.671579626911263006e+01
-1.674622819860567802e+01
-1.676937650646274136e+01
-1.679024091336648894e+01
-1.666252523064356694e+01
-1.671835625428043315e+01
-1.668134377339140784e+01
-1.660139569385534841e+01
-1.654635109408322080e+01
-1.655743863498416601e+01
-1.667505358278633665e+01
-1.660018560011689459e+01
-1.661336408551127519e+01
-1.667133422434090306e+01
-1.669757407381259640e+01
-1.670197800606352345e+01
-1.656764857334104235e+01
-1.648600527906207702e+01
-1.644299182828289929e+01
-1.648066350672698732e+01
-1.647547118016079182e+01
-1.658833876226883319e+01
-1.665014095266266381e+01
-1.661887113142379135e+01
-1.655531201647805162e+01
-1.652134380188000407e+01
-1.659697121453107016e+01
-1.662356360198043603e+01
-1.658546493947986988e+01
-1.651034962504633796e+01
-1.659284816330910672e+01
-1.662164782267966245e+01
-1.665004607170735085e+01
-1.666729812736193495e+01
-1.663145203916711168e+01
-1.663839571889969449e+01
-1.665205637301083996e+01
-1.642441236014312977e+01
-1.640376101610793214e+01
-1.643932244534953213e+01
-1.647984888786216473e+01
-1.634046515584115866e+01
-1.638030896356367094e+01
-1.628380536901123676e+01
-1.637864019179685826e+01
-1.634400143192593191e+01
-1.621191335189073257e+01
-1.623114195700304307e+01
-1.618850272384334943e+01
-1.623961382361135364e+01
-1.626155303632928195e+01
-1.620602656072064818e+01
-1.630228490717100698e+01
-1.623879229493240217e+01
-1.624792125994799008e+01
-1.631932740393694203e+01
-1.624953863490932449e+01
-1.622539737964200413e+01
-1.625744617440514261e+01
-1.626378166300863626e+01
-1.629094542503353793e+01
-1.624563293583069168e+01
-1.615342459285247756e+01
-1.612826183181733342e+01
-1.611806827978468348e+01
-1.604794167897421531e+01
-1.619145928261184153e+01
-1.615513878737137432e+01
-1.601603518969820783e+01
-1.591487991982852179e+01
-1.594331337423884243e+01
-1.591574813333265936e+01
-1.590143809031802924e+01
-1.584182639677814564e+01
-1.592251161939409521e+01
-1.586028010475281036e+01
-1.584257248954037856e+01
-1.580564470699050084e+01
-1.582141857653047445e+01
-1.583103768971734127e+01
-1.582353100543324231e+01
-1.588865938090955865e+01
-1.591081915290803117e+01
-1.594925454269633214e+01
-1.590703858030812690e+01
-1.605277684871784771e+01
-1.604535270574003292e+01
-1.593242732489960645e+01
-1.585337299076567597e+01
-1.592034178188593607e+01
-1.589743642491891151e+01
-1.589297767748102075e+01
-1.588045295001815660e+01
-1.591215180006005703e+01
-1.602663800493562363e+01
-1.597393087804699796e+01
-1.590316119737073919e+01
-1.591558337792058708e+01
-1.600284422940856999e+01
-1.604012017031562110e+01
-1.599393379584453534e+01
-1.605038950497783645e+01
-1.593490339847078019e+01
-1.595058293402557936e+01
-1.608120342095609345e+01
-1.606361678376886104e+01
-1.596317049377990749e+01
-1.600318306558266457e+01
-1.594663749769026140e+01
-1.598792724079824801e+01
-1.596756977071322048e+01
-1.603820613290935881e+01
-1.604051557716688237e+01
-1.607830157319681064e+01
-1.608828387845044361e+01
-1.609112913082360663e+01
-1.608885822462580961e+01
-1.590614187647455680e+01
-1.582572147739338320e+01
-1.584846779524713867e+01
-1.578325055109248254e+01
-1.574791231280742210e+01
-1.572682340493400943e+01
-1.567473457113439572e+01
-1.574046204046617170e+01
-1.571524827766772958e+01
-1.560535701305556699e+01
-1.555024719343711226e+01
-1.555935628488603584e+01
-1.580004816326909634e+01
-1.582331532974541943e+01
-1.579106034608307674e+01
-1.574359822531220843e+01
-1.573402624962404595e+01
-1.575957301146815048e+01
-1.578003951812833527e+01
-1.573476858500366227e+01
-1.575475299301123933e+01
-1.587057498988674986e+01
-1.591948668197807848e+01
-1.574841536807646492e+01
-1.574814598938692534e+01
-1.567047157185709416e+01
-1.567441913926358588e+01
-1.562323838605963999e+01
-1.544963562632884724e+01
-1.547975422272280532e+01
-1.545537746348024122e+01
-1.540640699823978110e+01
-1.553790308980570778e+01
-1.555034064250643944e+01
-1.554694675494669376e+01
-1.545781292662281281e+01
-1.544897201666377384e+01
-1.535877927935852227e+01
-1.540127771841430793e+01
-1.545355859087167616e+01
-1.543398858763590198e+01
-1.546791882554460074e+01
-1.546674950781153512e+01
-1.549728380274829220e+01
-1.548993802211350790e+01
-1.547933496876230919e+01
-1.547084805998061441e+01
-1.561236107923818217e+01
-1.550582358200906441e+01
-1.550587149785583385e+01
-1.548304261812949534e+01
-1.555356097693386985e+01
-1.554558593568965463e+01
-1.552438078212368566e+01
-1.553660521127702587e+01
-1.562565860123170758e+01
-1.558834858214971852e+01
-1.558520164522864171e+01
-1.559962368199278337e+01
-1.556819849916340814e+01
-1.553796960831573060e+01
-1.553929186627424741e+01
-1.556812344492237443e+01
-1.553095879039560145e+01
-1.550276340225783755e+01
-1.541930002536454403e+01
-1.548648514625857686e+01
-1.545120858610361836e+01
-1.539667356429655598e+01
-1.541902820872822666e+01
-1.546797344708119404e+01
-1.539406472252091795e+01
-1.538332636369800888e+01
-1.536032332768799513e+01
-1.537918705727087954e+01
-1.532448243885342976e+01
-1.523854525999415266e+01
-1.521471486120833738e+01
-1.518436783529340950e+01
-1.514882162958603473e+01
-1.517473781408505218e+01
-1.519960931444056840e+01
-1.515191792258863046e+01
-1.517442813175361849e+01
-1.513533592791513804e+01
-1.510189355437849024e+01
-1.513076990643389053e+01
-1.517342051269372760e+01
-1.516875717373206989e+01
-1.515744115381060375e+01
-1.519357982150103226e+01
-1.514311262112353340e+01
-1.515444747160200833e+01
-1.523050336783119718e+01
-1.518305576264256906e+01
-1.524548919307645001e+01
-1.526351312170842434e+01
-1.517099044717889988e+01
-1.521268072531187165e+01
-1.531235525960230603e+01
-1.530316117647124052e+01
-1.525130087351421260e+01
-1.522684773301397243e+01
-1.526547019758318413e+01
-1.530809005525651934e+01
-1.535212327607892213e+01
-1.529278036079404934e+01
-1.523001762530167724e+01
-1.516613352540519699e+01
-1.523434946704510118e+01
-1.522969895433435283e+01
-1.525767825099579333e+01
-1.518069570635676868e+01
-1.520440287813161717e+01
-1.512048131575246046e+01
-1.515843832168804894e+01
-1.516378963841790117e+01
-1.516242813193852790e+01
-1.519169821443552060e+01
-1.520243164015008652e+01
-1.519798491685483199e+01
-1.519180068489000490e+01
-1.534869930280383876e+01
-1.524987274046367070e+01
-1.538889940014277791e+01
-1.537621755423731251e+01
-1.536160060659342186e+01
-1.534842994476931999e+01
-1.539143540534703725e+01
-1.539006931574212267e+01
-1.536201500792040520e+01
-1.536440468881849952e+01
-1.534878801504668466e+01
-1.535170728998315326e+01
-1.532949121991194374e+01
-1.531879978792323094e+01
-1.534256631695100737e+01
-1.544316079766230132e+01
-1.545105619002231911e+01
-1.550683374087362765e+01
-1.548374123783364631e+01
-1.546309610894019038e+01
-1.554135045376545499e+01
-1.553528905195199172e+01
-1.553823037709127064e+01
-1.544629512999783749e+01
-1.557458507445877594e+01
-1.535261607290525099e+01
-1.531969278353898822e+01
-1.532943761151488360e+01
-1.526450012786763821e+01
-1.528339471253179127e+01
-1.535635934274017700e+01
-1.533285551167838001e+01
-1.528505505485200722e+01
-1.526556754512294845e+01
-1.535658739249855209e+01
-1.527186419722622190e+01
-1.528674023780369140e+01
-1.528736012373056674e+01
-1.523714693185987556e+01
-1.519141153721401061e+01
-1.508484306986768786e+01
-1.513075789126766502e+01
-1.511014276372556786e+01
-1.512134296019272917e+01
-1.504454883421919398e+01
-1.501607165016456236e+01
-1.502416172171865405e+01
-1.506112072928977064e+01
-1.493569011669294078e+01
-1.494013956510126917e+01
-1.491666246631161208e+01
-1.485443396517345782e+01
-1.487863044553936831e+01
-1.485994362716851747e+01
-1.487078220441919818e+01
-1.492691444587333294e+01
-1.492073681088749026e+01
-1.494716273364832304e+01
-1.493815316359472689e+01
-1.498297822740633833e+01
-1.493435302653094077e+01
-1.489817215844227682e+01
-1.489288571338990330e+01
-1.491163850634550947e+01
-1.495723756782027714e+01
-1.489413764525921913e+01
-1.487700429816380954e+01
-1.494163556885686717e+01
-1.498887693867720827e+01
-1.493364264685006759e+01
-1.491414227737877596e+01
-1.493629696720630662e+01
-1.499240415736408671e+01
-1.504045590158938950e+01
-1.501280322121891331e+01
-1.507412344046586128e+01
-1.508986832620879781e+01
-1.505572806860316781e+01
-1.509222601627650739e+01
-1.511856828610608261e+01
-1.520390811164874734e+01
-1.522820389230968985e+01
-1.513013064245618189e+01
-1.516773229488801711e+01
-1.513362120644284303e+01
-1.500029845075155421e+01
-1.498160935257695847e+01
-1.503367576841240272e+01
-1.497599167015047250e+01
-1.503519649506662148e+01
-1.504410731123834033e+01
-1.505562387040210659e+01
-1.507593292441638333e+01
-1.502580895351072776e+01
-1.504464412808954421e+01
-1.507313367668397497e+01
-1.507346726491359235e+01
-1.507173835612041479e+01
-1.504376134362549067e+01
-1.507577122741378162e+01
-1.501314174333333895e+01
-1.509951162874782504e+01
-1.509736919025539237e+01
-1.515884710813361913e+01
-1.510096129140679544e+01
-1.504817746723093563e+01
-1.505246410499978005e+01
-1.507231817607594770e+01
-1.501488352542720506e+01
-1.498073913546013713e+01
-1.499522070194404044e+01
-1.492502931951239020e+01
-1.503589689912530680e+01
-1.492771365093373603e+01
-1.494539158147331648e+01
-1.496627780760777426e+01
-1.501271433467171690e+01
-1.496597246715320573e+01
-1.496694338682981140e+01
-1.492778599129785988e+01
-1.488811450286460492e+01
-1.488376740660010711e+01
-1.488720782643537710e+01
-1.487888248202869690e+01
-1.490906643117571129e+01
-1.487557788576094531e+01
-1.487263526096704069e+01
-1.487726737862637982e+01
-1.488422012447616538e+01
-1.492753652492729088e+01
-1.491281266936719341e+01
-1.486484246032628853e+01
-1.483760836657961413e+01
-1.482893144065719682e+01
-1.484709584275039518e+01
-1.476058383002586893e+01
-1.466180267773055235e+01
-1.472147993885123363e+01
-1.475165625187953289e+01
-1.475282509187346491e+01
-1.465905130096990483e+01
-1.466234456672230912e+01
-1.468742724372707187e+01
-1.469873839350102429e+01
-1.466074396016276715e+01
-1.464401870377015058e+01
-1.459420262805142166e+01
-1.459527831110205476e+01
-1.453035892800303408e+01
-1.449574133645428908e+01
-1.445408257865861401e+01
-1.443870178848148456e+01
-1.444506009332137531e+01
-1.451231495332549670e+01
-1.457346197607732741e+01
-1.461113292267306107e+01
-1.464203104565166313e+01
-1.465091554303714183e+01
-1.463504937388973026e+01
-1.460599659170582498e+01
-1.468498966678448525e+01
-1.463565415150668336e+01
-1.460103947432341087e+01
-1.462460767266937012e+01
-1.465076739643301273e+01
-1.460361562118190726e+01
-1.460283948646123342e+01
-1.452084212912144068e+01
-1.453685009226911085e+01
-1.448282796548046747e+01
-1.459594159272549696e+01
-1.458566877974280374e+01
-1.460381068955910777e+01
-1.464670567689941194e+01
-1.446585661843561077e+01
-1.447033600221871552e+01
-1.447589456025142240e+01
-1.461382800521529646e+01
-1.461763152955722944e+01
-1.466078385535537087e+01
-1.467420337126711338e+01
-1.450064402383052808e+01
-1.450170251419765854e+01
-1.453214613222169405e+01
-1.447705531703984327e+01
-1.445443946003050861e+01
-1.447382994947160739e+01
-1.448652887749175378e+01
-1.450450166265060581e+01
-1.456840037963736556e+01
-1.449746404548488954e+01
-1.448138701023865238e+01
-1.447616609730222059e+01
-1.448354893487810813e+01
-1.450297421399985964e+01
-1.443833257866277719e+01
-1.439423566021846490e+01
-1.442498225689876712e+01
-1.440132190574487758e+01
-1.448579417255523794e+01
-1.445700367408587184e+01
-1.442608678950418977e+01
-1.450034096997610433e+01
-1.451381974868371927e+01
-1.452749140806905359e+01
-1.448318281863918422e+01
-1.449963713543820454e+01
-1.449588119580373302e+01
-1.444982033927396436e+01
-1.447626101823645861e+01
-1.448786751743135071e+01
-1.446037639057325919e+01
-1.438591660181471532e+01
-1.443326136562463091e+01
-1.443108577707117135e+01
-1.446029074441770668e+01
-1.453742537958213532e+01
-1.456645771244987841e+01
-1.458201787259708126e+01
-1.456135863390588092e+01
-1.460066997023184499e+01
-1.460021298077740504e+01
-1.460288472908657731e+01
-1.465649296796939538e+01
-1.467483609570272662e+01
-1.473692270390704628e+01
-1.470078414487921492e+01
-1.474606183514258539e+01
-1.477169800708358949e+01
-1.481249455006673266e+01
-1.477700871352393008e+01
-1.476029837218353080e+01
-1.478107765646835148e+01
-1.471656331656913608e+01
-1.468039600803747469e+01
-1.463805414488699697e+01
-1.466754275601055291e+01
-1.473201081569298587e+01
-1.471352261800732641e+01
-1.476767432561831406e+01
-1.481106261812717939e+01
-1.473125707348419056e+01
-1.472236675595032018e+01
-1.471974876215513817e+01
-1.474362813667889505e+01
-1.471364403319332581e+01
-1.471250127351365578e+01
-1.470679290035130293e+01
-1.463974332297855696e+01
-1.469219232202560654e+01
-1.475748365279291541e+01
-1.473916019101164032e+01
-1.475747735654355530e+01
-1.479739068581937822e+01
-1.479257393013374156e+01
-1.471117122152115186e+01
-1.468324177977546974e+01
-1.467931783386032052e+01
-1.464424596964946801e+01
-1.473038758075315791e+01
-1.471547741882439198e+01
-1.462913154420619222e+01
-1.473495624657245351e+01
-1.477915075128976774e+01
-1.475820328771111178e+01
-1.474776200677629667e+01
-1.474204399892905037e+01
-1.480243232675582021e+01
-1.475785440733390708e+01
-1.479751148974596475e+01
-1.477155256156178531e+01
-1.462348922723917610e+01
-1.490771654326370843e+01
-1.487300691286627696e+01
-1.484090495672460897e+01
-1.488475355744285622e+01
-1.494528781921140315e+01
-1.497560512569252467e+01
-1.493795201447914245e+01
-1.483675743579528472e+01
-1.483300808795013026e+01
-1.479939411868339150e+01
-1.482183831077935210e+01
-1.488699069186053237e+01
-1.483522331595253441e+01
-1.486065849127138527e+01
-1.485896751124715642e+01
-1.484660802487353948e+01
-1.480745708850139053e+01
-1.486433201510313218e+01
-1.487121473303302288e+01
-1.483370913676464475e+01
-1.484113484635587987e+01
-1.483228353854804382e+01
-1.479196779362047387e+01
-1.475954169901589985e+01
-1.484721173633192137e+01
-1.486798043674673231e+01
-1.483735702086262442e+01
-1.476427989524991347e+01
-1.474768995287774231e+01
-1.476912970741404507e+01
-1.481576475603096199e+01
-1.476233614346060818e+01
-1.475534426136723454e+01
-1.473708921333131983e+01
-1.478439918075184778e+01
-1.476547364292058973e+01
-1.483341438253610534e+01
-1.478631688005872924e+01
-1.462857821745190101e+01
-1.463161862240656319e+01
-1.465846708290617606e+01
-1.469149637241074835e+01
-1.473402575002187476e+01
-1.473739435137663278e+01
-1.465607011727794529e+01
-1.468012462023207299e+01
-1.466161506484204224e+01
-1.466086264168265352e+01
-1.464761163163080049e+01
-1.470464269250665446e+01
-1.471145241602096476e+01
-1.463795096592032507e+01
-1.465479305444970848e+01
-1.474704656987196927e+01
-1.479275676523407412e+01
-1.477420288295941475e+01
-1.474736498387360406e+01
-1.474243958332036541e+01
-1.470705942675501277e+01
-1.470623366769522633e+01
-1.478654225470329031e+01
-1.469635066325660944e+01
-1.458427527815499047e+01
-1.454362466606232296e+01
-1.455552586583466734e+01
-1.447871395267103978e+01
-1.449242054497377197e+01
-1.449095969137065509e+01
-1.441483610653462222e+01
-1.440143459135918746e+01
-1.439305486572216353e+01
-1.442146923318598084e+01
-1.448553587825650624e+01
-1.450359136668109805e+01
-1.449556777205909697e+01
-1.447297299561353690e+01
-1.449682739600060088e+01
-1.453082180502264542e+01
-1.462774358557533816e+01
-1.466517808705278014e+01
-1.466957423257355941e+01
-1.463464464653598718e+01
-1.465572138640057176e+01
-1.469711676647756704e+01
-1.461994522550517672e+01
-1.464539839267210475e+01
-1.455519449933972886e+01
-1.453690966739568147e+01
-1.455126400827418109e+01
-1.453892653384267319e+01
-1.456748121761543402e+01
-1.463998949563924512e+01
-1.467985589544552560e+01
-1.472706637102684013e+01
-1.463115773950424803e+01
-1.465871223978741078e+01
-1.460869921322980325e+01
-1.465831145667754143e+01
-1.450464986752517405e+01
-1.452373657418959318e+01
-1.458851039510635417e+01
-1.461311088698771776e+01
-1.460171925512737445e+01
-1.457223399340512593e+01
-1.450920133165432624e+01
-1.452041377860686211e+01
-1.453711755416896700e+01
-1.449735463587038886e+01
-1.448925385167199487e+01
-1.451644625878883232e+01
-1.456201071177321360e+01
-1.460730805731601833e+01
-1.459036780941293010e+01
-1.456854310956492071e+01
-1.460015894283660387e+01
-1.460169804448620567e+01
-1.463020736721777126e+01
-1.469585654913619166e+01
-1.467093779228468797e+01
-1.465398519785140330e+01
-1.466236397376360756e+01
-1.465759254556195046e+01
-1.466356324993506099e+01
-1.468387284235597257e+01
-1.470510618985043827e+01
-1.468279433330384265e+01
-1.460256789166437841e+01
-1.461621048210471230e+01
-1.459789784244402888e+01
-1.463563272095914058e+01
-1.458432133081251258e+01
-1.460872615405459207e+01
-1.450897096493045169e+01
-1.450559384531456075e+01
-1.452947369963889201e+01
-1.453336810385251177e+01
-1.452126299330744352e+01
-1.460190150747302873e+01
-1.459765488126592636e+01
-1.455086735630122341e+01
-1.453981438134663229e+01
-1.457297805907868415e+01
-1.457798674080873091e+01
-1.456652855265389057e+01
-1.455420066174812099e+01
-1.456183436606741211e+01
-1.457381336534461980e+01
-1.466289333666382255e+01
-1.459654136722878448e+01
-1.464766428492873374e+01
-1.455447889157400887e+01
-1.468234430541141222e+01
-1.457973780376856610e+01
-1.456907347666667008e+01
-1.461666854791311110e+01
-1.466019613265011223e+01
-1.463580626699591924e+01
-1.463769537372429497e+01
-1.457311712828067485e+01
-1.460014217453838903e+01
-1.450973426570822511e+01
-1.453259933524760683e+01
-1.455743205052040423e+01
-1.456041812654482293e+01
-1.455927835169915596e+01
-1.458376519743079314e+01
-1.465069005251499590e+01
-1.467843431494915052e+01
-1.464270091798247186e+01
-1.467349842101051394e+01
-1.465070473101410542e+01
-1.460976641007716026e+01
-1.461496018223467708e+01
-1.469809702644759852e+01
-1.469924868412046237e+01
-1.472237303765828287e+01
-1.477053563418039417e+01
-1.473186909854566551e+01
-1.476668882078955747e+01
-1.474442630977277346e+01
-1.469427677666709720e+01
-1.475056728619576241e+01
-1.477219725287694274e+01
-1.482558643368613183e+01
-1.483450219654473656e+01
-1.479414203788063276e+01
-1.476707208500236668e+01
-1.485239144656425658e+01
-1.481961368688273772e+01
-1.469633261002331537e+01
-1.467362011673807665e+01
-1.464798950708243019e+01
-1.462179279231465934e+01
-1.464662698529764207e+01
-1.470456714673610499e+01
-1.456793031532528637e+01
-1.456000990271831697e+01
-1.455557286779055381e+01
-1.450202260567248658e+01
-1.447707500960096105e+01
-1.446360281035753026e+01
-1.450404403676075837e+01
-1.451558337924224773e+01
-1.448773046731147218e+01
-1.446789741975971211e+01
-1.447498480085418571e+01
-1.445063034876196717e+01
-1.447584727026353235e+01
-1.450423713219796973e+01
-1.455597666000105228e+01
-1.461418887632547126e+01
-1.455927663024877106e+01
-1.454823128361204354e+01
-1.447559316268773166e+01
-1.447548253607418900e+01
-1.443708146679831295e+01
-1.447571922283271739e+01
-1.444558152498369807e+01
-1.444254497432675954e+01
-1.446872849033068320e+01
-1.439132495437767290e+01
-1.441885855767681690e+01
-1.443712294868385904e+01
-1.441372973306665806e+01
-1.441067496849688823e+01
-1.433986008698488313e+01
-1.430738435480341408e+01
-1.425118211961101800e+01
-1.427262950794429308e+01
-1.419722508361552471e+01
-1.424195933950196391e+01
-1.424094480178780131e+01
-1.427623879125052753e+01
-1.423670207110769326e+01
-1.425538293580667037e+01
-1.428111999655415865e+01
-1.430374329289447921e+01
-1.418411446384375907e+01
-1.419670845130049308e+01
-1.418922775109107448e+01
-1.420440213137735341e+01
-1.420979083257093478e+01
-1.423294410260751874e+01
-1.424003725226189587e+01
-1.422945898635267703e+01
-1.421245048003905609e+01
-1.422053501508345974e+01
-1.421007987223805635e+01
-1.420234794923509547e+01
-1.412963869292123320e+01
-1.415110026392849285e+01
-1.414569977639207643e+01
-1.417381028427687006e+01
-1.413176188131076039e+01
-1.410683473834122559e+01
-1.408022283732860025e+01
-1.417226063655706803e+01
-1.419178294033165244e+01
-1.411181233596867912e+01
-1.408973221173066293e+01
-1.406206330967943785e+01
-1.405177888226092087e+01
-1.412275300082462159e+01
-1.411700584232130495e+01
-1.411814137939706626e+01
-1.415900516525186781e+01
-1.411161682429274755e+01
-1.414119116028917311e+01
-1.417382614911831595e+01
-1.409263435685720722e+01
-1.410207123230128268e+01
-1.413599749400420258e+01
-1.415802900968189348e+01
-1.420325482721885813e+01
-1.420903428114190170e+01
-1.419636901808540053e+01
-1.420983815283980078e+01
-1.424064467398509670e+01
-1.428870480647317009e+01
-1.429407178582319915e+01
-1.420454345848408373e+01
-1.413089875586874378e+01
-1.410800515688395507e+01
-1.409439796257042588e+01
-1.414673033352449316e+01
-1.417162430291722330e+01
-1.418894994436357848e+01
-1.414546904193925592e+01
-1.413447911121167166e+01
-1.412762745819805232e+01
-1.410918398570815313e+01
-1.410545279703731580e+01
-1.411962049204461067e+01
-1.412520821324654818e+01
-1.411416358449527841e+01
-1.411728889925021591e+01
-1.411504218695923463e+01
-1.411660079651730015e+01
-1.418864355224989282e+01
-1.415422466565948945e+01
-1.408138241377249322e+01
-1.406732530531377279e+01
-1.402578731176120108e+01
-1.407258992901710570e+01
-1.412848371646623846e+01
-1.413184910513430204e+01
-1.412631914414941647e+01
-1.411852055762197899e+01
-1.412896225270353234e+01
-1.413703909999374986e+01
-1.415521460889233829e+01
-1.411945403416707023e+01
-1.413037468395142149e+01
-1.412829104512651313e+01
-1.402952004719595713e+01
-1.402125942022282956e+01
-1.402333807183850567e+01
-1.406836339546766368e+01
-1.399390623783065024e+01
