# 2*np.log[MAD(r)] for 100 flights; 1000 steps per flight; run 43 of 50; mu: 2.50; seed: 42
-2.423434339006666960e+01
-2.286157301280895737e+01
-2.286389927747475070e+01
-2.198622106720041103e+01
-2.193526854703471685e+01
-2.152166660076339255e+01
-2.121217173622656915e+01
-2.127282828353151700e+01
-2.063858394555871811e+01
-2.077564981623520524e+01
-2.055564253380943640e+01
-2.023430208841982392e+01
-2.007980292439646419e+01
-1.992821930399833263e+01
-1.968261340726071751e+01
-1.977002576557164915e+01
-1.964898178217261915e+01
-1.966713164598968788e+01
-1.949119468468801486e+01
-1.945771800165391241e+01
-1.956902816604880613e+01
-1.961175977347126675e+01
-1.927814585042697360e+01
-1.941909535690564681e+01
-1.920906947919569063e+01
-1.914142191309545993e+01
-1.889269092118091464e+01
-1.897487728555362452e+01
-1.880722241170921905e+01
-1.878771475514206912e+01
-1.858181644127597920e+01
-1.860251161417910026e+01
-1.864427369449922267e+01
-1.866698891907093483e+01
-1.863421618843036143e+01
-1.836496708405680067e+01
-1.833042026027080240e+01
-1.828000820277942751e+01
-1.840559641327488194e+01
-1.801944257768429836e+01
-1.825379814712979254e+01
-1.821392398956927039e+01
-1.810931036555200890e+01
-1.819996869033961318e+01
-1.817666356569452546e+01
-1.814875824641185176e+01
-1.813482408938117629e+01
-1.809143444855866889e+01
-1.815076964501400880e+01
-1.804795260254757139e+01
-1.802796612012760491e+01
-1.788548429436681886e+01
-1.795578745594976766e+01
-1.788921706162195946e+01
-1.791304240848346652e+01
-1.794772048410964160e+01
-1.804502906167656207e+01
-1.805272069014472436e+01
-1.798634518399929050e+01
-1.813753445626891292e+01
-1.820808867880038306e+01
-1.787456490938095754e+01
-1.784647653981489057e+01
-1.783053435062767988e+01
-1.782529117885456671e+01
-1.788772059121925295e+01
-1.783913654705580143e+01
-1.793079065474196554e+01
-1.785159732801036725e+01
-1.796632174163847750e+01
-1.793829216245902813e+01
-1.800921687837501750e+01
-1.789581925169238374e+01
-1.777280750072616300e+01
-1.789093454387461080e+01
-1.784752836654782016e+01
-1.777446460586831378e+01
-1.772616550127156287e+01
-1.757524976077801426e+01
-1.763229574892110918e+01
-1.777054878215423983e+01
-1.758824858867916063e+01
-1.756704764724586454e+01
-1.765928641509077579e+01
-1.761436378320179230e+01
-1.755978981040815512e+01
-1.759079216377271138e+01
-1.751975319265023145e+01
-1.756761144639088457e+01
-1.749492018146470684e+01
-1.734568621960785251e+01
-1.740432425075621126e+01
-1.724318255758444707e+01
-1.725959102048384963e+01
-1.735738765363726088e+01
-1.733227655862164340e+01
-1.734888286962771886e+01
-1.726423898810678281e+01
-1.731922997766353944e+01
-1.736972530961632799e+01
-1.732043998687127129e+01
-1.714910623110510812e+01
-1.702342045799570869e+01
-1.714452729222302452e+01
-1.716464836596521693e+01
-1.709780186014019776e+01
-1.717523797973152710e+01
-1.717959628876387512e+01
-1.704079231572078967e+01
-1.702101680287848495e+01
-1.707690565880589872e+01
-1.687624905553731480e+01
-1.688776029522267663e+01
-1.700691969442742035e+01
-1.682774850934233868e+01
-1.683315443841508596e+01
-1.680035313910463657e+01
-1.682564794426115284e+01
-1.680193254507123157e+01
-1.680252166186343388e+01
-1.685929754621745502e+01
-1.689292560601102267e+01
-1.692274067985701080e+01
-1.700042991096602307e+01
-1.698568888586449432e+01
-1.673365941556003023e+01
-1.687524563680136325e+01
-1.686693601525890784e+01
-1.683015929349872408e+01
-1.687000371626693962e+01
-1.681531094360049394e+01
-1.674972461453642225e+01
-1.674664379319935037e+01
-1.666158159914286685e+01
-1.668666969217528617e+01
-1.664389944039906055e+01
-1.669387477569472011e+01
-1.664846293958348866e+01
-1.666886747235868071e+01
-1.666947284507726579e+01
-1.673954221754564387e+01
-1.669505214032620444e+01
-1.665544801591832069e+01
-1.651859892144930697e+01
-1.656436270392756782e+01
-1.668837669026545001e+01
-1.672113363539263275e+01
-1.674670191969160626e+01
-1.660346514406447227e+01
-1.661391662911502820e+01
-1.667712594620177669e+01
-1.666759808668095033e+01
-1.673517883737733314e+01
-1.669802090174084697e+01
-1.669410418044670763e+01
-1.667676513381389469e+01
-1.658491313655957455e+01
-1.656097354903523211e+01
-1.667089187659815863e+01
-1.671207569120041114e+01
-1.666926665141548725e+01
-1.673947606092332663e+01
-1.672034635875827391e+01
-1.672985317772236513e+01
-1.680456987997908413e+01
-1.680187186832657531e+01
-1.681916928338605999e+01
-1.648986968370516948e+01
-1.647163729276803323e+01
-1.652613586005611523e+01
-1.650688130134878051e+01
-1.648165338920628287e+01
-1.638012289090233153e+01
-1.669097716209481064e+01
-1.659983813951905063e+01
-1.644973973149272695e+01
-1.641648853539352260e+01
-1.636740156278981217e+01
-1.631192709539971020e+01
-1.617708679401519234e+01
-1.622625401206365581e+01
-1.630931982738989205e+01
-1.638767332728455628e+01
-1.638297914376272146e+01
-1.627140087356522713e+01
-1.630330867079730695e+01
-1.630850653189636290e+01
-1.644970620011676843e+01
-1.652314565873446739e+01
-1.643491736062584607e+01
-1.654814413834333209e+01
-1.678352879138986253e+01
-1.689685610753258160e+01
-1.676675654678540894e+01
-1.664917883379042607e+01
-1.657320026338549823e+01
-1.660139232436866763e+01
-1.644612444214006430e+01
-1.644692031564111545e+01
-1.645467151626468194e+01
-1.643075898671333945e+01
-1.643185721952465528e+01
-1.646007285058621150e+01
-1.646217980707753625e+01
-1.646064465828607482e+01
-1.645285558057306119e+01
-1.641123281128454892e+01
-1.638884233862203033e+01
-1.643570001680128456e+01
-1.646404297870211764e+01
-1.642957916091287274e+01
-1.648098058420674761e+01
-1.653140217004852985e+01
-1.648709031562177785e+01
-1.639537271687848374e+01
-1.630356343786156259e+01
-1.628114723488565119e+01
-1.633805465735706264e+01
-1.633825107116835440e+01
-1.637688012537605431e+01
-1.629809100806341959e+01
-1.613489383671136679e+01
-1.628263203771540191e+01
-1.622277670991346099e+01
-1.628936825582688996e+01
-1.616634869128596463e+01
-1.621686125626685282e+01
-1.628091171114125402e+01
-1.617166463508123186e+01
-1.610903254505345217e+01
-1.607424499898674242e+01
-1.608632422009074148e+01
-1.609009250812184177e+01
-1.617128346825961671e+01
-1.618654620967176427e+01
-1.619037990086031797e+01
-1.617770878452488503e+01
-1.613867314831605526e+01
-1.605373214825743844e+01
-1.609893230084101390e+01
-1.607209943672695118e+01
-1.611594243512643132e+01
-1.607643629477547975e+01
-1.606413057413961099e+01
-1.617057145491403958e+01
-1.631046237840271473e+01
-1.630301661220467579e+01
-1.620620295353395690e+01
-1.639254532646408435e+01
-1.635005012310240957e+01
-1.643094987066039891e+01
-1.631359889097948823e+01
-1.623924919204490536e+01
-1.623250028789913557e+01
-1.623187206007878558e+01
-1.615331102774958438e+01
-1.613756456388757599e+01
-1.614984738655748941e+01
-1.613493638348585435e+01
-1.592657595347757038e+01
-1.583967741665526319e+01
-1.587860483427217595e+01
-1.594056923084125188e+01
-1.611783182031549089e+01
-1.607509714603198958e+01
-1.601065017679729863e+01
-1.582475575681238666e+01
-1.582543269394212970e+01
-1.591806591853229946e+01
-1.593275515880345772e+01
-1.596658008070009949e+01
-1.599287202459731461e+01
-1.618821627537638719e+01
-1.613932096971590369e+01
-1.616443689306733589e+01
-1.623073103774430948e+01
-1.636057869660498554e+01
-1.641790275526841469e+01
-1.636091257374291530e+01
-1.629093468418627921e+01
-1.624752759137217595e+01
-1.623069274554528718e+01
-1.627791005502345101e+01
-1.633154950291173435e+01
-1.628391869052351382e+01
-1.620909113984466643e+01
-1.609572710657207395e+01
-1.603202296528516158e+01
-1.587118679390601450e+01
-1.583612934963866792e+01
-1.596494208757918898e+01
-1.596148416440138718e+01
-1.597189878718324074e+01
-1.589552291546384488e+01
-1.583899734617261323e+01
-1.586566107908929091e+01
-1.587502006508887753e+01
-1.589546312318601728e+01
-1.588794602685407575e+01
-1.600957837899005298e+01
-1.603299523361928536e+01
-1.591631245946994255e+01
-1.587674377593255137e+01
-1.578505498401268348e+01
-1.579115656403254775e+01
-1.577846386081206909e+01
-1.578296480939538604e+01
-1.571229905004553906e+01
-1.569133655240541003e+01
-1.561056897678444244e+01
-1.551644800547326319e+01
-1.561509650127858961e+01
-1.559865207829945000e+01
-1.551079288072617146e+01
-1.550909870043422067e+01
-1.543969221093347954e+01
-1.547426343242654667e+01
-1.537428959728468669e+01
-1.538875845827200983e+01
-1.537272718092754431e+01
-1.529775270669990661e+01
-1.530766327292007745e+01
-1.531071732196692636e+01
-1.531196494354196602e+01
-1.533784620519398523e+01
-1.529654663483479560e+01
-1.531691428219396478e+01
-1.536674604275373390e+01
-1.530433723815570346e+01
-1.537641804907094034e+01
-1.545006933366806123e+01
-1.545821010649959248e+01
-1.549294977306034582e+01
-1.554705454514853002e+01
-1.556234797835988104e+01
-1.564045124938051501e+01
-1.567906574718422341e+01
-1.568697824218385151e+01
-1.570710328479683149e+01
-1.570270873634057374e+01
-1.568722029101364157e+01
-1.570548259116752909e+01
-1.576535504610617444e+01
-1.578140887868027598e+01
-1.573670258613285355e+01
-1.577988492261151698e+01
-1.574750570714693332e+01
-1.570513201300982331e+01
-1.564548899944646898e+01
-1.570407112788661941e+01
-1.570090955279179745e+01
-1.570848003659437175e+01
-1.578401064102753359e+01
-1.573336200984931921e+01
-1.570316403072225775e+01
-1.578087854400541268e+01
-1.581942224432907373e+01
-1.577150513054406389e+01
-1.555204745085764806e+01
-1.556146298520327242e+01
-1.557970627963910104e+01
-1.557084322479369121e+01
-1.555606747731152772e+01
-1.555290651129310575e+01
-1.560285829078396524e+01
-1.560193138121217515e+01
-1.554216723222414487e+01
-1.563543517362500346e+01
-1.563905734422282734e+01
-1.566839802590539499e+01
-1.567125859803179466e+01
-1.553014704242674604e+01
-1.555187615199520224e+01
-1.554256446054932894e+01
-1.544449716063832234e+01
-1.540342258228128713e+01
-1.531700394089267192e+01
-1.535653941075876183e+01
-1.543362269847504642e+01
-1.543169986903806823e+01
-1.531913715228263406e+01
-1.532363695015783200e+01
-1.529045589871068778e+01
-1.521947882366546878e+01
-1.515018842832513357e+01
-1.509441356590658145e+01
-1.512698765875696161e+01
-1.519322972427821306e+01
-1.509585236540402242e+01
-1.510090157086318996e+01
-1.510771991017126226e+01
-1.502116257331984883e+01
-1.500091451527301167e+01
-1.506146387341697768e+01
-1.500260627329466878e+01
-1.499929221560660864e+01
-1.500223211335871554e+01
-1.493905204956122645e+01
-1.489544594361721330e+01
-1.487183354818999348e+01
-1.487601538895651920e+01
-1.490179453028765089e+01
-1.501008244233593913e+01
-1.495274679343760660e+01
-1.502073034138559748e+01
-1.505268150468810084e+01
-1.500020560492466437e+01
-1.503182008384833956e+01
-1.503429152779060551e+01
-1.500244838525685687e+01
-1.493944891029576461e+01
-1.490583523153675038e+01
-1.490477203792874761e+01
-1.487652299122630239e+01
-1.494563744783079073e+01
-1.494916857770575369e+01
-1.488250818158009281e+01
-1.492155642491421119e+01
-1.493841829988415348e+01
-1.503053663965403253e+01
-1.501600959608587793e+01
-1.499847628805166444e+01
-1.499559222101819245e+01
-1.498699304588732772e+01
-1.497717594045540146e+01
-1.494267435693738122e+01
-1.492974083577953337e+01
-1.491899310020575697e+01
-1.494852685599785325e+01
-1.491514128951514451e+01
-1.490515727942941204e+01
-1.490309179115559246e+01
-1.489399739846790638e+01
-1.490423706383327840e+01
-1.497523160592366231e+01
-1.492281904282213567e+01
-1.491025171427912710e+01
-1.487404002919111257e+01
-1.486939643776520192e+01
-1.487003342049571053e+01
-1.481134500359577544e+01
-1.486509195200446953e+01
-1.491701797695422904e+01
-1.486304976383630461e+01
-1.492367459725335088e+01
-1.494910248871584102e+01
-1.491143036570904812e+01
-1.494235626105951908e+01
-1.497439281424392732e+01
-1.496532742106244740e+01
-1.500829729667698942e+01
-1.500070430148429601e+01
-1.495812483786413338e+01
-1.495012001296991500e+01
-1.504195306796833975e+01
-1.499050209145561574e+01
-1.497010549524199341e+01
-1.494896047328643540e+01
-1.496756420199432647e+01
-1.487782243905292745e+01
-1.503407504783921311e+01
-1.497532570333715540e+01
-1.488087905403733480e+01
-1.488732985102946316e+01
-1.490208157461480099e+01
-1.491056153036614518e+01
-1.494449872706012705e+01
-1.487721792937794518e+01
-1.484550252643949619e+01
-1.477222118820671604e+01
-1.475157765249015007e+01
-1.478044337019781551e+01
-1.473948896926897412e+01
-1.477363288284038667e+01
-1.474838493074494394e+01
-1.482229183566607844e+01
-1.480841413246563576e+01
-1.477564296130315391e+01
-1.480725171448675326e+01
-1.478904726030927286e+01
-1.479372351212701098e+01
-1.478463514270472245e+01
-1.471140833072252896e+01
-1.472636247827872147e+01
-1.471338166640602907e+01
-1.465845673560869677e+01
-1.453621104811587372e+01
-1.459924620589328903e+01
-1.469782225904946138e+01
-1.467280720572869690e+01
-1.468342578443859558e+01
-1.467321372579445260e+01
-1.460869905115862899e+01
-1.472145284324565040e+01
-1.470751733130035532e+01
-1.471351683383830888e+01
-1.460208343509887818e+01
-1.468418075374884246e+01
-1.460782685067926501e+01
-1.460803391292421161e+01
-1.460830308478700168e+01
-1.461703492791757597e+01
-1.467674127007190954e+01
-1.467434308860075909e+01
-1.469617272704022248e+01
-1.471054527398575118e+01
-1.470007200998034058e+01
-1.475632095094867502e+01
-1.473121776266442495e+01
-1.468400818915920247e+01
-1.466728931652896328e+01
-1.468292213933530732e+01
-1.462701387760143135e+01
-1.468232012518919660e+01
-1.467704320701959730e+01
-1.465795825522989659e+01
-1.458969153809526986e+01
-1.458967462528932124e+01
-1.457824354742960971e+01
-1.461540494858109973e+01
-1.470303574942478342e+01
-1.463911300178059349e+01
-1.465036656348250155e+01
-1.458735088190317164e+01
-1.460951263099994257e+01
-1.459191333252450207e+01
-1.455740601400587408e+01
-1.455969670856303289e+01
-1.458209723789466494e+01
-1.464514813041991381e+01
-1.466903294886024689e+01
-1.463721019887217523e+01
-1.466160470554094886e+01
-1.458991437560892912e+01
-1.454989391019141820e+01
-1.453970067937463106e+01
-1.457138539355509010e+01
-1.451266172444241676e+01
-1.454002182503851692e+01
-1.452442118198692356e+01
-1.452655575274351740e+01
-1.453720670235439982e+01
-1.452803871819786963e+01
-1.449746373348156503e+01
-1.455064712215409983e+01
-1.451554264039391207e+01
-1.459507576447760613e+01
-1.452102379080314698e+01
-1.456253515875514459e+01
-1.463915448899133942e+01
-1.463973382427069758e+01
-1.465484615818976089e+01
-1.461332545657707804e+01
-1.453371491389795978e+01
-1.459039453498805905e+01
-1.463396585600447786e+01
-1.464466083001978092e+01
-1.457123995937271133e+01
-1.458837915162267507e+01
-1.461118345802388241e+01
-1.458974003273638154e+01
-1.459222689293662256e+01
-1.462493930562358280e+01
-1.462736864244711299e+01
-1.477001078715127491e+01
-1.479569906853821770e+01
-1.477367394122597410e+01
-1.467258953033231705e+01
-1.474168119759696616e+01
-1.471586248616625525e+01
-1.471652451676633611e+01
-1.470407033145279563e+01
-1.470068760435030519e+01
-1.468680892424110773e+01
-1.473809164444343445e+01
-1.471668534092452241e+01
-1.475379057247470627e+01
-1.471874252488360746e+01
-1.478188890970611702e+01
-1.476251484430395600e+01
-1.469377674878295181e+01
-1.463246819464250237e+01
-1.458794356154344030e+01
-1.453224898990271186e+01
-1.456290771799858241e+01
-1.454684229785698868e+01
-1.440424707737577492e+01
-1.438853203916209900e+01
-1.443563936357365840e+01
-1.440177009041144274e+01
-1.438695250568556716e+01
-1.444856222334601092e+01
-1.462206865137374656e+01
-1.459801761161362954e+01
-1.461468875437815562e+01
-1.459625734410874287e+01
-1.453755932484701319e+01
-1.459596360117846103e+01
-1.465381789407457092e+01
-1.463115139957192135e+01
-1.468430186966193141e+01
-1.467803345174058904e+01
-1.467821004950278940e+01
-1.466153337886086128e+01
-1.467971965559312153e+01
-1.467514555397102782e+01
-1.469091995421559282e+01
-1.472327000809765885e+01
-1.472135239374243554e+01
-1.476141062845192842e+01
-1.462398619818362455e+01
-1.465552655289054407e+01
-1.466924432223368768e+01
-1.464963400432437979e+01
-1.463627465429395791e+01
-1.464407361459434043e+01
-1.470717135773010042e+01
-1.468449629617973429e+01
-1.481103537946155768e+01
-1.476762501487711710e+01
-1.474679485223050435e+01
-1.472485420135459577e+01
-1.453501760083225669e+01
-1.450983047469077647e+01
-1.447718153846337508e+01
-1.450897670826019237e+01
-1.449102131539799387e+01
-1.449046420164334670e+01
-1.451224503853364567e+01
-1.455711071253252342e+01
-1.450579733469974464e+01
-1.451964236503954631e+01
-1.453789782640292927e+01
-1.456471730718376811e+01
-1.450634117140144319e+01
-1.448179289294118632e+01
-1.451726150451292696e+01
-1.447567198493763385e+01
-1.445668239535464039e+01
-1.447825964244109009e+01
-1.443494038097436238e+01
-1.446875194090240591e+01
-1.446277648551621553e+01
-1.442815151721542044e+01
-1.447328008801424382e+01
-1.440776971010119389e+01
-1.439101603346672853e+01
-1.438240994165947129e+01
-1.439305589753394266e+01
-1.442450717127086790e+01
-1.443134912411914783e+01
-1.442653260075675448e+01
-1.439932643655632383e+01
-1.439667973182538141e+01
-1.445146866779674255e+01
-1.441471894339838933e+01
-1.446486119195828834e+01
-1.446560911548459494e+01
-1.445051400640566719e+01
-1.435055975967282471e+01
-1.434614992461585992e+01
-1.435598997712752123e+01
-1.433541905407291317e+01
-1.435516783921343986e+01
-1.432613421488130001e+01
-1.434102981338354255e+01
-1.434994735910121122e+01
-1.438518033024123888e+01
-1.437632030829084862e+01
-1.437021244283311994e+01
-1.442673853770880221e+01
-1.447269620290713021e+01
-1.445511878918058990e+01
-1.445990244711291517e+01
-1.448106977943374574e+01
-1.450670747753575185e+01
-1.449488236727736812e+01
-1.448007135498936293e+01
-1.445763590175376834e+01
-1.443765063754477218e+01
-1.450290759051526379e+01
-1.445790651695128659e+01
-1.450479336015479603e+01
-1.453442221845081583e+01
-1.452437290800139813e+01
-1.450173993470042966e+01
-1.451922217525031122e+01
-1.453358516700586378e+01
-1.451853605270977887e+01
-1.451544216647237562e+01
-1.450202580823342480e+01
-1.451508932414058606e+01
-1.453306286217112131e+01
-1.452990217330930633e+01
-1.447921253386646612e+01
-1.443426520454577044e+01
-1.439678110171934122e+01
-1.434989849407562978e+01
-1.442504787414554990e+01
-1.446848483012874986e+01
-1.446183438677958222e+01
-1.448229238027384902e+01
-1.444552649808965761e+01
-1.451153688410574816e+01
-1.451998839875731484e+01
-1.454261703783809345e+01
-1.453742935232387268e+01
-1.455693679906875815e+01
-1.449581164922292764e+01
-1.450721050186917971e+01
-1.454886562611953771e+01
-1.454207904411573793e+01
-1.456397631053042652e+01
-1.459118019867776361e+01
-1.460573904703506187e+01
-1.460250376176596809e+01
-1.456765621004015188e+01
-1.449399096642068940e+01
-1.454346576255050572e+01
-1.455553843513785495e+01
-1.457518252754744914e+01
-1.450942103551970597e+01
-1.450325694032600765e+01
-1.453519412326417992e+01
-1.450294021484981677e+01
-1.444878848166253782e+01
-1.450227818123381951e+01
-1.463144491110517897e+01
-1.462604499044071815e+01
-1.460949293388322801e+01
-1.462003492281829509e+01
-1.457325252101527902e+01
-1.456561933375374451e+01
-1.461849846738457792e+01
-1.461652421836847360e+01
-1.461422163992474310e+01
-1.460099971168460620e+01
-1.456495230236161476e+01
-1.460504420335451314e+01
-1.452218059968673458e+01
-1.453060322787844605e+01
-1.453591261148745950e+01
-1.453523331716743172e+01
-1.450813902790709697e+01
-1.451342635854419250e+01
-1.450701804308693710e+01
-1.446180622570856755e+01
-1.448428768778690312e+01
-1.447797100259454162e+01
-1.428148472644369349e+01
-1.431208060021668338e+01
-1.433337740852817532e+01
-1.430955844869607141e+01
-1.430173600910498699e+01
-1.429101973931255465e+01
-1.425774236645319348e+01
-1.426125502774588227e+01
-1.428234610051188902e+01
-1.426840514149087014e+01
-1.426392352035299105e+01
-1.425426854094972562e+01
-1.426239541342961203e+01
-1.424939336924385813e+01
-1.427437879447428770e+01
-1.421701726185466441e+01
-1.418748828895412473e+01
-1.420793693167862237e+01
-1.418716922244829703e+01
-1.417954786322818705e+01
-1.418526666880340059e+01
-1.418390806824956130e+01
-1.413586010758336542e+01
-1.412236520403069839e+01
-1.417536485012206526e+01
-1.421657379237549357e+01
-1.415156758257037950e+01
-1.415020290013231197e+01
-1.415256883914007702e+01
-1.415257122561564707e+01
-1.420831072251995586e+01
-1.425196698446088917e+01
-1.424116342996183526e+01
-1.423272808302856518e+01
-1.418726511025250048e+01
-1.414185719762151372e+01
-1.418633065692445072e+01
-1.418461546801325746e+01
-1.419862628714744623e+01
-1.418181547220753913e+01
-1.418397022765178583e+01
-1.418546305956661513e+01
-1.420715929377474041e+01
-1.417570550655552175e+01
-1.417312415056607300e+01
-1.419038981501521768e+01
-1.419803351615669129e+01
-1.413602211696641220e+01
-1.414316053436874299e+01
-1.412879105559330384e+01
-1.412459570050676483e+01
-1.409401855624674837e+01
-1.409641606304996486e+01
-1.407273352302528302e+01
-1.404507049940434094e+01
-1.405926054710589668e+01
-1.403209675318518634e+01
-1.402150293404395676e+01
-1.406129512221485456e+01
-1.406519176294608187e+01
-1.406976512731980300e+01
-1.409702427590626250e+01
-1.410750048487138741e+01
-1.412713360639361504e+01
-1.412089209876327089e+01
-1.410146472763057801e+01
-1.408643722175128232e+01
-1.405346808713345297e+01
-1.405877616516939987e+01
-1.411806239014024378e+01
-1.412348480712986465e+01
-1.412619992676258107e+01
-1.409416354015662876e+01
-1.414025259674197343e+01
-1.414735639717993543e+01
-1.416862945313106970e+01
-1.416157638601892543e+01
-1.413927258540192078e+01
-1.411564066889940072e+01
-1.412067881730176211e+01
-1.409166457648157156e+01
-1.410120043003223245e+01
-1.412715824958373823e+01
-1.408243322740039538e+01
-1.407871734721296875e+01
-1.409337410398287638e+01
-1.409301904819761120e+01
-1.407773827303481262e+01
-1.409354510454204146e+01
-1.407362583811521617e+01
-1.408216868957545920e+01
-1.406568003460119165e+01
-1.407701107170463573e+01
-1.410272535671749949e+01
-1.406904998976679089e+01
-1.405922585979565653e+01
-1.410423472230915287e+01
-1.412855044563589857e+01
-1.401423746955338423e+01
-1.401815991463415756e+01
-1.404148471897246253e+01
-1.402693463203616808e+01
-1.402084381897071452e+01
-1.399922640889293390e+01
-1.398483722463301682e+01
-1.401650019182166673e+01
-1.401689042737356772e+01
-1.400111183981134211e+01
-1.397017548027275780e+01
-1.396694666111350180e+01
-1.401548142203790981e+01
-1.403049696447666506e+01
-1.404664779312840039e+01
-1.397394833821940452e+01
-1.398599499927679979e+01
-1.398828319912724183e+01
-1.409385454292027262e+01
-1.405537032275085352e+01
-1.403419636903343815e+01
-1.407185052508554612e+01
-1.402895474995248826e+01
-1.405452146352384446e+01
-1.399055799109561526e+01
-1.399324095683514457e+01
-1.396060120818668615e+01
-1.396580422663279464e+01
-1.401641437110402855e+01
-1.398632504191813553e+01
-1.398794705221444801e+01
-1.395213379245622143e+01
-1.402957709760221050e+01
-1.400811262056901896e+01
-1.401174703460361215e+01
-1.407139080044866830e+01
-1.407358050769611957e+01
-1.405578860057628354e+01
-1.407404099747916781e+01
-1.410618152915633239e+01
-1.408316486171216120e+01
-1.409739732205775731e+01
-1.409332822037300126e+01
-1.406118195297875850e+01
-1.415987238775481671e+01
-1.420274841490852147e+01
-1.421176443160091551e+01
-1.416695667131019931e+01
-1.414863662382971121e+01
-1.413633459646658430e+01
-1.413625921344185699e+01
-1.410699699339374291e+01
-1.411226249773324248e+01
-1.416571030597092573e+01
-1.416465869278079204e+01
-1.419197410110869662e+01
-1.421981892032524186e+01
-1.413463335074183291e+01
-1.409311611732029412e+01
-1.411267408944060087e+01
-1.409386918298379321e+01
-1.412907343465128385e+01
-1.417786213162689357e+01
-1.408815873041339017e+01
-1.410259612490112957e+01
-1.412101619229188465e+01
-1.418386396833912855e+01
-1.419051762288173535e+01
-1.424755029140085405e+01
-1.421162593445311551e+01
-1.424770690490131742e+01
-1.429393213891832914e+01
-1.426634902802139671e+01
-1.421341649795153650e+01
-1.428855543237753878e+01
-1.424372281712120980e+01
-1.425693166049432925e+01
-1.422463230834829417e+01
-1.423788903942553397e+01
-1.423273743572896599e+01
-1.423711969971337510e+01
-1.423690037570035116e+01
-1.426886426904783356e+01
-1.429287095459806167e+01
-1.424724430514955387e+01
-1.424328242956236323e+01
-1.423748950304130112e+01
-1.419089196846590362e+01
-1.417151179665228433e+01
-1.416357599181248439e+01
-1.416713355710522926e+01
-1.418412891388895680e+01
-1.418658761120772915e+01
-1.418000807196153978e+01
-1.430007023176714931e+01
-1.422283255184515838e+01
-1.425620557876131578e+01
-1.424158898057675948e+01
-1.423565762214184005e+01
-1.425314473730667331e+01
-1.426880798973953013e+01
-1.428718420726244887e+01
-1.424786577309255975e+01
-1.422802386171021816e+01
-1.421315176248410062e+01
-1.418255635335519926e+01
-1.418312086411156159e+01
-1.410988876298189076e+01
-1.409178850957856177e+01
-1.408308022220820810e+01
-1.406907994483374047e+01
-1.409745809610630296e+01
-1.408177960539133977e+01
-1.405457666504124425e+01
-1.403128329034503352e+01
-1.406313134772301687e+01
-1.402590122625003488e+01
-1.400340684513368394e+01
-1.396945483565268376e+01
-1.393545420652157674e+01
-1.393178556304030558e+01
-1.391625271315382228e+01
-1.393810421488789508e+01
-1.398551724766844195e+01
-1.401478978882937376e+01
-1.400858333185454541e+01
-1.401714533636680926e+01
-1.403910506681610215e+01
-1.398004180923059181e+01
-1.402875506447966636e+01
-1.403961661351485546e+01
-1.404826672941596222e+01
-1.402742507738321365e+01
-1.402543484541335594e+01
-1.410315760321631018e+01
-1.414295259648302228e+01
-1.413205830659936879e+01
-1.418259427682293250e+01
-1.422573407961071723e+01
-1.421110956223029476e+01
-1.422552342635357903e+01
-1.420568853183375957e+01
-1.420838368546242592e+01
-1.415656431754268318e+01
-1.415363515973007047e+01
-1.414951578390632037e+01
-1.409505462101935258e+01
-1.406778860579505874e+01
-1.410137649679267824e+01
-1.408103486700898443e+01
-1.407507181358516490e+01
-1.407907086243953643e+01
-1.401070530471786846e+01
