# 2*np.log[MAD(r)] for 100 flights; 1000 steps per flight; run 17 of 50; mu: 2.50; seed: 16
-2.469898493496094005e+01
-2.263733375095631928e+01
-2.222858413123503851e+01
-2.156066959798847549e+01
-2.131876843765748930e+01
-2.062656977340467890e+01
-2.025600073504522314e+01
-2.039770688947150745e+01
-2.026007758293322070e+01
-2.026833560792142919e+01
-2.006103918995777846e+01
-2.009923802281069527e+01
-2.004613100892466804e+01
-1.996295718463530733e+01
-1.985769879295126472e+01
-1.981591301414105288e+01
-1.977597438669187113e+01
-1.976902186494901059e+01
-1.943986713400613908e+01
-1.950158950253007717e+01
-1.927647456935110881e+01
-1.925609511757511427e+01
-1.928028654448964474e+01
-1.937182116547546684e+01
-1.916520139820539370e+01
-1.922732871745681393e+01
-1.873101747280785290e+01
-1.885896575785980644e+01
-1.869999146888434893e+01
-1.872555372622307246e+01
-1.884942199262572160e+01
-1.869059645494870026e+01
-1.854961048032521376e+01
-1.851134289862962845e+01
-1.846127830099013067e+01
-1.854901956562648380e+01
-1.846264255560749490e+01
-1.833856540077913522e+01
-1.796983179924124485e+01
-1.793512924880097614e+01
-1.821505375593100950e+01
-1.801067485127428114e+01
-1.825541273196995817e+01
-1.819099147848132958e+01
-1.809475742793942388e+01
-1.809357053522768766e+01
-1.816435265293170076e+01
-1.816420429484787391e+01
-1.807353982264232428e+01
-1.809620155227747773e+01
-1.799552320705202746e+01
-1.802226484150080665e+01
-1.790890499129108093e+01
-1.797694141916239374e+01
-1.792142016631293444e+01
-1.783059503991825778e+01
-1.782520999346235513e+01
-1.780635693940637765e+01
-1.774067895262381356e+01
-1.755607112081810683e+01
-1.755725319220750436e+01
-1.755837364305194015e+01
-1.749043372815217978e+01
-1.737671584878335196e+01
-1.730653856046539474e+01
-1.737087255857134238e+01
-1.749033313420929403e+01
-1.741223029959091306e+01
-1.746502976170311427e+01
-1.760750875672820115e+01
-1.755617486440302599e+01
-1.781442344426260860e+01
-1.782282348127882088e+01
-1.771936796474346210e+01
-1.774599197567183140e+01
-1.760754823179384587e+01
-1.748785203649295283e+01
-1.749341385516887826e+01
-1.762460063998151227e+01
-1.748368474708190234e+01
-1.732232898056394532e+01
-1.728559514583310275e+01
-1.735623849023620835e+01
-1.739080807097940351e+01
-1.744966839870962261e+01
-1.739997101795466961e+01
-1.733740833182352148e+01
-1.750380903921757891e+01
-1.740537453189924832e+01
-1.746574667298313344e+01
-1.742715977500982660e+01
-1.736380939228216391e+01
-1.726571720390560571e+01
-1.717217942743265269e+01
-1.725344357603458789e+01
-1.718094224400165260e+01
-1.744844430590365292e+01
-1.714937788954802400e+01
-1.710638370700413802e+01
-1.695879551122941464e+01
-1.692722288418041288e+01
-1.688006724938642478e+01
-1.677791000310747904e+01
-1.676093566304292537e+01
-1.679724025758716266e+01
-1.682046423051666650e+01
-1.687738561647139690e+01
-1.687227730236491396e+01
-1.688231934025778713e+01
-1.695339651894411759e+01
-1.689222687152059876e+01
-1.687720714980900638e+01
-1.684597284618831736e+01
-1.692570123437027618e+01
-1.699345509545313959e+01
-1.690622653970967448e+01
-1.699792259601020916e+01
-1.687621947115686183e+01
-1.689563995206215807e+01
-1.683876889242305452e+01
-1.672645150340062514e+01
-1.673117260355708069e+01
-1.682279175824328732e+01
-1.664144895183685691e+01
-1.669913121069064132e+01
-1.674332562558483062e+01
-1.661605949589622711e+01
-1.669393767405403750e+01
-1.677740012264401415e+01
-1.674306933580725953e+01
-1.678229333957676772e+01
-1.678489710989528660e+01
-1.680569567712681689e+01
-1.685144739926949953e+01
-1.690449934940038546e+01
-1.703762455444858048e+01
-1.700746443644587558e+01
-1.695840511420094643e+01
-1.707529745385733833e+01
-1.694834315396355962e+01
-1.692945744259803220e+01
-1.686070069712008035e+01
-1.684035836786182827e+01
-1.667656097821549110e+01
-1.668722566906865978e+01
-1.656662806278058042e+01
-1.673638894365064900e+01
-1.656453777080244549e+01
-1.677050105991472151e+01
-1.657296371543420932e+01
-1.670741396828772451e+01
-1.666714893971932554e+01
-1.663767580386339517e+01
-1.660573663020135982e+01
-1.662659327660331599e+01
-1.652011411033629074e+01
-1.659826264276862418e+01
-1.669398863660854460e+01
-1.658841749326743198e+01
-1.658473499439360310e+01
-1.654321076670650470e+01
-1.648506512492664555e+01
-1.651678710307966469e+01
-1.640917551308448097e+01
-1.637474983041970589e+01
-1.631218417499669471e+01
-1.629824123884140263e+01
-1.637393033364677919e+01
-1.637023368546303814e+01
-1.635675328805071516e+01
-1.623710085630896316e+01
-1.634102026077568581e+01
-1.625684898514220222e+01
-1.644888818271048692e+01
-1.631583349608311195e+01
-1.622347672594971257e+01
-1.630917990407155216e+01
-1.621883738178476264e+01
-1.623538971541994513e+01
-1.626467264418629100e+01
-1.620654282372198907e+01
-1.628400349734466701e+01
-1.637536160194278168e+01
-1.629993638565141367e+01
-1.635147906697320153e+01
-1.634315095905703430e+01
-1.637706639912645912e+01
-1.638253957231193070e+01
-1.628886541395480947e+01
-1.625202244873286261e+01
-1.626403861902821291e+01
-1.619033645119940701e+01
-1.623774799304675653e+01
-1.621329659248325683e+01
-1.624152436748951445e+01
-1.636381206401581068e+01
-1.639006319472482431e+01
-1.628406609624953916e+01
-1.635628097035142403e+01
-1.633198015647288415e+01
-1.635145296611874244e+01
-1.631742526506925373e+01
-1.618830113463997478e+01
-1.617199238279852480e+01
-1.627447240269917828e+01
-1.623493436958291269e+01
-1.631963165827798790e+01
-1.620764865103768315e+01
-1.604300661980860454e+01
-1.615871793026186864e+01
-1.612526501684199687e+01
-1.626076946320222660e+01
-1.637255187955136293e+01
-1.627645436950669833e+01
-1.611297555756269517e+01
-1.607714306537376814e+01
-1.597873385583880257e+01
-1.598033520566595023e+01
-1.603508680776543827e+01
-1.606500205938043635e+01
-1.596853149789739135e+01
-1.601821461198018781e+01
-1.597443113218546706e+01
-1.592401721042087992e+01
-1.591720804171219505e+01
-1.590056542448902910e+01
-1.586351094712726173e+01
-1.584324432580505082e+01
-1.582113943252912769e+01
-1.581818435876300910e+01
-1.583938746585999446e+01
-1.583870939867776251e+01
-1.583233137044375383e+01
-1.576736993508676754e+01
-1.566837603083697772e+01
-1.563172145106417510e+01
-1.560927841798893922e+01
-1.557546981484080106e+01
-1.559063192502745032e+01
-1.566705226886860025e+01
-1.569935009155273065e+01
-1.571921193635052738e+01
-1.574092988169710061e+01
-1.566509043522371769e+01
-1.564502955070606305e+01
-1.560985314172343763e+01
-1.561222199258426713e+01
-1.557119612489283256e+01
-1.566320399443063671e+01
-1.571104413855097270e+01
-1.564774149028567507e+01
-1.557416100820918992e+01
-1.547668383437649808e+01
-1.547642007541249853e+01
-1.544532859004154624e+01
-1.551705862470628006e+01
-1.541456881526732836e+01
-1.538701630243600427e+01
-1.537115322935724926e+01
-1.545571674673596618e+01
-1.561483501219423076e+01
-1.558782201158461156e+01
-1.573724618428902566e+01
-1.563995919641290477e+01
-1.558337655249818532e+01
-1.555568975162811540e+01
-1.549950980372329745e+01
-1.548005049492094365e+01
-1.538546957812037874e+01
-1.545802813388841024e+01
-1.544306469232476609e+01
-1.546046165107627957e+01
-1.540050870504923353e+01
-1.537296207500668288e+01
-1.528490142888356473e+01
-1.532711178465535795e+01
-1.541378348519246444e+01
-1.548187500441246023e+01
-1.549329754781324020e+01
-1.560619944502827927e+01
-1.565541978590202987e+01
-1.556663457700461173e+01
-1.554928817481984105e+01
-1.558480581145112076e+01
-1.558382066150899981e+01
-1.557288554632334865e+01
-1.561936889432133846e+01
-1.566067350904824806e+01
-1.576074587714537500e+01
-1.574941405189771260e+01
-1.576461548541820257e+01
-1.573724769969094517e+01
-1.577964723806402958e+01
-1.577985609704538206e+01
-1.570324758064975867e+01
-1.568645908033588299e+01
-1.571595631235117452e+01
-1.567332874768912632e+01
-1.570663100255538858e+01
-1.572729207367222415e+01
-1.575675760278139670e+01
-1.569200275932592170e+01
-1.575294394868927483e+01
-1.576484663583023860e+01
-1.581625524099115410e+01
-1.595541432368646895e+01
-1.586581372445136040e+01
-1.574897940125697282e+01
-1.572719977478392295e+01
-1.575219483001487575e+01
-1.578005602593758638e+01
-1.576956547114753526e+01
-1.571826672160038285e+01
-1.565958418044768585e+01
-1.569096111342519428e+01
-1.576213606526032507e+01
-1.577473708758662063e+01
-1.570207985730618816e+01
-1.573859917790991148e+01
-1.568920559535368575e+01
-1.582541605733691803e+01
-1.579295174182971984e+01
-1.581485426849718223e+01
-1.568701213595792510e+01
-1.567998783177320909e+01
-1.572000088561061659e+01
-1.562094300010994985e+01
-1.542214835995823918e+01
-1.545881197199462243e+01
-1.553724592736331367e+01
-1.550051813736856410e+01
-1.548615152863974842e+01
-1.551822028387174690e+01
-1.546431777964393106e+01
-1.540161941446744898e+01
-1.541783292521840032e+01
-1.538402953382352933e+01
-1.534982881349580097e+01
-1.542313611442719967e+01
-1.534755586744670808e+01
-1.531596896072308489e+01
-1.541427701515659443e+01
-1.541575376367898365e+01
-1.543056958159587211e+01
-1.551712985685227331e+01
-1.544301274074646635e+01
-1.537333483603252482e+01
-1.549108955426136802e+01
-1.547428791345357091e+01
-1.539734822612290444e+01
-1.534309694787353884e+01
-1.535301347933470772e+01
-1.547255010090284877e+01
-1.546447890192244579e+01
-1.543752359975456123e+01
-1.545492564153898130e+01
-1.543612906678636953e+01
-1.550579323911870233e+01
-1.549872014363801931e+01
-1.538099252496855129e+01
-1.535383417702139752e+01
-1.538004052680121347e+01
-1.545136786621088021e+01
-1.545364010305033098e+01
-1.542787141226535574e+01
-1.542705365236392900e+01
-1.538762586732172721e+01
-1.544273778801919406e+01
-1.546432027326291347e+01
-1.552066597396037473e+01
-1.550825258115852812e+01
-1.539828101523482040e+01
-1.534365878616354273e+01
-1.535523393797896752e+01
-1.532462440046498386e+01
-1.527737031418191371e+01
-1.517603945211209648e+01
-1.515085053660206782e+01
-1.513222640440282696e+01
-1.511910313844762044e+01
-1.516806517302582691e+01
-1.507896446541279012e+01
-1.503516986055782745e+01
-1.498624495222078146e+01
-1.499822178395886674e+01
-1.498037181298849063e+01
-1.494835244297216370e+01
-1.526974064881008886e+01
-1.517856698108392344e+01
-1.513731249868898487e+01
-1.518492775184833832e+01
-1.522550441937666577e+01
-1.525692165225359886e+01
-1.517004024749999402e+01
-1.508581994459712305e+01
-1.505100079925185774e+01
-1.502561274695822924e+01
-1.500932326868252531e+01
-1.505576719819546305e+01
-1.512180267024793245e+01
-1.521446578037336828e+01
-1.526037541190403424e+01
-1.517848283977478374e+01
-1.523110646388137113e+01
-1.527124611877219706e+01
-1.522622304587052255e+01
-1.514965008920795952e+01
-1.516894022652702567e+01
-1.519009770042359442e+01
-1.522477226322858890e+01
-1.516033187820550587e+01
-1.513193996116605966e+01
-1.509984664709447344e+01
-1.518347017697570855e+01
-1.514667083277915971e+01
-1.513660815637109103e+01
-1.516674487836033869e+01
-1.511956595671635029e+01
-1.503630715383713756e+01
-1.507272054279059681e+01
-1.505722510746903886e+01
-1.507916446508786734e+01
-1.512711232358446978e+01
-1.511118676650476900e+01
-1.499591423358846320e+01
-1.493259329860609519e+01
-1.497566218448334396e+01
-1.496355707970623428e+01
-1.493949335526103184e+01
-1.493834163776413071e+01
-1.496512272101693775e+01
-1.497976722195738297e+01
-1.494599524625507669e+01
-1.491720747887293008e+01
-1.489945897152934329e+01
-1.490617554257585731e+01
-1.495968320135849083e+01
-1.493580727145855924e+01
-1.495351278780814752e+01
-1.500089581725902654e+01
-1.492199061183440278e+01
-1.495576066134819015e+01
-1.491030648346988308e+01
-1.482572277537194338e+01
-1.464141721978774946e+01
-1.464090182686332753e+01
-1.463231038517714211e+01
-1.470551797673773464e+01
-1.470046188698112744e+01
-1.467738210511393859e+01
-1.477408677620420541e+01
-1.480258588950887422e+01
-1.479124139283231365e+01
-1.480970659864279249e+01
-1.477402751679429294e+01
-1.474065627635278553e+01
-1.466591678207553251e+01
-1.464486151263748681e+01
-1.448295573938969483e+01
-1.447780644713200893e+01
-1.447978819614957935e+01
-1.455323384942564147e+01
-1.456401301567316509e+01
-1.451592828847176087e+01
-1.449912914350349880e+01
-1.448867751660058723e+01
-1.448588975344656760e+01
-1.451401989076712518e+01
-1.456057997153052952e+01
-1.453879454133779703e+01
-1.465355429979488555e+01
-1.471120596394214530e+01
-1.465530791678135358e+01
-1.459825403703240987e+01
-1.459527548392314777e+01
-1.453611605410805829e+01
-1.463061966233513544e+01
-1.468747836198038748e+01
-1.473612321207296105e+01
-1.477183179352343245e+01
-1.468226836610428698e+01
-1.462620365905511832e+01
-1.468064740723427519e+01
-1.472014531556640726e+01
-1.465905215114116267e+01
-1.465414910925997916e+01
-1.473990854433444397e+01
-1.472771190031480693e+01
-1.470332982460727678e+01
-1.473269039118399704e+01
-1.478067693504208435e+01
-1.475854319433711659e+01
-1.468589032544481299e+01
-1.471711744822462187e+01
-1.458927520483918983e+01
-1.459120009323399003e+01
-1.469110050736095907e+01
-1.475106851159037191e+01
-1.474825552574390741e+01
-1.468335648824383988e+01
-1.464995126141902126e+01
-1.465340341111728151e+01
-1.464358019601548655e+01
-1.460438078945279727e+01
-1.461386185780519575e+01
-1.450866652459724371e+01
-1.461375760510113331e+01
-1.460860606304685838e+01
-1.450951849047750208e+01
-1.453807204157534727e+01
-1.453846065678177446e+01
-1.457862390244842210e+01
-1.459539183646227656e+01
-1.465511984509224064e+01
-1.462372575327864332e+01
-1.468161008698147718e+01
-1.462763362917979393e+01
-1.463444896995486744e+01
-1.467599665281046661e+01
-1.463323639540660359e+01
-1.460060832326270663e+01
-1.462389525065528950e+01
-1.467871323539483619e+01
-1.466942380625168241e+01
-1.460872246043261136e+01
-1.460570363526151461e+01
-1.465155521199415567e+01
-1.467774954667088316e+01
-1.463236544652415994e+01
-1.461778274327685168e+01
-1.455563782534577300e+01
-1.460948264378834160e+01
-1.463220391508921736e+01
-1.463014872814204814e+01
-1.457013142913504922e+01
-1.459862143979761484e+01
-1.461282050888849859e+01
-1.462869256684041552e+01
-1.470024488297754850e+01
-1.468044394574190470e+01
-1.467283442072620225e+01
-1.469586552926949530e+01
-1.464015678351228900e+01
-1.458676390631972097e+01
-1.467456755454352191e+01
-1.467768232241969883e+01
-1.469386998287131085e+01
-1.466296901435555711e+01
-1.471437646880653283e+01
-1.472871795306261866e+01
-1.474851314883124864e+01
-1.477233491719685254e+01
-1.471704687102546494e+01
-1.463781757934544281e+01
-1.464464322666951013e+01
-1.470936554564039334e+01
-1.476174133982385506e+01
-1.462234872767704097e+01
-1.462922015480197402e+01
-1.463940217069106886e+01
-1.474054909710172012e+01
-1.474359944796252542e+01
-1.465738445621631136e+01
-1.467594520339423170e+01
-1.466489169946339466e+01
-1.473162368666565492e+01
-1.486836938617229364e+01
-1.482189883422172016e+01
-1.482620916352231610e+01
-1.483639883206734034e+01
-1.472557260091079101e+01
-1.471458401862816601e+01
-1.477958270363462923e+01
-1.480484433727448845e+01
-1.486168691716226675e+01
-1.487588506380669173e+01
-1.472224006815850572e+01
-1.469481672424708130e+01
-1.477040910029378651e+01
-1.473720456519971478e+01
-1.474772897720001552e+01
-1.478069951918975988e+01
-1.476989682963188244e+01
-1.475599575280430642e+01
-1.473214256461661975e+01
-1.480490818773115791e+01
-1.477129104913345081e+01
-1.471985989182823751e+01
-1.476359353140092345e+01
-1.469819574524104766e+01
-1.474657571156256530e+01
-1.475748031916634062e+01
-1.480149688771227012e+01
-1.479277821905316159e+01
-1.484910449245273334e+01
-1.485630821767217569e+01
-1.495817882909692287e+01
-1.487895089363249568e+01
-1.484677530897950071e+01
-1.490981609403005947e+01
-1.483504147661301786e+01
-1.484730211588748894e+01
-1.472613013899759338e+01
-1.468818362039197822e+01
-1.473184201039162033e+01
-1.469874386937696720e+01
-1.473307813645310915e+01
-1.474268549711001697e+01
-1.472623360629096467e+01
-1.469573664369802124e+01
-1.467926751734162139e+01
-1.470930259656776506e+01
-1.466407054588574255e+01
-1.459127936634845391e+01
-1.459100824675426367e+01
-1.458681338417738971e+01
-1.461725239540201038e+01
-1.464035119116252481e+01
-1.465811395697643071e+01
-1.470716888087448027e+01
-1.466236541319587872e+01
-1.455345786048134293e+01
-1.449619266703449227e+01
-1.445661311050058551e+01
-1.446957312796237183e+01
-1.446441660878642743e+01
-1.446314137631939545e+01
-1.446038178578784539e+01
-1.447057566852098631e+01
-1.439821381682859425e+01
-1.441500742494910803e+01
-1.443073844657541471e+01
-1.437789797162617589e+01
-1.433589147923547635e+01
-1.432253454682452443e+01
-1.430465513967367208e+01
-1.434101835770134592e+01
-1.427336854987640891e+01
-1.430333820531393307e+01
-1.431557428367224993e+01
-1.426178921364452812e+01
-1.429088249486239270e+01
-1.429613508214067252e+01
-1.431288224107004936e+01
-1.431790352613903750e+01
-1.433124649614063628e+01
-1.435816639374209025e+01
-1.433412733628592584e+01
-1.435031277495377822e+01
-1.438501355190728148e+01
-1.435216544323247412e+01
-1.436190782966428614e+01
-1.436610043950091686e+01
-1.436618679196770465e+01
-1.435771635152973857e+01
-1.430950536924190786e+01
-1.433832797729225916e+01
-1.436258900173565678e+01
-1.431996629898291573e+01
-1.434568271915856386e+01
-1.436805483917544279e+01
-1.436239636774338280e+01
-1.436565966985532050e+01
-1.436072473369300262e+01
-1.433480595036826166e+01
-1.435774011756933177e+01
-1.437148808581835624e+01
-1.437290044825604518e+01
-1.437291570991817657e+01
-1.439993193864866328e+01
-1.446263804803869313e+01
-1.448196154408149994e+01
-1.452578962935599272e+01
-1.450711039949601400e+01
-1.454288213524188222e+01
-1.444862054723200906e+01
-1.446116980123038331e+01
-1.452095100932744032e+01
-1.455331031066110015e+01
-1.452412326902654449e+01
-1.451686055108425677e+01
-1.444105919327392940e+01
-1.439563009840723140e+01
-1.442664915982859242e+01
-1.445340815846439853e+01
-1.449891325213155291e+01
-1.446907504395012722e+01
-1.443900407473156022e+01
-1.437040170918749382e+01
-1.437146256451675796e+01
-1.439416184533543586e+01
-1.439647766985705069e+01
-1.439193290271000869e+01
-1.436586918885284625e+01
-1.433533841715952661e+01
-1.429937434712495659e+01
-1.429208434602776379e+01
-1.423854936311938779e+01
-1.426908066592891622e+01
-1.423522436961393822e+01
-1.434431990647455279e+01
-1.433312145705429685e+01
-1.443648847610182884e+01
-1.446508516969241320e+01
-1.446255926551564563e+01
-1.435827835851657142e+01
-1.436725203399933193e+01
-1.437486899599738521e+01
-1.440914910392640458e+01
-1.440967886217941718e+01
-1.438291578300790619e+01
-1.440960984578139126e+01
-1.437420404298169885e+01
-1.436651727919883470e+01
-1.442090442509302406e+01
-1.442131364332918153e+01
-1.441970763005078737e+01
-1.439757668006576807e+01
-1.441085707117926695e+01
-1.440170305173894860e+01
-1.446182561654554100e+01
-1.446960679434697283e+01
-1.440058548217948697e+01
-1.440754146690304793e+01
-1.444789345468545250e+01
-1.443201366554016118e+01
-1.443653756507848485e+01
-1.444699916997560152e+01
-1.448102380394498567e+01
-1.446089329288923331e+01
-1.445919086781619001e+01
-1.441037006370417828e+01
-1.444188941022365746e+01
-1.445738451600458063e+01
-1.445928324920391539e+01
-1.441378965821822078e+01
-1.446374430400980593e+01
-1.444440369146293435e+01
-1.447977601089641198e+01
-1.441777326270553594e+01
-1.445003309674659775e+01
-1.430682581795137587e+01
-1.437320537528298203e+01
-1.433511948593704766e+01
-1.432204856403549265e+01
-1.435135282459773443e+01
-1.437377509300785938e+01
-1.429967010033727171e+01
-1.429564750760211744e+01
-1.429267785485066256e+01
-1.432067648121104853e+01
-1.436410184863129302e+01
-1.431406702511261564e+01
-1.435682059642070918e+01
-1.436283964471676100e+01
-1.436708368052461182e+01
-1.434151950619980553e+01
-1.434758887899146451e+01
-1.435819492443673084e+01
-1.426777165313038864e+01
-1.428084182443533301e+01
-1.427951468218256537e+01
-1.422475362426166967e+01
-1.422454824333612855e+01
-1.426077405991849645e+01
-1.422787452650453588e+01
-1.422779079288432769e+01
-1.424426060930580462e+01
-1.423481655970055115e+01
-1.419081677825223764e+01
-1.427424175763450798e+01
-1.426695692576870123e+01
-1.425172021510688580e+01
-1.422267090655775768e+01
-1.424563268337706745e+01
-1.411203574592455112e+01
-1.409383329990049916e+01
-1.409794810187976211e+01
-1.411026404953141622e+01
-1.410589782882023435e+01
-1.411495042744956763e+01
-1.411849314697080970e+01
-1.411706245442447027e+01
-1.411418105708314386e+01
-1.414187909716134328e+01
-1.413307776893470447e+01
-1.413017976345254034e+01
-1.415274913869840034e+01
-1.415802769760707491e+01
-1.415860262037634776e+01
-1.418351904051314882e+01
-1.417156498683859489e+01
-1.415157598945025796e+01
-1.407311151002670790e+01
-1.410993681160864632e+01
-1.410144347868863157e+01
-1.414392830308445248e+01
-1.407716963080657280e+01
-1.409047728410145162e+01
-1.415879136773778235e+01
-1.411840380739941914e+01
-1.410798578285607086e+01
-1.408776885637946918e+01
-1.405453429851456804e+01
-1.405527548219057543e+01
-1.411517286276597183e+01
-1.412900557532399581e+01
-1.413014559250603419e+01
-1.399014335339160731e+01
-1.395095177106214024e+01
-1.394494175209613118e+01
-1.393926303934969368e+01
-1.393895409625883985e+01
-1.392453484713555234e+01
-1.395120278925916502e+01
-1.394091842839359785e+01
-1.397227539390197748e+01
-1.395015815666547532e+01
-1.393581565480319640e+01
-1.391597076008509859e+01
-1.390923178598476539e+01
-1.392705392074027770e+01
-1.395267154664259124e+01
-1.392503916740180081e+01
-1.396669941502560519e+01
-1.399893153865993689e+01
-1.400330389299731237e+01
-1.403430897451940851e+01
-1.402271953594847531e+01
-1.402935820772362696e+01
-1.402554885557521480e+01
-1.402210154565489120e+01
-1.397135111079583503e+01
-1.397500242063251896e+01
-1.396921450354193617e+01
-1.401536669174705985e+01
-1.401735148935444286e+01
-1.400847116650050239e+01
-1.401217415175782222e+01
-1.403805113523284298e+01
-1.408885361785560519e+01
-1.406624026089355262e+01
-1.403861901777774612e+01
-1.404243762700244069e+01
-1.401153055344771481e+01
-1.402663249204451645e+01
-1.394940402371797639e+01
-1.395217651781244861e+01
-1.395065152545286757e+01
-1.389847191517351810e+01
-1.391998192312086680e+01
-1.393878776802442410e+01
-1.395856772162769843e+01
-1.398076664078915776e+01
-1.396252977558425634e+01
-1.397013384403719805e+01
-1.398525029720309476e+01
-1.398292345084782973e+01
-1.397185883608455903e+01
-1.402263283975149477e+01
-1.404852985135512178e+01
-1.400420063816467220e+01
-1.397781886139429730e+01
-1.399832092412841611e+01
-1.403716074721940466e+01
-1.405552271218176230e+01
-1.401644259878867516e+01
-1.399931891227021730e+01
-1.406896555512477853e+01
-1.404365547159626715e+01
-1.402667456123483625e+01
-1.406436204726053951e+01
-1.401371972876823868e+01
-1.399664082562742173e+01
-1.403322751853557904e+01
-1.398650801073504191e+01
-1.394493974834820271e+01
-1.395589804240915655e+01
-1.396277411717176342e+01
-1.392847664335150704e+01
-1.392070002463310274e+01
-1.388817026588490933e+01
-1.387805816373437651e+01
-1.385175536563526144e+01
-1.382311972124378130e+01
-1.377743423598284345e+01
-1.381516635662209858e+01
-1.371550580625530991e+01
-1.373067628852491318e+01
-1.374336354945262961e+01
-1.375939223967954561e+01
-1.376721943142584514e+01
-1.379974908211281992e+01
-1.380350021261536497e+01
-1.376120892155837794e+01
-1.373683804997199509e+01
-1.373042869566740798e+01
-1.379544787199450440e+01
-1.378299023673740287e+01
-1.385121547422677324e+01
-1.385314417981621382e+01
-1.389481620664608030e+01
-1.385428271443889692e+01
-1.384051618415414886e+01
-1.388635010087319444e+01
-1.386260819361261376e+01
-1.385974846179463604e+01
-1.390862405400285517e+01
-1.385257382586560659e+01
-1.388580086311113782e+01
-1.386059749993102486e+01
-1.385721695190286518e+01
-1.386970442841055373e+01
-1.388669772209893161e+01
-1.389105700463418636e+01
-1.388560523337257280e+01
-1.385667755883378760e+01
-1.385316389355186750e+01
-1.390227916080952575e+01
-1.390137999491038734e+01
-1.382655048506621931e+01
-1.388432091185278416e+01
-1.385666705601740567e+01
-1.389440399976283302e+01
-1.392270468813643447e+01
-1.394426762665545283e+01
-1.393882323696543679e+01
-1.391922612257050673e+01
-1.390359550739770533e+01
-1.395926716987594141e+01
-1.391810948253208480e+01
-1.392503918619072678e+01
-1.394078325526169593e+01
-1.392328221001832489e+01
-1.389301233038465355e+01
-1.388704713109178002e+01
-1.387161109186212116e+01
-1.385927840713985404e+01
-1.385666204816659253e+01
-1.385495352587732043e+01
-1.382166303541872843e+01
-1.383550185874428529e+01
-1.376190095616031250e+01
-1.380354453300335749e+01
-1.382289615333962374e+01
-1.382973665985672440e+01
-1.381742423510122819e+01
-1.387258951116598027e+01
-1.392783065762257166e+01
-1.392003877489196206e+01
-1.390873962261532704e+01
-1.390742006860292079e+01
-1.388365116454578718e+01
-1.389390381433362798e+01
-1.388627252999028450e+01
-1.389446199561854023e+01
-1.389192785877662750e+01
-1.389579592276108144e+01
-1.390744558706997047e+01
-1.391084465583790042e+01
-1.389873794175199251e+01
-1.389370493684475072e+01
-1.388734842283286675e+01
-1.385178299437149363e+01
-1.387030804793416827e+01
-1.382856532033124530e+01
-1.384271243784816896e+01
-1.386162621168517184e+01
-1.385501779034762748e+01
-1.388426884916941795e+01
-1.384407218246964533e+01
-1.389156850138090782e+01
-1.389719727059117638e+01
-1.389246090504285114e+01
-1.386313394558926326e+01
-1.389467853077629655e+01
-1.391620236095393537e+01
-1.387538861287677072e+01
-1.390759522301128115e+01
-1.392332720462468565e+01
-1.390737137870334195e+01
-1.390076276855808324e+01
-1.390659190833013348e+01
-1.387676220138771477e+01
-1.389470443331785354e+01
-1.391426540490650154e+01
-1.392395290660791751e+01
-1.386522957364106290e+01
-1.388377559640232661e+01
-1.389644298318353499e+01
-1.391028356530834564e+01
-1.387148698588818618e+01
-1.386224554363215233e+01
-1.390763999178123456e+01
-1.386164552456109078e+01
-1.387946944391928383e+01
-1.386003089481538275e+01
-1.387575797211279749e+01
-1.392315679792016248e+01
-1.389704373213213984e+01
