# Time, MAD(r) for 10000 flights; 1000 steps per flight; seed: 23; mu: 3.50
1.000000000000000000e+00 2.356062102981187869e-06
2.000000000000000000e+00 7.529178079220866010e-06
3.000000000000000000e+00 9.878461413797390940e-06
4.000000000000000000e+00 1.168914095437228341e-05
5.000000000000000000e+00 1.321448240381408006e-05
6.000000000000000000e+00 1.437673562515223287e-05
7.000000000000000000e+00 1.560745260725486183e-05
8.000000000000000000e+00 1.702042502948642876e-05
9.000000000000000000e+00 1.804384856602058473e-05
1.000000000000000000e+01 1.898329539942877225e-05
1.100000000000000000e+01 2.003016687071282098e-05
1.200000000000000000e+01 2.105883014975933610e-05
1.300000000000000000e+01 2.192196534726044749e-05
1.400000000000000000e+01 2.324030885965897990e-05
1.500000000000000000e+01 2.404361207092307916e-05
1.600000000000000000e+01 2.474149134849200644e-05
1.700000000000000000e+01 2.573263653856984321e-05
1.800000000000000000e+01 2.618170806496964860e-05
1.900000000000000000e+01 2.747605326861986435e-05
2.000000000000000000e+01 2.786069166578410651e-05
2.100000000000000000e+01 2.878393532666690912e-05
2.200000000000000000e+01 2.937717938156577416e-05
2.300000000000000000e+01 3.020856951403917196e-05
2.400000000000000000e+01 3.095224541259656008e-05
2.500000000000000000e+01 3.139685163483247471e-05
2.600000000000000000e+01 3.179472958997285582e-05
2.700000000000000000e+01 3.279319135824193792e-05
2.800000000000000000e+01 3.372134766931018197e-05
2.900000000000000000e+01 3.426054836673982773e-05
3.000000000000000000e+01 3.505578915471420050e-05
3.100000000000000000e+01 3.605912140141696984e-05
3.200000000000000000e+01 3.612773805783811370e-05
3.300000000000000000e+01 3.692859220747838489e-05
3.400000000000000000e+01 3.734969337293305520e-05
3.500000000000000000e+01 3.756370424528204425e-05
3.600000000000000000e+01 3.829665872374360251e-05
3.700000000000000000e+01 3.896088107316304983e-05
3.800000000000000000e+01 3.970051161920501199e-05
3.900000000000000000e+01 4.080090613044143474e-05
4.000000000000000000e+01 4.055806255506742923e-05
4.100000000000000000e+01 4.139598782389748829e-05
4.200000000000000000e+01 4.154512815236059312e-05
4.300000000000000000e+01 4.204386624114115863e-05
4.400000000000000000e+01 4.235057038037649471e-05
4.500000000000000000e+01 4.310149776673123455e-05
4.600000000000000000e+01 4.369457125925957418e-05
4.700000000000000000e+01 4.501701495745646968e-05
4.800000000000000000e+01 4.558964522112686621e-05
4.900000000000000000e+01 4.590200469510503131e-05
5.000000000000000000e+01 4.549258008074751270e-05
5.100000000000000000e+01 4.633037413118412098e-05
5.200000000000000000e+01 4.648996966307456787e-05
5.300000000000000000e+01 4.677473859294966859e-05
5.400000000000000000e+01 4.730126639015899573e-05
5.500000000000000000e+01 4.735611704617403463e-05
5.600000000000000000e+01 4.796038545805696076e-05
5.700000000000000000e+01 4.791704071896398973e-05
5.800000000000000000e+01 4.889131328064508133e-05
5.900000000000000000e+01 4.921568083594039594e-05
6.000000000000000000e+01 4.993331997716044760e-05
6.100000000000000000e+01 5.031687963380731247e-05
6.200000000000000000e+01 5.102161524767936647e-05
6.300000000000000000e+01 5.148831421756640741e-05
6.400000000000000000e+01 5.150299406529496618e-05
6.500000000000000000e+01 5.169369197568515442e-05
6.600000000000000000e+01 5.200187942519001778e-05
6.700000000000000000e+01 5.247618993483779275e-05
6.800000000000000000e+01 5.310310830240286972e-05
6.900000000000000000e+01 5.343161099863197598e-05
7.000000000000000000e+01 5.398385410853705099e-05
7.100000000000000000e+01 5.390221782590296520e-05
7.200000000000000000e+01 5.516335662052178926e-05
7.300000000000000000e+01 5.603817843640141149e-05
7.400000000000000000e+01 5.607682319910725876e-05
7.500000000000000000e+01 5.618786763945676375e-05
7.600000000000000000e+01 5.652576967665423027e-05
7.700000000000000000e+01 5.652257434358692997e-05
7.800000000000000000e+01 5.688263853524489708e-05
7.900000000000000000e+01 5.721713784320213501e-05
8.000000000000000000e+01 5.758033353716421760e-05
8.100000000000000000e+01 5.776922230044096953e-05
8.200000000000000000e+01 5.838494144200463752e-05
8.300000000000000000e+01 5.892117754987522037e-05
8.400000000000000000e+01 5.954766862454718545e-05
8.500000000000000000e+01 6.077698747683961893e-05
8.600000000000000000e+01 6.070338793023585187e-05
8.700000000000000000e+01 6.076442731143076977e-05
8.800000000000000000e+01 6.119575906048568999e-05
8.900000000000000000e+01 6.141945262958493847e-05
9.000000000000000000e+01 6.210553176486560993e-05
9.100000000000000000e+01 6.232870824959889193e-05
9.200000000000000000e+01 6.212797127319038496e-05
9.300000000000000000e+01 6.291336651584881123e-05
9.400000000000000000e+01 6.318792425826955887e-05
9.500000000000000000e+01 6.367979728544316249e-05
9.600000000000000000e+01 6.427305365779492218e-05
9.700000000000000000e+01 6.445361867299384474e-05
9.800000000000000000e+01 6.476486321480136126e-05
9.900000000000000000e+01 6.530446776255074948e-05
1.000000000000000000e+02 6.459610491025974941e-05
1.010000000000000000e+02 6.509584869809116072e-05
1.020000000000000000e+02 6.592239237543957712e-05
1.030000000000000000e+02 6.645867170702992937e-05
1.040000000000000000e+02 6.596158440021055694e-05
1.050000000000000000e+02 6.549427888265579932e-05
1.060000000000000000e+02 6.660129222477071634e-05
1.070000000000000000e+02 6.681991977427825065e-05
1.080000000000000000e+02 6.733966582958446085e-05
1.090000000000000000e+02 6.784953213416409200e-05
1.100000000000000000e+02 6.748448086421016492e-05
1.110000000000000000e+02 6.860944362047743624e-05
1.120000000000000000e+02 6.832811878403541035e-05
1.130000000000000000e+02 6.887653947633051981e-05
1.140000000000000000e+02 6.899646865493890046e-05
1.150000000000000000e+02 6.933082512664778222e-05
1.160000000000000000e+02 6.977079678581799330e-05
1.170000000000000000e+02 7.051869439262786190e-05
1.180000000000000000e+02 7.101136570959464846e-05
1.190000000000000000e+02 7.139780289860475984e-05
1.200000000000000000e+02 7.142045599086690923e-05
1.210000000000000000e+02 7.171201197673308914e-05
1.220000000000000000e+02 7.150168023977983376e-05
1.230000000000000000e+02 7.088363149879739239e-05
1.240000000000000000e+02 7.210841349160432723e-05
1.250000000000000000e+02 7.209178166564444100e-05
1.260000000000000000e+02 7.237589818624511713e-05
1.270000000000000000e+02 7.309084590121893714e-05
1.280000000000000000e+02 7.373852809677123275e-05
1.290000000000000000e+02 7.382485391817822265e-05
1.300000000000000000e+02 7.460521899243263526e-05
1.310000000000000000e+02 7.376058945782109429e-05
1.320000000000000000e+02 7.384027962974666951e-05
1.330000000000000000e+02 7.454701292864819953e-05
1.340000000000000000e+02 7.571163549548444948e-05
1.350000000000000000e+02 7.600925397963499523e-05
1.360000000000000000e+02 7.543712665937041349e-05
1.370000000000000000e+02 7.619518671364108767e-05
1.380000000000000000e+02 7.696219444362972166e-05
1.390000000000000000e+02 7.667588260615426621e-05
1.400000000000000000e+02 7.766735750611519318e-05
1.410000000000000000e+02 7.759621221734916961e-05
1.420000000000000000e+02 7.744084960276844515e-05
1.430000000000000000e+02 7.788951148600219273e-05
1.440000000000000000e+02 7.762425677213809867e-05
1.450000000000000000e+02 7.873599746821411576e-05
1.460000000000000000e+02 7.920173942560062631e-05
1.470000000000000000e+02 7.924266234352183723e-05
1.480000000000000000e+02 7.959967571597500319e-05
1.490000000000000000e+02 8.078901801253693914e-05
1.500000000000000000e+02 8.062146113895856086e-05
1.510000000000000000e+02 8.128756869935640182e-05
1.520000000000000000e+02 8.114525662000758881e-05
1.530000000000000000e+02 8.169104252927337118e-05
1.540000000000000000e+02 8.127334597951111912e-05
1.550000000000000000e+02 8.208113250928376718e-05
1.560000000000000000e+02 8.195615404621790616e-05
1.570000000000000000e+02 8.288271209608200801e-05
1.580000000000000000e+02 8.312866694972179007e-05
1.590000000000000000e+02 8.382844244290618956e-05
1.600000000000000000e+02 8.405043396666313845e-05
1.610000000000000000e+02 8.428110452268354653e-05
1.620000000000000000e+02 8.460280351666096398e-05
1.630000000000000000e+02 8.433580709919162284e-05
1.640000000000000000e+02 8.527287292271754147e-05
1.650000000000000000e+02 8.512531755818204349e-05
1.660000000000000000e+02 8.547820679308134023e-05
1.670000000000000000e+02 8.533168304869495689e-05
1.680000000000000000e+02 8.515021385155576328e-05
1.690000000000000000e+02 8.600525058188792250e-05
1.700000000000000000e+02 8.646081227703978787e-05
1.710000000000000000e+02 8.652153638680586925e-05
1.720000000000000000e+02 8.667652477688933738e-05
1.730000000000000000e+02 8.667698321941851535e-05
1.740000000000000000e+02 8.711320425175262771e-05
1.750000000000000000e+02 8.795455174631816749e-05
1.760000000000000000e+02 8.791229558349480868e-05
1.770000000000000000e+02 8.843110311417283400e-05
1.780000000000000000e+02 8.934117434818128868e-05
1.790000000000000000e+02 8.941496647184113704e-05
1.800000000000000000e+02 8.943018766298910076e-05
1.810000000000000000e+02 8.934312501817429487e-05
1.820000000000000000e+02 8.969381191910736880e-05
1.830000000000000000e+02 8.975251798247137235e-05
1.840000000000000000e+02 9.098280786140963564e-05
1.850000000000000000e+02 9.126318682902301999e-05
1.860000000000000000e+02 9.127575754576665876e-05
1.870000000000000000e+02 9.176790866032617192e-05
1.880000000000000000e+02 9.150456622980963212e-05
1.890000000000000000e+02 9.170179245666582111e-05
1.900000000000000000e+02 9.230010996811022748e-05
1.910000000000000000e+02 9.250133233139191231e-05
1.920000000000000000e+02 9.228338658172081498e-05
1.930000000000000000e+02 9.229499646812502217e-05
1.940000000000000000e+02 9.202894696626852324e-05
1.950000000000000000e+02 9.250424650607989234e-05
1.960000000000000000e+02 9.277037002748361023e-05
1.970000000000000000e+02 9.314157135987733327e-05
1.980000000000000000e+02 9.391091301826360032e-05
1.990000000000000000e+02 9.389114126789144070e-05
2.000000000000000000e+02 9.439206168442278795e-05
2.010000000000000000e+02 9.463073537860271852e-05
2.020000000000000000e+02 9.403852662618514778e-05
2.030000000000000000e+02 9.412555509235985161e-05
2.040000000000000000e+02 9.514078216103686681e-05
2.050000000000000000e+02 9.514864402006986232e-05
2.060000000000000000e+02 9.464478557966884520e-05
2.070000000000000000e+02 9.480018749251011110e-05
2.080000000000000000e+02 9.477309202090043001e-05
2.090000000000000000e+02 9.464056526763081438e-05
2.100000000000000000e+02 9.603895425387122488e-05
2.110000000000000000e+02 9.626697845794535244e-05
2.120000000000000000e+02 9.584018931249668608e-05
2.130000000000000000e+02 9.673760868586826159e-05
2.140000000000000000e+02 9.662820244713865353e-05
2.150000000000000000e+02 9.635365166156602160e-05
2.160000000000000000e+02 9.641141392704592793e-05
2.170000000000000000e+02 9.620906566358738748e-05
2.180000000000000000e+02 9.656394495302852174e-05
2.190000000000000000e+02 9.699226089343249081e-05
2.200000000000000000e+02 9.760946282205800178e-05
2.210000000000000000e+02 9.787416105448670095e-05
2.220000000000000000e+02 9.723397439382396403e-05
2.230000000000000000e+02 9.846301156937887339e-05
2.240000000000000000e+02 9.845738792919563921e-05
2.250000000000000000e+02 9.897979136030145536e-05
2.260000000000000000e+02 9.996303062655614640e-05
2.270000000000000000e+02 1.001918511944817916e-04
2.280000000000000000e+02 1.006527754449806726e-04
2.290000000000000000e+02 1.003472790826289617e-04
2.300000000000000000e+02 1.002957405794479060e-04
2.310000000000000000e+02 1.004237756788656997e-04
2.320000000000000000e+02 1.020682710014162939e-04
2.330000000000000000e+02 1.023580703502939614e-04
2.340000000000000000e+02 1.021593970151863469e-04
2.350000000000000000e+02 1.029294346793001124e-04
2.360000000000000000e+02 1.031812114321933546e-04
2.370000000000000000e+02 1.028762621680610054e-04
2.380000000000000000e+02 1.034797923135196329e-04
2.390000000000000000e+02 1.033682517644028811e-04
2.400000000000000000e+02 1.040623385960576935e-04
2.410000000000000000e+02 1.036343755608141819e-04
2.420000000000000000e+02 1.041372220253020700e-04
2.430000000000000000e+02 1.041266868264153339e-04
2.440000000000000000e+02 1.046377888652055344e-04
2.450000000000000000e+02 1.051267734270395994e-04
2.460000000000000000e+02 1.048113523850439791e-04
2.470000000000000000e+02 1.050470763403619145e-04
2.480000000000000000e+02 1.058841862073623324e-04
2.490000000000000000e+02 1.059314957033960004e-04
2.500000000000000000e+02 1.061054904402773940e-04
2.510000000000000000e+02 1.062249935514609031e-04
2.520000000000000000e+02 1.061211225526228444e-04
2.530000000000000000e+02 1.064098133689453472e-04
2.540000000000000000e+02 1.059254554084523359e-04
2.550000000000000000e+02 1.054907761998114104e-04
2.560000000000000000e+02 1.053949893414994995e-04
2.570000000000000000e+02 1.064339572110362803e-04
2.580000000000000000e+02 1.065894324226302473e-04
2.590000000000000000e+02 1.073924572199153483e-04
2.600000000000000000e+02 1.072828731383961188e-04
2.610000000000000000e+02 1.079545350757744632e-04
2.620000000000000000e+02 1.091777884218546329e-04
2.630000000000000000e+02 1.089321459659972440e-04
2.640000000000000000e+02 1.094187141369714294e-04
2.650000000000000000e+02 1.098848730550544057e-04
2.660000000000000000e+02 1.102700655827606031e-04
2.670000000000000000e+02 1.105162590940967602e-04
2.680000000000000000e+02 1.104402540289602542e-04
2.690000000000000000e+02 1.111430072464061962e-04
2.700000000000000000e+02 1.114009183654700666e-04
2.710000000000000000e+02 1.113369497569299956e-04
2.720000000000000000e+02 1.116615093209017383e-04
2.730000000000000000e+02 1.124226150534517340e-04
2.740000000000000000e+02 1.123943062669186270e-04
2.750000000000000000e+02 1.137767588970492092e-04
2.760000000000000000e+02 1.129628880084021834e-04
2.770000000000000000e+02 1.124455260356649767e-04
2.780000000000000000e+02 1.135223935707834413e-04
2.790000000000000000e+02 1.137208654492346182e-04
2.800000000000000000e+02 1.133951037952604126e-04
2.810000000000000000e+02 1.137201458733575984e-04
2.820000000000000000e+02 1.138732571919888963e-04
2.830000000000000000e+02 1.148597583262535771e-04
2.840000000000000000e+02 1.144152382729225054e-04
2.850000000000000000e+02 1.137802866558282230e-04
2.860000000000000000e+02 1.138544823686872141e-04
2.870000000000000000e+02 1.131252746570151610e-04
2.880000000000000000e+02 1.140214336203033448e-04
2.890000000000000000e+02 1.140911640700509235e-04
2.900000000000000000e+02 1.148795894358394345e-04
2.910000000000000000e+02 1.148526796123825827e-04
2.920000000000000000e+02 1.149609218418915825e-04
2.930000000000000000e+02 1.155470598840851142e-04
2.940000000000000000e+02 1.157773506327608356e-04
2.950000000000000000e+02 1.154344907821363729e-04
2.960000000000000000e+02 1.159112965680798087e-04
2.970000000000000000e+02 1.157840738717554345e-04
2.980000000000000000e+02 1.160754129288023057e-04
2.990000000000000000e+02 1.163901404625632271e-04
3.000000000000000000e+02 1.165160043620420120e-04
3.010000000000000000e+02 1.170581304052128899e-04
3.020000000000000000e+02 1.169555497561221302e-04
3.030000000000000000e+02 1.171366941471020873e-04
3.040000000000000000e+02 1.174928572086079759e-04
3.050000000000000000e+02 1.185102428210774156e-04
3.060000000000000000e+02 1.184626800218750243e-04
3.070000000000000000e+02 1.181622160061001844e-04
3.080000000000000000e+02 1.177944840978968643e-04
3.090000000000000000e+02 1.181875801584084275e-04
3.100000000000000000e+02 1.188901289869731970e-04
3.110000000000000000e+02 1.190669214626974607e-04
3.120000000000000000e+02 1.190196950639463606e-04
3.130000000000000000e+02 1.197913169751920848e-04
3.140000000000000000e+02 1.198439587827063971e-04
3.150000000000000000e+02 1.203564153066512087e-04
3.160000000000000000e+02 1.200776294432304435e-04
3.170000000000000000e+02 1.208656920873366070e-04
3.180000000000000000e+02 1.202049123281487947e-04
3.190000000000000000e+02 1.205225325805486548e-04
3.200000000000000000e+02 1.209304320946215264e-04
3.210000000000000000e+02 1.215182204298415866e-04
3.220000000000000000e+02 1.216057174194328330e-04
3.230000000000000000e+02 1.204941247963033524e-04
3.240000000000000000e+02 1.205553774214513377e-04
3.250000000000000000e+02 1.204438109173192138e-04
3.260000000000000000e+02 1.210286857227378362e-04
3.270000000000000000e+02 1.215417492385485705e-04
3.280000000000000000e+02 1.220361973566338516e-04
3.290000000000000000e+02 1.213022683290668365e-04
3.300000000000000000e+02 1.220017780638078266e-04
3.310000000000000000e+02 1.219589636972707606e-04
3.320000000000000000e+02 1.222028841916895578e-04
3.330000000000000000e+02 1.218007575999683614e-04
3.340000000000000000e+02 1.222584876975374457e-04
3.350000000000000000e+02 1.227436068384825407e-04
3.360000000000000000e+02 1.230016739174648527e-04
3.370000000000000000e+02 1.228916955849256498e-04
3.380000000000000000e+02 1.218920530486347035e-04
3.390000000000000000e+02 1.218766779580193917e-04
3.400000000000000000e+02 1.220621814329617648e-04
3.410000000000000000e+02 1.215096159659054568e-04
3.420000000000000000e+02 1.220288250704583568e-04
3.430000000000000000e+02 1.222326150949547925e-04
3.440000000000000000e+02 1.224026417319242985e-04
3.450000000000000000e+02 1.233852324528129376e-04
3.460000000000000000e+02 1.232747306806315725e-04
3.470000000000000000e+02 1.233100151517161551e-04
3.480000000000000000e+02 1.230157803814962134e-04
3.490000000000000000e+02 1.230011042212388679e-04
3.500000000000000000e+02 1.230595257046970749e-04
3.510000000000000000e+02 1.230540302268612611e-04
3.520000000000000000e+02 1.228871814610832923e-04
3.530000000000000000e+02 1.224628038984480207e-04
3.540000000000000000e+02 1.233072309559162471e-04
3.550000000000000000e+02 1.237152878951220118e-04
3.560000000000000000e+02 1.244125296145234209e-04
3.570000000000000000e+02 1.250014341559358300e-04
3.580000000000000000e+02 1.247444755411503050e-04
3.590000000000000000e+02 1.245673301274152745e-04
3.600000000000000000e+02 1.245716469513804853e-04
3.610000000000000000e+02 1.250155500582148188e-04
3.620000000000000000e+02 1.260728195404352389e-04
3.630000000000000000e+02 1.263270050440859157e-04
3.640000000000000000e+02 1.259542831856165653e-04
3.650000000000000000e+02 1.263221341331671125e-04
3.660000000000000000e+02 1.264753014267748954e-04
3.670000000000000000e+02 1.265468474268290717e-04
3.680000000000000000e+02 1.274275549722943821e-04
3.690000000000000000e+02 1.271121589047976576e-04
3.700000000000000000e+02 1.276413139029562607e-04
3.710000000000000000e+02 1.280956838171644861e-04
3.720000000000000000e+02 1.276340463068834086e-04
3.730000000000000000e+02 1.287323157498279766e-04
3.740000000000000000e+02 1.285314934416919457e-04
3.750000000000000000e+02 1.281077786460136855e-04
3.760000000000000000e+02 1.293351105174751162e-04
3.770000000000000000e+02 1.299639317814974752e-04
3.780000000000000000e+02 1.297609233507306505e-04
3.790000000000000000e+02 1.303825578655442728e-04
3.800000000000000000e+02 1.303971621980340619e-04
3.810000000000000000e+02 1.307115098235984475e-04
3.820000000000000000e+02 1.299941648994813064e-04
3.830000000000000000e+02 1.300314157949137607e-04
3.840000000000000000e+02 1.311905681586133599e-04
3.850000000000000000e+02 1.304868125737491155e-04
3.860000000000000000e+02 1.307235210605390782e-04
3.870000000000000000e+02 1.309150722715690489e-04
3.880000000000000000e+02 1.307037158690738435e-04
3.890000000000000000e+02 1.309604115898537586e-04
3.900000000000000000e+02 1.309707924447378147e-04
3.910000000000000000e+02 1.300666998373758737e-04
3.920000000000000000e+02 1.311491766561978360e-04
3.930000000000000000e+02 1.323117023837843548e-04
3.940000000000000000e+02 1.330255961843545371e-04
3.950000000000000000e+02 1.326731903768168857e-04
3.960000000000000000e+02 1.339761576037394456e-04
3.970000000000000000e+02 1.336041183360088015e-04
3.980000000000000000e+02 1.333351031830840353e-04
3.990000000000000000e+02 1.337552766792276745e-04
4.000000000000000000e+02 1.328556453050616930e-04
4.010000000000000000e+02 1.340132903746222074e-04
4.020000000000000000e+02 1.342689279878083375e-04
4.030000000000000000e+02 1.342836312700419245e-04
4.040000000000000000e+02 1.343619203268298513e-04
4.050000000000000000e+02 1.352939028984878622e-04
4.060000000000000000e+02 1.343173920263315173e-04
4.070000000000000000e+02 1.354812406333486278e-04
4.080000000000000000e+02 1.353772904021127862e-04
4.090000000000000000e+02 1.354400121724742552e-04
4.100000000000000000e+02 1.358928098902498411e-04
4.110000000000000000e+02 1.360440650464002192e-04
4.120000000000000000e+02 1.367201849529101705e-04
4.130000000000000000e+02 1.371424208830213695e-04
4.140000000000000000e+02 1.369692440283409602e-04
4.150000000000000000e+02 1.369292591300677619e-04
4.160000000000000000e+02 1.364827057442386557e-04
4.170000000000000000e+02 1.366683756816904278e-04
4.180000000000000000e+02 1.366847646601001122e-04
4.190000000000000000e+02 1.380680695636570064e-04
4.200000000000000000e+02 1.379420692931794317e-04
4.210000000000000000e+02 1.383916515742101921e-04
4.220000000000000000e+02 1.393705166729330232e-04
4.230000000000000000e+02 1.380923733448885657e-04
4.240000000000000000e+02 1.379825488691478665e-04
4.250000000000000000e+02 1.372789138923985073e-04
4.260000000000000000e+02 1.377344726221734188e-04
4.270000000000000000e+02 1.378817696248568086e-04
4.280000000000000000e+02 1.377378736811462278e-04
4.290000000000000000e+02 1.380231535800017736e-04
4.300000000000000000e+02 1.386406434404537373e-04
4.310000000000000000e+02 1.392354254953537176e-04
4.320000000000000000e+02 1.400625077591773570e-04
4.330000000000000000e+02 1.398504458337414096e-04
4.340000000000000000e+02 1.402915712356924988e-04
4.350000000000000000e+02 1.400716216255638706e-04
4.360000000000000000e+02 1.400120088516331449e-04
4.370000000000000000e+02 1.402437462343065718e-04
4.380000000000000000e+02 1.402877464888149426e-04
4.390000000000000000e+02 1.419054938198354506e-04
4.400000000000000000e+02 1.412580814865514560e-04
4.410000000000000000e+02 1.414831885827733669e-04
4.420000000000000000e+02 1.419027761287202228e-04
4.430000000000000000e+02 1.418183297561850754e-04
4.440000000000000000e+02 1.417607442622397537e-04
4.450000000000000000e+02 1.429592966637458537e-04
4.460000000000000000e+02 1.432081097814212600e-04
4.470000000000000000e+02 1.433657459862937951e-04
4.480000000000000000e+02 1.437650592074436523e-04
4.490000000000000000e+02 1.442337001275055444e-04
4.500000000000000000e+02 1.445156755733285154e-04
4.510000000000000000e+02 1.447747364873672605e-04
4.520000000000000000e+02 1.444150189759006091e-04
4.530000000000000000e+02 1.440992620084052237e-04
4.540000000000000000e+02 1.446465226318375305e-04
4.550000000000000000e+02 1.440499192551762545e-04
4.560000000000000000e+02 1.443923922121483614e-04
4.570000000000000000e+02 1.442756556317422801e-04
4.580000000000000000e+02 1.449287354409828582e-04
4.590000000000000000e+02 1.442535288698462486e-04
4.600000000000000000e+02 1.443864903981256277e-04
4.610000000000000000e+02 1.440608834044304447e-04
4.620000000000000000e+02 1.444847439004836470e-04
4.630000000000000000e+02 1.442099423302883052e-04
4.640000000000000000e+02 1.448865041723798922e-04
4.650000000000000000e+02 1.442302341761255054e-04
4.660000000000000000e+02 1.449124158014206359e-04
4.670000000000000000e+02 1.451574067928335012e-04
4.680000000000000000e+02 1.442218685653228415e-04
4.690000000000000000e+02 1.447093048548977546e-04
4.700000000000000000e+02 1.450925030028928228e-04
4.710000000000000000e+02 1.449378744018678454e-04
4.720000000000000000e+02 1.446968662922866965e-04
4.730000000000000000e+02 1.452116109461006380e-04
4.740000000000000000e+02 1.455043962155214057e-04
4.750000000000000000e+02 1.448126094330857787e-04
4.760000000000000000e+02 1.450500678229096983e-04
4.770000000000000000e+02 1.456352345194427897e-04
4.780000000000000000e+02 1.465709095455404475e-04
4.790000000000000000e+02 1.465140762754449312e-04
4.800000000000000000e+02 1.468941124241825190e-04
4.810000000000000000e+02 1.466518724530737369e-04
4.820000000000000000e+02 1.473349136791283912e-04
4.830000000000000000e+02 1.481027393081414255e-04
4.840000000000000000e+02 1.470598184764807664e-04
4.850000000000000000e+02 1.482482413029484827e-04
4.860000000000000000e+02 1.483067563596387247e-04
4.870000000000000000e+02 1.491191423952586362e-04
4.880000000000000000e+02 1.491117420281517082e-04
4.890000000000000000e+02 1.484585171375402222e-04
4.900000000000000000e+02 1.472845977263726510e-04
4.910000000000000000e+02 1.485225017497849209e-04
4.920000000000000000e+02 1.488261446015257550e-04
4.930000000000000000e+02 1.491656708625375451e-04
4.940000000000000000e+02 1.495424532992358066e-04
4.950000000000000000e+02 1.488403858532835061e-04
4.960000000000000000e+02 1.493800179612721820e-04
4.970000000000000000e+02 1.501862937012074127e-04
4.980000000000000000e+02 1.505794793575584989e-04
4.990000000000000000e+02 1.497629126025712377e-04
5.000000000000000000e+02 1.506829227858044393e-04
5.010000000000000000e+02 1.504233560538934607e-04
5.020000000000000000e+02 1.515317587049492317e-04
5.030000000000000000e+02 1.512247019326953866e-04
5.040000000000000000e+02 1.499355332917945611e-04
5.050000000000000000e+02 1.500882605801460198e-04
5.060000000000000000e+02 1.500412882976825024e-04
5.070000000000000000e+02 1.512827120404376853e-04
5.080000000000000000e+02 1.516074174845349800e-04
5.090000000000000000e+02 1.528266677862037790e-04
5.100000000000000000e+02 1.524306692610193819e-04
5.110000000000000000e+02 1.521257389424522286e-04
5.120000000000000000e+02 1.529964671748537848e-04
5.130000000000000000e+02 1.536817761020474503e-04
5.140000000000000000e+02 1.542617937463337352e-04
5.150000000000000000e+02 1.535596317926434548e-04
5.160000000000000000e+02 1.528272024598951138e-04
5.170000000000000000e+02 1.537528403854654282e-04
5.180000000000000000e+02 1.538701946361128255e-04
5.190000000000000000e+02 1.539226945675152320e-04
5.200000000000000000e+02 1.540323891315324625e-04
5.210000000000000000e+02 1.537732938891099132e-04
5.220000000000000000e+02 1.535880149712912091e-04
5.230000000000000000e+02 1.532652819765987855e-04
5.240000000000000000e+02 1.528806262854661281e-04
5.250000000000000000e+02 1.527898729733030920e-04
5.260000000000000000e+02 1.540463886087350574e-04
5.270000000000000000e+02 1.543197795851454458e-04
5.280000000000000000e+02 1.542830947809657499e-04
5.290000000000000000e+02 1.550530194164685628e-04
5.300000000000000000e+02 1.536592477454069535e-04
5.310000000000000000e+02 1.537593430282194120e-04
5.320000000000000000e+02 1.553486563455835456e-04
5.330000000000000000e+02 1.546312425019748986e-04
5.340000000000000000e+02 1.544440351499947589e-04
5.350000000000000000e+02 1.545506033294661013e-04
5.360000000000000000e+02 1.552988568325641857e-04
5.370000000000000000e+02 1.562152325849664174e-04
5.380000000000000000e+02 1.562947131378581919e-04
5.390000000000000000e+02 1.565646062226947518e-04
5.400000000000000000e+02 1.564350687439846959e-04
5.410000000000000000e+02 1.565512865927977783e-04
5.420000000000000000e+02 1.568695855232454946e-04
5.430000000000000000e+02 1.572969171358711742e-04
5.440000000000000000e+02 1.579786119863346532e-04
5.450000000000000000e+02 1.574604342508314472e-04
5.460000000000000000e+02 1.570027652577613193e-04
5.470000000000000000e+02 1.577256610951356100e-04
5.480000000000000000e+02 1.581222028783755185e-04
5.490000000000000000e+02 1.575136890981019254e-04
5.500000000000000000e+02 1.579911913431795132e-04
5.510000000000000000e+02 1.581272854393824835e-04
5.520000000000000000e+02 1.574187803893893026e-04
5.530000000000000000e+02 1.572097626711175362e-04
5.540000000000000000e+02 1.579169887509637238e-04
5.550000000000000000e+02 1.576851269567670314e-04
5.560000000000000000e+02 1.579934651753112378e-04
5.570000000000000000e+02 1.579241220176740013e-04
5.580000000000000000e+02 1.587832954072386971e-04
5.590000000000000000e+02 1.588750157541673927e-04
5.600000000000000000e+02 1.581176143019000289e-04
5.610000000000000000e+02 1.581188569396436007e-04
5.620000000000000000e+02 1.591977072123061058e-04
5.630000000000000000e+02 1.586716985625207757e-04
5.640000000000000000e+02 1.588207584588394086e-04
5.650000000000000000e+02 1.601558915598669090e-04
5.660000000000000000e+02 1.597546132872299624e-04
5.670000000000000000e+02 1.603729346926924552e-04
5.680000000000000000e+02 1.601886377817021169e-04
5.690000000000000000e+02 1.591467540713746619e-04
5.700000000000000000e+02 1.600728489832240354e-04
5.710000000000000000e+02 1.599309693999149365e-04
5.720000000000000000e+02 1.597430539222298050e-04
5.730000000000000000e+02 1.586638240416445131e-04
5.740000000000000000e+02 1.605660192523469029e-04
5.750000000000000000e+02 1.615251959321462494e-04
5.760000000000000000e+02 1.606309481405707336e-04
5.770000000000000000e+02 1.609811363101581842e-04
5.780000000000000000e+02 1.607683830291830403e-04
5.790000000000000000e+02 1.611101707929920072e-04
5.800000000000000000e+02 1.611361593813678415e-04
5.810000000000000000e+02 1.613125713643640956e-04
5.820000000000000000e+02 1.610273598468766633e-04
5.830000000000000000e+02 1.616771048541675211e-04
5.840000000000000000e+02 1.621565040352743170e-04
5.850000000000000000e+02 1.621541386846439483e-04
5.860000000000000000e+02 1.637402093195584321e-04
5.870000000000000000e+02 1.619864796811167171e-04
5.880000000000000000e+02 1.628075285833932302e-04
5.890000000000000000e+02 1.645366156333316783e-04
5.900000000000000000e+02 1.643185441534153826e-04
5.910000000000000000e+02 1.646149669157579570e-04
5.920000000000000000e+02 1.650644244229612168e-04
5.930000000000000000e+02 1.651180168404502992e-04
5.940000000000000000e+02 1.639055388882240802e-04
5.950000000000000000e+02 1.647333692536280775e-04
5.960000000000000000e+02 1.647695570348798591e-04
5.970000000000000000e+02 1.635626294598168339e-04
5.980000000000000000e+02 1.650891793883364246e-04
5.990000000000000000e+02 1.643281306956962794e-04
6.000000000000000000e+02 1.654750493864474569e-04
6.010000000000000000e+02 1.657212248118945992e-04
6.020000000000000000e+02 1.663817864187091839e-04
6.030000000000000000e+02 1.658243194066314776e-04
6.040000000000000000e+02 1.659530050263874703e-04
6.050000000000000000e+02 1.653325583236324122e-04
6.060000000000000000e+02 1.659734229830299814e-04
6.070000000000000000e+02 1.662174285747653824e-04
6.080000000000000000e+02 1.654007635527586539e-04
6.090000000000000000e+02 1.655467043355113050e-04
6.100000000000000000e+02 1.661592520132358609e-04
6.110000000000000000e+02 1.667273562773437050e-04
6.120000000000000000e+02 1.665761088047360667e-04
6.130000000000000000e+02 1.670305681126561532e-04
6.140000000000000000e+02 1.657074248572509606e-04
6.150000000000000000e+02 1.662987139103511093e-04
6.160000000000000000e+02 1.658770305979504270e-04
6.170000000000000000e+02 1.655738508499248265e-04
6.180000000000000000e+02 1.663805707051646207e-04
6.190000000000000000e+02 1.660602038255209881e-04
6.200000000000000000e+02 1.654023668174139678e-04
6.210000000000000000e+02 1.669743826118476587e-04
6.220000000000000000e+02 1.663947066149636914e-04
6.230000000000000000e+02 1.666481918587797663e-04
6.240000000000000000e+02 1.662951718629610161e-04
6.250000000000000000e+02 1.667335590616162463e-04
6.260000000000000000e+02 1.667494695946792759e-04
6.270000000000000000e+02 1.666493171140525156e-04
6.280000000000000000e+02 1.665090218583192058e-04
6.290000000000000000e+02 1.675125013297339702e-04
6.300000000000000000e+02 1.679758381377547327e-04
6.310000000000000000e+02 1.678271637474237736e-04
6.320000000000000000e+02 1.690433308539732475e-04
6.330000000000000000e+02 1.681726777966608267e-04
6.340000000000000000e+02 1.691942319729280964e-04
6.350000000000000000e+02 1.692513282336335066e-04
6.360000000000000000e+02 1.690003923449306207e-04
6.370000000000000000e+02 1.678950353139720608e-04
6.380000000000000000e+02 1.685498470208567621e-04
6.390000000000000000e+02 1.678890038322965726e-04
6.400000000000000000e+02 1.694318662515587092e-04
6.410000000000000000e+02 1.683538708490834299e-04
6.420000000000000000e+02 1.697280736008554029e-04
6.430000000000000000e+02 1.693983607455073798e-04
6.440000000000000000e+02 1.688607227578300452e-04
6.450000000000000000e+02 1.703281593572386946e-04
6.460000000000000000e+02 1.690210030515207807e-04
6.470000000000000000e+02 1.696339514317497712e-04
6.480000000000000000e+02 1.688973529096466210e-04
6.490000000000000000e+02 1.695094654168009438e-04
6.500000000000000000e+02 1.693303247194431272e-04
6.510000000000000000e+02 1.700209557599215117e-04
6.520000000000000000e+02 1.693111346082542092e-04
6.530000000000000000e+02 1.697947814937922806e-04
6.540000000000000000e+02 1.699752802135785486e-04
6.550000000000000000e+02 1.702224524488363830e-04
6.560000000000000000e+02 1.701020381750311078e-04
6.570000000000000000e+02 1.696292556515744526e-04
6.580000000000000000e+02 1.707867706217959774e-04
6.590000000000000000e+02 1.701161527992411373e-04
6.600000000000000000e+02 1.711051663922259075e-04
6.610000000000000000e+02 1.721150834803949342e-04
6.620000000000000000e+02 1.717476507629090354e-04
6.630000000000000000e+02 1.715192868758783811e-04
6.640000000000000000e+02 1.715899742966190637e-04
6.650000000000000000e+02 1.715995762406161043e-04
6.660000000000000000e+02 1.723958488847230318e-04
6.670000000000000000e+02 1.732051860575757650e-04
6.680000000000000000e+02 1.736489949907290382e-04
6.690000000000000000e+02 1.729766824333795871e-04
6.700000000000000000e+02 1.730716339735831409e-04
6.710000000000000000e+02 1.737242422673376666e-04
6.720000000000000000e+02 1.729796989342807572e-04
6.730000000000000000e+02 1.735331120029623181e-04
6.740000000000000000e+02 1.741947952093529216e-04
6.750000000000000000e+02 1.729473883997184299e-04
6.760000000000000000e+02 1.731467761527228472e-04
6.770000000000000000e+02 1.736426085034056788e-04
6.780000000000000000e+02 1.727096000641488178e-04
6.790000000000000000e+02 1.732316773171597784e-04
6.800000000000000000e+02 1.737272739015284235e-04
6.810000000000000000e+02 1.736331053944705448e-04
6.820000000000000000e+02 1.736753552413342939e-04
6.830000000000000000e+02 1.738670889712161036e-04
6.840000000000000000e+02 1.740779692377767557e-04
6.850000000000000000e+02 1.753666392841827886e-04
6.860000000000000000e+02 1.763179133608195931e-04
6.870000000000000000e+02 1.764804920908688579e-04
6.880000000000000000e+02 1.766244594667218393e-04
6.890000000000000000e+02 1.763937216502968149e-04
6.900000000000000000e+02 1.765745051004080125e-04
6.910000000000000000e+02 1.759260078738842932e-04
6.920000000000000000e+02 1.760749384644814410e-04
6.930000000000000000e+02 1.753737560715601938e-04
6.940000000000000000e+02 1.769472281406999877e-04
6.950000000000000000e+02 1.769154573834637951e-04
6.960000000000000000e+02 1.763486952433399491e-04
6.970000000000000000e+02 1.765553158369120770e-04
6.980000000000000000e+02 1.779031908787030150e-04
6.990000000000000000e+02 1.782273981891491742e-04
7.000000000000000000e+02 1.775073762515088781e-04
7.010000000000000000e+02 1.781979493435816128e-04
7.020000000000000000e+02 1.790592058973615463e-04
7.030000000000000000e+02 1.791494927560547117e-04
7.040000000000000000e+02 1.796665188340639387e-04
7.050000000000000000e+02 1.782740016520675558e-04
7.060000000000000000e+02 1.778252746441963818e-04
7.070000000000000000e+02 1.789117753599464089e-04
7.080000000000000000e+02 1.795264272152240822e-04
7.090000000000000000e+02 1.794016972297643605e-04
7.100000000000000000e+02 1.791757091405010726e-04
7.110000000000000000e+02 1.795609054101662968e-04
7.120000000000000000e+02 1.791761887434005409e-04
7.130000000000000000e+02 1.793606699894025438e-04
7.140000000000000000e+02 1.787979894385172727e-04
7.150000000000000000e+02 1.785962265083575575e-04
7.160000000000000000e+02 1.788336835026615741e-04
7.170000000000000000e+02 1.788800940745175665e-04
7.180000000000000000e+02 1.783418650043039084e-04
7.190000000000000000e+02 1.786916607827183381e-04
7.200000000000000000e+02 1.789622394486773695e-04
7.210000000000000000e+02 1.789557115844650275e-04
7.220000000000000000e+02 1.789878131755168579e-04
7.230000000000000000e+02 1.796986085751531076e-04
7.240000000000000000e+02 1.795098690934492851e-04
7.250000000000000000e+02 1.789016196322959669e-04
7.260000000000000000e+02 1.794052087731757433e-04
7.270000000000000000e+02 1.799239012840261355e-04
7.280000000000000000e+02 1.800020204122494889e-04
7.290000000000000000e+02 1.813817210160491018e-04
7.300000000000000000e+02 1.810839440149633551e-04
7.310000000000000000e+02 1.813609250200888317e-04
7.320000000000000000e+02 1.820214224833731939e-04
7.330000000000000000e+02 1.819608003768892219e-04
7.340000000000000000e+02 1.825748038511348166e-04
7.350000000000000000e+02 1.818963859894702256e-04
7.360000000000000000e+02 1.823789805096626062e-04
7.370000000000000000e+02 1.830049576592529894e-04
7.380000000000000000e+02 1.831620430931965246e-04
7.390000000000000000e+02 1.827387761285870964e-04
7.400000000000000000e+02 1.835860350500562416e-04
7.410000000000000000e+02 1.832223666672558315e-04
7.420000000000000000e+02 1.845072848723204898e-04
7.430000000000000000e+02 1.839929222413887893e-04
7.440000000000000000e+02 1.838846064288157363e-04
7.450000000000000000e+02 1.838053312196044706e-04
7.460000000000000000e+02 1.847528216726254159e-04
7.470000000000000000e+02 1.846403666958641786e-04
7.480000000000000000e+02 1.850880487229770153e-04
7.490000000000000000e+02 1.854757706862920148e-04
7.500000000000000000e+02 1.857472143376117822e-04
7.510000000000000000e+02 1.857337052100226126e-04
7.520000000000000000e+02 1.862989574522411857e-04
7.530000000000000000e+02 1.856795418286702644e-04
7.540000000000000000e+02 1.861257652849614434e-04
7.550000000000000000e+02 1.854082116082940630e-04
7.560000000000000000e+02 1.852631067055900474e-04
7.570000000000000000e+02 1.857027488967856140e-04
7.580000000000000000e+02 1.855264038609399826e-04
7.590000000000000000e+02 1.858367606398936419e-04
7.600000000000000000e+02 1.855351241714628169e-04
7.610000000000000000e+02 1.856172604782958422e-04
7.620000000000000000e+02 1.853950436843500923e-04
7.630000000000000000e+02 1.860502414480698667e-04
7.640000000000000000e+02 1.859566075084353553e-04
7.650000000000000000e+02 1.865231441845964619e-04
7.660000000000000000e+02 1.865935138802502088e-04
7.670000000000000000e+02 1.867343330440972152e-04
7.680000000000000000e+02 1.854637197812430678e-04
7.690000000000000000e+02 1.850659715561041134e-04
7.700000000000000000e+02 1.865214440201646423e-04
7.710000000000000000e+02 1.879250934684681277e-04
7.720000000000000000e+02 1.876219409076422030e-04
7.730000000000000000e+02 1.880023088658173286e-04
7.740000000000000000e+02 1.883561726319567817e-04
7.750000000000000000e+02 1.887750219631903481e-04
7.760000000000000000e+02 1.889557299011557744e-04
7.770000000000000000e+02 1.886556941030795125e-04
7.780000000000000000e+02 1.883443232196867581e-04
7.790000000000000000e+02 1.882207332314333710e-04
7.800000000000000000e+02 1.879885291968183547e-04
7.810000000000000000e+02 1.888143463370400323e-04
7.820000000000000000e+02 1.885398395945766343e-04
7.830000000000000000e+02 1.878505568913737937e-04
7.840000000000000000e+02 1.878972291040580654e-04
7.850000000000000000e+02 1.877732634877925580e-04
7.860000000000000000e+02 1.876827900026079509e-04
7.870000000000000000e+02 1.876021287790017960e-04
7.880000000000000000e+02 1.876292529994247978e-04
7.890000000000000000e+02 1.882398063014705620e-04
7.900000000000000000e+02 1.873869945506395683e-04
7.910000000000000000e+02 1.880076153115407508e-04
7.920000000000000000e+02 1.878896254798933596e-04
7.930000000000000000e+02 1.882710889803434118e-04
7.940000000000000000e+02 1.880587998688596852e-04
7.950000000000000000e+02 1.896472198828532806e-04
7.960000000000000000e+02 1.896610785128395528e-04
7.970000000000000000e+02 1.895042753620562975e-04
7.980000000000000000e+02 1.888333921527237183e-04
7.990000000000000000e+02 1.894206525557846216e-04
8.000000000000000000e+02 1.890349638100120855e-04
8.010000000000000000e+02 1.879333420017269241e-04
8.020000000000000000e+02 1.889997107792601265e-04
8.030000000000000000e+02 1.897301680482475598e-04
8.040000000000000000e+02 1.902665410785052674e-04
8.050000000000000000e+02 1.899202579169904969e-04
8.060000000000000000e+02 1.897105133692411313e-04
8.070000000000000000e+02 1.896800779385214000e-04
8.080000000000000000e+02 1.898084515169038040e-04
8.090000000000000000e+02 1.908331230001093185e-04
8.100000000000000000e+02 1.903380131355429932e-04
8.110000000000000000e+02 1.901209861197302820e-04
8.120000000000000000e+02 1.914959032403072507e-04
8.130000000000000000e+02 1.919336077501024480e-04
8.140000000000000000e+02 1.924334609678093530e-04
8.150000000000000000e+02 1.926336556692502544e-04
8.160000000000000000e+02 1.923925920700757979e-04
8.170000000000000000e+02 1.918499398103986513e-04
8.180000000000000000e+02 1.927339630177362739e-04
8.190000000000000000e+02 1.923184282776135390e-04
8.200000000000000000e+02 1.923874478241610001e-04
8.210000000000000000e+02 1.929502721117005775e-04
8.220000000000000000e+02 1.929868745653407999e-04
8.230000000000000000e+02 1.919057577130756055e-04
8.240000000000000000e+02 1.936992782254883059e-04
8.250000000000000000e+02 1.934156509732437926e-04
8.260000000000000000e+02 1.940890237489013013e-04
8.270000000000000000e+02 1.940052140870723938e-04
8.280000000000000000e+02 1.944435891872567986e-04
8.290000000000000000e+02 1.930523589924945660e-04
8.300000000000000000e+02 1.932022479904402332e-04
8.310000000000000000e+02 1.929402895988609028e-04
8.320000000000000000e+02 1.932352312798300202e-04
8.330000000000000000e+02 1.937161688103162030e-04
8.340000000000000000e+02 1.924125788708043049e-04
8.350000000000000000e+02 1.921490262834668237e-04
8.360000000000000000e+02 1.934551361755122018e-04
8.370000000000000000e+02 1.930718737190630638e-04
8.380000000000000000e+02 1.940659746007180741e-04
8.390000000000000000e+02 1.938587665152315901e-04
8.400000000000000000e+02 1.943209121788531187e-04
8.410000000000000000e+02 1.930846187438385510e-04
8.420000000000000000e+02 1.935297794396987747e-04
8.430000000000000000e+02 1.926395026986368235e-04
8.440000000000000000e+02 1.924972090573579832e-04
8.450000000000000000e+02 1.920923441959965640e-04
8.460000000000000000e+02 1.931953750314575587e-04
8.470000000000000000e+02 1.924046294626012338e-04
8.480000000000000000e+02 1.922804866367624848e-04
8.490000000000000000e+02 1.925095399083002199e-04
8.500000000000000000e+02 1.928207702604437120e-04
8.510000000000000000e+02 1.934039347321793857e-04
8.520000000000000000e+02 1.939579259670992748e-04
8.530000000000000000e+02 1.932543111670683659e-04
8.540000000000000000e+02 1.937454355845058789e-04
8.550000000000000000e+02 1.940090105497581754e-04
8.560000000000000000e+02 1.952554682921931362e-04
8.570000000000000000e+02 1.950301782635880353e-04
8.580000000000000000e+02 1.944631583840301459e-04
8.590000000000000000e+02 1.946434913230021531e-04
8.600000000000000000e+02 1.946882013237200817e-04
8.610000000000000000e+02 1.953827114981700804e-04
8.620000000000000000e+02 1.946314910799560650e-04
8.630000000000000000e+02 1.951093365129115084e-04
8.640000000000000000e+02 1.959102735765222891e-04
8.650000000000000000e+02 1.962857768514292766e-04
8.660000000000000000e+02 1.958009187170270849e-04
8.670000000000000000e+02 1.966316071741935542e-04
8.680000000000000000e+02 1.966404515890458221e-04
8.690000000000000000e+02 1.976720099633505392e-04
8.700000000000000000e+02 1.967559118866529756e-04
8.710000000000000000e+02 1.982123076183442282e-04
8.720000000000000000e+02 1.975325537225004605e-04
8.730000000000000000e+02 1.971109761811536132e-04
8.740000000000000000e+02 1.974397781610176832e-04
8.750000000000000000e+02 1.985297201719176210e-04
8.760000000000000000e+02 1.986066682213418280e-04
8.770000000000000000e+02 1.984746960539325881e-04
8.780000000000000000e+02 1.992741397477047717e-04
8.790000000000000000e+02 1.991360140121112266e-04
8.800000000000000000e+02 1.994453184707265414e-04
8.810000000000000000e+02 1.995013899252755935e-04
8.820000000000000000e+02 1.984139388018407767e-04
8.830000000000000000e+02 1.984597607396293363e-04
8.840000000000000000e+02 1.989069203248146984e-04
8.850000000000000000e+02 1.982168753006861807e-04
8.860000000000000000e+02 1.985621436517849667e-04
8.870000000000000000e+02 1.993740911779241711e-04
8.880000000000000000e+02 1.990373381373729180e-04
8.890000000000000000e+02 1.992141117377379796e-04
8.900000000000000000e+02 1.983637290036742245e-04
8.910000000000000000e+02 1.989856814880666550e-04
8.920000000000000000e+02 1.990673533342882703e-04
8.930000000000000000e+02 1.998794056093590628e-04
8.940000000000000000e+02 1.997935387511187797e-04
8.950000000000000000e+02 1.996888608365290701e-04
8.960000000000000000e+02 2.007345545636903450e-04
8.970000000000000000e+02 2.006533799694958271e-04
8.980000000000000000e+02 2.006448457622755476e-04
8.990000000000000000e+02 2.008417376132308539e-04
9.000000000000000000e+02 2.012310695807027565e-04
9.010000000000000000e+02 2.028205976653700343e-04
9.020000000000000000e+02 2.015290568185979100e-04
9.030000000000000000e+02 2.014140061597293494e-04
9.040000000000000000e+02 2.002684517802763575e-04
9.050000000000000000e+02 2.024849316565806398e-04
9.060000000000000000e+02 2.018878893470242878e-04
9.070000000000000000e+02 2.021565996550934237e-04
9.080000000000000000e+02 2.020889339702442767e-04
9.090000000000000000e+02 2.011879445296951222e-04
9.100000000000000000e+02 2.014500976730326570e-04
9.110000000000000000e+02 1.996685602969435662e-04
9.120000000000000000e+02 2.016847931436296741e-04
9.130000000000000000e+02 2.015667659653940316e-04
9.140000000000000000e+02 2.023352564531542244e-04
9.150000000000000000e+02 2.022795227852573644e-04
9.160000000000000000e+02 2.030660475922574837e-04
9.170000000000000000e+02 2.026859728996948903e-04
9.180000000000000000e+02 2.026920735134307250e-04
9.190000000000000000e+02 2.035235422565677421e-04
9.200000000000000000e+02 2.029925739131733706e-04
9.210000000000000000e+02 2.030220618320672664e-04
9.220000000000000000e+02 2.029074496451611388e-04
9.230000000000000000e+02 2.046684207743862264e-04
9.240000000000000000e+02 2.037657875157037831e-04
9.250000000000000000e+02 2.039781757145843802e-04
9.260000000000000000e+02 2.047174242953844292e-04
9.270000000000000000e+02 2.038126023492250430e-04
9.280000000000000000e+02 2.040242221649234719e-04
9.290000000000000000e+02 2.046589659668854506e-04
9.300000000000000000e+02 2.033291961206210767e-04
9.310000000000000000e+02 2.042201337007190816e-04
9.320000000000000000e+02 2.036915503580394272e-04
9.330000000000000000e+02 2.043294841602061773e-04
9.340000000000000000e+02 2.026974262627190520e-04
9.350000000000000000e+02 2.018173358387456706e-04
9.360000000000000000e+02 2.029610538410927547e-04
9.370000000000000000e+02 2.022904064901312579e-04
9.380000000000000000e+02 2.023301987360623248e-04
9.390000000000000000e+02 2.014180431405943972e-04
9.400000000000000000e+02 2.026611611914314894e-04
9.410000000000000000e+02 2.031326662111929756e-04
9.420000000000000000e+02 2.018635390118569462e-04
9.430000000000000000e+02 2.029446338914788720e-04
9.440000000000000000e+02 2.023120264009941943e-04
9.450000000000000000e+02 2.018724230514132040e-04
9.460000000000000000e+02 2.022299941750899674e-04
9.470000000000000000e+02 2.014182807089963596e-04
9.480000000000000000e+02 2.018221166955575614e-04
9.490000000000000000e+02 2.019894097641367319e-04
9.500000000000000000e+02 2.024358079703074897e-04
9.510000000000000000e+02 2.026106143197398937e-04
9.520000000000000000e+02 2.033542601949956134e-04
9.530000000000000000e+02 2.033501962002912935e-04
9.540000000000000000e+02 2.036910416119938920e-04
9.550000000000000000e+02 2.053251233158318739e-04
9.560000000000000000e+02 2.047284412094662015e-04
9.570000000000000000e+02 2.054364559711211607e-04
9.580000000000000000e+02 2.060422165628496066e-04
9.590000000000000000e+02 2.060826061983269514e-04
9.600000000000000000e+02 2.055210819836261185e-04
9.610000000000000000e+02 2.056280606633783365e-04
9.620000000000000000e+02 2.062670963435958029e-04
9.630000000000000000e+02 2.064169508222434869e-04
9.640000000000000000e+02 2.063615832989724216e-04
9.650000000000000000e+02 2.064926662886533881e-04
9.660000000000000000e+02 2.062152913134364168e-04
9.670000000000000000e+02 2.065122439566698380e-04
9.680000000000000000e+02 2.065791507439216333e-04
9.690000000000000000e+02 2.072866719167364364e-04
9.700000000000000000e+02 2.068844647537176136e-04
9.710000000000000000e+02 2.069127341833349636e-04
9.720000000000000000e+02 2.071196657275210090e-04
9.730000000000000000e+02 2.086905335480559792e-04
9.740000000000000000e+02 2.077958883366264661e-04
9.750000000000000000e+02 2.089313503657175676e-04
9.760000000000000000e+02 2.089779557155189873e-04
9.770000000000000000e+02 2.104157207387477200e-04
9.780000000000000000e+02 2.102549697808241906e-04
9.790000000000000000e+02 2.098777392637460272e-04
9.800000000000000000e+02 2.096333254675524351e-04
9.810000000000000000e+02 2.098690365880442866e-04
9.820000000000000000e+02 2.106028943242052142e-04
9.830000000000000000e+02 2.104483801555682813e-04
9.840000000000000000e+02 2.100859412557162104e-04
9.850000000000000000e+02 2.088813723485570247e-04
9.860000000000000000e+02 2.086861497779318655e-04
9.870000000000000000e+02 2.086731939337709376e-04
9.880000000000000000e+02 2.077781836484416029e-04
9.890000000000000000e+02 2.077383699320757039e-04
9.900000000000000000e+02 2.085625910378130921e-04
9.910000000000000000e+02 2.085881434736205464e-04
9.920000000000000000e+02 2.089129356161507521e-04
9.930000000000000000e+02 2.095470744113945584e-04
9.940000000000000000e+02 2.094641182124217568e-04
9.950000000000000000e+02 2.089276858397584938e-04
9.960000000000000000e+02 2.087878793627095670e-04
9.970000000000000000e+02 2.082308573300622795e-04
9.980000000000000000e+02 2.092320208687933252e-04
9.990000000000000000e+02 2.102260978764519954e-04
1.000000000000000000e+03 2.099140882968697443e-04
